Ontology,OntologyLoadingTime_ns,MetricMeasuringTime_ns,TotalTime_ns
approximated_a8f6019c-f34e-4418-af12-f0f464881e4c_VAST2009all.owl_functional.owl,1684746958,269731830,1954478788
approximated_cd75b3f9-a5f7-4436-bf9e-c73dea998d92_onto.rdf_functional.owl,28276104,30346822,58622926
19c0e590-e643-49d7-b21f-2fc584b1ab11_t_annotate.obo_functional.owl,29646235,25167432,54813667
approximated_0e041011-1e56-459a-a749-5038f476ca3e_fearlus.owl_functional.owl,27023790,19466579,46490369
05aa3148-2984-473a-b4d7-5a97ef55b620_nsynset2D0.rdf_functional.owl,2285006384,4746837753,7031844137
approximated_a0f1fe03-9384-41b8-a338-81b935691ca7_dProtected.owl_functional.owl,212806185,405780333,618586518
aaff4dda-3125-4140-89fe-74647cbbba58_stdview.rdf_functional.owl,22127393,26804530,48931923
approximated_36bf65ea-821a-4868-aaaa-ba268d25b06c_Bollard.ttl_functional.owl,27144059,10658152,37802211
approximated_25026944-4e55-4055-9c7d-b733fd0752e8_Sight_glass.rdf_functional.owl,19212780,10240703,29453483
mat.minimal-anatomical-terminology.2.owl.xml_functional.owl,30762155,48439105,79201260
approximated_00014.owl_functional.owl,38141651,42558527,80700178
9b10aa7f-5d37-4a23-9dc8-c0e74b59d728_Film.owl_functional.owl,27771059,5362636,33133695
c4522b4a-8b40-45cd-a28e-130ae6f77616_loggerhead.obo_functional.owl,20211946,21476738,41688684
266078d7-4ebe-482d-98a2-090b4d640520_EbGdrcN5Y29ycA_functional.owl,17590790,7387685,24978475
e24d6190-e9dd-4ffe-bb50-e13016b382d9_Company.owl_functional.owl,17303003,1824690,19127693
approximated_74d155eb-2fac-447f-bc9d-a9a75b00a009_cery_store.ttl_functional.owl,18912941,8038096,26951037
approximated_bspo.spatial-ontology.20.owl.xml_functional.owl,24415957,27473911,51889868
approximated_23fee2e3-9ffc-4fce-86fd-342eeba74013_John_Dory.rdf_functional.owl,10113893,7702870,17816763
approximated_9833b76c-da15-4524-83af-85574d900520_u_dressing.rdf_functional.owl,18446683,7983767,26430450
approximated_d5526c43-5838-4a9c-af57-b8f625e26237_Leerdammer.ttl_functional.owl,19944049,7911276,27855325
approximated_cd8a38f3-171c-45fa-b461-fb3ce121cfb6_software.owl_functional.owl,16147915,7605356,23753271
approximated_kb-owl-syntax-unraveled-depth-3-km-relevant-cardinalities-triggers-relation-axioms.ofn_functional.owl,401912208,1200470564,1602382772
approximated_70aeb10e-eece-43b2-8b09-2f9ea45c1cfe___Koch_G36.ttl_functional.owl,15280784,5755824,21036608
approximated_75d9fe1b-71db-4e70-a109-bd304b2321a7_VRAM.ttl_functional.owl,17250240,4777739,22027979
approximated_8f89a31c-fe5f-46b1-9b07-d9dc72b50e03_pban.owl_functional.owl,17465126,5855340,23320466
approximated_8fca389d-d850-405f-b461-c6ce2ab6feb7_premises663.rdf_functional.owl,19349525,10945546,30295071
approximated_01e61578-858f-498c-9aba-2401be843c1b_nry_trowel.ttl_functional.owl,14973742,4782894,19756636
approximated_35a36bb9-c479-4063-a445-a9a4c676755c_Azorubine.ttl_functional.owl,15384453,4826409,20210862
approximated_24faf36b-9a27-4f92-b4c1-770320f7d109_Gummi_candy.ttl_functional.owl,14104882,4672572,18777454
approximated_1b9bc6c9-d156-4a1c-a821-014fcf3ae7c5_20090907.rdf_functional.owl,16602520,14494747,31097267
approximated_kb-owl-syntax-unraveled-depth-4-triggers.ofn_functional.owl,338557143,970674739,1309231882
approximated_ep.cardiac-electrophysiology-ontology.2.owl.xml_functional.owl,3317131101,7240511760,10557642861
approximated_f345c79b-a278-41a6-b109-44ba64739788_PaulFisher.rdf_functional.owl,23353813,5616921,28970734
74315bf7-bb8f-4a98-95d2-f260450b6ee9_lCharacter.owl_functional.owl,20325013,5384459,25709472
approximated_dd922e1f-73f2-43fb-9a84-6664f9c4d6d3_temetazoan.owl_functional.owl,2382421265,5599725846,7982147111
approximated_cfe00e32-c9b8-404c-9f5a-07b042d046c9_codtools_02.owl_functional.owl,24660423,12288961,36949384
approximated_4a243936-cf39-4269-b053-24e2e8820fb0_Gyrodyne.rdf_functional.owl,16824897,4009175,20834072
approximated_dfc18503-60bd-4cf0-8e46-46da849392d3_Grounding.owl_functional.owl,21363213,7546912,28910125
approximated_a3f0aaeb-b9cc-4337-882c-cb968126a9f2_higgins.owl_functional.owl,16444827,5121071,21565898
approximated_1c3bac4f-4f4e-4518-bc86-0377d3dc6c32_Wahoo.rdf_functional.owl,15995257,4496271,20491528
92a9f2e8-3e78-4470-ba97-727b01ed6b3a_Station.owl_functional.owl,15641624,2447808,18089432
approximated_3d18c527-3dc1-4a8e-a715-b5e912ff6c48_calisation.owl_functional.owl,17958106,4100219,22058325
approximated_a8009033-f351-4981-aef6-bbf8c91567ab_odData.owl_functional.owl,15582408,8542919,24125327
approximated_4a6e0711-cac1-4153-82f9-1a729636c163_CPR.owl_functional.owl,31191291,39287404,70478695
wb-phenotype.c-elegans-phenotype-vocabulary.195.owl.xml_functional.owl,53765707,118523892,172289599
approximated_45c105f1-be30-4d21-acaa-545093e8a3c2_COSMOr603.owl_functional.owl,219666885,351276250,570943135
approximated_59c23576-3905-4768-807c-e42953a49469_PA8000.ttl_functional.owl,17737099,3939686,21676785
approximated_2bef0cf8-78c8-4930-8f10-3cd63f3ced94_unitcomplex_functional.owl,18780299,13175332,31955631
approximated_c111b583-ea49-41d1-8301-7bf4cd420885_ebbp2.0.3.owl_functional.owl,16718436,10819171,27537607
59c2a3d4-020a-4a2a-8b2f-a9a9c096e102_HP.obo_functional.owl,212480537,666283624,878764161
c6fe1d07-3a65-44b7-bb6e-5be86e59feaa_pr_import.owl_functional.owl,10887540,15809822,26697362
approximated_312ead57-98a6-4831-9cfc-efc961e02d26_74181.rdf_functional.owl,13781058,3846730,17627788
approximated_kb-owl-syntax-unraveled-depth-2-triggers.ofn_functional.owl,386031766,955742458,1341774224
96fca1bc-6cbd-4edf-9155-62885ac3321c_icsCreator.owl_functional.owl,18726306,2385763,21112069
approximated_7508fb18-a372-461b-861f-3e1d236f466c_qudt_functional.owl,17047855,9441676,26489531
approximated_00708.owl_functional.owl,154299576,28436745,182736321
approximated_839b2cf5-ecb9-4418-85c6-4427ff7aebd2_matrIon.owl_functional.owl,128457610,213015133,341472743
approximated_1cdf362c-2ae8-4727-b5e9-576130834e04_OBI.obo_functional.owl,1557721452,1595267377,3152988829
approximated_c2be6154-32e2-4603-829f-7d5b1d11b934_d0.owl_functional.owl,32248899,12715091,44963990
approximated_00535.owl_functional.owl,268689135,618481570,887170705
approximated_8d26f9a2-ef79-4a31-becf-0e57b2393271_undbericht.owl_functional.owl,17994196,15739451,33733647
approximated_3f2b94bf-d53a-4daf-946d-6c59da721e7c_Cola.rdf_functional.owl,19927845,6819706,26747551
approximated_702b8efb-32b2-4a87-8350-415581a69a16_Resistor.rdf_functional.owl,20804174,6311951,27116125
approximated_22b3b685-bd5e-47cd-a249-4830d6cf08c6_Fish_hook.rdf_functional.owl,21119810,6210257,27330067
approximated_c9cbf95b-a86d-41c2-85f9-8d759de6c1d9_sion.zfish.obo_functional.owl,261485223,567165267,828650490
06c9f57b-624c-4e3a-9610-48d68898db4c_HAO.obo_functional.owl,181281848,287136866,468418714
approximated_6d30d82d-ccfe-4993-b40a-958aa17be6f9_MSKB_ver1.owl_functional.owl,23015570,17991440,41007010
approximated_1f1074d7-d9d4-4a6b-8977-0a77b95392f8_interfaces.owl_functional.owl,17583059,10305459,27888518
approximated_tao.teleost-anatomy-ontology.135.owl.xml_functional.owl,134656090,312673598,447329688
approximated_77e55a95-d069-4da2-b261-57e89fcb896a_rTransport.owl_functional.owl,107674173,236201932,343876105
f24457ab-cea2-4017-b9f0-e77f9f1f4f39_notype_xp.owl2_functional.owl,321593653,195208339,516801992
approximated_052b7c55-4d02-4d5d-99f4-48676cb191e0_FYPO_functional.owl,92958782,297241307,390200089
approximated_5249685c-71db-4f8b-8746-00fe11948fa4_Mandoca.rdf_functional.owl,15926573,5367810,21294383
approximated_4e9382c4-e9aa-4494-96b1-14892f8a5695_Flail.ttl_functional.owl,19372047,5331034,24703081
approximated_6b6bbd7f-64af-446f-b47d-a11f97c191c3_Tilapia.ttl_functional.owl,17683748,5330531,23014279
approximated_4c0f61da-db43-40be-aea5-096d0e25cf87_eral_water.rdf_functional.owl,18164792,5562004,23726796
approximated_ddd751bd-f933-42b7-865d-e9aa08c3408b_ncertainty.owl_functional.owl,26476581,40916479,67393060
approximated_00627.owl_functional.owl,54572627,151700519,206273146
approximated_00f0d5f6-395b-4d82-97bd-75062b17681a_odore_CDTV.ttl_functional.owl,14756574,4124409,18880983
approximated_52d591c9-b4fc-4f87-99c4-8b81323a910f_Sun_valve.ttl_functional.owl,19260893,4176660,23437553
approximated_00039.owl_functional.owl,124068478,311723513,435791991
approximated_48bdccca-5b0c-48b6-b156-5f88a9662b1c_envirImpact.owl_functional.owl,85159262,158956106,244115368
approximated_6fce96ad-8afd-44a8-8828-258cac75fc7b_risdiction.owl_functional.owl,26620123,24501935,51122058
approximated_09b555c1-a7a1-4cc9-b9de-b53288f8fd91_onto.rdf_functional.owl,19189218,5912951,25102169
approximated_531c2d22-624b-47ae-8947-357b8894cb23_MF.owl_functional.owl,32383121,45458605,77841726
approximated_821570a0-d208-4173-a2f9-a885caabf71c_plusassocs.obo_functional.owl,20417623430,34471189187,54888812617
0b269d8d-1c50-45ce-ae4b-60a46714d203_classified.obo_functional.owl,505461664,883669043,1389130707
approximated_617ed6c6-5075-429e-aa0d-8f510bb901d7_Pentium_III.ttl_functional.owl,18726814,4346484,23073298
approximated_904615b5-96da-4a92-9a63-41b2f042c337_stermerged.owl_functional.owl,2172179080,727653736,2899832816
approximated_462bdf6b-f7ad-4c73-8244-024769021458_vertebrate.obo_functional.owl,1611280089,4025004770,5636284859
approximated_0a139bbb-6261-4262-b62c-c0d3733f5508_Drill_bit.ttl_functional.owl,98326769,3870293,102197062
approximated_ca495d9f-6fd0-455d-be1b-17538744f700_dinterests.owl_functional.owl,14651772,9611184,24262956
approximated_122239cd-6801-417a-81e4-5bb1fe1f464c_ZX80.ttl_functional.owl,83805483,3790649,87596132
approximated_kb-owl-syntax-coreference-IDs-km-relevant-cardinalities-disjointness-relation-axioms.ofn_functional.owl,2642403271,2087638607,4730041878
approximated_2968831e-1053-42e1-9bcc-b6da3f94d6f9_uowithpato.owl_functional.owl,64157324,135508312,199665636
approximated_c2d3e8f6-066c-4850-9cd3-befc930596a1_opentox.owl_functional.owl,12627900,4794524,17422424
approximated_1d340b73-57f7-4f92-9367-7f131dd2e647_htning_rod.rdf_functional.owl,14038514,4062060,18100574
approximated_kb-owl-syntax-unraveled-depth-4-km-relevant-cardinalities-constant-classes-value-classes.ofn_functional.owl,342860509,878041678,1220902187
approximated_320badf1-da62-42a0-9c1c-34bd80ee78c7_sequence.owl_functional.owl,47399202,109365372,156764574
3c57bcdc-f50b-4109-ae15-65fc2daca9b4_sterfamily.owl_functional.owl,193013053,472096136,665109189
1a474e7b-ad9f-47a1-a5b8-89ebb8d621c8_hpdisjoints.owl_functional.owl,232489843,698837283,931327126
approximated_8c9dbe2e-b0fc-4cb9-bba4-fb6903d70b05_realraum.owl_functional.owl,39288870,50496000,89784870
approximated_1b376225-5d7e-49ee-9513-3e00ee758f9b_dam_cheese.ttl_functional.owl,12590295,3901199,16491494
approximated_00523.owl_functional.owl,209072773,239019273,448092046
approximated_54870b9a-b785-423f-8341-593ccd22e96b_dar_cheese.rdf_functional.owl,21241893,4442653,25684546
218a127c-8d13-40af-9957-63c28b0a091e_elontology.owl_functional.owl,14375465,4603166,18978631
approximated_0a07d171-7ec3-4923-b804-27f35189d2ab_Smartphone.rdf_functional.owl,21599706,3901459,25501165
approximated_545c0c28-7fab-4d03-81c3-154ab2e6d066_chemistryv9.owl_functional.owl,10878853,8403261,19282114
069b23e0-2d3c-4532-af90-4a36ad576dc5_zoology.rdf_functional.owl,16197453,1458794,17656247
af9a1bd0-8eee-4803-87a4-da7fba1f9b80_mo_sapiens.obo_functional.owl,303642316,804855296,1108497612
88ca2646-c819-46af-a2a5-3edb2ad6283b_behaviorel.owl_functional.owl,49611974,85871350,135483324
approximated_11a6ae08-af8c-4b71-b899-4bc1ab375bb8_IL2.owl_functional.owl,100335198,16791672,117126870
approximated_d8aa63e6-e43a-41a6-a8da-9b3cee1f97af_onto.rdf_functional.owl,17543363,6531520,24074883
3aecbbdb-aae6-480e-9b07-4a92532c927e_nnisPlayer.owl_functional.owl,18419636,2419147,20838783
approximated_0a613e4d-9555-4e67-8830-b5f2d3277b53_PaulFisher.rdf_functional.owl,18058619,4010095,22068714
approximated_304e32d6-f5b0-4468-9712-744482cc13de_ossAnatomy.owl_functional.owl,54434420,113410237,167844657
53d979de-8e9e-4293-aed9-4e4b771cd2b9_condition_5.owl_functional.owl,51166941,109548986,160715927
75a65645-51c9-4fe9-9f71-443fde726c1a__v5.0.1__.rdfs_functional.owl,25958762,6807646,32766408
approximated_c65713cb-5f43-44ce-86f2-9c20bf6530ae_IBM_801.rdf_functional.owl,19287382,5497694,24785076
approximated_7f287dc9-bdce-4650-9c6a-da3d089e72ae_Diptych.rdf_functional.owl,15886961,3887889,19774850
approximated_1f131286-0fa9-43e8-a0fb-b7798b7c1476_sasclasses.owl_functional.owl,13380008,1722449,15102457
147cbe7c-d161-4214-8ced-0f838c6d33f7_onto.rdf_functional.owl,19918172,4285716,24203888
approximated_02024966-c8c7-4345-b30b-844ca0bdf8f5_lipid.owl_functional.owl,195436600,337838348,533274948
approximated_kb-owl-syntax-unraveled-depth-4-triggers-constant-classes-relation-axioms-value-classes.ofn_functional.owl,349973922,888919312,1238893234
approximated_c759adb9-1701-429f-aec5-7bda663d10c5_WM30.owl_functional.owl,94887439,40578265,135465704
approximated_fa9611cd-15ed-46e5-8c7c-12e5fa3019d1_ocChemical.owl_functional.owl,136544460,206490166,343034626
approximated_ecdbec75-3dca-4adc-8ecb-7ab59223f896_que_wrench.rdf_functional.owl,11308085,4522295,15830380
approximated_37fa1851-5aae-4f1e-8f87-3a963d31f52a_ecrm_101001.owl_functional.owl,26500426,21057770,47558196
approximated_9a37417e-e497-4e4a-b02a-286d68cca3cf_ry20130324.owl_functional.owl,12002695,5223911,17226606
approximated_00319.owl_functional.owl,30705335,16654384,47359719
approximated_1943f3e0-e02b-43c4-8be0-887c00c50be2_odSolutions.owl_functional.owl,22714686,18731066,41445752
approximated_1e544f4f-62b0-403e-975f-cc6e46b323f3_ology_6508.rdf_functional.owl,14113794,3827650,17941444
approximated_82328b8a-70c3-452d-a0d2-411f97f022f3_Guarana.ttl_functional.owl,17938718,4209695,22148413
approximated_6e432d68-c034-4bee-b4be-a09d8639258d_swadchart.rdf_functional.owl,19539655,1893316,21432971
43ab106b-7603-4227-98c6-11076e559f15_biochebi.owl_functional.owl,4107126726,7620996510,11728123236
approximated_b63e65f5-3268-4847-b875-1facaa30a8ff_olate_cake.ttl_functional.owl,90466937,5321070,95788007
approximated_36ba3ae1-5cfd-4236-8065-31a467167b24_Assessment.owl_functional.owl,271496822,249085590,520582412
approximated_8bbf5afc-49e5-4909-90ac-c81447199582_OceanFloor.owl_functional.owl,461646572,240823392,702469964
approximated_3f281d93-288b-408e-b2b0-f59336017907_onto.rdf_functional.owl,29355286,9067212,38422498
e84667ab-aa59-43dd-a59b-fa01a7935389_xmfprotein.owl_functional.owl,39509293,9333149,48842442
68a3b126-681c-4a19-9f9a-d11a344cb62f_enotype_xp.owl_functional.owl,96373995,29809142,126183137
approximated_155783bc-563f-4401-9be5-4d331c36fe4c_930_v0.930.owl_functional.owl,18461041,28254930,46715971
approximated_0a3291d6-4084-4c87-bd3a-8a71974c331a_iconductor.ttl_functional.owl,12540763,3937786,16478549
approximated_kb-owl-syntax-coreference-IDs-cardinalities-constant-classes-relation-axioms-value-classes.ofn_functional.owl,613268671,1758736348,2372005019
approximated_c5d1a38e-60bf-4925-b4fc-56585d6dda13_ompoundCFC.owl_functional.owl,33857810,41671377,75529187
1cb603d0-4461-48b7-b7c5-ffe0cb8133db_i_of_the_Month_functional.owl,21817935,1680836,23498771
approximated_0eefc452-cedb-4f53-917b-aaa953367334_r_airplane.rdf_functional.owl,17988782,4877733,22866515
approximated_b5252068-269d-48bf-ab98-8fa7d930e944_iao.owl_functional.owl,11048762,7068421,18117183
approximated_lipro.lipid-ontology.3.owl.xml_functional.owl,41775477,78222602,119998079
approximated_a720fd8d-fed6-4c34-af00-aee3dc02ab24_M820070115.owl_functional.owl,140746556,241027260,381773816
approximated_19236968-0ae2-4fc9-b885-f8fca6435bc2_Gold_leaf.ttl_functional.owl,16451519,4909493,21361012
bc26cf47-a757-46be-9278-ea05fc30f755_Heilpflanzen_H_functional.owl,17543403,1080256,18623659
approximated_c861e21d-098a-4e3f-98bf-f24ac7f29b38_cdao.owl_functional.owl,16776112,14945805,31721917
approximated_085abd30-44cb-4bc3-90b2-ba12067a2253_premises664.rdf_functional.owl,14230082,16884686,31114768
approximated_b104bd58-3b00-495d-83d2-be4c495872a8_stribution.owl_functional.owl,26054035,35565936,61619971
approximated_00790.owl_functional.owl,56137079,103406936,159544015
approximated_19bf7357-5896-433a-96f5-550fdced9f46_Cobblestone.rdf_functional.owl,15565311,4660228,20225539
approximated_00407.owl_functional.owl,11920354,9298949,21219303
1061d93f-5382-49c7-8ff8-9bad58957dba_Parliament.owl_functional.owl,16641283,1306166,17947449
approximated_kb-owl-syntax-unraveled-depth-2-cardinalities-constant-classes-relation-axioms-value-classes.ofn_functional.owl,514915912,1133557346,1648473258
approximated_kb-owl-syntax-unraveled-depth-4-km-relevant-cardinalities-disjointness-constant-classes-relation-axioms-value-classes.ofn_functional.owl,652869869,1503744968,2156614837
7727b8c9-0c9e-4a0d-887c-d8d992e99693_LCE2.0Lite.owl_functional.owl,15606922,5325389,20932311
approximated_10142bca-f95e-4bbd-a505-26dceaca21c2_dbpedia_3.8.owl_functional.owl,56673394,94869837,151543231
approximated_19b868f4-d568-4bfe-9562-5c72353d09c3_classified.obo_functional.owl,124742645,305164716,429907361
682dd383-e47f-487a-bdd2-68e141ea75d3_llegeCoach.owl_functional.owl,22824075,2551874,25375949
approximated_955ce844-3484-4111-8c5f-25309f1e8771_opendap.owl_functional.owl,17366585,4840336,22206921
approximated_290979f9-3ec6-4592-aeb0-3fd5352ffe34_spaceScale.owl_functional.owl,23244171,26378961,49623132
approximated_00473.owl_functional.owl,2993494026,7111164170,10104658196
approximated_05eede8d-8713-442b-85e6-c96cd7d0bf67_ing_system.ttl_functional.owl,21124466,8027901,29152367
approximated_00512.owl_functional.owl,37357884,59712517,97070401
approximated_9b7ba240-c471-4350-9fc4-415016482db5_news.owl_functional.owl,46095084,10073984,56169068
approximated_042205ac-1f9f-4527-bec0-46ac7858cdb1_app_coffee.ttl_functional.owl,16826041,3779822,20605863
approximated_8ab611f5-344f-49db-950d-2b30cd2519b7_timeline.rdf_functional.owl,15227792,8602478,23830270
approximated_13cf8419-c9df-44f2-b93a-2056f1e49237_Dessert.ttl_functional.owl,15379272,3880255,19259527
approximated_a0b141af-1c70-426b-a9fa-7af1492526b0_POWER5.rdf_functional.owl,14643949,3905365,18549314
c324a1a0-6124-47d9-b68e-6833b957fc8b_classified.obo_functional.owl,89042984,246302238,335345222
approximated_823969ae-818e-466c-9a3d-31d74170ffb3_NTNames.owl_functional.owl,109200314,7621817,116822131
approximated_00055.owl_functional.owl,72128407,9394288,81522695
approximated_29487853-ff19-47d1-87f4-e27cfe4fac15_codo2owl.owl_functional.owl,50901854,8234469,59136323
approximated_6b97ba4b-1cf9-432c-9588-595963e9ce8e_Dairy_Milk.rdf_functional.owl,87966431,3818224,91784655
approximated_1b969f77-56af-4bc7-993b-a7f8a0c2523f_mboldt_Fog.ttl_functional.owl,25086366,3810791,28897157
approximated_8dda8e44-1380-47d3-ade5-93cc9ed88d8c_cell.obo_functional.owl,50352491,73484191,123836682
approximated_0d08daa0-94a5-46c0-875c-786b2eb6d907_Scroll_saw.rdf_functional.owl,110837932,3812955,114650887
approximated_9e84983e-c3ff-4a2f-9316-ad5347df1d46_Biological.owl_functional.owl,235866228,317776147,553642375
approximated_4c042000-a214-4837-be08-f3d0275608db_PersonGroup.owl_functional.owl,110849048,3666718,114515766
approximated_77d16d40-e0d0-4bf3-995a-f6bc55b87ced__furniture.rdf_functional.owl,18381865,4296036,22677901
approximated_11d727d4-eefe-4fa4-ac83-c5185cf161c7_noaOntology.owl_functional.owl,172072535,215267829,387340364
approximated_4a3300a6-72f6-4a06-9024-ef41ad0ab4db_emic_dress.ttl_functional.owl,98772130,3785845,102557975
approximated_1630b64f-9852-4bf1-b237-d90d622ac6a0_ns.owl_functional.owl,27056523,9600211,36656734
approximated_ce01d0b4-811c-4b75-8ffa-41b2c2b45cd9_Design.v16.owl_functional.owl,78260652,7131175,85391827
ea684dbf-d36b-4f7c-b5dd-a71687b2dafa_type.rdf_functional.owl,77227564,99183367,176410931
approximated_3c41871f-f428-4862-9cfd-e3acd1b4c8c1_dian_valve.ttl_functional.owl,14339918,4053092,18393010
approximated_c074ec7f-0f44-44cb-a4fc-59563c255c54_dKnowledge.owl_functional.owl,12481615,5858286,18339901
4c221298-7309-4bc3-bb37-78ec263abb6f_classified.owl_functional.owl,25200611,27745455,52946066
approximated_a1ca6f7d-eab9-4b8f-8f9b-bed47001e9e6_interface.owl_functional.owl,16776488,2064225,18840713
0cd0b9d7-4b0b-443f-9139-2dc69088938a_pathway.obo_functional.owl,31100530,48637967,79738497
approximated_4b39fc56-bc7e-4947-a1a4-5bfd97d52ff2_Hotel.rdf_functional.owl,16213431,3860531,20073962
approximated_5b493be1-de5f-4bf8-b766-24079ab81854_cryo.owl_functional.owl,78541703,138336586,216878289
approximated_c0e4367f-8267-40a1-a83e-5a4678ad79bb_andFluvial.owl_functional.owl,130777929,212870212,343648141
approximated_d9bfc7d2-bcd1-4289-a223-2c091d2b50e1_tambisfull.owl_functional.owl,32290606,29203907,61494513
approximated_886cda93-23eb-40d2-9a1b-af45f74deb0d_onto.rdf_functional.owl,17854288,4823849,22678137
39f92fd6-6545-47a9-b77d-219c0fbadbc6__Bezeichnungen_functional.owl,19437312,2601887,22039199
approximated_eb3935a2-5c42-4f91-9277-34052419fa97_COSMOMod.owl_functional.owl,327054203,564988543,892042746
0f1441b8-1a55-42f7-abd7-e6a214a5627f_brenda.obo_functional.owl,114275349,260173244,374448593
01951143-a1ee-44e6-93eb-0b82c695c0e4_gumo.owl_functional.owl,33120603,61660624,94781227
approximated_0045af0e-5c68-4d7e-b53b-6d2cc43cce20_opaxlevel3.owl_functional.owl,11471513,7291628,18763141
approximated_427c5805-6c00-4123-951b-82bb4f7f00a4_Caesium.rdf_functional.owl,18695461,4120444,22815905
approximated_eb2f8a9d-c645-466f-9f92-2998f1b73fbb_salo.owl_functional.owl,14030200,17409472,31439672
immdis.immune-disorder-ontology.1.owl.xml_functional.owl,37152342,80502640,117654982
approximated_3a720fee-fc9d-49b3-a59d-1972aa6d1100_Bolt_cutter.ttl_functional.owl,12091467,3984187,16075654
approximated_496795fa-3ed1-4544-b940-cf8f338c4fbb_Steel_wool.ttl_functional.owl,16083433,3745827,19829260
approximated_a8aa88ff-2631-42b0-ac47-4804b01b57d9_Bus.ttl_functional.owl,10961043,3685783,14646826
approximated_6d2b6ef6-402f-4f26-ad3d-1003b0cfa233_staxontbox.owl_functional.owl,1822821674,3479158234,5301979908
f4dd079c-0b5b-4254-bcc2-c055bd008098_classified.owl_functional.owl,145039159,374621608,519660767
approximated_8ebd7e72-5d7f-4041-8d7f-f5d44f671d18_esc.owl_functional.owl,48339994,14210721,62550715
approximated_80d3045e-e709-447f-8a60-64f953ed6718_disk_drive.ttl_functional.owl,8688746,3720901,12409647
approximated_48431d82-6ace-492f-bf5a-0cc0be753a9c_Asphalt.rdf_functional.owl,11303019,3839523,15142542
approximated_17fe5dd2-bbc3-4668-907f-9b43549deda4_quantity_functional.owl,16941936,18200452,35142388
approximated_2c5fa5c5-067a-4a52-b9a0-aab4378f18fe_nson_Valve.rdf_functional.owl,16593192,3825599,20418791
015f8405-f234-4e27-a9d3-0bf659b9e785_mpath.owl_functional.owl,21572511,44948325,66520836
approximated_e9374aaa-bcc8-471d-bab1-a28dc48b94fa_PaulFisher.rdf_functional.owl,15790611,3076425,18867036
00139.owl_functional.owl,20209891,5463343,25673234
approximated_74fedc71-8310-487c-9bf1-0e9e08355144_ura_cheese.ttl_functional.owl,14302334,3676074,17978408
approximated_aa5158a7-9b23-4a0d-a71c-a87b357bfed5_nedprotege.owl_functional.owl,29376155,45999028,75375183
58cdafe1-027c-48b9-892f-f4910d27d31e_Country.owl_functional.owl,16451803,1250863,17702666
approximated_0f1d6b38-3d37-4989-bd56-913674f8cf6c_Royce_WR21.rdf_functional.owl,17564277,4614387,22178664
approximated_ido.infectious-disease-ontology.7.owl.xml_functional.owl,22995257,32859110,55854367
approximated_3e2271f3-8f9a-4f9c-b30f-42627781bc1a_relational.owl_functional.owl,14442257,6617198,21059455
56dfb985-4e2b-43fa-b94e-41c4c1d096a7_Criminal.owl_functional.owl,14522106,2244299,16766405
6db72b64-5e51-4f54-b197-c70294d3f9c9_onInferred.owl_functional.owl,13640529,5350795,18991324
a0512604-71c0-47a6-a9e1-7de2d21505dd_lanogaster.owl_functional.owl,233492605,440768458,674261063
6ab826d5-9d64-4df3-99f5-53ab756d148e_egorieAlchemie_functional.owl,11481676,1064896,12546572
approximated_a1096c57-096c-4dac-bef8-10ce4babb27e_turkish.owl_functional.owl,16678014,5729723,22407737
approximated_f252ccbd-f4b4-44e0-8b46-7a106deca8f8_Discipline.owl_functional.owl,71985241,149949087,221934328
approximated_a1a8b6dc-705b-495d-b755-2e1a93e0bdff_FN1.54.owl_functional.owl,20243836,8626059,28869895
approximated_00527.owl_functional.owl,24272516,26549158,50821674
approximated_8b14b3ee-df2b-430a-83a6-fd519475ceda_Sauce.rdf_functional.owl,14112867,4136642,18249509
approximated_4f1d6514-6a6d-4109-897e-9c316fd558a2_eestimulos.owl_functional.owl,13901279,6190290,20091569
737808a4-15b1-46af-ad5e-3d7e721f8055_tabstract.owl2_functional.owl,81213327,126837126,208050453
approximated_77e8eacb-7ae9-4d39-8bd2-88ff1d7d5e06_tric_motor.ttl_functional.owl,17849864,3748922,21598786
approximated_291cd757-f2cd-4551-b169-247b9372572c_Almond_meal.ttl_functional.owl,10960037,3666182,14626219
approximated_0030107c-7315-4a26-a530-2346f0ced0b7__gathering.owl_functional.owl,17539038,5139054,22678092
approximated_cb95a779-0d27-4bc4-bfe0-4b8e699eb988_iffusivity.owl_functional.owl,137717171,241553914,379271085
approximated_716754cb-7c5f-4ff9-b05e-358bc24d8522_Zilog_Z80.rdf_functional.owl,22281383,5140673,27422056
059be0e8-6a11-4a6f-9e21-52b393d60feb_a_ontology.obo_functional.owl,11924420,10040906,21965326
approximated_kb-owl-syntax-unraveled-depth-3-km-relevant-cardinalities-constant-classes-relation-axioms-value-nominals.ofn_functional.owl,368680373,906936767,1275617140
approximated_1a281549-2a09-4bc9-8de6-7a899efe7b32_ECO.owl_functional.owl,19498323,17445646,36943969
approximated_608f3a4e-ecc7-45df-9632-b11f3cee1d05_ve_battery.rdf_functional.owl,11594932,3949684,15544616
approximated_00660.owl_functional.owl,413165377,955262864,1368428241
approximated_b222f3a8-511e-4d91-8bbb-ba4a47128340_provenance.owl_functional.owl,72941811,17640747,90582558
approximated_0dfe564a-578f-4cb0-bd76-1f45afc8c4ea_phenAtmo.owl_functional.owl,205467292,246666630,452133922
approximated_1c48131e-1d5f-4e59-aa6d-3cd9a6c8c62b_eam_cheese.rdf_functional.owl,83671989,3775395,87447384
approximated_31306603-ff1b-4a6f-867e-8453e684db52_Hot_dog_bun.rdf_functional.owl,19487137,4031485,23518622
approximated_538aef57-b690-40e2-ae9f-9ac15493dce2_n_xp_chebi.owl_functional.owl,288075122,618659684,906734806
approximated_0bd91de6-5a2e-473a-9929-86edf1cfb467_onto.rdf_functional.owl,14046394,4873721,18920115
c7dad604-a911-4ceb-8693-463f0d442b5b_KategorieNieren_functional.owl,16427052,1065060,17492112
approximated_5ccf6e47-f205-4cfe-bb45-8f47b5267eb5_oTransport.owl_functional.owl,132919396,210059909,342979305
approximated_00717.owl_functional.owl,13750070,2370719,16120789
approximated_d0e44828-b51d-4469-a4d2-31734d237777_lary_assay.owl_functional.owl,10080192,9742170,19822362
approximated_kb-owl-syntax-unraveled-depth-3-cardinalities-triggers-constant-classes-value-nominals.ofn_functional.owl,388612295,1026309095,1414921390
approximated_4b9e0b60-32b5-4e59-a931-8d652ab764c9_Screw_gun.rdf_functional.owl,18002711,4018188,22020899
approximated_a7ad6dc8-2d8f-46e3-b2e7-7590c7007430_Whiteboard.ttl_functional.owl,10464816,4014592,14479408
approximated_0e0d22af-e58f-467d-b562-a7b0c7b03680_Brown_bread.rdf_functional.owl,16032366,3818434,19850800
approximated_ced9d741-f06b-4b86-80f2-cedf4d3fad0f_time.owl_functional.owl,10749073,1106619,11855692
approximated_kb-owl-syntax-unraveled-depth-1-triggers.ofn_functional.owl,419400129,1025007822,1444407951
approximated_kb-owl-syntax-coreference-IDs-cardinalities-triggers-constant-classes-value-classes.ofn_functional.owl,796327466,1765485326,2561812792
approximated_3bcce273-d290-4d82-8e6f-813a3a27af9b_multiplier.rdf_functional.owl,12493893,3878382,16372275
approximated_so.sequence-types-and-features-ontology.202.owl.xml_functional.owl,60647531,122132699,182780230
approximated_4e3e9d16-0fbd-4851-8631-4770235da9dc_ft_Bonanza.rdf_functional.owl,18644253,4213856,22858109
cca4cdd4-a621-44f3-a8b6-4caec62830b1_l.obo.PREVIOUS_functional.owl,16983266,11479124,28462390
approximated_0622b1e6-c1a2-4f47-93ff-0eff530d7d3c_Parameters.owl_functional.owl,13304860,6883322,20188182
approximated_2b982c8a-e4fe-4738-9251-3ef8e7d63f76_Symbion.ttl_functional.owl,14998465,3782875,18781340
approximated_00375.owl_functional.owl,1075423626,3016341271,4091764897
8f2a41f6-d739-41a2-a8af-093aa4765d1b_Village.owl_functional.owl,24387784,3056901,27444685
approximated_01a9fa16-c357-40d2-a625-186f49e6c3fd_PATO_functional.owl,64382978,138084284,202467262
approximated_70fa35aa-b942-4d22-8032-2de55a96a7dd_Mincemeat.ttl_functional.owl,16278828,4137067,20415895
cf952362-c1bd-4e77-b1bc-f861be1b9769_tc8540.owl_functional.owl,16007031,6632630,22639661
approximated_c04ec2f4-1f7c-4d2d-b3f6-682e5347614f_Reggianito.rdf_functional.owl,17732110,3932161,21664271
approximated_6f23839c-1a36-4f9c-ad8e-cd8732368837_rmodynamic.owl_functional.owl,128651740,208619613,337271353
approximated_44618447-fec3-4019-a114-7d8f756d0db3_Provenance.owl_functional.owl,25450307,21935385,47385692
approximated_13f593d8-dc52-4f4f-8ef0-494059e67c0f_SUMOLiteTB.owl_functional.owl,53867799,46555617,100423416
approximated_1b670ea4-90e2-4c38-8266-225bff815f4f_Tire.ttl_functional.owl,15709873,3898721,19608594
approximated_b194ab75-eed2-4a56-87a8-285f23d9fe05_Bluefish.ttl_functional.owl,14255275,3959137,18214412
approximated_00029.owl_functional.owl,101087038,216154233,317241271
approximated_a67f19d8-c7a6-4bfd-90c3-d86ac5b15a4a_matrRock.owl_functional.owl,129924719,251946747,381871466
approximated_42541c17-8fbd-4cac-ae00-c98ed2d02d1f_Xynotyro.ttl_functional.owl,14302818,3783517,18086335
0289874e-4b78-4e47-b349-bf866a9c1044_er_anatomy.owl_functional.owl,104291420,47582739,151874159
approximated_a61b1028-0965-40a4-b8f9-e0f503b35de1_JavaActor.owl_functional.owl,13887789,10131830,24019619
approximated_45c97561-9ee1-4454-a896-a8ae61e1b1fa_onto.rdf_functional.owl,13914724,6804733,20719457
2684a099-e94b-4deb-bad9-f60547ccdd68_masimple.obo_functional.owl,95336442,206613516,301949958
97456bca-7168-4ff5-a82e-b57dbae55897_aeo.owl2_functional.owl,13696955,18079228,31776183
atmo.african-traditional-medicine-ontology.2.owl.xml_functional.owl,16975582,9867661,26843243
approximated_1afe6701-b313-4dc3-beb0-9a1605897f31_test.owl_functional.owl,21212526,18242790,39455316
approximated_412c85e6-a225-4751-9f0e-85ff9c7045f8_cell.owl_functional.owl,59673805,146467926,206141731
approximated_41ead8e0-9ee5-4403-9c55-d460968f7c03_LMM_L1.owl_functional.owl,24964849,19022262,43987111
a92d1dcd-0663-4cb7-b280-1ff7d2dd6532_Pizza.owl.rdfs_functional.owl,14417711,5317634,19735345
approximated_0856d8e4-64f6-425d-89d5-90595f814e8f_shing_bait.rdf_functional.owl,13230077,3769887,16999964
approximated_51e14a6e-fef9-4989-b2c6-ad08276f9bbd_RIMV3OWL.owl_functional.owl,21688604,17164033,38852637
approximated_86aaa29f-e9af-4078-a394-3a73c71e3b80_software.owl_functional.owl,45308975,89134469,134443444
017ba95a-fd2a-4957-894a-eab3f6fe846a_humancobra.owl_functional.owl,77954448,118194986,196149434
approximated_290f46e1-bb70-439a-9a77-8f50f2a98b46_pulsbridge.owl_functional.owl,297877835,192158163,490035998
approximated_139e4ed5-261e-4218-b147-15c9b159c75f_cheminf.owl_functional.owl,24630538,28600629,53231167
5a12636d-3302-4e2f-8dda-aae8e9065fc0_ysfunction.owl_functional.owl,17723654,17196729,34920383
approximated_kb-owl-syntax-coreference-IDs.ofn_functional.owl,824977897,1653609121,2478587018
approximated_aae56d44-9f92-4bd6-b673-adf19b738804_SAOntology.owl_functional.owl,2022795489,2842216576,4865012065
approximated_ea85a5ac-f436-4733-957d-24fe36f88320_ns20060722.owl_functional.owl,17208417,10530145,27738562
approximated_cco.cell-cycle-ontology.3.owl.xml_functional.owl,77817978156,1.82577E+11,2.60395E+11
approximated_NEW_fhkb.owl_functional.owl,812129707,71083903,883213610
approximated_00334.owl_functional.owl,17532744,6010355,23543099
04096b24-000d-4d49-94bc-1ee51d41f07e_ontoderm.owl_functional.owl,22380246,32604918,54985164
approximated_375e1790-ab20-4e89-9132-3967afbd3ecc_onsistence.owl_functional.owl,73606447,125799553,199406000
approximated_a5b3741f-ff4d-4050-8091-daa1d5c19fbb_matrEnergy.owl_functional.owl,135247006,239509482,374756488
c0ff2fb6-d093-44ea-8ef0-80601b418c65__taxonomy.owl2_functional.owl,241437480,596149801,837587281
approximated_5460bc8c-66fe-4082-989d-843376671246_rna.owl_functional.owl,21701893,21243524,42945417
approximated_67c88d35-6b09-4a15-a4f4-6e42ae13a5ab_Bocconcini.ttl_functional.owl,13448553,4349770,17798323
approximated_3ca859a4-cb7b-4e9f-8d78-f55d5db3b9b5_Coordinate.owl_functional.owl,139552282,209789150,349341432
approximated_00346.owl_functional.owl,28192104,16109620,44301724
approximated_bbd9d564-70be-47d1-ae3d-a529b686d38d_canon.owl_functional.owl,18248919,17594550,35843469
approximated_98473685-bcbd-45c5-be9b-0e7177e5e517_nif_backend.owl_functional.owl,128766288,141857076,270623364
birnlex.biomedical-informatics-research-network-project-lexicon.1.owl.xml_functional.owl,85226038,177407466,262633504
approximated_e9d10b42-3011-41a8-99f5-d0604b0fc2c5_GUM3space.owl_functional.owl,21883856,18420481,40304337
da44abd3-6d13-4c8a-a0b7-ab2dadc45e56_putational.owl_functional.owl,10852962,8309158,19162120
a456e456-27a5-4342-8c65-4a29f45eed5e_anatomy_xp.obo_functional.owl,288460346,621713348,910173694
approximated_3a0b2188-7158-4b3f-b9a5-457d4f303730_bodo.owl_functional.owl,36007719,51918375,87926094
approximated_20ec31c5-c1a5-4834-a709-8f64103a6c7c_ce_Manager.ttl_functional.owl,9817447,3889856,13707303
approximated_00522.owl_functional.owl,131125485,250774713,381900198
approximated_7c6ea8e1-2e34-433a-9517-d9b83a71e38c_ilpostslink.rdf_functional.owl,32553013,59223596,91776609
approximated_00fe93ac-4471-4d88-9a20-2162f8616716_DUL_v26.owl_functional.owl,15263471,11187244,26450715
approximated_1d7ab82b-263e-46d3-82e3-39cbcd1c9a2a_Comb.rdf_functional.owl,14523473,3745132,18268605
approximated_50b2449e-4540-4ad4-8f1e-06da7f1b4b1e_Scythe.ttl_functional.owl,13976083,3945541,17921624
approximated_25cfafcc-21e2-4b61-a33c-ec54473abf96_Kelly_tool.ttl_functional.owl,16006358,3662883,19669241
approximated_d9e06abb-d737-4c21-9877-6645e36c5796_ockIgneous.owl_functional.owl,126871785,208485973,335357758
approximated_72ce2aa2-72e2-4ac2-909e-531459bcc57c_lt_battery.rdf_functional.owl,14332596,3825579,18158175
approximated_03f0122a-3251-4925-8eb8-d39f97486bb9_Biscuit.rdf_functional.owl,17006127,3725286,20731413
da52e6c0-2717-40c5-a198-354db04f6c38_erequivmod.owl_functional.owl,572747229,364367105,937114334
approximated_3b3bee0f-a8e9-48b8-a078-fbe86aee1b92_physSound.owl_functional.owl,64173764,122755040,186928804
approximated_6e41b96f-71e7-42e6-a643-0a84d3b6f6fc_opl.owl_functional.owl,18470019,25708117,44178136
1eef12c0-c9fb-4b28-a23f-1991c3a63818_po_anatomy.obo_functional.owl,44446747,98570996,143017743
ddeddc5c-3766-43aa-b35a-7d3799aa7f2d_vHOG.obo_functional.owl,47130625,86683338,133813963
approximated_2b4bb34f-468f-4b55-9142-fda18d15a714_ebiservice.owl_functional.owl,128874425,268975611,397850036
06d27a7f-d087-46e4-9340-95ac4d8848b3_onto.rdf_functional.owl,14376623,1695275,16071898
approximated_2ffb86d5-d067-4a51-ae41-742b68104567_xed_ladder.ttl_functional.owl,14222343,3718406,17940749
approximated_ab77ae1b-0f37-4a4f-8ef4-e550c42c764e_anDecision.owl_functional.owl,130275766,212600756,342876522
approximated_6e2c429f-1b46-448b-8bc8-8b26bcb3f5d1_nCrosswalk.owl_functional.owl,15917056,2227376,18144432
5d7a4d71-9b30-4411-ac2e-f70aa57a2cd2_us_may2007.rdf_functional.owl,19778353,1974470,21752823
approximated_d22c146a-d6f1-4e71-822b-9ce3cabf39c6_le_remover.rdf_functional.owl,10458835,3931681,14390516
approximated_b006f4d2-c2f0-45ca-abe8-cfb49ebb855d_ms_biology.owl_functional.owl,22222889,27447676,49670565
approximated_02b5145a-535c-4f9e-bc59-77b88d8203c0_Persipan.rdf_functional.owl,9791018,3668512,13459530
approximated_28ea7fd1-7cff-4f80-b556-1dcab943bc86_CategoryEvent_functional.owl,19206708,2492426,21699134
606a4de8-c608-4238-9212-8c0bbd71e0b5_Scientist.owl_functional.owl,25249189,3215003,28464192
approximated_b47e86f9-e4c0-40a6-8797-c949bea26a7c_event.owl_functional.owl,158626929,424237656,582864585
7b125a28-5a9e-4010-9596-ee57546669e3_mo_sapiens.obo_functional.owl,426571811,996604019,1423175830
55e57af3-069e-49ef-9e13-d109bc8a4436_e_ontology.owl_functional.owl,494871365,1062294807,1557166172
approximated_ca276805-7b06-48b3-8968-ee8770b67b7a_stateSpeed.owl_functional.owl,199602517,204086707,403689224
approximated_2f8a6c6c-f6d5-4fa7-a968-5ffa1eef4077_ecs_functional.owl,17703891,10580527,28284418
94eae2fc-16f3-40b5-aaaa-dac860d80029_lular2_1.0.owl_functional.owl,28830396,19150058,47980454
approximated_95863538-7946-49a5-a915-c4fd56d6a787_Blue_cheese.ttl_functional.owl,16243406,4208539,20451945
748da840-0fa0-4a91-94c2-4ce0268c8fc0__USE_psipi.obo_functional.owl,17000116,25328806,42328922
0778f4da-24b9-4412-b670-0db67ab2ed93_FYPO.obo_functional.owl,105661184,92120300,197781484
approximated_2826e94d-e35b-484c-aade-4325620dc2d1_lay_device.rdf_functional.owl,11698494,4173924,15872418
9739b60a-3411-4715-9eee-0176a8d583eb_categories.xml_functional.owl,15262783,1023504,16286287
approximated_23f122ef-f94f-42e2-a684-d0793c47f04d_univbenchdl.owl_functional.owl,18575641,7800652,26376293
approximated_b1f9cdb3-1836-491f-b3cb-a7a77ee8db27_rIndicator.owl_functional.owl,82437307,160567503,243004810
approximated_ba814c8c-8247-4879-89ac-58de1e18251e_offerjob.owl_functional.owl,49080381,43886771,92967152
approximated_kb-owl-syntax-unraveled-depth-2-cardinalities-disjointness-constant-classes-value-classes.ofn_functional.owl,717110442,1698573980,2415684422
02aabb7a-7881-4639-9ec6-c0bf1722e0b5_flanzenatlas_K_functional.owl,20438731,2167237,22605968
3a8b11c8-7efa-4dbb-9dfe-5acd4b18df60_rsimplegaf.obo_functional.owl,1702120110,3447952757,5150072867
fad36681-5831-4d92-a4ec-4ca820e7c40c_omim_do.obo_functional.owl,127405263,86450516,213855779
top-menelas.menelas-project-top-level-ontology.4.owl.xml_functional.owl,126823085,26349010,153172095
866f4702-ccf3-4395-b143-1cc59339573c_chebi.obo_functional.owl,2534619551,6293327682,8827947233
approximated_de53814d-8c8a-43dc-bfa5-06304b271387_mtq_100707.owl_functional.owl,25895599,20887643,46783242
approximated_kb-owl-syntax-unraveled-depth-4-triggers-relation-axioms.ofn_functional.owl,336001520,836140194,1172141714
approximated_054c8aaa-0fad-40a7-a649-1eadc5900aaf_odProjects.owl_functional.owl,47070219,56719382,103789601
approximated_9b7209db-3aa2-47b5-b737-9013c471503d_Coregonus.ttl_functional.owl,16978999,3908603,20887602
approximated_6ce7a3de-8f86-4f12-8e44-79a2191ab3ac_l2odm2codo.owl_functional.owl,22700972,24851815,47552787
approximated_e0f21ed4-098c-4de4-8629-447aa81c5363_eucalyptus.owl_functional.owl,19326397,18856368,38182765
approximated_057f5914-0b6d-4aef-994f-8de774a1129b_ted_v0.7.1.owl_functional.owl,14159548,4473049,18632597
approximated_514ecb7b-8545-49b4-8a12-c61c434b40bf_lanogaster.obo_functional.owl,2117127691,4082071577,6199199268
approximated_kb-owl-syntax-coreference-IDs-km-relevant-cardinalities-disjointness-triggers-relation-axioms.ofn_functional.owl,871833755,2058957639,2930791394
84aeabbb-9b46-4e12-a01c-c04566c0d5b9_quality.obo_functional.owl,47686754,79628032,127314786
approximated_40ac6c08-cafe-4df2-a2ae-5eacd405f4e5_ontoutf8.rdf_functional.owl,15141665,5078417,20220082
5407a1ae-2048-4d7b-b38b-72bbbd946814_xon_import.owl_functional.owl,20171594,12054567,32226161
approximated_1302f587-bdfa-4479-b2fe-2307bd642efa_EntrC3A9e.rdf_functional.owl,12321638,3866108,16187746
approximated_4e3d8918-7324-4043-a07d-f79473d96baf_prerelease.owl_functional.owl,391228954,1052563548,1443792502
6dc86090-12ad-480e-9e13-eb603c38694d_ology_v2.1.rdf_functional.owl,88313398,10994125,99307523
approximated_fa6870c1-17db-40bd-b1cb-f9bf86cd1bb6_graphrules_functional.owl,59916710,12088775,72005485
approximated_96675da5-d4b1-49d4-8437-a684037123e4_oncretebio.owl_functional.owl,19922591,18482022,38404613
approximated_8b5204a4-bc77-4f1e-962f-3b53269adda5_FN1.42.owl_functional.owl,24162400,8429545,32591945
68c62c77-bc06-4878-b11e-a9c9cb832e47_protein.owl2_functional.owl,679097171,1300367276,1979464447
approximated_fc7ebfb2-d4a2-4142-8d83-51b9ee1c83d5_cogenomics.ttl_functional.owl,86635665,132699271,219334936
approximated_942aa14f-3fe7-495d-bdb1-e8ebfe4eab57_lrelations.owl_functional.owl,19450601,9414735,28865336
approximated_63b2cfaf-35c7-4761-aca0-51b359510023_nductivity.owl_functional.owl,141759028,208676029,350435057
approximated_9a2bfbcf-9fe3-41ea-95c4-821ff42ce643_envo.owl_functional.owl,40742317,69801051,110543368
approximated_4c981224-c44e-48fb-9783-0e8f5e623bd8_Cod.rdf_functional.owl,13513302,4079227,17592529
approximated_0baeddaa-9695-4c9a-8c47-5be2e025d6cb_Parameters.owl_functional.owl,12887802,6586086,19473888
approximated_25e94498-d632-40ad-9fcc-722e7909f6b2_alem_stone.ttl_functional.owl,10161735,3706567,13868302
ccbc306c-b701-4d59-99f6-2cae10d22dc7_NIF_Cell.obo_functional.owl,13708055,15389973,29098028
approximated_c4290df7-5002-4e35-addc-5fef9f0a8f54_onto.rdf_functional.owl,14562073,5251960,19814033
approximated_ocre.ontology-of-clinical-research.23.owl.xml_functional.owl,26968706,29097833,56066539
approximated_336e8293-8c2e-49f9-91a0-80578b60802b_Garden_hose.ttl_functional.owl,10242333,4125390,14367723
approximated_0294e2a0-f4dd-4512-9757-ec1833a54899_erver2codo.owl_functional.owl,23922634,20108510,44031144
109f6db6-0098-488b-ba94-93c2b27bb276_n_xp_chebi.obo_functional.owl,380398236,154500950,534899186
approximated_026f5fd3-4edc-41a7-9a5d-a3a1d722329a_neistituto.owl_functional.owl,21946686,12307131,34253817
approximated_fb6c8cf2-e929-41a2-a487-dffa64278648_prSciUnits.owl_functional.owl,140268462,245711783,385980245
approximated_00337.owl_functional.owl,75168519,6272311,81440830
approximated_6505503e-b7ae-47ad-adb8-56354e98d9bf_Television.ttl_functional.owl,82160024,3966611,86126635
approximated_3b0580c3-b752-4935-9437-14161bcf92b1_ave_cheese.rdf_functional.owl,11990666,3752402,15743068
approximated_7bea2481-9299-462b-af4b-59747b0d60a5_PaulFisher.rdf_functional.owl,17451999,2891611,20343610
vario.variation-ontology.6.owl.xml_functional.owl,15457987,20009755,35467742
approximated_5a31ff58-7b01-4f05-b0ee-a5993d80b7ed_NIFOrganism.owl_functional.owl,149182185,39592815,188775000
approximated_43947cff-7565-4156-b399-0279de3cb299_onto.rdf_functional.owl,99785719,5107168,104892887
approximated_24d612d2-c255-4fce-bef8-fd96df8d34d0_t_adhesive.rdf_functional.owl,72655964,3870202,76526166
approximated_5b3cec2f-e90d-4525-a931-b041421529e4_behavior.owl_functional.owl,6055405342,14424487068,20479892410
approximated_0129d06f-06c2-4e4b-94db-cc0c65fab9cc_COSMOtop853.owl_functional.owl,400936018,670483503,1071419521
approximated_24f20bc8-3a15-49b2-a3be-bd63aaced92a_Lutjanidae.ttl_functional.owl,14559569,3754973,18314542
2444a2fd-a8f4-420c-accc-0a60a15c77e4_mp.obo_functional.owl,206862918,627470226,834333144
approximated_395e9b4a-32eb-4d76-bfbe-f2c79fe0e57f_epublic1.5.owl_functional.owl,20776453,22422938,43199391
approximated_8cd971bb-9799-4128-bb3f-c618eba6d0c4_nresources.rdf_functional.owl,22763595,23231686,45995281
approximated_8ea477cc-8a91-4587-b783-e0650edfde31_ale_cement.ttl_functional.owl,14651358,3735937,18387295
approximated_00770.owl_functional.owl,122133407,261833116,383966523
approximated_5de54494-9374-4adb-8bcd-a552c0870953_Scissors.ttl_functional.owl,13922062,3735879,17657941
approximated_5e081fb1-7d6f-4808-8470-19db2fd94e67_r_varistor.rdf_functional.owl,11928408,3820127,15748535
approximated_95dfca90-f310-42f4-98b1-170f0e78f574_ring_steel.rdf_functional.owl,10174351,3641878,13816229
80b5053f-6d88-4d59-9bf7-b89603d59538_Parliament.owl_functional.owl,15516572,2415373,17931945
approximated_2cb91d08-46b8-477f-b65f-9b4fe55423e8_Fifi_hook.ttl_functional.owl,17753343,7091733,24845076
approximated_00461.owl_functional.owl,380821431,1028372590,1409194021
approximated_kb-owl-syntax-unraveled-depth-3-cardinalities-triggers.ofn_functional.owl,371977250,930108178,1302085428
approximated_bd517c43-30fa-4990-a77e-54609a053828_quence_xp.owl2_functional.owl,62919001,113540140,176459141
approximated_54ba13dc-7414-4015-ab38-9e58c6b7142d_Mattock.rdf_functional.owl,13793797,3908003,17701800
approximated_3f8d137c-e357-4c32-b070-86ccde0a4895_TFS.owl_functional.owl,30850962,12278347,43129309
approximated_f47e9504-64b0-4df7-9a53-2ff2ac3491b8_pdb_2_pmid.owl_functional.owl,95440310,191356280,286796590
approximated_f20041c6-6a9f-4542-85b7-93cab6854a97_ogy_ca_ins.owl_functional.owl,30456588,8252549,38709137
031191c6-b4f6-46b7-bc5d-4755e3836523_fbspsimple.owl_functional.owl,127036286,336757632,463793918
approximated_b2d88331-edae-4938-8828-be231ad9799f_at_extract.ttl_functional.owl,15726297,3778110,19504407
approximated_4c3f371d-5579-453a-8043-908282cc8bf1_Valve_stem.rdf_functional.owl,17704105,3751969,21456074
f2627923-e5e1-4d5b-9087-6d4fc8dde7c0_posimple.obo_functional.owl,65900907,130969426,196870333
ed008509-5ac7-46df-8a43-2d94df885342_blinCore3d.owl_functional.owl,14909696,2059398,16969094
approximated_kb-owl-syntax-unraveled-depth-4-km-relevant-cardinalities-triggers-constant-classes-value-classes.ofn_functional.owl,399691012,869456747,1269147759
approximated_50dc59b7-ff06-4385-a1a5-802c54dd17e8_Jointer.ttl_functional.owl,12319235,3935793,16255028
approximated_6e439c6f-d7f3-46df-a9f6-1c66b37bd221_ink_tubing.rdf_functional.owl,16980250,3802105,20782355
approximated_kb-owl-syntax-unraveled-depth-3-cardinalities-disjointness-constant-classes-value-nominals.ofn_functional.owl,724814274,1486197270,2211011544
approximated_46d9bec3-3c70-46e1-8289-c333f2bd72d9_Kohlwurst.ttl_functional.owl,91685769,3868611,95554380
approximated_00520.owl_functional.owl,27235736,8715442,35951178
approximated_f00fe0ce-02c8-46b2-9e3a-39393f0aa328_s_dressing.ttl_functional.owl,82330321,3912982,86243303
0223fe0b-6717-4e60-bdde-d6c4b4bedba0_onto.rdf_functional.owl,16801290,2005542,18806832
approximated_db02c054-d618-4398-a09e-bd1656b2f4cd_xdt_100302.owl_functional.owl,20054765,23481113,43535878
approximated_d5fc4e8e-fd89-44e7-805e-87aeac36f30a_eeclass_v1.owl_functional.owl,288522852,456333230,744856082
approximated_1123bfe9-3fb9-4ff2-aa17-15b0339e09a1_Cuajada.ttl_functional.owl,97388856,3941832,101330688
8e31b2fa-a5f7-4bab-b9b6-f914e4420e73_er_science.owl_functional.owl,34608265,17660438,52268703
09d9eca5-e016-4f66-8f16-bee1ec386eb1_protlabels.owl_functional.owl,109678753,24060278,133739031
approximated_f22829c6-cad7-4426-8cdc-068254131c37_physThermo.owl_functional.owl,162852889,128699283,291552172
approximated_cc71ed7c-b161-431d-9784-76040b0282e6_tmoWeather.owl_functional.owl,205115095,213427230,418542325
approximated_50e50bed-de55-43d2-8ad4-fa06ff82f7cf_Daktyla.rdf_functional.owl,115993823,3730524,119724347
589f5753-9434-47e6-ae92-dd6319e721bb_oreprotege.owl_functional.owl,10696134,2077762,12773896
approximated_20db865a-c7b5-48e7-843a-40d33fd5279e__con_leche.rdf_functional.owl,13227456,3791263,17018719
approximated_kb-owl-syntax-coreference-IDs-disjointness-constant-classes-relation-axioms-value-classes.ofn_functional.owl,1265576571,2161973451,3427550022
approximated_c5b42d4b-52ee-4972-822e-33efe70cac64_Extraction.owl_functional.owl,80586823,159476653,240063476
approximated_1ff32aa8-b9ca-448b-93af-3c76bcf05041_e42_athome.rdf_functional.owl,12201650,3121071,15322721
approximated_0ce5ce5c-9d1f-4f93-a250-29771292b116_Pilot_valve.rdf_functional.owl,12515388,3922862,16438250
approximated_506d9c49-36f2-4304-b5af-02eac128574e_Fontina.ttl_functional.owl,16194908,3655693,19850601
approximated_e63a6b29-3366-4131-a9f3-17987cbe1779_IL4.owl_functional.owl,57051327,9694850,66746177
approximated_644add67-49e7-437e-b730-27f44c9abaf9_rticle.rdf.owl_functional.owl,12638629,6931856,19570485
de5256f6-2648-4b13-b0a7-086d3fcc1b7f_Pizza.owl.rdfs_functional.owl,16417093,3493713,19910806
7f50ba2e-fc37-4eda-bc5b-6169f6e1f70b_us.owl_functional.owl,14273578,1739771,16013349
approximated_21e5ebea-c31a-47bd-aad9-480fd651b63a_e_allsorts.rdf_functional.owl,17596106,4164050,21760156
approximated_335e8795-71f1-40fa-9cda-162f7e7eeab1_Octopus.rdf_functional.owl,12317066,3642246,15959312
f578e9dc-b1b5-4451-b012-22945c759d9f_agenechrom.owl_functional.owl,1022247576,1848129804,2870377380
4f456a4a-5838-4b84-88ef-06ca6b2d06a1_ntiWordNet.owl_functional.owl,35054195,7670415,42724610
approximated_38dfbd9e-a58d-4b80-a851-41267ac60774_Vinegar.ttl_functional.owl,5165296,3652852,8818148
approximated_204ab6eb-9bb6-49dc-9a2b-bf0183ee7c12_Statistics.owl_functional.owl,131019833,216227054,347246887
approximated_bf542813-a956-4103-a441-8b9933dd7913_opCapacity.owl_functional.owl,135169870,207218617,342388487
approximated_536dc0d1-daff-4a96-b6f7-3a0e39289020_function2.owl_functional.owl,21380093,2778744,24158837
approximated_684b2a6f-42ef-4d3e-96d2-686e9050a34f_NIFMolecule.owl_functional.owl,889421774,1678138062,2567559836
approximated_3df525c6-a2f5-4076-913f-f8cccfeef30c_Medical.owl_functional.owl,17839338,10563137,28402475
approximated_b58eb1dc-cd37-4748-acff-46439f694740_Guaiwei.ttl_functional.owl,14268216,7231921,21500137
approximated_33d2060e-a6e6-4075-b2cb-477196936018_ale_cheese.ttl_functional.owl,15837843,3703958,19541801
approximated_a9f10c38-a5ce-4897-b780-6f77207e4992_adw_owl2.owl_functional.owl,20614846,22072929,42687775
approximated_7e5d0f15-9831-4dab-a55a-938371725b68_ainability.owl_functional.owl,33235823,50688795,83924618
48386724-2e8f-4b68-a9f3-818b4acca7a6_rialentity.owl_functional.owl,16705377,7397731,24103108
approximated_519fab8c-9a25-40af-8c97-c8401cd053c7_Rubing.ttl_functional.owl,12326684,3739609,16066293
approximated_baf0db72-a34a-4bca-8872-dacc900e9b9d_sportSpace.owl_functional.owl,104948138,205997833,310945971
approximated_63aa4005-7184-4b65-a640-057493243650_cteristics.owl_functional.owl,12973785,6383361,19357146
approximated_mfoem.emotion-ontology.23.owl.xml_functional.owl,43041218,54289082,97330300
a4f5ed6c-53cd-47d9-9f61-78332773e595__Ontology.rdfs_functional.owl,16955939,7004094,23960033
approximated_40303b7f-b449-423f-843a-548fa7b3145a_po_temporal_functional.owl,19250712,14982097,34232809
138c1f9b-5a8a-4020-87dd-e8647cb24b39_s.obo.PREVIOUS_functional.owl,48029897,114447012,162476909
approximated_opb.ontology-of-physics-for-biology.7.owl.xml_functional.owl,25066598,38517690,63584288
approximated_6188dc1b-5fda-4e60-a061-ef397532bcd7_logy.0.1.1.owl_functional.owl,14793179,2897114,17690293
approximated_01ab705e-f4a1-4ff0-a34d-837dbd744e6b_sTransport.owl_functional.owl,68775415,120829954,189605369
444a3020-7ef8-4893-aa7f-d555311a37bb_ysfunction.owl_functional.owl,19097273,17186869,36284142
approximated_f21ef14b-ada9-4202-9af5-102004ecc3f1_mbPurchase.owl_functional.owl,19651975,5343667,24995642
approximated_c5d58610-5a8f-44d3-92f9-c3e9790205c4_elontology.owl_functional.owl,19790302,13265863,33056165
bb9610d8-1a2c-42f7-8a32-b713e0a0cc31_NIFQuality.owl_functional.owl,14892520,6508614,21401134
approximated_e9395a8b-50a5-4f78-bbc3-ec8a82c12c06_AMcalculus.owl_functional.owl,120979583,23273191,144252774
approximated_7b063ade-2bbb-4c8e-ab9b-60d8470770bd_rface_lure.ttl_functional.owl,14986495,6109450,21095945
approximated_00571.owl_functional.owl,33773548,67522738,101296286
approximated_02c54730-a992-48b5-8ff2-94b4fd63c4b6_units.owl_functional.owl,13556870,1621910,15178780
approximated_4c49876f-8bff-478e-a217-cf5286b1115b_Party.ttl_functional.owl,17247369,3632783,20880152
approximated_00774.owl_functional.owl,23716955,21030462,44747417
2b7cd7ea-4812-4e04-8013-b2acfca71ec0__component.owl_functional.owl,47455702,16355623,63811325
approximated_15fb8553-0e3c-4638-8556-0aac74bc73a7_amel_sauce.rdf_functional.owl,18430168,3754319,22184487
approximated_849349d9-9bfa-45a3-b49b-58dccdffddb1_irit_level.ttl_functional.owl,15027088,3631154,18658242
approximated_10b07f6b-c0f7-4d90-b757-64044d99aac5_Geospatial.owl_functional.owl,146143708,218271049,364414757
approximated_9a4f7095-d66d-4dde-b635-12cf11476381_onto.rdf_functional.owl,17129768,7879214,25008982
approximated_d46a5d0b-7543-4256-ba9e-f2f95df797ca_provo_functional.owl,15420764,5855716,21276480
approximated_f02015e6-617b-40ec-b9ef-d95795076a52_ignpattern.owl_functional.owl,15067314,7136574,22203888
approximated_876b6bff-b0cc-4aed-98e4-6fe9f6e5c9b9_olia.owl_functional.owl,25945641,47453800,73399441
approximated_dd83085c-e035-41d3-90c7-bbbb37f51d1e_hostomulid.rdf_functional.owl,13759765,4708860,18468625
approximated_4296f4c5-a25e-424f-9def-830c268296b0_swrc.owl_functional.owl,11624234,5508509,17132743
4a1cf58d-791a-41e6-9732-ea8dbc57b2d5_tologyV1.0.rdf_functional.owl,14469727,3147204,17616931
approximated_099373f7-8afb-4259-adc4-3296d9d6c1e9_c_20090509.rdf_functional.owl,15844794,12707369,28552163
approximated_kb-owl-syntax-unraveled-depth-3-disjointness-triggers-constant-classes-value-nominals.ofn_functional.owl,690613747,1432551393,2123165140
approximated_kb-owl-syntax-unraveled-depth-3-cardinalities-constant-classes-value-nominals.ofn_functional.owl,396522262,964360640,1360882902
approximated_100f1df0-fcd1-45d8-bf89-6ff2a0015319_Apple_II.rdf_functional.owl,24796170,4474819,29270989
approximated_3993806e-7dc4-4d12-aafb-72396e0190d1_Ink_Pen.ttl_functional.owl,34020397,3939986,37960383
approximated_004e183d-265d-4a71-bb70-c4ed701de9d3_age_cheese.ttl_functional.owl,12178709,3790790,15969499
approximated_24ca5dd8-e2fe-4eec-97f6-c4ac6b966d17_escription.owl_functional.owl,17802619,5448623,23251242
kb-owl-syntax-unraveled-depth-1-constant-classes-value-classes.ofn_functional.owl,938009423,914470944,1852480367
approximated_0878990b-ea15-4060-b14e-90673fe46f9f__furniture.ttl_functional.owl,74888460,4250440,79138900
approximated_kb-owl-syntax-unraveled-depth-3-cardinalities-constant-classes-relation-axioms-value-classes.ofn_functional.owl,500213319,1023468664,1523681983
approximated_80ee9cb0-a198-4eaa-b028-224fa1acd086_OceanFloor.owl_functional.owl,147703182,236595282,384298464
33942e5b-6cd1-425e-bcdb-6ac1b39d8144_vhogsimple.owl_functional.owl,53392801,95362640,148755441
approximated_ca2c6c28-0eba-4e46-a637-3aed8ccbd916_esg.owl_functional.owl,70661906,21792962,92454868
edda.edda-study-design-terminology.3.owl.xml_functional.owl,9475830,7848204,17324034
approximated_0daf3685-0874-4ed6-93e2-ffad64f1390c_pulsbasic.owl_functional.owl,15351865,1468785,16820650
approximated_kb-owl-syntax-unraveled-depth-2-km-relevant-cardinalities-disjointness-constant-classes-relation-axioms-value-classes.ofn_functional.owl,744779555,1618525538,2363305093
53943919-e0eb-460d-a255-f135fc0a9bac_sumo.owl_functional.owl,76517664,39829588,116347252
approximated_kb-owl-syntax-unraveled-depth-1-km-relevant-cardinalities-disjointness-constant-classes-relation-axioms-value-classes.ofn_functional.owl,768827436,1693810829,2462638265
approximated_53877d9f-afdd-42b7-8b15-79cb304c5224_0714_5_0_1.owl_functional.owl,33094098,20842744,53936842
approximated_6d76e454-93dc-4401-b75f-1a052808ea94_C48CZW556.rdf_functional.owl,11714727,3791465,15506192
approximated_a0cf0767-ff28-4bcd-8e77-7743df75b7ee_Silica_gel.ttl_functional.owl,10420756,3725476,14146232
approximated_ec69d911-b0eb-43e8-bf57-4ccc8befa2c0_Downrigger.ttl_functional.owl,18155570,3808189,21963759
approximated_kb-owl-syntax-unraveled-depth-2-cardinalities-disjointness-triggers-constant-classes-relation-axioms-value-nominals.ofn_functional.owl,747577963,1590125743,2337703706
1dd81ef3-1e3e-4b2f-9bd0-230123497968_atOntology.owl_functional.owl,69989947,7425571,77415518
approximated_kb-owl-syntax-coreference-IDs-cardinalities-disjointness-triggers-constant-classes-value-nominals.ofn_functional.owl,916288315,2307533481,3223821796
approximated_f9fd9d2f-6b64-4ec5-aa71-5a73e103c89d_Orographic.owl_functional.owl,143375587,210399377,353774964
47ee6b36-5089-4312-b61f-a59e7203f19b_emap.owl_functional.owl,396107670,850672589,1246780259
approximated_113dca92-2224-4262-9613-b8e597e277cb_o_wv_label.obo_functional.owl,780115477,1869303106,2649418583
approximated_043edf55-a9e6-4b12-9a95-e71da23c61df_moduli.owl_functional.owl,30539526,13976113,44515639
approximated_466fc3dc-e05b-41fe-bdad-a00a552d0e17_uberon.owl2_functional.owl,219471033,554872587,774343620
33017407-63e7-4bb4-bf80-7c856c110d43_aao.owl_functional.owl,34910488,39177055,74087543
approximated_2e153460-fefc-4bda-aa7e-68e75ba89455_COSMO.owl_functional.owl,504214137,830428198,1334642335
approximated_d5af2a7f-62a8-4ee3-899f-883187d6d817_owlrl_functional.owl,16617679,6971474,23589153
approximated_0f20f07b-0292-4761-a75f-b0b400bc1648_Zilog_Z8000.ttl_functional.owl,14875550,3664864,18540414
approximated_d24b9aee-7a14-48bb-bffe-5c512a0fc5d2_refactored.owl_functional.owl,303960673,814304545,1118265218
approximated_6e795f81-86a9-4d9c-bd74-08d237decdc9_POWER3.ttl_functional.owl,105044577,3885629,108930206
approximated_cc510868-13b0-4658-9cb6-99858c6997be_onto.rdf_functional.owl,25178569,6002263,31180832
approximated_25707b4d-aa33-4fcd-9a08-2e2d3ed8d074_tension_02.owl_functional.owl,287127638,79613294,366740932
approximated_9c9e1619-f863-4d2b-8579-150a632eb342_Brush.rdf_functional.owl,93508318,3950753,97459071
approximated_a14a100e-202f-4eb1-9539-b24a28b802fb_cl_import.owl_functional.owl,133699956,206619289,340319245
approximated_493b273e-8b90-4421-b47a-fa77bf73aee5_ekaw.owl_functional.owl,15132017,4777496,19909513
approximated_39b18d32-9767-4538-8dc6-decf5fefaad5_geol.owl_functional.owl,70910864,131229101,202139965
approximated_00a10182-d64c-41cc-8d5e-2abfa0aba7f3_vivocore1.1.owl_functional.owl,24198306,20418774,44617080
approximated_aa6dae8d-f1c6-4679-8c9f-c7419f73cab5_ectralBand.owl_functional.owl,140335882,245541069,385876951
approximated_02b9a9ad-625c-464c-bca9-319973ed04c5_POWER1.ttl_functional.owl,17209679,3668626,20878305
approximated_a44e7525-6080-4ae9-815a-65386aabc5fd_r_keyboard.ttl_functional.owl,13679828,3932477,17612305
approximated_1b25f96c-a3d1-4eb0-ad84-ed158c8a245c_relaClimate.owl_functional.owl,142770955,247129240,389900195
0e69a5da-5732-49b0-9988-c853faaa993b_Architect.owl_functional.owl,14294951,2018646,16313597
mcbcc.breast-tissue-cell-lines-ontology.2.owl.xml_functional.owl,129208847,190807329,320016176
approximated_00160.owl_functional.owl,20029755,15131160,35160915
approximated_573a083d-aab4-4873-aab1-3349e32264e7_ignpattern.owl_functional.owl,12318397,5606978,17925375
746f8f1d-429f-480e-8197-d9bd1798c48f_rinuschrom.owl_functional.owl,122198990,327039227,449238217
a977b317-9f48-4afd-b301-5a330c9ff0d3_ato.owl_functional.owl,256025299,626546275,882571574
approximated_116a0ebc-4bbe-45f1-a703-69273ceb9def_eolVolcano.owl_functional.owl,145571485,224694855,370266340
approximated_096a6d73-a68d-4f64-a081-390e0d180a57_onto.rdf_functional.owl,15989369,6224771,22214140
0dbdc7a2-b0c1-45db-ad1c-224ecd5e7223_calischrom.owl_functional.owl,62514013,141917254,204431267
approximated_8a766d90-030c-4c01-afa9-45edb05a0a7b_keywords.rdf_functional.owl,15548998,5307205,20856203
approximated_38cb2f0f-2c0d-4bcc-9f67-80d82467ec5d_ash_memory.rdf_functional.owl,12996618,4756429,17753047
56c24cc1-e236-462a-8c62-c8be749ea945_classified.obo_functional.owl,14745623,8996449,23742072
approximated_6586f334-b04d-4d08-887c-47de32b0b753_rch_engine.ttl_functional.owl,11927543,4471433,16398976
approximated_128974e2-440e-4b1e-a8ea-ac4176d426d2_escription.owl_functional.owl,14589267,8931289,23520556
approximated_00432.owl_functional.owl,21834981,19353735,41188716
49ee914e-c606-444b-a69b-a902f61eb079_mi.obo_functional.owl,40564941,68964171,109529112
00322.owl_functional.owl,62189489,40608580,102798069
approximated_03fcfe87-535e-49d7-aeb2-64553009ef30_Pipecutter.ttl_functional.owl,12719360,4549171,17268531
approximated_35451b41-c449-4b99-b50f-aa68b1165e80_log_device.ttl_functional.owl,19686930,5289778,24976708
approximated_e19bbe24-024d-4860-8f37-287e0c7d8659_multexteast.owl_functional.owl,23888949,17743010,41631959
4608aba9-a4c0-4f88-ad66-894e60f238a0_ciationsDO.obo_functional.owl,912732992,1708315958,2621048950
approximated_7736d1d3-442e-41ad-a9ea-32943a314c55_Bran.rdf_functional.owl,14554308,6496394,21050702
977732b1-9008-4d40-a7d9-6282d3e1b76e_College.owl_functional.owl,14566851,1751138,16317989
3576cf9a-d2dd-4a90-aff6-215c4311e6d5_cto_obo.owl_functional.owl,31167687,50038048,81205735
approximated_90370a36-7359-4e39-b583-900a1d915f60_ogms.owl_functional.owl,10626873,6148468,16775341
approximated_23437d86-4013-415a-bf10-e138784789c6_Beaverboard.ttl_functional.owl,11829825,3815896,15645721
approximated_37a21d68-cfdc-40ce-af06-12ec4818b59b_phys.owl_functional.owl,33619280,36242812,69862092
approximated_4c5e61ea-89dd-4f25-b248-413bc85e39b2_ualization.owl_functional.owl,20605377,11892540,32497917
approximated_1c377542-aa8f-49fe-99b0-9fcf388751fa_Intel_8088.rdf_functional.owl,12569048,4189018,16758066
approximated_0908a087-98f6-400b-928d-ae3e5e2bdf58_space.owl_functional.owl,11830243,7685147,19515390
approximated_db70a667-871f-47cc-aab0-6403c912e300_lTectonics.owl_functional.owl,94129579,164984027,259113606
approximated_4f4f7d58-1004-4cfc-a4b3-4c1cabadc6e8_trParticle.owl_functional.owl,134084096,209265864,343349960
approximated_dc50a9e5-91e0-4c35-926c-2464f4fd647c_mergedtbox.owl_functional.owl,20529820672,44921841633,65451662305
approximated_a20b43ba-8339-48d1-a774-cd78143727de_biolBiome.owl_functional.owl,162032587,145567515,307600102
approximated_faa95fb1-bdbd-4f60-b9cc-fda92c198986_PaulFisher.rdf_functional.owl,107865891,3140594,111006485
approximated_0cca6d94-f7da-4ff9-bd79-af90b4ede378_psimod.owl_functional.owl,63936022,167260366,231196388
approximated_08e73f13-cb78-4934-a787-4eae27ffb5d4_figuration.owl_functional.owl,298923018,252227982,551151000
approximated_c31d1262-91ce-4fb5-bb50-d98f8a8f8b18_MFOEM.owl_functional.owl,261382832,57158360,318541192
approximated_30e8c86d-6920-4f62-bf6a-782717e63cfc_Intel_8080.rdf_functional.owl,128565831,3789135,132354966
approximated_110b4e36-524e-4a42-802a-5d27ee3c9c4d_Power_pro.rdf_functional.owl,158838362,3773053,162611415
approximated_98645061-2659-4244-8a5a-66b0d5985e14_Protractor.ttl_functional.owl,98169615,4188786,102358401
08a4ecab-f8ce-4717-8f16-46c4a9ac8177_ontology_7.owl_functional.owl,57752557,2426231,60178788
26e09cd3-cd6f-4a16-ad24-5e69180c2727_XMLSchema_functional.owl,28842029,975262,29817291
7405c40c-0064-4b0f-b3d0-a42bfda329b7_oid_import.owl_functional.owl,9652233,9336518,18988751
approximated_07b826f9-ec22-40b7-b361-b407c9e9f70d_Piano.rdf_functional.owl,76484220,3817164,80301384
approximated_f0e8b200-cad8-4596-b6b0-094ef5ee54b7_cexamplegraph3_functional.owl,31681789,13168854,44850643
approximated_0316586c-f367-44d4-884d-2b9c8ccbdb6d_shing_line.ttl_functional.owl,108996525,3692021,112688546
approximated_496c48f8-a348-4e40-bdef-2ee8dfbf4de2_onto.rdf_functional.owl,18838970,6347813,25186783
f21e9602-33e8-4a5c-994a-281586702c06_goryFoafPerson_functional.owl,84233129,1520881,85754010
approximated_2b6ae08e-08a7-4312-ba9a-6b7b8325152b_cle_saddle.rdf_functional.owl,13169880,3827776,16997656
approximated_2c23ab60-cad2-4cab-a7d7-e5b591581d1f_opl.obo_functional.owl,16653432,22100069,38753501
approximated_1cbab943-e664-4e18-9df4-dc9dc389c81c_Design.v11.owl_functional.owl,93172995,7870261,101043256
approximated_kb-owl-syntax-unraveled-depth-0-disjointness-triggers-constant-classes-value-classes.ofn_functional.owl,777456436,915619572,1693076008
approximated_00354.owl_functional.owl,244810121,348872361,593682482
approximated_61e9a5b0-b500-4a0d-8fb4-854831823f05_onto.rdf_functional.owl,110141745,5588453,115730198
approximated_602f5b45-de34-49ab-b1af-fc1855c2a767_dMesoscale.owl_functional.owl,213834672,245926648,459761320
approximated_d7c83a27-e668-4b04-b43f-d90cd71d48bd_Roles.owl_functional.owl,20948489,18357398,39305887
approximated_00011.owl_functional.owl,12509767,5016034,17525801
approximated_kb-owl-syntax-unraveled-depth-4-disjointness-constant-classes-relation-axioms-value-nominals.ofn_functional.owl,726637857,1402738762,2129376619
approximated_54e23156-4e21-4cf7-a4eb-2a4124921a60_idomal.owl_functional.owl,77793670,170895386,248689056
approximated_7e83d5a2-59d8-426f-aeca-4c6f04cb8cb0_leChemical.owl_functional.owl,139510439,217228755,356739194
approximated_f5eb84e4-cfc1-472c-b327-4a89f39cb113_erenceList.owl_functional.owl,109982891,18581672,128564563
approximated_8975f171-02cf-44b5-8c2f-84e78086f550_Pickaxe.ttl_functional.owl,17245273,3713843,20959116
be045516-b3d0-43f4-b1d7-2c3b13144003_classified.owl_functional.owl,197357186,256586821,453944007
approximated_00418.owl_functional.owl,24119310,20989316,45108626
approximated_00581.owl_functional.owl,14506989,15512662,30019651
approximated_47e8bfb9-783f-4d50-8d0d-26d89fdfa598_phenHelio.owl_functional.owl,140137460,247197202,387334662
approximated_b2cd94ea-1119-4fff-b999-893be5729043_FN1.51.owl_functional.owl,28339360,8258849,36598209
approximated_93e22a28-ca3c-44ca-9fe0-58c351dcc1e2_Catupiry.ttl_functional.owl,13279331,3641021,16920352
9328de92-8293-4c0e-8ed0-18f015c3f483_ehdaa.owl_functional.owl,74591952,128924416,203516368
approximated_00518.owl_functional.owl,402244133,975859992,1378104125
approximated_3cee4187-def7-4dcc-ac3e-fa3d936e8408_Weisswurst.ttl_functional.owl,15235235,3805524,19040759
approximated_596e23b8-e7b9-4d0a-8470-0316f73400a8_bfo.owl_functional.owl,11616256,5021252,16637508
55084403-f6c4-4ae7-8c52-8437c4efe1e5_mpath.obo_functional.owl,29777704,45103018,74880722
approximated_2d2f81fe-c4e7-490b-99fb-5a58c08dcd5f__extractor.rdf_functional.owl,13535558,4116267,17651825
07a17151-c37f-4e93-9e65-2c459e27183c_EBI_import.owl_functional.owl,23654047,33932288,57586335
approximated_070eff26-58bb-4d96-b3a3-239328e15c35_Lawn_mower.rdf_functional.owl,13638656,3658809,17297465
approximated_15fce30e-84ad-4320-8af2-9e5727207e4c_cwr.owl_functional.owl,26822110,49708522,76530632
approximated_ee8debfa-c011-4e68-9050-2165bfcb9a57_dyLanguage.owl_functional.owl,45223348,11384643,56607991
8f114275-4ca5-4f4f-8d63-bd2bd407047b_tatypeProperty_functional.owl,9648452,1085292,10733744
46d1c7be-8a45-405f-a480-c0f161cbdccc_nt.obo.CURRENT_functional.owl,246305974,349050811,595356785
approximated_296f64cd-01e3-41d2-b947-2d7bacaaefaa_g_aircraft.rdf_functional.owl,10138029,4053326,14191355
approximated_56ae7006-150f-4f6a-947f-ac678064a866_anauniprot.owl_functional.owl,1102653038,2357442766,3460095804
approximated_1b2fbb05-42b1-4f57-93d8-417958fd80e6_peedmaster.rdf_functional.owl,16520533,3854230,20374763
approximated_8ced8d1e-d1df-489b-afba-faa10900bfea_nal_pliers.rdf_functional.owl,16035353,3828321,19863674
approximated_55b97a2e-b256-4ca2-a348-f7eca21eb05d_osscut_saw.rdf_functional.owl,12973038,3741854,16714892
approximated_91b642b2-5eb8-430f-9881-62b8e20addd8_e_withonto.rdf_functional.owl,15976580,5034760,21011340
02544518-4782-4794-93b8-2b7556fbdab3_agrovoc.owl_functional.owl,379548918,896307393,1275856311
approximated_9617adf3-3b67-46f4-a552-310c362a7450_quality_1.owl_functional.owl,56897949,133882775,190780724
approximated_fbe45489-fdb8-4e39-8e37-c91436798253_DP1.24.owl_functional.owl,22647532,3471213,26118745
approximated_b07eb8c5-ae7a-4efb-832a-3d73207d66c9_PA7100LC.rdf_functional.owl,9908156,3695262,13603418
approximated_765fa323-1bba-4428-903a-b02834a8e1f8_compute.owl_functional.owl,13169167,8485164,21654331
529361b8-e0f3-4d84-bc80-46e2b56e6dec_ionEpisode.owl_functional.owl,22267590,3154089,25421679
0c7d7cbb-fa47-4131-8242-7f3523bbb873_russiaB.rdf_functional.owl,18020403,8624168,26644571
approximated_b29f8772-0725-4a20-b2c0-bb2384fe833a_onto.rdf_functional.owl,12027924,5248825,17276749
approximated_0b03b4dc-1181-4086-94f4-63cf1d303d8c_oloss_vs03.owl_functional.owl,93516862,18134491,111651353
approximated_02884bc2-c73f-48a0-804a-aed90c3989fb_OTN.owl_functional.owl,21793171,84120647,105913818
approximated_4d4f0ee4-8d85-4025-9dff-3e7142a36408_rMathGraph.owl_functional.owl,145073672,211217093,356290765
84a6151b-ed69-4db7-b4f8-e2955418c50f_vhog.obo_functional.owl,49774414,87326630,137101044
approximated_f138250e-bab0-478e-92fc-55b7c3622929_realmSoil.owl_functional.owl,133760207,226201562,359961769
approximated_kb-owl-syntax-unraveled-depth-3-km-relevant-cardinalities-disjointness.ofn_functional.owl,615645961,1381318773,1996964734
approximated_303841c7-fd68-433d-a78b-d438290b5579_Canoe.ttl_functional.owl,18561888,3993542,22555430
066a6af7-677d-4204-9839-23a6730c2d35_nt.obo.CURRENT_functional.owl,18980754,19918632,38899386
approximated_1035876c-209d-4567-ab91-dc99e89c6b17_russia1.owl_functional.owl,25714217,12588038,38302255
approximated_08546f85-4736-41b6-8bae-d94db7607e19_controller.rdf_functional.owl,15074024,3720779,18794803
approximated_f9655415-2e28-4218-bc17-9d14d0b57a7a_onto.rdf_functional.owl,10531786,5038305,15570091
1b45125c-0cc2-4964-99f4-846ae2ccf529_seontology.owl_functional.owl,511119428,1063324759,1574444187
approximated_HP.owl_functional.owl,325311108,80739255,406050363
approximated_1bb9860d-1c07-4192-8d14-16f5ab4b14e6_mirador.owl_functional.owl,83132427,27282523,110414950
approximated_93bafcd3-d025-4ecf-ac2e-24bc3b60e4dd_y_version3.owl_functional.owl,12501791,8058843,20560634
approximated_9ab09734-015e-49fb-9055-10aea827e1d2_a_20110131.owl_functional.owl,77165363,12509021,89674384
approximated_01648f49-5e2f-4439-abfa-4bdf96aa7226_vivocore0.9.owl_functional.owl,18735178,20395965,39131143
approximated_kb-owl-syntax-coreference-IDs-cardinalities-disjointness-triggers-constant-classes-value-classes.ofn_functional.owl,995301049,2260553498,3255854547
approximated_e7d61208-c9b9-4fdb-8e37-f8c860d428da_matrIon.owl_functional.owl,126373930,210554563,336928493
approximated_63986ee0-477f-43d6-9e44-68245eb27b84_lodging.owl_functional.owl,20740453,28604382,49344835
approximated_cffe0105-4b11-4ed0-a673-4d7df0a0920f_mart.owl_functional.owl,16212718,1329751,17542469
8af64517-750b-42ca-9a35-ec353e18d9c2_component.owl2_functional.owl,47786184,16868998,64655182
approximated_21a4b9a7-17d1-494c-89a9-ad2f4556bd06_Rotary_tool.rdf_functional.owl,9146782,3933830,13080612
approximated_a1cffc91-b17c-49a5-878e-d7a6437b5889_Menu.ttl_functional.owl,12048225,4151927,16200152
approximated_519b949e-5a07-49f8-94f9-9126289c31ff_drelations.owl_functional.owl,18798923,3580589,22379512
approximated_0463eaf7-2cf5-4049-9049-5333f9ff38f8_rnao.owl2_functional.owl,35577280,62569032,98146312
approximated_03d68be9-cd6d-4074-a5e5-8f95620e65a8_lass_514en.owl_functional.owl,2519851983,5211905112,7731757095
approximated_5c74de05-1e9f-40d7-ba09-aaf571d49158_Conference.owl_functional.owl,22989061,9098231,32087292
approximated_19ec4aa2-c849-4d29-911a-981d4f89ecd3_lir.owl_functional.owl,17400254,4769514,22169768
approximated_9fba6438-b95e-454c-b78e-b32ab7d27e52_sequence.owl_functional.owl,58014153,111672013,169686166
approximated_7a7c9d4b-c5dd-4124-b03a-45c074eeea71_cusuniprot.owl_functional.owl,369574211,602128797,971703008
approximated_2cfc1856-e333-4421-805f-823eea136c88_Screw_pump.ttl_functional.owl,13025732,3746233,16771965
approximated_75218572-4f9c-4568-a014-b15d5884f9ee_xial_cable.rdf_functional.owl,14896655,3767923,18664578
approximated_6ca24802-be8f-408b-b9e7-a7419da1fefb_atic_lathe.ttl_functional.owl,14069484,3689778,17759262
approximated_a616f2e3-1cbd-4113-98f6-31b6723626be_lexicon.owl_functional.owl,22107624,12112472,34220096
approximated_00772.owl_functional.owl,20217330,27190221,47407551
approximated_222447f8-8854-45b1-a1f2-6617a1327c8e_Wine.rdf_functional.owl,14682920,3764558,18447478
approximated_0a8a1183-826f-4a1e-9ff1-d6d063f69f2d_Parameters.owl_functional.owl,20149846,7620364,27770210
approximated_503bc0e0-f08f-450b-9d7c-503ef68bcbca_eReduction.owl_functional.owl,136712624,248344533,385057157
approximated_3bf8d938-17fa-4ea2-b9c9-65b95f2d89e0_Brioche.rdf_functional.owl,13670375,3719985,17390360
approximated_5cc5949a-36d4-40e8-813e-eec7de657337_atmoFog.owl_functional.owl,115978785,205131311,321110096
approximated_kb-owl-syntax-unraveled-depth-2-km-relevant-cardinalities-triggers-constant-classes-value-nominals.ofn_functional.owl,999397176,981843298,1981240474
approximated_01caf241-5309-4838-bc06-9dcaedf819c6_color.owl_functional.owl,18717497,7164944,25882441
approximated_e9ad8377-c482-47cc-8ffd-cef2bb4c87fd_lmf.owl_functional.owl,12182770,4860648,17043418
approximated_138b2109-e6d5-4603-a9e9-4a0c097c4303_ontology_functional.owl,15622813,6292958,21915771
7ce486d2-8ae0-4dd8-8158-9fd7b8ed2ff4_anio_rerio.obo_functional.owl,368903884,562403991,931307875
approximated_90f8d33e-1fc9-4ddc-ab12-5db9dc9b02fb_dul2.owl_functional.owl,19722132,12059756,31781888
approximated_13444b01-4437-4ec1-b8b2-d472ffc5925f_Buxton_Blue.rdf_functional.owl,23909314,6298825,30208139
approximated_41145a6e-7e54-4ee9-9bec-45d9f85925d3_IPDLite.owl_functional.owl,21627791,34348809,55976600
approximated_bec8ba04-a64b-47f0-9923-f676ef722bba_Earthquake.owl_functional.owl,75487208,133466288,208953496
approximated_0e50c472-3ba6-4093-bb63-59dd343df7a6_lby_cheese.rdf_functional.owl,12406974,3893538,16300512
approximated_kb-owl-syntax-coreference-IDs-cardinalities-disjointness-triggers-constant-classes-relation-axioms-value-nominals.ofn_functional.owl,911534760,2353400272,3264935032
approximated_ddi.ontology-for-drug-discovery-investigations.2.owl.xml_functional.owl,16816245,11389999,28206244
approximated_d883ecb9-ba99-4f35-9ccc-1d4de800a273_laPhysical.owl_functional.owl,137250289,247508601,384758890
approximated_67407ddc-f8c6-4cb7-ab60-d4b9d29658a5_onto.rdf_functional.owl,12391979,6888429,19280408
approximated_3b2b4da9-5b79-4a15-af1a-b94c1b32a46c_eSituation.owl_functional.owl,15071966,3518123,18590089
15d7f247-fa08-4fcb-a571-0709c41e082c_cerifrdf.rdf_functional.owl,16191617,2289743,18481360
approximated_5f250583-6087-46d1-958e-72cca18f25ae_Ruler.rdf_functional.owl,14337529,3989042,18326571
approximated_0a4a3755-762e-4ba5-a193-35c2851364bc_dsolutions.owl_functional.owl,11873712,5796937,17670649
00376.owl_functional.owl,52952095,19470461,72422556
approximated_2c2f32b9-0d2d-4f06-8caf-eff94b4c718b__breakfast.ttl_functional.owl,17237431,3692036,20929467
approximated_00496.owl_functional.owl,279613534,671750693,951364227
approximated_a3fef08f-c3f9-4295-bc88-5f3418dd97d5_tionAction.owl_functional.owl,20531230,10903376,31434606
approximated_00595.owl_functional.owl,56851116,133655175,190506291
approximated_542f2be8-19e6-4c49-97b0-f4965c14b075_edncbi.owl.obo_functional.owl,5592090302,12216411033,17808501335
872c4f0f-eb27-4bdf-9312-f8b816cbddf2_Wrestler.owl_functional.owl,16219792,2431387,18651179
approximated_13b9f212-b58f-4ae7-8db6-77ebe37852b5_testDL1.owl_functional.owl,15181471,3133910,18315381
approximated_4244f04d-abc4-4217-a630-cd25d7b66717_pmltrust.owl_functional.owl,13639791,5391985,19031776
fabe37dd-2308-4f1a-84e5-7bfc4136487b_onto.rdf_functional.owl,14651212,3290007,17941219
approximated_ee522205-61f3-44de-bf09-9a586364489f_Statistics.owl_functional.owl,135111505,212373958,347485463
approximated_776423b6-180a-4fb1-92c6-8b91a821a584_tateChange.owl_functional.owl,139099111,213060487,352159598
60eb0c31-1147-4e62-82ef-67deb34e14d5_Ship.owl_functional.owl,25651704,3564154,29215858
approximated_04347b34-b265-40bd-9bdf-74a28f6bb9d7_onto.rdf_functional.owl,16371284,7877357,24248641
approximated_f30b49b6-b2ac-4174-82a5-04cf886d1017_CoAXAction.owl_functional.owl,18529963,10682277,29212240
approximated_9a095aaf-d313-449f-8985-c023597698c6_Band_knife.ttl_functional.owl,10225254,4130658,14355912
approximated_7797f672-5aff-45a4-a413-7ab57b75de60_onto.rdf_functional.owl,18423690,4653233,23076923
63c11dda-e6d7-4e4f-a243-a8a5892ba5cb_imeContent.owl_functional.owl,18460800,17263469,35724269
approximated_b7557180-cfe0-4cda-84b6-ec7126208cf7_astroBody.owl_functional.owl,47423300,52160776,99584076
approximated_9be99199-b72e-41ce-93f9-05536f42d179_lRelations.owl_functional.owl,14777394,6944660,21722054
252d6584-a59f-4ea5-9258-6375c5c82a4f_classified.obo_functional.owl,65818400,90392874,156211274
4f0d4aa2-52cb-4c6d-b370-1e57d32ee05b_ubcellular.owl_functional.owl,28883013,18538062,47421075
approximated_8311f67e-40d4-4146-8fbf-89fdd92d7392_kernel.owl_functional.owl,10209577,6386618,16596195
approximated_00045.owl_functional.owl,2649606863,7383060922,10032667785
approximated_14eba30d-efd7-44b1-b934-0b2e66d460ff_onto.rdf_functional.owl,17155343,9095891,26251234
da7d9873-4a1c-4be5-bab2-1e9975bc54c4_image.obo_functional.owl,20539108,26069014,46608122
approximated_1979e64f-1431-469d-9a2d-ae6500efdf16_l220050505.owl_functional.owl,12488518,4941758,17430276
bb473900-e306-4fae-9345-a4fab552f8ec_xstimulus.owl_functional.owl,36671111,9336489,46007600
approximated_f0112871-255c-41a0-8e8e-61c8fe4ae1e0_cmmi.owl_functional.owl,27665205,33794699,61459904
approximated_2f673f57-a1c1-41e6-a471-6723d54dbb11_ethernet.owl_functional.owl,15687344,9794174,25481518
approximated_bd4435b4-23c5-4087-8a35-9cb29fe91b5c_enotype_xp.owl_functional.owl,351635222,810539008,1162174230
approximated_cff0d4ea-7bd0-48ef-9218-09552fc3bc09_confious.owl_functional.owl,18009386,8521876,26531262
approximated_12034599-06d7-45ff-ba6c-5cdd30b0eff5_matrWater.owl_functional.owl,128895386,209796966,338692352
approximated_8483d657-6932-4d42-8980-3b7eb996c17c_ngineering.owl_functional.owl,14409398,8423511,22832909
approximated_kb-owl-syntax-coreference-IDs-constant-classes-relation-axioms-value-classes.ofn_functional.owl,665394461,1672944940,2338339401
approximated_c091c87f-eeab-423c-9f15-826ff321d0c4_rStandards.owl_functional.owl,187338649,169998444,357337093
approximated_c3814cdd-6edc-4cc9-946e-8977287543a3_classified.owl_functional.owl,3962726637,6962934907,10925661544
approximated_44349f78-c3a8-4c00-be5d-c7978847bcdd_mplegraph1.owl_functional.owl,20786793,13072888,33859681
5d322c44-d394-49fb-87dc-80df2603824e_ossAnatomy.obo_functional.owl,70207161,113443772,183650933
approximated_00632.owl_functional.owl,53177615,110609545,163787160
approximated_0b488003-f634-4521-8c42-ccd9d573792b_tools2codo.owl_functional.owl,18931355,10216173,29147528
approximated_kb-owl-syntax-unraveled-depth-0-km-relevant-cardinalities-triggers-constant-classes-relation-axioms-value-nominals.ofn_functional.owl,152230734,375689946,527920680
approximated_0e1d688b-f9cf-49f4-b1d8-b57c947005fe_ogms.owl_functional.owl,16636977,5719437,22356414
approximated_274805ed-4303-406d-92da-b377ce01a49e_portal.owl_functional.owl,23271710,15314363,38586073
approximated_19d42047-260f-4ffe-b14a-4819fbe7ae2b_Fruit_sours.ttl_functional.owl,15097448,3765719,18863167
approximated_1474bd80-c387-4f8a-894e-9cac2eee598f_quanEnergy.owl_functional.owl,144299656,202640116,346939772
approximated_09e4d36f-71f8-4513-91b1-ca7c68e8ce20_MP.ttl_functional.owl,10685340,4272381,14957721
approximated_91b26f56-2dbe-487a-b8c8-120db9fa6be7_S.owl.PREVIOUS_functional.owl,13296242,6727056,20023298
approximated_4765dbe8-f4ca-46f9-a5c0-c2722b94f992__horseback.ttl_functional.owl,16829924,3914662,20744586
approximated_6019326c-e0eb-4dc1-87ec-95549e6b89f7_cinema.owl_functional.owl,16380298,3222925,19603223
353f96b3-1adc-446a-9dca-59f4af695e0a_2.0draftB.rdfs_functional.owl,18480372,4144851,22625223
approximated_19dbdea9-2446-4d7b-86ef-3acaa09be07b_Caciotta.ttl_functional.owl,6710674,3840139,10550813
lsm.leukocyte-surface-marker-ontology.2.owl.xml_functional.owl,14901714,22707802,37609516
e4d5ac24-4584-4e60-be20-3c4b99276bfb_condition_3.owl_functional.owl,134372191,314180012,448552203
5143a69d-d2dc-4a95-a6d0-2c805df2e25f_rex.obo_functional.owl,26442897,36441057,62883954
4b3ed145-1887-44b3-950c-d218ef9766b1_ballLeague.owl_functional.owl,14731779,860730,15592509
approximated_kb-owl-syntax-unraveled-depth-1-km-relevant-cardinalities-constant-classes-relation-axioms-value-classes.ofn_functional.owl,454379450,1120152237,1574531687
5b9e6788-5891-46ce-bba0-e4be057b6056_KategorieFrauen_functional.owl,16209025,913581,17122606
approximated_8761d58a-48e7-4028-af68-d57f7712c58e_dering_mat.rdf_functional.owl,12869564,3902894,16772458
approximated_13b9fc1c-46bb-48c5-b2a0-328425d80d64_sfactoring.owl_functional.owl,35917841,37350879,73268720
approximated_3b446a97-21dd-4ad7-afac-d5af3fa04a02_ess_planer.ttl_functional.owl,15843470,4519632,20363102
approximated_ba52090a-5638-4149-9cf3-cba164b112ad_realmHydro.owl_functional.owl,133949143,246577704,380526847
approximated_76f00b48-f18f-429f-a39c-10ae18c74be7_ile_cutter.ttl_functional.owl,15053965,3668732,18722697
d26bd990-a93b-46c6-83e6-5c2e962eb8d0_onto.rdf_functional.owl,18234543,1759616,19994159
43c7707e-12b7-4146-bbcd-f38f68be7413_asterensfm.owl_functional.owl,408920362,953795316,1362715678
approximated_3851bd3b-395e-4185-9239-e7a937f8d9c2_nt_Example.owl_functional.owl,52719395,51654683,104374078
approximated_4a32ee05-e47b-49d9-8bf8-4e71b31fd8fc_ter.rdfxml.owl_functional.owl,13638067,1806514,15444581
approximated_054da44d-05a5-47df-96d5-c2a790336530_ely_Laddie.ttl_functional.owl,13193487,3685643,16879130
approximated_00a47ea4-c236-4894-b8fb-a15d3d66c110_onto.rdf_functional.owl,12041678,5054772,17096450
approximated_2590b73c-b213-49ea-b4a5-568c56dd8c40_ogcgml.owl_functional.owl,21292890,15238213,36531103
approximated_9105a6d2-c721-4ef5-a34c-5ca8f03bc922_PaulFisher.rdf_functional.owl,19079701,2985293,22064994
approximated_77295fd8-86d0-4b78-82b9-d10b9d195372_Curry.ttl_functional.owl,10465348,4012299,14477647
approximated_65fb8e39-1937-4032-96b1-38af872c0180_st_anatomy.owl_functional.owl,111978747,247507689,359486436
approximated_578ce73e-0e6b-42d3-9cac-60c59da4be1e_Majorero.rdf_functional.owl,11796416,3964687,15761103
approximated_b27c5c4f-9ce3-47c3-b9aa-fa771ffb220e_Film_character_functional.owl,15548160,1832341,17380501
approximated_00047.owl_functional.owl,1326241805,4106200472,5432442277
approximated_59dd76e6-4dd0-4d6f-8256-444592fd97c7_droSurface.owl_functional.owl,100410819,201700953,302111772
approximated_aba75de7-cd55-451a-99a2-bfb950a39314_cnumber1.0.owl_functional.owl,11627741,11459986,23087727
approximated_kb-owl-syntax-unraveled-depth-4-disjointness-triggers-constant-classes-value-nominals.ofn_functional.owl,627304274,1407285541,2034589815
approximated_66eb5ae6-182f-4b99-aa08-c1935e6aeb99_Miter_saw.ttl_functional.owl,14080065,3795385,17875450
5919d425-0843-405a-80cf-9b748367ed16_Company.owl_functional.owl,13243652,1151432,14395084
approximated_a53ceec4-fd15-4d0f-a260-bcbed7281c68_alMolecule.owl_functional.owl,129544305,210418251,339962556
approximated_18f27920-6042-4891-9c8f-e7d263c87580_Mussel.rdf_functional.owl,15389972,3873994,19263966
approximated_1cbb90bc-e57b-4916-a260-8978e53cb1c1_Opera_coat.rdf_functional.owl,18951377,4728009,23679386
approximated_dbffa01f-6b93-4f69-a11f-83415674a184_ydrocarbon.owl_functional.owl,41327873,53662867,94990740
approximated_a6d6d4f8-2f8c-4636-b2cf-a0ea8ccfc20d_realmHydro.owl_functional.owl,131944526,208322681,340267207
approximated_85e17570-bc26-4b1b-8920-279c876cea1c_crimeX.owl_functional.owl,44949318,12182861,57132179
approximated_0a4d9284-bfd3-49a0-963c-d72bb1e7e03d_pombetaxon.owl_functional.owl,206287299,390066521,596353820
approximated_4e485595-0d5f-44b8-96d3-d32a43f8d9d2_preonto.rdf_functional.owl,12140829,5412980,17553809
approximated_36b33984-883b-484e-bb5c-62d837d30748_Clarytone.rdf_functional.owl,13012714,3885967,16898681
approximated_51d8943b-8a22-4c88-b295-71b344dd6f54_kupocore.owl_functional.owl,35781719,65178229,100959948
approximated_113fd0a7-5e39-40b3-b528-67d2e8266765_ogen_valve.rdf_functional.owl,16401312,4031500,20432812
approximated_00172.owl_functional.owl,18131363,8787490,26918853
approximated_00516.owl_functional.owl,137354325,407407937,544762262
approximated_20e0c29f-94b4-4bc0-b817-e9a0ba2fa186_Calzone.ttl_functional.owl,12741906,3754545,16496451
fcae1e6c-a6b1-486a-a3cd-21a2ea6da147_map_dblp_dc.owl_functional.owl,9654649,2514030,12168679
approximated_aca8198b-c63e-41be-8853-15fa30d9194e_xdt_100707.owl_functional.owl,19982298,22041937,42024235
approximated_14ab93ee-c26b-4e17-a1c8-f040cedecee9_aksmetrics.owl_functional.owl,186520738,366208935,552729673
approximated_0fc6754b-76f6-4a52-889e-ca07a25625ca_yOntology.daml_functional.owl,10343288,5358641,15701929
ed22d62d-9dde-4806-98d5-dd6d88de1882_gyInferred.owl_functional.owl,21011786,17360601,38372387
approximated_0ecbfeef-942c-498a-8bf9-833628be844b_Otiepok.rdf_functional.owl,14946310,3914658,18860968
approximated_7a67f542-0051-4790-8e26-dcc46d1fc0cc_Ham.ttl_functional.owl,16636258,3788273,20424531
0a9b7b1f-dc5c-4cfd-805f-823372be8a47_ameNet_1.1.owl_functional.owl,130084912,29534059,159618971
approximated_6d0e037b-82b5-4c5a-a30a-cbe3577ff389_DUL_v314.owl_functional.owl,12947284,10565532,23512816
approximated_479a6fd1-e899-439a-81e6-a9360ce5eb11_logylatest.owl_functional.owl,29817996,27428123,57246119
4f54ac60-ae81-4aac-b7be-6b160b8d195d_e.obo.PREVIOUS_functional.owl,262312268,580430949,842743217
091b5a2b-42d5-4e62-ad9c-accc5776e016__april2007.rdf_functional.owl,11405958,2256462,13662420
approximated_00010.owl_functional.owl,17487713,5561762,23049475
978e1e23-6a72-4b07-8cc9-89431ce8be2c_Olympics.owl_functional.owl,16184563,1275542,17460105
approximated_14aba0f3-7984-49e8-ab31-d41065fb384c_g_material.rdf_functional.owl,18327406,3849495,22176901
approximated_1e2f9ebd-b4d1-46a3-85f6-5aa6a8c680a4_Mozzarella.ttl_functional.owl,12117297,3751154,15868451
85f1fd65-4670-4f9a-95e1-3b0775ed4b21_Broadcast.owl_functional.owl,21630405,2972567,24602972
approximated_67529893-729c-4cf5-b313-ee772ffd7354_onto.rdf_functional.owl,13436932,4692694,18129626
7ed08bb7-b14c-4e59-8b8e-2024b36ba5ce_Mammal.owl_functional.owl,17471953,2034884,19506837
approximated_42e03b51-565c-48c6-ade7-0cb9ec6940f1_leo.owl_functional.owl,18051179,12770486,30821665
approximated_c92c9cc1-e832-4fa8-bb2f-a331258b55b6_geCreation.owl_functional.owl,19905559,11370748,31276307
approximated_00682.owl_functional.owl,1927363326,4256889732,6184253058
approximated_00efc81a-ecfa-4739-88ad-59762f9ed0a6_mHydroBody.owl_functional.owl,497870008,257258032,755128040
approximated_17aafdbc-8aca-4606-9a6b-e94523c63557_le_knocker.ttl_functional.owl,78198099,3878502,82076601
approximated_55751131-2637-4001-a10f-6d4e19507415_7_1_v2.7.1.owl_functional.owl,23118692,25834839,48953531
approximated_00006.owl_functional.owl,37866316,66757528,104623844
approximated_0bf13ad7-85b3-4079-8473-86d619fde8a0__Lightning.ttl_functional.owl,13329249,3773398,17102647
approximated_b264d0dc-a8df-4e80-b9a1-65d93b475369_ton_cheese.rdf_functional.owl,12992448,3771929,16764377
approximated_kb-owl-syntax-coreference-IDs-km-relevant-cardinalities-disjointness-constant-classes-relation-axioms-value-nominals.ofn_functional.owl,881181294,2297145827,3178327121
approximated_ab712a6c-8a80-4f8f-a21a-37eaef96254b_panese_saw.rdf_functional.owl,16062449,3869088,19931537
3003eefc-3bfd-414c-bc79-456ac05dfa9e_piensensfm.obo_functional.owl,591922311,1343249112,1935171423
approximated_9cae58fe-ae19-477d-b350-edc7efc18575_anDecision.owl_functional.owl,20757103,24056054,44813157
6f6dfdb1-91f4-4a35-9ca9-ef5a94a5b97e_StatesCase.owl_functional.owl,10504039,1519626,12023665
approximated_09dbb690-d472-4b38-812a-739c495db0b6_Iced_coffee.rdf_functional.owl,17428972,3759212,21188184
approximated_kb-owl-syntax-unraveled-depth-4-cardinalities-disjointness-relation-axioms.ofn_functional.owl,614313767,1427679600,2041993367
approximated_32367017-2f77-46ea-b442-9b98e2a3b1dc_ngineering.rdf_functional.owl,13061372,3830580,16891952
13655759-185d-4841-b9db-c2667c8fdb2f_apienstype.owl_functional.owl,1085522241,3002834279,4088356520
approximated_d896d6a6-4573-42cb-96cc-a60bef226957_wine4.owl_functional.owl,36083531,12320372,48403903
approximated_9a1a2f35-e729-4bc2-a3d8-7fbbd79e1414_Mallet.rdf_functional.owl,17668377,4765549,22433926
approximated_61716368-257e-4def-9f74-7679f7ced234_C64.ttl_functional.owl,11739505,3759410,15498915
7d787d09-442b-4d79-b9cb-86a4e4a3feeb_Mountain.owl_functional.owl,19379929,2366559,21746488
0cc8d133-037d-4fbc-aa70-51f51bd77d1a_ballLeague.owl_functional.owl,14625457,973066,15598523
881a8842-6925-4543-b935-ac529b9fadf1_onedsmall.rdfs_functional.owl,17088294,21069875,38158169
approximated_1ab117f4-3903-4d12-bb7d-226f3f7fe640_envo.obo_functional.owl,56863796,117220299,174084095
approximated_b53ba45d-405b-4675-adb9-65f547f4b62a_Little_Cleo.ttl_functional.owl,17078914,3815521,20894435
approximated_af1c8a22-1255-4818-8ef1-8d7a6f471149_generic.owl_functional.owl,18528566,8253445,26782011
approximated_0985d1d6-ba45-4b8e-acef-d7ed1791a5e2_rStandards.owl_functional.owl,154200661,220432174,374632835
approximated_3041c8d7-f93a-4ae8-ba64-fcc1fdc38de8_Cereal_germ.rdf_functional.owl,17878368,3988737,21867105
b5bfd804-fe24-47e5-b42f-96326ea7b49d_Lighthouse.owl_functional.owl,14082030,1276831,15358861
approximated_1b39ed51-1fdf-462b-82bc-9982dc0d905a_realm.owl_functional.owl,135937495,245069408,381006903
approximated_aa330f3e-b09c-416b-b773-902984788e44_AstroHelio.owl_functional.owl,135138647,218194806,353333453
approximated_kb-owl-syntax-unraveled-depth-1-km-relevant-cardinalities-triggers-constant-classes-relation-axioms-value-classes.ofn_functional.owl,450949117,1174379268,1625328385
approximated_069e5b21-2024-4900-9304-e08bcec328f8_Lug_wrench.rdf_functional.owl,101965453,3837495,105802948
approximated_00776.owl_functional.owl,1299658877,185076731,1484735608
vhog.vertebrate-homologous-organ-group-ontology.11.owl.xml_functional.owl,50522607,86556661,137079268
approximated_49a3e243-dcc6-43b0-99a8-975e33b79dc0_mantics_v4.owl_functional.owl,28999363,22061281,51060644
approximated_kb-owl-syntax-unraveled-depth-2-cardinalities-disjointness-triggers-constant-classes-value-nominals.ofn_functional.owl,709991655,1597847146,2307838801
approximated_6c603c25-6e12-4da0-8c45-03497749532b_is_elegans.obo_functional.owl,4490208695,9490008324,13980217019
approximated_9ef62fce-b73a-465b-8a2b-28322c490557_lotico.owl_functional.owl,17337299,3472629,20809928
approximated_35792828-a7f8-4c81-a6fe-a27d3653630a_Haddock.rdf_functional.owl,14445527,3694021,18139548
approximated_4e34e89f-5699-4651-ae1f-6e6dcb88e6a3_Rickshaw.ttl_functional.owl,16171990,3795256,19967246
8d3d3260-da5e-4ec8-9749-4bc3cc8a3a09_wblssimple.obo_functional.owl,18008790,9348448,27357238
423b904f-2a57-40fd-8fa9-cd8082f5ff4f_classified.obo_functional.owl,28670602,64091938,92762540
approximated_3d05e926-7997-4727-b7bf-b5e3382ac14a_color.owl_functional.owl,22223551,7584599,29808150
approximated_708b7fd5-3c56-4817-a34a-8eb4635ccbfc_IAO.owl_functional.owl,18586407,5507659,24094066
approximated_02814d33-7e3a-4995-8b6a-c55757694cb5_ethernet.owl_functional.owl,15384405,9551061,24935466
approximated_15595460-8edf-4dc5-845e-b152b62aa72b_Marshmallow.rdf_functional.owl,10419216,3868972,14288188
approximated_19deea53-8a8c-48c0-9cde-99140ba1a5e2_tance_edit.owl_functional.owl,49509409,65826997,115336406
approximated_092bd666-d253-483d-8dbd-afffa0fff5fd_c_20090302.rdf_functional.owl,24108923,13231627,37340550
approximated_7ddf669c-e603-4418-b645-ce0e36454834_po_temporal.owl_functional.owl,16123381,14273198,30396579
approximated_rpo.resource-of-asian-primary-immunodeficiency-diseases-rapid-phenotype-ontology.2.owl.xml_functional.owl,56874836,84927239,141802075
approximated_56c89204-f4b8-49b4-977e-68e4c91df134_gicustaxon.owl_functional.owl,891828532,1627854657,2519683189
4d656633-2a50-494d-a263-4feb298442f7_siaeentrez.owl_functional.owl,213304881,144475958,357780839
approximated_biomodels.biomodels-ontology.3.owl.xml_functional.owl,11479600858,32593613135,44073213993
approximated_49ab726f-2ddd-4953-950e-6725dc66f7ba_d_Approach.owl_functional.owl,79268795,50992103,130260898
approximated_0ae48015-78ae-4559-a2e5-c162bc3a2cda_h_Blossoms.ttl_functional.owl,14353261,3702355,18055616
approximated_6ff2f385-6ad0-4c59-8bfd-a4a717033a0f_Cheese_bun.ttl_functional.owl,13431778,3924607,17356385
approximated_2b364f28-f930-4675-b5b9-2c4ad5866779_Turbofan.ttl_functional.owl,10462916,3757525,14220441
approximated_kb-owl-syntax-unraveled-depth-0-km-relevant-cardinalities-triggers-relation-axioms.ofn_functional.owl,138878606,350878370,489756976
approximated_kb-owl-syntax-unraveled-depth-0-disjointness-constant-classes-relation-axioms-value-classes.ofn_functional.owl,454174100,912114160,1366288260
approximated_07e09242-b9b5-4a27-a084-b51ce9d0cf9d_dtn.owl_functional.owl,22258637,8181533,30440170
approximated_285e070d-c32b-43ca-b559-f1ae54efb47f_nstruction.rdf_functional.owl,9793923,3674880,13468803
approximated_kb-owl-syntax-unraveled-depth-1-km-relevant-cardinalities-disjointness-triggers-constant-classes-relation-axioms-value-nominals.ofn_functional.owl,769385942,1611948624,2381334566
182bf0ef-c452-4abf-bcfe-48c152660330_Judge.owl_functional.owl,24571032,2074330,26645362
approximated_kb-owl-syntax-unraveled-depth-2-km-relevant-cardinalities-triggers.ofn_functional.owl,425341489,944274322,1369615811
approximated_b48d2984-5a96-4b38-bd42-672068cc1d12_estigation.owl_functional.owl,26435862,26156903,52592765
approximated_87672a54-dd8f-4c71-b0a5-41468836b65d__de_burduf.ttl_functional.owl,17845145,3671323,21516468
approximated_3fb661bd-d33f-4219-9923-59e82e7f6752_Shad.ttl_functional.owl,14219898,3947260,18167158
approximated_00033.owl_functional.owl,494355419,1216563724,1710919143
approximated_6ec2dd4c-b84d-41d0-9124-ddeb0afcc510_4_Examples.owl_functional.owl,24848025,22900741,47748766
approximated_52ba4714-bfea-4b78-924d-732e5c4af0f3_DUL_v319.owl_functional.owl,18137332,11849562,29986894
0ea7dca4-ef17-4c08-82c6-aef2a539b2f7_unit.obo_functional.owl,17816105,18531734,36347839
0ac0f77a-ec1d-460a-b067-63ba73944411_cogat_v0.3.owl_functional.owl,25880811,31416001,57296812
approximated_5409c9f9-3863-4226-8520-a2c6f742f14a_Testouri.rdf_functional.owl,11785091,3659647,15444738
approximated_bbda0473-d686-4f70-8702-ebc2453dcac6_lPetrology.owl_functional.owl,80162960,132340673,212503633
approximated_pr.protein-ontology.59.owl.xml_functional.owl,4497245253,10552296913,15049542166
0d643633-c889-49ae-b7d7-7e4b3bd1ff95_gold2009.owl_functional.owl,30894306,23893540,54787846
approximated_51bc9a36-6428-4a5e-b5af-34dbdda02099_Clutch.ttl_functional.owl,11373280,3666964,15040244
approximated_kb-owl-syntax-unraveled-depth-0-disjointness-triggers-constant-classes-relation-axioms-value-classes.ofn_functional.owl,433427919,940157794,1373585713
approximated_2759646e-c207-4f95-b78f-a679f7031f1b_latest.06.owl_functional.owl,1250525841,365610805,1616136646
approximated_7590c586-5650-4083-8054-2188d3bfec5f_Brass_model.ttl_functional.owl,14077455,3890620,17968075
approximated_00048.owl_functional.owl,1473953586,4203257780,5677211366
approximated_42e0fbf4-10ac-4803-883a-b092097c4e62_mao.owl_functional.owl,21513146,10376071,31889217
48bcd8d8-edcc-485c-b5ae-8b0324bd57e7_kupodisease.owl_functional.owl,18498495,16207149,34705644
5829d1da-f6bd-4115-9aab-c35afec13c32_rm_v5.0.1.rdfs_functional.owl,27723652,6516843,34240495
approximated_b9d9ad0b-7d89-4405-a75a-1c4691d4f998_nbow_trout.ttl_functional.owl,15882081,3741645,19623726
approximated_fa4cb5e5-e951-4d6b-a911-1ffeb048991c_calistaxon.owl_functional.owl,580066286,1139389912,1719456198
18357709-4f9f-4e6e-9a15-7648e020293e_pathology.owl2_functional.owl,20220470,39500055,59720525
8a18a5bd-c54e-4f76-9f2a-3324960b37dd_IMR.obo_functional.owl,284054766,550312368,834367134
approximated_dcf9458a-754e-4ff4-b107-75825e73fd46_PaulFisher.rdf_functional.owl,6580846,2939600,9520446
approximated_kb-owl-syntax-unraveled-depth-0-cardinalities-disjointness-constant-classes-relation-axioms-value-classes.ofn_functional.owl,421117282,927673138,1348790420
66f72d64-1d86-4ae9-b268-51c753976114_Senator.owl_functional.owl,27453797,1979062,29432859
approximated_4a432c23-387a-4b80-be27-b88b9f6a31d7__preventer.ttl_functional.owl,14588784,3642599,18231383
dbd46c49-af8c-4000-990a-f8fa65188e0f_protein.obo_functional.owl,938329795,1243341683,2181671478
approximated_775fab41-9617-451e-8ea3-eb96545f0626_ndTectonic.owl_functional.owl,103560052,155703139,259263191
approximated_781572b1-656d-4477-bb82-4d2336871461_nd_Marnier.rdf_functional.owl,14966639,3833308,18799947
approximated_20eddba4-d48b-4642-a504-cb3443179d13_goslim_pir.owl_functional.owl,20254022,37840948,58094970
approximated_e65fbcc7-5ea9-48bd-b4ea-99300f8f99f8_nWaveNoise.owl_functional.owl,141137885,211733257,352871142
approximated_00355.owl_functional.owl,14607748,6381709,20989457
approximated_5533c2da-9d78-4752-ad93-7399f1b859f2_IOLite_v17.owl_functional.owl,17303631,16988477,34292108
approximated_00198.owl_functional.owl,12671231,857591,13528822
approximated_47159dcb-caf1-4e89-b93a-5cae7887f028_Raschera.rdf_functional.owl,15112409,3830632,18943041
approximated_4c60f811-7bd5-4b39-9d4c-74df5ae43020_so.owl_functional.owl,54546327,122501553,177047880
approximated_cl.cell-ontology.47.owl.xml_functional.owl,306287921,807508642,1113796563
abe40193-c3bf-422e-8a5d-e7c2dca027e8_goslim2.0.owl_functional.owl,52551933,4897852,57449785
approximated_a351ad4b-8be8-40c6-97d0-021549cdff33_antityv1.1.ttl_functional.owl,17405166,17839361,35244527
approximated_643bc6f0-6381-4ea2-86e3-cdc01005bbb2_losurfical.owl_functional.owl,30375045,45120140,75495185
approximated_76854e1e-2b8a-437a-b5cf-7ab7e6b49618_qudt_functional.owl,15362415,9931428,25293843
approximated_3e2987f7-3b05-4b24-9b1f-db17651b79b2__toy_train.rdf_functional.owl,14478919,3656675,18135594
ed5c5fc6-1bf2-478d-9574-c543bb8e5f03_latest.07.owl_functional.owl,1415457231,544556035,1960013266
approximated_16ffaf2f-4c10-4e80-9af0-757e34ca3be3_efinitions.owl_functional.owl,114922098,37950318,152872416
approximated_55aaaa04-20d5-44f1-8c9c-caad51333bc9__con_pollo.ttl_functional.owl,93805384,3755921,97561305
approximated_044c8d3c-d374-4844-bf8d-830d30358b47_names_sexp.owl_functional.owl,391711769,682114566,1073826335
approximated_3f6370c9-3207-4bad-8ede-5c0c5ec8ca19_Trumpet.ttl_functional.owl,14186046,3687019,17873065
approximated_ea8f7f81-a1d4-4c6a-955a-6d7f8d2148aa_attributes.owl_functional.owl,3030142445,8953055415,11983197860
approximated_8752fd3a-fb08-4e07-ac36-70ef83e97144_ossAnatomy.owl_functional.owl,71492687,88584091,160076778
81f4091a-feb5-4d8f-82f1-ed934b891539_onto.rdf_functional.owl,12871972,1893005,14764977
approximated_b27ed299-2b74-4c16-8af9-ff15e1ce51db_ccumulator.rdf_functional.owl,16703599,3629063,20332662
approximated_f1eb6893-e46f-412e-b065-83b73528f4ea_Design.v25.owl_functional.owl,18100008,10544691,28644699
approximated_9640d86f-cd38-476d-8576-15ba643b7fe3_avior_ontology_functional.owl,35556393,48934658,84491051
approximated_47ed5a39-6a88-453f-a6ed-4fb2d03cc3bc_dTransport.owl_functional.owl,123459208,209570707,333029915
approximated_70f44f37-e62d-4be5-858b-c9d3386b7d19_maontrev21.owl_functional.owl,14249949,5410179,19660128
approximated_e593c3ca-e670-41bc-8c72-14f13974a944_sciOrdinal.owl_functional.owl,24165716,21376320,45542036
approximated_105e03c6-0ee2-4ac1-98aa-2f14bb42de49_onto.rdf_functional.owl,12406095,4693171,17099266
approximated_57bfae0f-b236-45f3-9ef8-3a07d3642937_alcomplete.owl_functional.owl,14234189,7500545,21734734
approximated_a75b422d-5739-43d9-b022-155593cf2eff_LMM_L1_15.owl_functional.owl,19735216,18189428,37924644
approximated_5d509095-f89b-4d3e-87c7-5b2c28d05315_Parenica.ttl_functional.owl,76609786,3692301,80302087
4c6886e5-00ce-4988-9abc-c181b362d128_oppingMall.owl_functional.owl,17249216,1879126,19128342
approximated_6151446f-abe0-429b-a6a6-fd9d7eb239f8_sionSource.owl_functional.owl,79249035,128878777,208127812
approximated_b78520b6-6c7c-460c-aa8f-b2aae3cdb90d_PaulFisher.rdf_functional.owl,87966683,2955344,90922027
approximated_cfed8132-478a-4ecb-8e02-c7e4044085ea_earl.owl_functional.owl,21619853,5485208,27105061
approximated_296e7557-5efb-4fe9-846a-b7be9178a93e_NVAX.ttl_functional.owl,79900954,3661805,83562759
approximated_b2ddff55-2007-4786-a92b-640071f84ba1_nAtmoFront.owl_functional.owl,247775139,247432118,495207257
approximated_03bbad06-8527-4a7b-8302-5d41750fc99a_Content.owl_functional.owl,112871302,9863788,122735090
approximated_deae7a98-f4a6-4cd0-97dc-fa177a5217f9_phenElecMag.owl_functional.owl,288466962,210230774,498697736
approximated_729ba78c-3d24-47e1-9bb1-980fad7ba20d_aintenance.owl_functional.owl,20944971,5125200,26070171
approximated_6265f27d-1afa-4680-b747-4f71adefab73_Schupfnudel.ttl_functional.owl,18763843,3888379,22652222
approximated_924e9a5c-9a92-4f85-9150-a7e20f4c7146_ontology.rdf_functional.owl,7572735,4185837,11758572
approximated_12467929-9038-48ed-9f32-f2cecb9c9dff_ki_bakotin.rdf_functional.owl,11535969,3843060,15379029
approximated_b029d4e0-be47-42f6-8112-0803844138ec_universe.owl_functional.owl,37982684,13732829,51715513
approximated_f9f89445-406b-4942-b155-5b993fd74184_Categories.owl_functional.owl,24615308,11518191,36133499
7e1a735c-e30b-4256-9d4c-1477ad4ee19d_go.rdf_functional.owl,519733412,483912086,1003645498
approximated_be5b047e-08a9-4d89-aca1-fd61aed4aa47_elOntology.owl_functional.owl,15368767,8543473,23912240
approximated_eb15aa51-93e6-4ffd-a430-af1a0045348b_omposition.owl_functional.owl,19484712,16850219,36334931
approximated_048b7fc7-f022-4486-a230-6155f31fc110_Grounding.owl_functional.owl,19019635,7210804,26230439
approximated_4975676f-48ff-4225-8887-9746dad19b83_nnexorlink.rdf_functional.owl,32511649,53966495,86478144
approximated_6f26a9f9-e841-4a6b-b7ee-fd9e0d432c4a_tion_valve.ttl_functional.owl,13730237,3666852,17397089
approximated_2cc9ab2b-cc80-4669-9069-a6c4c74f2601_rMathGraph.owl_functional.owl,139582933,209264546,348847479
approximated_00360.owl_functional.owl,62884241,128704109,191588350
approximated_229fe87c-59b9-4e0f-91f4-24abbc0d7721_Leaf_valve.ttl_functional.owl,8789307,3886023,12675330
approximated_e843c489-fdf3-484c-a818-dcad072ff0f6_eSituation.owl_functional.owl,16833259,6521406,23354665
approximated_0286d77d-8607-4186-993d-c4a52c5345e6_affic_cone.ttl_functional.owl,11134038,3683126,14817164
approximated_faed02de-541f-43a3-8cc9-9992d7fa6052_cinema.owl_functional.owl,16695923,3396259,20092182
approximated_5da8b418-594a-4c3d-ba17-02fc8e72d100_DP1.66.owl_functional.owl,30193012,6182594,36375606
approximated_3bc75bbf-9115-404d-a979-6d568e367bf5_compre.owl_functional.owl,16585334,5229469,21814803
approximated_eca8b849-e953-4274-b09d-0aac24d03458_lexicon.owl_functional.owl,24561794,13264958,37826752
approximated_55a39aab-33f7-48e5-83eb-88db70f2024e_MO_Finance.owl_functional.owl,14828759,13765330,28594089
0a47680d-68aa-4f76-ac23-b7995492295d_Park.owl_functional.owl,19452943,2269737,21722680
approximated_cd5b2a46-0c5c-4ea6-a33c-990af9f55908_lSemantics.owl_functional.owl,25178599,22566874,47745473
02a1b623-a63b-425e-bb23-789e98a33591_ss_xp_self.obo_functional.owl,56808053,22015925,78823978
8369add0-4d88-40b2-b995-bc94aef594be_s_anatomy.owl2_functional.owl,42764763,82373064,125137827
approximated_292dc642-8a25-4891-b88e-dab8f5875b9a_Cider.rdf_functional.owl,17588382,3776528,21364910
approximated_4022cb02-cb50-4aec-8d11-3cfe79f00dfb_DLP3941.owl_functional.owl,30642770,30242053,60884823
bf7b0e91-eb16-4e26-830d-f3b39355e3b1_fypo.owl_functional.owl,505439897,859378005,1364817902
approximated_443bc32d-09e6-47a3-bf77-c7ae66a58154_crime10.owl_functional.owl,17243205,9507511,26750716
approximated_a3fd23ee-7c4d-4402-9307-6dc6232da92e_scene.owl_functional.owl,21830376,19682447,41512823
approximated_aaca8c64-6bfe-4175-867a-967a8472f520_compute.owl_functional.owl,14146040,8271923,22417963
4a8a1268-458c-4f75-8a90-6e0a7c24cfe2_fyposimple.obo_functional.owl,95704356,237435894,333140250
approximated_98d5880a-f96b-4f11-8f92-1daccd99a0b2_cedar.owl_functional.owl,42362269,41636741,83999010
approximated_8f7e6740-d354-499e-b087-657503670b8c_Soy_milk.rdf_functional.owl,19314814,3719623,23034437
approximated_874cd8c7-1a6f-4bc1-869c-5bf2f9063dbd_alMolecule.owl_functional.owl,139117583,246168905,385286488
approximated_1a795294-fb24-4c07-a549-e2f25d20c376_nif_backend.owl_functional.owl,79841599,146454503,226296102
approximated_3334ed6b-6bf9-44ae-a8b2-fa61901ff4c0_biotop.owl_functional.owl,27734688,27078190,54812878
33025596-3b78-47f3-ac1c-ac80b74dadfa_ciationsDO.owl_functional.owl,759982589,1687504232,2447486821
approximated_46ae5f63-9a83-4496-92eb-5481d5269d8c_necommessa.owl_functional.owl,14319957,12817835,27137792
1f6685bc-afb2-408c-95ce-deaa6ad5807f_eKrankheiten_N_functional.owl,10098306,880841,10979147
approximated_9679d45d-f311-4a74-af89-abcb26f32d21_NIFOrganism.owl_functional.owl,42182496,42684294,84866790
approximated_0585df44-fb95-4fcd-80e7-9abd98c12588_nooneof.nocard_functional.owl,20236046,11280584,31516630
approximated_75309ef7-756e-4045-b46b-973bb7e7f06b_Ice_pick.ttl_functional.owl,16128077,3669215,19797292
approximated_22a560e6-de77-4c77-a2e6-114a33afbf1c_icOntology.owl_functional.owl,13016356,9663351,22679707
approximated_08bc2112-b830-450b-9b27-e0e1cf75ead6_gy.1.3.0.1.owl_functional.owl,57570051,28309192,85879243
approximated_79400f00-7ab7-479b-a800-e76437781e5a_UserProfile.owl_functional.owl,15467183,4970448,20437631
approximated_ce9e28b1-0d43-4353-a05f-ef91da2c5c9f_PaulFisher.rdf_functional.owl,15583913,2900350,18484263
approximated_f41d9c83-2ddf-4cfb-995e-bbd7b1cab2d4_onOntology.owl_functional.owl,21972796,6014371,27987167
approximated_8ba370cf-7ae7-45f0-b04e-2445a930d27c_Compost.rdf_functional.owl,16034075,3799270,19833345
approximated_db4481d5-c354-46d1-b90b-0031da5feab4_lReasoning.owl_functional.owl,15750224,12283410,28033634
approximated_2d2aa5e8-04d2-4531-82d0-b9eca836a6e4_tegorySoftware_functional.owl,14110656,2076456,16187112
approximated_f4bef43e-90a2-47f0-9be6-e7a077e8b953_vocabulary.owl_functional.owl,17799070,5205316,23004386
approximated_a8546e99-141a-42df-9519-98c13b9c648b_complex1.0.owl_functional.owl,17796241,8874752,26670993
approximated_30092a1c-0189-4cf0-91a6-53d84ad53eb9_pening_jig.ttl_functional.owl,9109424,3748118,12857542
approximated_31e8b284-4dfa-488a-986c-081411746109_uck_syreky.rdf_functional.owl,15859828,4524936,20384764
approximated_22dd4c1c-929d-4f09-9f5f-a0318c1e2dd5_Relay_valve.rdf_functional.owl,16122214,3739992,19862206
approximated_86984d13-275e-44a8-b8c3-80ca75898401_eThickness.owl_functional.owl,138297569,209685272,347982841
approximated_5bf8c51a-ca0c-42df-9274-e0a870c9e8e4_ificObject.owl_functional.owl,22122290,8119237,30241527
approximated_0e15ffa3-0193-44cf-a70b-15fa14175181__toothfish.rdf_functional.owl,23909761,5327896,29237657
approximated_00762.owl_functional.owl,231901799,472230855,704132654
approximated_056cf089-74bb-41c6-a442-f5ea2560f9d0_Mitre_box.rdf_functional.owl,72337245,3641673,75978918
approximated_31fef9af-4538-44c0-818e-c7cd39328407_mirnao.owl_functional.owl,24050839,38562769,62613608
approximated_6364ec5d-e4df-43a2-8dab-ea6f4a00f975_Harzer.ttl_functional.owl,72743574,3670883,76414457
64176a2b-88cd-458f-8a9a-81758b965347_quality.owl_functional.owl,63925967,82076144,146002111
approximated_c7983391-d170-428c-9c62-47c81df47b99_4_5_0_1_TQ.owl_functional.owl,104844048,21607827,126451875
approximated_0a14088a-e04e-456f-bd1d-5a6cef9e7242_tingPolicy.owl_functional.owl,46456741,9121870,55578611
c7bc3867-0a93-4528-8eed-07b0854ccca2_cl_import.owl_functional.owl,27414442,48218168,75632610
0dbc4292-8aa9-44dc-a029-e7b1449f0e9d_OS4.owl_functional.owl,879008609,136233051,1015241660
approximated_4fe30796-ddd0-401c-8ed4-dadd6102ad9f_lmf.owl_functional.owl,20294220,10308752,30602972
approximated_e236e9d8-dde5-42eb-b3cb-0b7ee0d52864_mpextmerged.owl_functional.owl,571407639,1439645966,2011053605
approximated_5f1fd4d1-3819-46af-94b6-1fcfe96e4a2e_Truck.rdf_functional.owl,10086334,4062417,14148751
approximated_f2fab68c-f149-405b-b160-6d2334020488_geolFault.owl_functional.owl,95572807,156958895,252531702
approximated_07b96f49-0ca4-41bc-adc5-885aeb6116f7_tting_maul.rdf_functional.owl,14931634,3829759,18761393
approximated_5321f33a-4b3b-471a-aa29-d819efb258d3_ing_hammer.ttl_functional.owl,15587532,3655150,19242682
psimod.protein-modification-ontology.4.owl.xml_functional.owl,58778232,165140412,223918644
22dd2e1f-0120-4349-a40a-3dcf3475d135_EbGdrcN5Y29ycA_functional.owl,14055187,1546026,15601213
approximated_580d584f-c911-4a1e-b943-779878874e9f_KnC3B6del.rdf_functional.owl,15599172,3877560,19476732
approximated_df9d85b1-991d-4a81-8bbf-6659ce8d61a0_SARK.ttl_functional.owl,13124370,3927500,17051870
44a299f0-d801-468c-9a20-d2359c90cc09_Lake.owl_functional.owl,20943654,2644150,23587804
approximated_00645.owl_functional.owl,88385486,189506065,277891551
approximated_00419.owl_functional.owl,101322266,260128387,361450653
approximated_3a6c7b04-a568-4d03-b3c9-8a892cfd40c1_physPlasma.owl_functional.owl,159810959,203785930,363596889
ab6d0dee-446f-4533-8881-1ae555df8ba4_imr.owl_functional.owl,244170134,579529496,823699630
approximated_10341e62-6b8d-4b02-8f34-2ebdda876f4f_ist_square.rdf_functional.owl,18510012,3779824,22289836
approximated_37bfb8ad-a6fb-46e6-b202-3a1067e82f5e_chev_dough.rdf_functional.owl,11623517,3723556,15347073
approximated_71add721-11b5-47ad-b637-f286c30b9a75_phenGeol.owl_functional.owl,140938249,227247994,368186243
approximated_PD.owl_functional.owl,65355419,83532711,148888130
approximated_0cad3e84-1562-4ce4-8810-37ec3ada7476_Toffifee.rdf_functional.owl,12052762,4036066,16088828
approximated_45e5b1a3-b9fd-4ece-bd69-dc10b17c0b26_ad_nesting.owl_functional.owl,15158762,16229946,31388708
approximated_vso.vital-sign-ontology.1.owl.xml_functional.owl,31621693,19760847,51382540
approximated_49795226-cd2f-489d-b9f4-d86904528efd_sequence_xp.owl_functional.owl,60107465,125488863,185596328
approximated_0c6155a6-b84c-400f-a7dd-94f49fb99281_Vehicle.rdf_functional.owl,14328552,3750269,18078821
approximated_78d51cdb-fec6-472c-b8cf-e7b4e8bec9e0_periwinkle.ttl_functional.owl,8222023,4334546,12556569
16060d98-1832-493e-b5db-35939b624ebb_rySMW_releases_functional.owl,18407181,1796748,20203929
approximated_0b1c77e2-e964-4cdc-b8f3-963a91e8e67a_wcsAll.owl_functional.owl,32437831,37999999,70437830
approximated_kb-owl-syntax-unraveled-depth-4-constant-classes-value-classes.ofn_functional.owl,354085573,878879072,1232964645
approximated_00644.owl_functional.owl,18589444,30327886,48917330
approximated_kb-owl-syntax-coreference-IDs-cardinalities-disjointness-triggers-relation-axioms.ofn_functional.owl,885194660,2270507703,3155702363
approximated_50327b4e-dbeb-4897-8899-77c30c6606a5__Letterman.rdf_functional.owl,15470906,3951409,19422315
69720e2b-ff6d-4953-bcdd-04a6a68942c6_osimplegaf.obo_functional.owl,1982826611,4070200469,6053027080
approximated_8450062f-ce61-41ef-9c98-7909ab134980_biotopcore.owl_functional.owl,19410948,18997730,38408678
approximated_86dc67e0-3461-436e-8b37-c7aef49ec173_go_mf.owl_functional.owl,212326199,562265567,774591766
approximated_4e8e2afa-a598-4a50-baa8-ab7ac7f821f6_Tattoo.rdf_functional.owl,14969939,3743786,18713725
approximated_c710c202-5500-455a-8949-faff458e4a49_mondialmeta.n3_functional.owl,12683784,4463484,17147268
approximated_08c8ded8-4aee-4c7a-9e81-5bdc43e570f3_BioMesh.owl_functional.owl,182780014,470684391,653464405
approximated_00358.owl_functional.owl,19861580,17676775,37538355
approximated_0ae1c81c-fb51-4b60-aa63-745107acdec0_Gumdrop.rdf_functional.owl,11267807,3884806,15152613
3d929d33-af44-46ba-bcf3-bb7aaada18f0_egansensfm.owl_functional.owl,567416881,1312769245,1880186126
approximated_4719f139-c9bf-49a4-a37f-0d68f40fe18d_Quiver_tip.ttl_functional.owl,14060665,3944412,18005077
approximated_3c224c62-a6cc-40e9-80a2-5e65d11a01b7_land_Comet.rdf_functional.owl,13290022,3822313,17112335
approximated_3ba51b84-d0d8-47b2-bb62-196c226ad31e_scillation.owl_functional.owl,69867274,124439819,194307093
approximated_864aab46-1878-428c-8eb9-98b6517f9f75_phenRecycle.owl_functional.owl,139701027,214296716,353997743
approximated_46fe0bd7-2da7-48b4-a6ba-040813fe836d_mplegraph2.owl_functional.owl,25023870,13327708,38351578
approximated_125132d0-845c-4274-81d1-bbc17340830e_human.owl_functional.owl,130824915,210996963,341821878
b52054f5-1d49-426c-8227-51c2c26b1f10_software.obo_functional.owl,48106996,92397452,140504448
approximated_00040.owl_functional.owl,2702038590,7594998947,10297037537
approximated_52b74570-8632-4661-b1f0-0b8fd5498184_norvegicus.obo_functional.owl,3330088674,7804314240,11134402914
approximated_994f145f-cff5-49a7-a07a-b2e6551255a6_eolVolcano.owl_functional.owl,136394177,248964811,385358988
approximated_2da9887a-2c73-443e-90b0-64e6f69811db_quanIndex.owl_functional.owl,138400773,216108935,354509708
approximated_c64a69f1-2452-47e5-b2a0-61e26a220b8c_sbpax3.owl_functional.owl,15788707,9249412,25038119
approximated_d96b0c1f-dc4d-456b-b7ca-6a81b75850ca_er_anatomy.owl_functional.owl,29083716,41150697,70234413
approximated_62d7c38c-bf27-461a-bfbe-f549dc8238b7_Eintopf.ttl_functional.owl,33325481,3774272,37099753
approximated_9151dcd6-4150-47f1-8b1d-9e234095de47_complex1.0.owl_functional.owl,21043609,32503356,53546965
cd7fd685-a1eb-4940-b965-401dd3e78f1f_SPD.obo_functional.owl,28958686,39463131,68421817
approximated_3a3066b4-739d-484f-9d60-3060498eb2e5_rDataModel.owl_functional.owl,135918255,229987816,365906071
approximated_35294e36-fac4-4651-944a-7e77edc73ad2_pe_library.rdf_functional.owl,16706714,3700698,20407412
approximated_08af0aa2-c60f-46c7-92c1-b73c8ef8e247_estQuattro.owl_functional.owl,13507694,4124597,17632291
approximated_095c882e-13e6-4f49-a6b3-31e9ff0ae898_Cclamp.rdf_functional.owl,11303781,3767865,15071646
18715436-6951-497c-acb0-4aa95260b0ea_gureSkater.owl_functional.owl,17740288,1586775,19327063
approximated_8dbb3a86-f669-46f0-adbf-531c90a314a5__amplifier.ttl_functional.owl,13837956,3690927,17528883
approximated_5ad7d8dd-ac0e-48d6-ad69-5071b0252abf_terrestris.ttl_functional.owl,12188023,3792531,15980554
approximated_05b09616-c5df-4621-8355-f4ee267536f5_Dustcap.ttl_functional.owl,13996124,3649433,17645557
approximated_14d5ea47-be9a-4705-809a-01af037e7db4_UDDv1.owl_functional.owl,14515779,4907398,19423177
00372.owl_functional.owl,46965688,15624546,62590234
approximated_344290ad-c826-4437-8052-81639627c18b_Stapler.rdf_functional.owl,15881327,3980370,19861697
approximated_173ba08e-c935-4832-8c0f-178698045c5b_Wood_shaper.ttl_functional.owl,10438438,3872894,14311332
756d4706-697f-452e-99cd-dbf32081601a__ontology.owl2_functional.owl,221271231,664696255,885967486
approximated_3eafaba1-f1c6-4ba7-bac0-fd7670199809_CERIF2008.owl_functional.owl,111042542,8488673,119531215
approximated_bfde22fb-a2f8-4de1-9d66-4f6609720a73_Lodging.ttl_functional.owl,88038005,3939954,91977959
approximated_00339.owl_functional.owl,22921708,7151559,30073267
83c6048d-8b5d-4718-b652-562e9c9b366e_Race.owl_functional.owl,78526240,1017835,79544075
approximated_dcc3c365-4ed7-42b9-88f7-c0b4bd73fd4a_rus_05.05d.owl_functional.owl,3133554012,5328647936,8462201948
00500.owl_functional.owl,96555300,37451398,134006698
approximated_b1bc193b-f522-4114-b680-2525cf97c795_GeoSkills.owl_functional.owl,214634450,63134414,277768864
1eeb8b47-8f87-4a85-88c8-279f6d34e03d_CategoryDocinfo_functional.owl,12067606,1483136,13550742
approximated_00361.owl_functional.owl,15785622,15623096,31408718
approximated_fa26d005-7ba6-4036-b773-40d54473187d_mplegraph4.owl_functional.owl,22640649,12702393,35343042
approximated_05d2f474-d561-4748-a015-c580e4724e87_teChemical.owl_functional.owl,132919997,210614880,343534877
approximated_2257a589-141b-4637-8469-505afb362e73_Caboc.ttl_functional.owl,17815327,3859404,21674731
approximated_4b3ecb39-6985-4e6d-8789-cbe7962ccf75_onto.rdf_functional.owl,18324191,4933458,23257649
approximated_857d4e42-aa1d-47cf-8c39-325f5a480fc0_yowlcomplex_functional.owl,22993607,24883335,47876942
approximated_b7981c35-332d-4106-92ef-a216be1a6094_propSpace.owl_functional.owl,135282652,215254455,350537107
263fc4d6-d2f2-43de-942d-87db0e88d001_easemodule.owl_functional.owl,110350643,15404801,125755444
approximated_21bf39bd-ba1d-43b7-9d38-7a0a719441b5_igraph.owl_functional.owl,70821427,5368584,76190011
approximated_7329a1b0-f77f-46de-9c49-af3041c722e2_yowlprimitive_functional.owl,67423736,8500113,75923849
approximated_fc7d5dc1-4bd8-468d-a690-d7f24e80441d_Grounding.owl_functional.owl,82296561,8255851,90552412
0f2aefc4-a7c1-4649-8dd1-2de71dd232f5_onto.rdf_functional.owl,92643280,3619272,96262552
approximated_083aae6e-ea4f-401b-9139-9c55f0816eff_Tipi.ttl_functional.owl,17206968,4197503,21404471
approximated_dedf054f-e71c-409c-9b79-48f04a7366c3_DUL_v320.owl_functional.owl,21773895,13491461,35265356
approximated_2d9fb08b-36be-4ffc-be26-f74c0e3cb76b_COSMOtop727.owl_functional.owl,472122530,563538693,1035661223
approximated_1d252e35-f2fc-4df1-9e3c-46843c6c07d0_eSituation.owl_functional.owl,107063131,3590812,110653943
approximated_cao.clusters-of-orthologous-groups-cog-analysis-ontology.3.owl.xml_functional.owl,14968381,17485303,32453684
approximated_369c54fb-a82f-4e62-b95d-66287e84dfcf_Almond.ttl_functional.owl,81105008,3659872,84764880
approximated_851a39f4-ccc9-42c3-92f6-7daed8476294_instrument.owl_functional.owl,23432284,10622705,34054989
bto.brenda-tissue-and-enzyme-source-ontology.24.owl.xml_functional.owl,160229150,376400413,536629563
approximated_79b58304-3077-4a00-9af4-e7c63d5c844e_Soda_bread.ttl_functional.owl,12910161,3867185,16777346
approximated_kb-owl-syntax-unraveled-depth-3-disjointness-constant-classes-relation-axioms-value-nominals.ofn_functional.owl,670215011,1482122408,2152337419
approximated_906c7a9b-2657-4bb1-903a-1e72db3e4e02_Rose_water.rdf_functional.owl,17931904,5561981,23493885
approximated_72699a52-124c-4881-a856-975b6518fa01_mygrid.owl_functional.owl,22548351,38300128,60848479
approximated_bc68af66-6e8e-41bb-a412-10dc09703898_ing_swivel.ttl_functional.owl,9451724,3947197,13398921
047ccf0a-9286-49a2-89fc-caa3a79a1ec4_e.obo.PREVIOUS_functional.owl,47261514,111434768,158696282
approximated_1d9a7ec5-029f-4eec-b829-fec3c0ea78d6_Sandsinker.rdf_functional.owl,4674264,3910356,8584620
approximated_3803baf5-8481-4dd5-b3ad-7a048617f01b_Wipers.ttl_functional.owl,14538789,3995600,18534389
96fcebed-0994-4d32-8308-4834d6bd311c_City.owl_functional.owl,16663149,3026931,19690080
approximated_013d0d66-afad-4519-b2b4-f8110430dab0_Windhoek.rdf_functional.owl,9499533,4153118,13652651
approximated_sedi.semantic-dicom-ontology.3.owl.xml_functional.owl,9150887,2258082,11408969
approximated_1b332f07-f7b6-44ce-b087-e3bd2425341e_cco.obo_functional.owl,6538505654,43530598041,50069103695
approximated_83c2db7c-3006-4fc4-9e88-5565472a219d_ll.obo.CURRENT_functional.owl,24637977,25825120,50463097
approximated_3fe8b1ab-f597-4dd5-a200-337148758d2c_on_shooter.ttl_functional.owl,15489971,3723370,19213341
approximated_3a506504-9268-42bc-8681-4d09a5d10aac_02wine.owl_functional.owl,23012417,8340417,31352834
approximated_00784.owl_functional.owl,24016535,21205526,45222061
approximated_17d4bfb2-bc52-4ca8-91da-8e135a55b154_opublic1.5.owl_functional.owl,13174918,4362726,17537644
approximated_91e4189d-c12a-449d-a500-ee94ef01e450_dcs.owl_functional.owl,19291046,11264934,30555980
approximated_00507.owl_functional.owl,26209916,52767688,78977604
approximated_d66c414e-ead4-4017-8484-796e875fd6d1_enAtmoWind.owl_functional.owl,134494567,222649785,357144352
860c3b65-b3a8-4436-b604-f4e7a3dbb3bc_NIF_Cell.obo_functional.owl,16912278,16740517,33652795
approximated_18dd1c2c-ca60-4c98-ae3c-d02e71fa9005_iced_bread.rdf_functional.owl,20061247,5576000,25637247
approximated_0664ecb0-6937-4bd8-8910-8fd0f0586bfb_orca.owl_functional.owl,21524394,18545365,40069759
chd.congenital-heart-defects-ontology.5.owl.xml_functional.owl,22105092,24716894,46821986
approximated_01162565-2898-4a4a-b70d-381dc2eba63c_Bed.rdf_functional.owl,10084484,4267805,14352289
approximated_4616fa0b-1917-4442-9385-a4e889515149_bibo.n3_functional.owl,17417732,5509687,22927419
approximated_kb-owl-syntax-unraveled-depth-2-triggers-constant-classes-relation-axioms-value-nominals.ofn_functional.owl,406201362,1006102755,1412304117
approximated_9d742109-04aa-49df-ba09-f8bfe2f573ce_Weeder.rdf_functional.owl,13258696,3795649,17054345
approximated_288801de-db76-4e38-bb96-4d656112de85_hanaperson.owl_functional.owl,15003107,4573734,19576841
approximated_kb-owl-syntax-unraveled-depth-0-constant-classes-relation-axioms-value-nominals.ofn_functional.owl,156487323,380505650,536992973
approximated_833e3c92-1514-4c79-ad64-e2308999b2e8_wine.owl_functional.owl,29586507,16031062,45617569
approximated_956675cc-674f-4546-a43a-af514f2abd5c_pr.owl_functional.owl,3342418743,8209474833,11551893576
approximated_14902939-1a5a-499d-bca0-5ee9dae42ae7_stateRealm.owl_functional.owl,138053683,246530609,384584292
approximated_obsolete_RMOperators_addonsRM.owl_functional.owl,245763400,114101733,359865133
a904b474-8d21-46ee-a26e-ea4ebc775bdd_rphenotype.obo_functional.owl,1546217813,3533009077,5079226890
approximated_87a6aef1-1aa8-4209-b0d1-0a2780bca579_dtn.owl_functional.owl,15664728,7119873,22784601
3a8f019a-326c-4596-ba73-a8508e78b7b0_ChangeOntology_functional.owl,13836068,5518459,19354527
approximated_3535d05c-5a64-408e-ab7f-144cf08b4a77_nd_turbine.ttl_functional.owl,15714777,4379112,20093889
approximated_4fe154db-cb0b-4bbb-a1fd-79f8fdbb16e4_ting_table.ttl_functional.owl,12898232,3795688,16693920
approximated_9d5e914f-927e-4bb5-94b2-27ac636c287c_rlic_bread.rdf_functional.owl,8815337,3635964,12451301
approximated_4e7fa018-0efe-4eb2-93ea-56411512ac54_chemtopcore.owl_functional.owl,9975910,7772636,17748546
37a1ec5a-6257-4181-a6ac-d5fe7f132eae_m_anatomy.owl2_functional.owl,284391978,686923610,971315588
approximated_bb27d558-22d6-4149-b127-e8158c29a275_quanCount.owl_functional.owl,135358577,213067900,348426477
approximated_665e276c-cb27-4534-9e1b-ce951da76024_base_vocab.owl_functional.owl,25932991,36262952,62195943
5075fbb1-15ec-4917-a161-014f7aecd29b_ulusfamily.owl_functional.owl,452366604,1149691665,1602058269
approximated_0b7ecf35-7dc9-4c91-8db8-fd8a0580f56d_Lingcod.ttl_functional.owl,16897741,5545257,22442998
approximated_608d5788-6fd0-42a6-b325-fb3067b41615_ieontology.owl_functional.owl,20704979,6317858,27022837
approximated_6d5b4e23-f7c1-4ad1-a427-e823a95318aa_lue_Vinney.ttl_functional.owl,16811389,3879597,20690986
approximated_e15f5e3f-d55a-4f83-8b59-c3db90180451_CMOF.owl_functional.owl,13182868,10478141,23661009
approximated_b0982a1b-1453-41c7-b9ae-bd48b6619344_slim_yeast.owl_functional.owl,19276018,12327717,31603735
76f9d20a-cb2c-41bb-9db6-bc1a04411375_protlabels.obo_functional.owl,63210015,145182278,208392293
approximated_c686bbc1-9a07-4585-aafd-8b6f98e1493d_onto.rdf_functional.owl,14332307,4949072,19281379
approximated_9e0056c9-1e1f-4dba-aef0-6e87f0f02212_difcd.owl_functional.owl,18968242,2411101,21379343
approximated_65c4d7b0-cabd-4d27-88a7-509b2995ca31_al_anatomy.owl_functional.owl,59481123,102296239,161777362
approximated_bf02bcd2-a1d7-4461-b3a3-45a0d6c704af_pingdb2owl.owl_functional.owl,100266679,11207224,111473903
approximated_4413cc0a-279d-4176-836f-77116ac1d8f8_nceProfile.owl_functional.owl,16157987,8085427,24243414
c4200821-b9d1-4f86-9603-ca10baa1289f_wbphenotype.obo_functional.owl,64543374,118516335,183059709
approximated_59f141bc-4d63-42eb-afbc-8471c117f5a1_ive_system.ttl_functional.owl,14261799,3820818,18082617
approximated_1d237276-8068-4d48-b80c-dfb2431012d3_ndiesSiteA.owl_functional.owl,16240436,4245936,20486372
43312838-34dc-48a0-b88d-dce08d1b80f7_ACMCSS.rdf_functional.owl,65190206,73792331,138982537
approximated_71d4c2fd-96f8-468d-85f6-c16c11b5bdcd_Intel_4040.rdf_functional.owl,16198528,3762208,19960736
approximated_d1b92717-a72b-4982-ab17-9e9c3b0577cf_iaontology.owl_functional.owl,27922319,36778277,64700596
approximated_bd1e667b-2d9d-4537-b542-d3e0efb2e4c0_eFrequency.owl_functional.owl,144830302,247292517,392122819
approximated_926b0025-2faa-49e1-ae8b-36c57f400748_example2.0.owl_functional.owl,25050334,8208663,33258997
approximated_99dc893c-a2b3-4bf9-b97f-c52dde60a26e_ion_device.rdf_functional.owl,15475042,5311720,20786762
approximated_29e9413f-b508-4e90-96e4-b1d27fb0e077_attes_base.owl_functional.owl,11876708,9192727,21069435
approximated_5507c464-1eb0-446f-a733-7c6f37b66519_Turbot.ttl_functional.owl,12107097,3647200,15754297
approximated_9acffa11-126e-40b8-ad76-c0c279db8631_OS3.owl_functional.owl,465139841,235420747,700560588
approximated_fb54f671-9cc4-4f2d-a377-68231ceaf8f1_onto.rdf_functional.owl,18286006,6340627,24626633
approximated_5c0ac154-9608-4834-a1ef-4ff6ed6a7e90_onto.rdf_functional.owl,16206127,4832353,21038480
approximated_ac495788-7113-410b-b6d1-30536127a6d0_RDRAM.rdf_functional.owl,22745354,3744977,26490331
d352b445-b288-4e43-93ab-1b849754785f_ogy_v1.2.3.rdf_functional.owl,39977280,6116436,46093716
approximated_37239bc8-e198-4ede-8c07-6a71fdf50335_Semiformal.ttl_functional.owl,10921396,3992851,14914247
approximated_90a58027-c477-4f6e-9482-413b808dd290_gineering_tool_functional.owl,9577470,1862875,11440345
approximated_00075.owl_functional.owl,19996100,6849767,26845867
approximated_43b2a666-a003-4542-84b0-83308590a8fe_e_actuator.ttl_functional.owl,15532721,3845135,19377856
approximated_03c2f269-c038-4d4f-b30d-480d3a094630_racle_Whip.ttl_functional.owl,11034352,3659892,14694244
approximated_a9a6d712-792f-4edf-b1fc-c25a1feb466a_tePhysical.owl_functional.owl,141427672,212353091,353780763
approximated_0211b399-dc12-43f4-895f-39f58e618648_earthrealm.owl_functional.owl,65606083,101047346,166653429
00147.owl_functional.owl,9083603,710473,9794076
approximated_44ff75c3-291a-4963-9e77-dbf37dcca9a6_CogPOver1.owl_functional.owl,22973689,21285343,44259032
approximated_kb-owl-syntax-unraveled-depth-3-cardinalities-disjointness-triggers.ofn_functional.owl,647093675,1417633813,2064727488
approximated_kb-owl-syntax-unraveled-depth-2-km-relevant-cardinalities-disjointness-triggers-constant-classes-relation-axioms-value-nominals.ofn_functional.owl,696110229,1609458744,2305568973
approximated_3e28fe04-2f4e-476b-8428-0ac2ce40b74c_down_valve.ttl_functional.owl,20262284,5273269,25535553
approximated_4ae2073e-d089-4ced-b5a7-990d983d5f22_ux_raisins.ttl_functional.owl,17131532,3795202,20926734
approximated_0de2d073-55e9-48f6-a86f-9aed3aed1602_premises662_functional.owl,15324286,5850896,21175182
approximated_kb-owl-syntax-unraveled-depth-0-km-relevant-cardinalities-triggers-constant-classes-value-classes.ofn_functional.owl,152759611,397866092,550625703
approximated_d0db67c2-e5c1-4810-b6ca-b3f708f8a2ce_im_generic.owl_functional.owl,12650159,10970468,23620627
approximated_b3cf3b22-bc37-4915-b735-67d3214af03d_tegoryTutorial_functional.owl,17385391,1846975,19232366
cdb05144-2483-4adc-9332-01e2c31f4591__rel_names.obo_functional.owl,295963029,644351164,940314193
approximated_45181f01-13c5-4a87-9922-b5ade546ea05_DDR_SDRAM.ttl_functional.owl,12304147,3929535,16233682
approximated_kb-owl-syntax-unraveled-depth-1-km-relevant-cardinalities-disjointness-triggers-relation-axioms.ofn_functional.owl,674622347,1584083808,2258706155
approximated_49fe8031-0ed4-4dd2-9c1e-0aa280d8a13b_ulic_fluid.rdf_functional.owl,39268468,3692697,42961165
approximated_4c254284-5177-48aa-b191-98fb48336c00_ng_gliding.rdf_functional.owl,16838141,4238639,21076780
approximated_c6e552f0-502b-4de0-8c3d-10f43032b0cb_sudoku9c.owl_functional.owl,16106953,7628048,23735001
18777b02-f203-491b-b1eb-458281c64d58_imitive2.0.owl_functional.owl,15277132,5854317,21131449
e4beb4c3-1c4f-4151-9671-2c853dc09822_lexinfo.rdf_functional.owl,19332748,7013390,26346138
approximated_60bb01d0-bdc4-41d9-92d5-0343a5bb23dc_eanFeature.owl_functional.owl,135110756,217814850,352925606
approximated_833f9a1d-894c-4eef-9c93-4066d3004634_space.owl_functional.owl,23107154,20845244,43952398
approximated_5d7f4173-f7d1-4be7-84a9-83b04deb5a37_Chhurpi.rdf_functional.owl,10158284,3811638,13969922
approximated_94e695ba-eb4f-416d-8eb0-754a3e60d224_icusModIDs.obo_functional.owl,3182940729,7773241306,10956182035
01e6c221-0cc3-4315-9d50-aad6d8f1dc4d_MAT.obo_functional.owl,23796772,26782871,50579643
abde1edd-ee6b-4f51-b033-94200b9d8919_Mayor.owl_functional.owl,17243302,1756476,18999778
approximated_53b656f4-e4bf-4f29-bfbb-b12a4d298543_pe_cleaner.rdf_functional.owl,12291479,3703827,15995306
approximated_8b298292-0dfe-4908-90ef-1194d1a80e3a_se4_atwork.rdf_functional.owl,14071736,2867359,16939095
approximated_USDA_sr25_NF0_5.owl_functional.owl,30825388,7145890,37971278
approximated_00043.owl_functional.owl,2319480023,6684870348,9004350371
approximated_d629cab0-3d54-4e10-bcab-83019d4e0d67_DVD.ttl_functional.owl,18860503,5258553,24119056
approximated_c8c8c7d8-81be-4eb2-a645-3bf30f8f69db_spatial.obo_functional.owl,16143347,12146752,28290099
b4c54adc-1ff9-434d-9bdd-5895f0816e75_classified.owl_functional.owl,54687283,130752631,185439914
approximated_8486f4e9-f4ee-41a6-a2f6-4696cef9149b_Airship.rdf_functional.owl,17682129,3778317,21460446
approximated_4ec7a0ca-9349-4946-a802-44fe7e11027c_NIFResource.owl_functional.owl,71760574,153147214,224907788
714e5d26-f5f6-4e23-a7c9-8eadfe5ecb35_eKrankheiten_A_functional.owl,11683809,908418,12592227
approximated_6e55774d-8d2e-4535-9723-517060bfa0d4_coddata.owl_functional.owl,19406264,7665645,27071909
approximated_8609661e-fd10-44e7-8cf8-83342bd2256f_d_dressing.ttl_functional.owl,15400751,3878637,19279388
approximated_32933ead-7f37-462b-bf3c-f8d62d5cf956_dore_CBMII.rdf_functional.owl,15261422,4066941,19328363
approximated_9f14a3ce-a826-4b01-b95e-e6034e209e8e_sensordata.owl_functional.owl,22222346,7670041,29892387
approximated_146ae675-ac20-4cc1-b1cd-dc1cc1e7e8a6_citygml2.0.owl_functional.owl,8190266,8096480,16286746
approximated_00504.owl_functional.owl,21010916,32854563,53865479
approximated_4b92ea6b-57be-4411-8cb2-ff5aae2fcfb7_sequence.obo_functional.owl,55874786,117002052,172876838
approximated_1a1bba74-2d42-4184-992a-401f8b430813_Sauna.ttl_functional.owl,12959819,4067611,17027430
db609e4a-98a0-49ec-8bbd-be494fe5cb5b_t_taxonomy.obo_functional.owl,789798964,2081709731,2871508695
approximated_150056c5-9d93-469d-8385-bf23f3a2239c_anDynamics.owl_functional.owl,138142905,214728567,352871472
approximated_3184d3e0-b2b6-4b3e-877f-c4a315804cbb_Tachometer.ttl_functional.owl,13386829,3845468,17232297
383366e9-d911-407a-a795-ce94e519de12_onto.rdf_functional.owl,15589226,1893960,17483186
approximated_12c46cd1-6ba9-44a8-a751-9308d1fb2243_FIX_functional.owl,32971654,79565738,112537392
approximated_0ad2ca86-630c-4a9b-8bc1-707c428de501_zfa.owl_functional.owl,233902131,557500514,791402645
approximated_bc59726a-0642-4ced-a367-ee823ffa06af_Pen.rdf_functional.owl,16461617,3748983,20210600
approximated_020eda87-e823-4be9-a0b0-5c28c7a506ce_nci_anatomy.owl_functional.owl,96983404,266841140,363824544
a2617005-e005-41c9-8b50-970c7da1dbd1_unspsc.owl_functional.owl,1001015019,1168385552,2169400571
approximated_ade6923e-503b-458c-9b2f-30818fa53486_geolMineral.owl_functional.owl,162873134,127120499,289993633
approximated_kb-owl-syntax-coreference-IDs-km-relevant-cardinalities-disjointness-constant-classes-value-classes.ofn_functional.owl,1059674821,2282351424,3342026245
de9ebc99-2b9f-49dc-b83c-bf592c287d4b_onto.rdf_functional.owl,18513186,1880469,20393655
approximated_4f5b3a9b-ef6a-41dc-9438-a318a9e1a68d_maontrev14.owl_functional.owl,14034792,4532891,18567683
approximated_kb-owl-syntax-unraveled-depth-1-km-relevant-cardinalities-disjointness-triggers-constant-classes-value-classes.ofn_functional.owl,718786147,1671275509,2390061656
approximated_5e2e45cd-8162-45cc-8fcd-46692747c971_fbbt.owl_functional.owl,597044737,1184350388,1781395125
approximated_00545.owl_functional.owl,237987347,562740320,800727667
approximated_b19a13f0-6a92-46c1-8fb5-6a88df2b532a_bal_cheese.rdf_functional.owl,10143042,4297039,14440081
approximated_49b82e4b-0bc0-49e4-8428-65a25c8b6e59_um_anatomy.owl_functional.owl,18496543,18402390,36898933
approximated_00778.owl_functional.owl,2183142168,5854607813,8037749981
approximated_be9e225c-c6b3-4239-9575-d8f40e2add1f_oTransport.owl_functional.owl,132159331,211397663,343556994
approximated_25d851c2-6673-4a69-9982-7ef6789dd22d_le_spanner.rdf_functional.owl,9117604,4409499,13527103
approximated_3ee06c0e-39d1-427e-9d58-b49143c8efd6_Middleware.rdf_functional.owl,13340157,4446213,17786370
approximated_baa19b20-0233-45cf-8ac9-a55e264326d1_Meal.rdf_functional.owl,19835470,3639054,23474524
approximated_c2e2d48c-c54b-46d5-8708-f7b61461182a_oryLiveContent_functional.owl,9248564,1772095,11020659
approximated_4881c510-be9f-48bc-b503-ce965aec73b5_00499.owl_functional.owl,223377203,670499009,893876212
epilont.epilepsy-ontology.2.owl.xml_functional.owl,10788295,7210049,17998344
approximated_ce3e70f2-cb83-4367-a8bb-55c9ac45131a_tropicalis.obo_functional.owl,2038608646,4294054515,6332663161
57eed85e-f034-4b01-8ce5-73b81ee23430_onto.owl_functional.owl,17344052,6630264,23974316
approximated_17675f8f-b31e-42af-97d5-947b119a7adf_mpus_board.ttl_functional.owl,15801736,3661538,19463274
approximated_f3700bb0-81c8-47c0-9c3f-6118ca6a5d81_Hardware.owl_functional.owl,11645448,9129282,20774730
approximated_40b196da-2c70-4a27-82fd-e6a683ee92ff_vocore1.0d.owl_functional.owl,19413671,19667605,39081276
approximated_062bbc2d-af8d-4715-b703-567e1970f793_Tilefish.ttl_functional.owl,14452782,5079504,19532286
approximated_107e9b39-0c71-4fba-83e6-06f66a40ad53_tive_waste.rdf_functional.owl,17566234,3679366,21245600
approximated_kb-owl-syntax-unraveled-depth-0-cardinalities-relation-axioms.ofn_functional.owl,141934871,357177184,499112055
approximated_3ebb074d-c6a4-40dd-8ac7-bea763b49534_elegansMOD.obo_functional.owl,5132532871,10478362892,15610895763
approximated_b4f92f63-64cf-4d40-98ee-3aa3db11de5c_Protection.owl_functional.owl,37506220,69179241,106685461
approximated_00293.owl_functional.owl,32580654,31281757,63862411
approximated_547566e9-f668-4544-acec-07bdfad22697_propBinary.owl_functional.owl,235157867,252561118,487718985
approximated_1fa63c10-447a-4d20-83cd-c62366f3be92_mergedncbi.owl_functional.owl,7658106426,16186341587,23844448013
approximated_bd8a097c-d2b9-4a47-8cc3-a497061d79a5_Voltmeter.ttl_functional.owl,21273412,3681836,24955248
9a55f313-0530-4623-98b9-31f8a04bf0bd_Politician.owl_functional.owl,24807312,3517583,28324895
approximated_1e8ec488-6385-4e59-987f-b3bc8c8b41f3_ro.owl.CURRENT_functional.owl,22896574,38288661,61185235
approximated_ec6f4491-4f4d-4648-9399-28f0417b06a5_304onto.rdf_functional.owl,19642109,5111526,24753635
approximated_00480.owl_functional.owl,30241228,44253661,74494889
approximated_0808a2d3-3879-46c1-bf0b-d5760f4172fe_ench_toast.rdf_functional.owl,12179732,4202486,16382218
approximated_00669.owl_functional.owl,191955348,479216970,671172318
approximated_amino-acid.amino-acid-ontology.2.owl.xml_functional.owl,13541656,8438123,21979779
approximated_018bd856-d44d-4f37-9efe-7a987a39072b_COSMOtop799.owl_functional.owl,361055967,615189174,976245141
approximated_1d48533a-055e-45ef-ac75-7833beffe0d7_griculture.owl_functional.owl,77155066,152660470,229815536
approximated_7fa473bb-2ce7-4f60-8fd5-4280f357a687_conut_milk.rdf_functional.owl,11051899,3929970,14981869
approximated_458f1356-946e-4868-b364-c4d7aac89bf9_ston_valve.ttl_functional.owl,17433897,3673341,21107238
approximated_661fb4b3-f118-4aad-98ab-a5552eb3c9ab_Liverwurst.rdf_functional.owl,13720245,3752353,17472598
approximated_70b9f51e-ec42-4caa-b280-eee28e5abe2b_Abike.ttl_functional.owl,14325792,3637426,17963218
11253925-8c78-4fa1-9e13-559eff977623_nnotations.owl_functional.owl,6775956413,5734180588,12510137001
approximated_34fab5c2-1d46-4e9c-b175-6e95156b1c73_onto.rdf_functional.owl,17752374,4941059,22693433
approximated_35ca8cf2-41bb-4026-82fe-b72313bb93ac_Ketchup.ttl_functional.owl,14667397,3861361,18528758
0ca85c03-017a-4a62-b47d-82d1ae7c815a_4802s1s2s3.owl_functional.owl,242661424,164967295,407628719
approximated_5bcb4c41-55dd-4b61-a4ea-27539c5b07e1_SNS_Fall04.owl_functional.owl,12772957,5095775,17868732
d59d9202-24a1-4c98-b93c-62ae8f1c4f81_p.obo.PREVIOUS_functional.owl,440058580,774581858,1214640438
approximated_bp.biopax-ontology-of-biological-pathways.1.owl.xml_functional.owl,12828035,7113207,19941242
approximated_690e9270-9190-4c64-abd2-1e1489b896c7_Dolcelatte.rdf_functional.owl,14298620,3827154,18125774
approximated_5c8768cc-dc0b-4b36-91b9-36d358debe43_GlycO_0_7.owl_functional.owl,355874166,490376669,846250835
43a158ff-dc85-49f7-a46e-0854a81b1c14_genia.owl_functional.owl,18210544,6041959,24252503
mp.mammalian-phenotype-ontology.281.owl.xml_functional.owl,225531821,660887268,886419089
258bcc3c-ed5e-46aa-8174-36100df973ca_hpsimple.obo_functional.owl,232989590,704845562,937835152
approximated_15aab7bc-ea55-429b-8dcb-0502d813df56_classification_functional.owl,60121810,41156153,101277963
27d9b2f2-774a-420a-a9c4-5cf12c85c685_MFOEM.obo_functional.owl,11387390,10397860,21785250
1b2d4d43-16ab-46b9-8bbb-3da7cba9a414_rerelease.owl2_functional.owl,227753963,487833755,715587718
approximated_a6f90bea-8b65-4b71-9253-69700a277c88_ceDistance.owl_functional.owl,147870254,248822789,396693043
210b263a-069c-49f7-b88b-6435a43d2b89_Cricketer.owl_functional.owl,14199411,1968734,16168145
approximated_e73a4edf-f0df-4550-bf82-12e22849fbea_storage.owl_functional.owl,23677100,17856678,41533778
approximated_8f28b5ff-986a-42d8-bce1-0060678cab3e_ticipation.owl_functional.owl,31901840,21749250,53651090
caeee928-8212-42af-952d-655e727a00ef_egorieGemC3BCt_functional.owl,17005591,831461,17837052
approximated_00256.owl_functional.owl,8575079,2651106,11226185
nigo.neural-immune-gene-ontology.2.owl.xml_functional.owl,165317401,450095454,615412855
approximated_34caa7d7-04bb-4443-b597-f26cc3dce7a2_onto.rdf_functional.owl,14323063,5379292,19702355
approximated_be3f9e2c-fbaa-4fa8-8755-e8880987ae6b_dbpedia_3.7.owl_functional.owl,50614807,82685942,133300749
approximated_3df658b2-e3e3-466d-9b90-4950640bb72a_oss_BV_141.ttl_functional.owl,12053469,3764412,15817881
approximated_kb-owl-syntax-unraveled-depth-2-km-relevant-cardinalities-constant-classes-relation-axioms-value-classes.ofn_functional.owl,412534305,1051779263,1464313568
approximated_76b17bd3-d360-431c-9289-256713505ed1_phenomena.owl_functional.owl,78872941,153736139,232609080
approximated_ae74d0dd-a983-4826-8489-0dd4ce871146__component.owl_functional.owl,92969298,254845248,347814546
07b96969-c53e-4563-b6fa-496d0371de6f_nent_xp_go.obo_functional.owl,23987653,6028645,30016298
759602e5-68de-47e6-bdab-821b9d5f2b10_ryParser_hooks_functional.owl,12524401,1037160,13561561
00380.owl_functional.owl,212915262,122884738,335800000
approximated_1a5eec94-f14b-4653-a002-fd63a344e9a9_2_20091006.owl_functional.owl,96121298,198310523,294431821
7e9d6dda-62cb-4225-8153-8f4b92b9bdd8_eKrankheiten_F_functional.owl,15373316,841200,16214516
approximated_73bf026e-4b77-4c0e-a53f-0f436c68058e_Black_tie.rdf_functional.owl,18486660,3872213,22358873
40c95296-45ae-4461-b126-b4c72ea42ba4_Single.owl_functional.owl,21609844,2863851,24473695
approximated_4f3e89e4-a29d-47ae-898a-7ab2000ae329_go_xp_chebi.owl_functional.owl,131199036,286953502,418152538
a90336b2-59b4-4321-aa62-df337a1e7ac1_chebi.obo_functional.owl,2412933489,6290078022,8703011511
approximated_f8b28dca-f9b8-485b-9853-d457a26a069c_mergedtbox.owl_functional.owl,7577300108,18035918497,25613218605
apo.ascomycete-phenotype-ontology.25.owl.xml_functional.owl,74577070,14978863,89555933
approximated_dfc3bcd5-a7e4-4a35-8e9f-7a4d1c6612f8__functional.owl,28792824,21602636,50395460
approximated_1969743c-585d-40e2-933d-c3b79779e7d0_Velveeta.rdf_functional.owl,16185784,3679545,19865329
84e3ac05-2b9d-436a-b716-491ca3b4e8be_imals_TREE.owl_functional.owl,23836496,43837646,67674142
approximated_4f572e77-9bba-4120-a5da-bf068948b705_sm2gv.owl_functional.owl,13351341,3337846,16689187
approximated_5d46cfea-1413-4903-b508-71ac3260c22b_tland_Blue.ttl_functional.owl,15242865,4126834,19369699
approximated_8d095207-5d05-4c09-b060-e600ee9013c7_ntology_v9.owl_functional.owl,12849361,6841179,19690540
00cd6685-258f-4e6b-8ad9-c071710ff8bc_rex.owl_functional.owl,26430341,37414704,63845045
approximated_2d7f654e-23c9-40e5-8deb-4e35e4486897_NIFOrganism.owl_functional.owl,126157619,219709604,345867223
approximated_345a9325-41c6-402c-813f-d065f16a4127_hial_valve.ttl_functional.owl,15802303,3649395,19451698
approximated_684d9c2c-6c18-496f-a15d-51112d395561_partimento.owl_functional.owl,14316044,9479731,23795775
approximated_b9ce70fa-ed9c-4dd7-b616-7168ce50a9da_leOntology.owl_functional.owl,12875246,3404015,16279261
approximated_7ddc417d-150e-427b-a6fa-7826a4bae6d6_amo1.owl_functional.owl,9797880,5767753,15565633
approximated_4fe641af-4c48-4833-a5a3-c86cdb56a5a4_ogy_v2.2.1.rdf_functional.owl,32499271,4866809,37366080
approximated_19225851-bd88-4b53-99fe-b18e985a9dd3_n.obo.PREVIOUS_functional.owl,368138449,935610250,1303748699
approximated_00759.owl_functional.owl,186278580,461790367,648068947
c8c9ecdf-176d-4ab7-929e-fb214fa442ce_unit.owl2_functional.owl,13494256,18685583,32179839
approximated_46f1d501-0921-4b69-a53e-90d58c2715b0_asnetwork2.owl_functional.owl,16492238,11088208,27580446
approximated_5a16c550-5063-4a82-9434-947dfffb97af_MakC3B3wki.rdf_functional.owl,13171226,3727772,16898998
approximated_38420a39-0297-40e0-9e4d-38d18fa68e54_dering_gun.ttl_functional.owl,9235129,3807631,13042760
12b840f1-3551-4306-9a17-62b4f221765f_ccs.rdf_functional.owl,17138593,17272846,34411439
0b13099f-0f58-4c6e-9b97-a002fa5d93d4_wbls.owl_functional.owl,15073527,10074535,25148062
approximated_8349bd12-c0f7-4591-aa71-847e734eabac_spatial.obo_functional.owl,15972256,12431969,28404225
approximated_00696.owl_functional.owl,167414203,381599621,549013824
approximated_c819362f-1e63-48f3-b27f-dbfc515b537b_Boilie.ttl_functional.owl,13127815,3923075,17050890
approximated_2dcd0eac-1c50-4f9c-b80f-cc71ba022d72_OpenConf.owl_functional.owl,17949094,6354731,24303825
approximated_39493b69-3be5-47c1-aa9f-ea43a2296412_Alpha_21264.rdf_functional.owl,10204128,3868421,14072549
approximated_c3747451-843b-40fb-9feb-4d10d91638ea_owers5.rdf.owl_functional.owl,23120816,15686502,38807318
approximated_13b3bf54-f54a-4c39-8e5b-b6959e2a5042_Almond_Joy.rdf_functional.owl,16568884,3786168,20355052
approximated_kb-owl-syntax-unraveled-depth-4-cardinalities.ofn_functional.owl,377765917,872618748,1250384665
approximated_kb-owl-syntax-unraveled-depth-2-triggers-relation-axioms.ofn_functional.owl,400860138,982586788,1383446926
approximated_332019b1-4d6d-4780-a723-fe50077e91d2_prSciUnits.owl_functional.owl,139582721,208813001,348395722
approximated_cdd988e8-599b-4fa5-a062-b8bbb42b8fb8_ty_barrier.ttl_functional.owl,11336701,3920888,15257589
00141.owl_functional.owl,9487161,6124507,15611668
approximated_2c7d0146-30ac-46a5-9b31-e9b8e90f3044_yrightonto.owl_functional.owl,25103810,38438242,63542052
approximated_424de942-b7d8-4c54-a7ca-128fd573d9fb_ero.owl_functional.owl,92766693,202485019,295251712
353994c8-f9ad-4571-9d40-542a61426246__documentation_functional.owl,71394833,8579721,79974554
approximated_553ccccd-e115-409d-9c5e-3797f2f06102_mGeolBasin.owl_functional.owl,129865042,209436116,339301158
approximated_e6b5b12f-c643-4be7-bf76-da94893c2aaa_ng_cabinet.ttl_functional.owl,17283879,3795917,21079796
f6f4c4c3-4dac-4614-9ea0-603541240a9e_po_anatomy.obo_functional.owl,57250914,115792042,173042956
07755c88-21b7-4e1b-9117-55743e7d9690_spd.obo_functional.owl,24893397,43889413,68782810
approximated_7a3a1cfe-049b-4d20-983d-2081812eb118_academia_functional.owl,14446125,10194372,24640497
approximated_1e5351d9-efb0-413c-873f-6dc1272ae820_224onto.rdf_functional.owl,23926770,6633167,30559937
approximated_d0a3997a-5008-4708-a89c-38042dd495bf_od_shingle.rdf_functional.owl,17216272,4979140,22195412
approximated_d2b023a4-84f4-4906-a94d-3d6b6c743af7_onto.owl_functional.owl,16298529,8087809,24386338
approximated_c470ac41-a5b7-4389-b964-e618c4d72969_mGeolBasin.owl_functional.owl,142827141,245360186,388187327
approximated_0d57cca7-645f-4d1a-9a8e-d86f84f4720c_Beurre_Rose.ttl_functional.owl,13839360,3880552,17719912
approximated_00352.owl_functional.owl,78219213,164874883,243094096
f1daa98a-0c0c-4611-8088-28ef21771a7e_emapasimple.owl_functional.owl,180221238,375805665,556026903
approximated_1c8cccb4-52f4-478b-9262-fa701006c18b_D_battery.ttl_functional.owl,16582564,3852987,20435551
approximated_97ef5aed-8e4d-4dc6-a14d-47cd1919f28f_context_functional.owl,14007207,10373060,24380267
f0be42f5-c048-4674-be77-0d7bfaafee68_DO_XP_ALL.obo_functional.owl,688574564,1029056279,1717630843
a373c48f-bcd6-45e8-845f-6ca6c9f92337_reriochrom.owl_functional.owl,116261582,23716817,139978399
106f006d-0556-4729-ac2f-44167d2436a5_Congressman.owl_functional.owl,106778888,1929232,108708120
1cf51054-da0f-4186-ad5c-1f10e4e2f4da_imitive1.0.owl_functional.owl,16191578,12986882,29178460
f136da36-8ce0-43c5-a481-7c50847b0cbc_ossAnatomy.obo_functional.owl,169208749,148397601,317606350
approximated_1b8adcb6-7ece-4a76-9a7e-0c3847ff4c50_Bratwurst.ttl_functional.owl,102375232,3922297,106297529
approximated_7170dcd2-7e26-485d-841e-c814493d57a8_Ice_axe.rdf_functional.owl,13566253,3739528,17305781
approximated_55f6776f-3720-45d1-adcf-88ff1926d167_brevetti.owl_functional.owl,15796159,4864025,20660184
approximated_79259baf-350d-4f56-b7fc-04f51de8a819_Z9_Avrocar.rdf_functional.owl,14205493,4294367,18499860
approximated_6ce48d9b-d339-4808-9adc-e672ab75b33f_bom.owl_functional.owl,19071156,10860971,29932127
approximated_2fb07a83-496a-40f5-9ccf-db69de9ea05a_Actor.owl_functional.owl,76702058,10532729,87234787
approximated_68788840-887d-4bb5-87bd-95400423aa74_Clarinet.rdf_functional.owl,71638463,3827166,75465629
approximated_a02b7694-d987-4194-ae39-aa689354441c_al_anatomy.obo_functional.owl,12808982,5333581,18142563
approximated_02e7a214-561d-41a0-bda7-e169770102de_Wine_rack.ttl_functional.owl,11755070,3702448,15457518
00b86bdc-e16b-46bf-93fb-9cde6849dcc8_onto.rdf_functional.owl,13617078,1711318,15328396
a3d8b04c-e866-4efa-b462-0fe85f9b3bdb_fypo.owl_functional.owl,703832690,875544010,1579376700
approximated_8be5e4da-0fe7-4f3b-844a-09d0a3033240_uctures_RM.owl_functional.owl,20853679,13143514,33997193
approximated_edad47f6-775b-41c8-ad92-b9777a40bca7_ML_1.2Onto.owl_functional.owl,13322627,8257248,21579875
cmpo.cellular-microscopy-phenotype-ontology.11.owl.xml_functional.owl,18164314,18033365,36197679
approximated_5ffd2596-19f9-4691-be80-566c1275ae58_Drambuie.rdf_functional.owl,15771561,3829948,19601509
approximated_00548.owl_functional.owl,89534609,226817633,316352242
approximated_a0ab7dd5-7c95-4dae-8e99-0186e6f796bb_geolOceanic.owl_functional.owl,79755813,152868490,232624303
approximated_62cdf09c-bc97-4c57-9fae-a318b2aa1468_ESG1.1.owl_functional.owl,4592744,4238330,8831074
approximated_b4b3884d-6acd-4236-a09f-a0e476eae7b5_Seismicity.owl_functional.owl,138333276,254234470,392567746
approximated_f873fce7-5282-4b65-a0fe-01f1346d9363_DataObject.owl_functional.owl,16814201,6122675,22936876
approximated_605533de-0718-4cae-982e-cd271c04cf9e_esmeta_1.1.owl_functional.owl,31642781,20097478,51740259
approximated_87e3a796-cae9-4d97-87c6-390852e6c7fc_Hand_saw.rdf_functional.owl,16452799,4553323,21006122
approximated_380156fe-2871-41ac-9264-102d1867b1e7_Baked_beans.ttl_functional.owl,11637733,3659482,15297215
approximated_6349911a-d7c4-4d7d-bc18-b27e70b4518f_metadata9.owl_functional.owl,9324074,5152331,14476405
approximated_19e14cc8-e424-4523-9ebc-fba3d73b9bc4_building.rdf_functional.owl,14297222,3500658,17797880
acbea8ad-8cd3-4cd7-bc29-2fff6d73b7cd_latest.02.owl_functional.owl,2098399152,2079375257,4177774409
approximated_0a34b484-24ef-4c1e-8a65-baeabfcc8bb7_nikon.owl_functional.owl,20199978,20687933,40887911
approximated_b170558c-9e76-4d57-b0f0-9db8bc54b604_ridprotege.owl_functional.owl,29501193,39107681,68608874
approximated_01ba558b-f0ff-45a0-b3c1-f3bd40c03862_ontopic.owl_functional.owl,25725005,23050880,48775885
8585e08e-9d84-4e0f-8f3f-96e7fd09acdd_micmarkers.ttl_functional.owl,18029282,18152662,36181944
approximated_kb-owl-syntax-unraveled-depth-2-km-relevant-cardinalities-disjointness-constant-classes-value-classes.ofn_functional.owl,704206443,1581286609,2285493052
approximated_b02422f6-78f2-4f4e-abdb-760bfca6c0ce_BMX_bike.rdf_functional.owl,17194646,3732458,20927104
approximated_815afcb4-6159-4a5e-b51c-ee73bcab6336_laChemical.owl_functional.owl,154031894,235985769,390017663
approximated_3a6b53a0-2b8c-4e45-b1b5-fd3bc3a90488_complex1.0.owl_functional.owl,17035662,12596545,29632207
14ef665c-6583-4bdd-87d3-5461313ff8bc_apdvsimple.obo_functional.owl,24443798,27178052,51621850
approximated_19433c70-c6eb-4920-9ffb-34cf8bc766ca_Tart.rdf_functional.owl,10342529,3873235,14215764
approximated_9192d403-e4b4-4a77-ab24-e75b66be0e73_EV_functional.owl,25034167,47361267,72395434
71194406-1320-4a35-bae6-1a6062dec5e5_s_biology.owl2_functional.owl,15205438,27389033,42594471
b1dd6f74-e1e0-4bd6-9f76-f19b11d48f99_Amphibian.owl_functional.owl,13804813,1256017,15060830
approximated_b46ebd36-2a5c-4710-84c0-f2c061982718_onsumption.owl_functional.owl,256894975,127848585,384743560
approximated_3c7b56d7-804c-40b9-93e4-d961f486cba5_tato_bread.ttl_functional.owl,17647550,3868137,21515687
5cf27563-c33a-4df3-93f4-dff22f46ae47__rerioexpr.obo_functional.owl,2209476524,4506252049,6715728573
approximated_11e8d044-d5dd-4c4d-ae57-3bf56391115d_Intel_4004.rdf_functional.owl,22347643,3854757,26202400
approximated_1e95fdde-6d7e-4b71-9553-e3c0d1a14419_Epoxy.rdf_functional.owl,11176165,3659433,14835598
approximated_bho.bleeding-history-phenotype-ontology.3.owl.xml_functional.owl,28902248,42005568,70907816
approximated_51795fd1-01a4-499e-ab77-2eb5f2dcf60f_goplus.obo_functional.owl,2231708372,6320383787,8552092159
approximated_7c0d1054-0b6c-4178-9011-6d74cf7149c6_KAoSSystem.owl_functional.owl,26411069,13921428,40332497
approximated_3ee1d65b-eae7-4045-9cb5-b5938783acf9_gy_clavius.owl_functional.owl,16199700,1843685,18043385
approximated_7a498e86-adf5-4f5b-baab-2ecf37815454__Limestone.ttl_functional.owl,11941523,3857488,15799011
approximated_0868b6f4-3b34-4e47-982a-380bdaf3fde4_onto.rdf_functional.owl,15450988,5197689,20648677
approximated_b927271c-9ff1-41b5-aa6b-63c62eca8830_trol_valve.ttl_functional.owl,18335556,3805865,22141421
approximated_9aca9470-a600-4853-b615-de337b1f9ef0_tato_salad.ttl_functional.owl,11412958,3714349,15127307
approximated_9ec1eb61-a4c4-420a-9d97-a2db97a73e96_vno_cheese.ttl_functional.owl,16828488,3679327,20507815
approximated_1259dc4d-3599-4e55-830b-bf1e4bd25084_ethodology.owl_functional.owl,131366340,213849653,345215993
approximated_5546a4ee-105f-41bb-83b5-19109774781b_conditions.owl_functional.owl,14537870,4334399,18872269
03d08800-8a69-4aa1-9857-90813d251be8_imitive1.0.owl_functional.owl,9367013,6296654,15663667
approximated_1e0f6818-9082-4dd5-a3a6-d5e505ca8fc0_Renaico.rdf_functional.owl,13292589,3707926,17000515
approximated_5e98899b-f5a8-4691-a51e-72f0eeb3d078_Fldle.ttl_functional.owl,23744377,3772370,27516747
approximated_0fd2a1c4-73ea-4387-999e-4daece859826_Aejo_cheese.rdf_functional.owl,10945584,3969415,14914999
approximated_3f355f53-a787-41d3-b850-c085db9b7ff5_agent_functional.owl,13846391,5940947,19787338
approximated_bbe7c6e3-ac93-48eb-b5f4-8554ed2f8935_itionGroup.owl_functional.owl,15100421,11115566,26215987
approximated_00163.owl_functional.owl,19498798,2682965,22181763
approximated_047a7779-e463-444f-becb-5f3555e57f4e_Tweezers.rdf_functional.owl,15622539,5596130,21218669
approximated_953f1554-28d0-4e17-9ee9-9e48e45f4e8d_Flat_spline.rdf_functional.owl,13744190,3778040,17522230
479e1fd4-e79b-42d6-9056-63f9e2e43403_condition_1.owl_functional.owl,213280252,563075286,776355538
approximated_055b9253-c488-4464-8e7d-e70ae5b38984_Elbrus_2000.ttl_functional.owl,53894481,3762473,57656954
approximated_678cf775-98d2-477a-96bb-e783ef1a60a4_a_20110128.owl_functional.owl,53258834,10112401,63371235
approximated_221e314e-e48e-49fd-959c-17cac0f907c0_lus_gallus.obo_functional.owl,2402495891,4778419133,7180915024
approximated_845501d3-ced5-474f-9281-f77d6fc3f597_pizza.owl_functional.owl,19151780,14677486,33829266
approximated_4dbce668-b8ee-4517-95ab-49a9ba332edc_Svecia.rdf_functional.owl,17156478,3742818,20899296
approximated_8c7a3449-e9dd-4048-ac18-724ec279fbd2_brevetti.owl_functional.owl,12197310,4877967,17075277
approximated_00369.owl_functional.owl,924545863,2818636753,3743182616
a691ccf1-4e49-49e9-a216-d3c92b69dc4d_mirosimple.obo_functional.owl,132548022,218708529,351256551
approximated_00008.owl_functional.owl,17030488,5420860,22451348
approximated_13a55f2a-09f5-4df9-967e-3fd255c70ef6_Spoon_lure.rdf_functional.owl,12788688,3889799,16678487
approximated_00036.owl_functional.owl,455738356,1252354197,1708092553
approximated_06525848-fecf-499a-aea7-6edd68b70d82_ng_service.rdf_functional.owl,10645487,4516270,15161757
approximated_d0451fca-adc4-451b-86db-af814e5c124d_newsall.owl_functional.owl,42346678,11343581,53690259
approximated_1959161b-9d79-474a-adc6-f9f0e575e5e3_shing_lure.ttl_functional.owl,11489093,3830637,15319730
approximated_1c6221c0-89c0-4ed7-b1ac-3724019b5fcd_LMM_L1.owl_functional.owl,19597584,18331401,37928985
approximated_cc78205d-5da0-4052-99fb-4cbd06c37468_ansuniprot.owl_functional.owl,829199917,613873146,1443073063
approximated_48bc63b8-2e25-4f60-bc93-ba653667bb6b_quality.owl_functional.owl,29806527,33392005,63198532
approximated_6d61b3b6-285e-4a41-b63e-876770ff7061_anPressure.owl_functional.owl,130028802,212658180,342686982
approximated_2252824f-1541-4b6a-84ca-18e9b781c975_rStandards.owl_functional.owl,145765817,232508966,378274783
approximated_bb5109c4-6e55-4d3f-8b0a-f50e2e901cc4_om_cabinet.rdf_functional.owl,15920120,4138031,20058151
approximated_20d66bd6-8ede-47e3-b2f7-cca4d8cfd568_EAM_Jeff.owl_functional.owl,17744286,9467432,27211718
approximated_8297b44d-ea8f-47c1-9ac5-7be445dfe365_photography.owl_functional.owl,25139543,17170396,42309939
approximated_28a0f298-efb5-428a-b851-0b98771c8bd8_Hydrometer.rdf_functional.owl,13804499,3712050,17516549
approximated_65ee265c-a807-4b66-b966-ab995ace85ab_CoAXMessage.owl_functional.owl,21719632,10326694,32046326
approximated_e4f51d20-f73e-4fdf-9625-f0cc3594b817_Event.owl_functional.owl,21975249,9488815,31464064
approximated_29ada0c8-37e0-4a68-9104-70c6ff73544f_stribution.rdf_functional.owl,11306527,3815800,15122327
0dfaad8e-e810-4a2d-bf80-c819c2d4ebd8_ntestEntry.owl_functional.owl,14898008,1503037,16401045
approximated_kb-owl-syntax-unraveled-depth-3-disjointness-triggers-constant-classes-value-classes.ofn_functional.owl,712390373,1481577782,2193968155
36c2d153-8ea8-461d-9c39-bd2d99db7d4b_component.owl2_functional.owl,99771249,254602242,354373491
approximated_5243bb26-b0bf-48ef-a3dd-e031988e0f90_tionMedium.owl_functional.owl,70915627,126197609,197113236
approximated_7cf77909-356c-40d8-b30a-1fe620378b1e_k_products.ttl_functional.owl,18136430,3757081,21893511
bsao.botryllus-schlosseri-anatomy-and-development-ontology.1.owl.xml_functional.owl,20356591,17611267,37967858
approximated_00467.owl_functional.owl,125541170,347430856,472972026
823eb7a0-ebe9-4f4d-9136-b09a61afec58_Broadcast.owl_functional.owl,16450098,716943,17167041
approximated_e5245c87-5675-4ad8-95fd-5a25077d0efc_mergedtbox.owl_functional.owl,2455199197,6137034950,8592234147
approximated_94f52f1d-6d16-48e0-a1d0-fbaa0316692c_description.owl_functional.owl,42251582,15805992,58057574
812f771a-df0a-4326-b234-1ed28b255fd3_protlabels.obo_functional.owl,21768669,22938523,44707192
approximated_ff05f15c-d786-414e-8b52-b7e453f87025_PaulFisher.rdf_functional.owl,13631242,2857731,16488973
approximated_77a7c30a-ad55-46b9-8c84-627d375529e0_Loan.rdf_functional.owl,11829462,3641215,15470677
phenx.phenx-phenotypic-terms.10.owl.xml_functional.owl,12922959,16374910,29297869
approximated_2da55e1d-402e-4124-916e-e8e4499e115c_Monel.ttl_functional.owl,12804690,3709111,16513801
0a79395c-92c6-4b9f-99f1-c25649174dac_fma.owl_functional.owl,2603162078,7047458513,9650620591
approximated_d8ec6a79-0ef2-4cd5-a0d8-c04aecc20b72__gpcr_v1.1.owl_functional.owl,32806350,48598290,81404640
01d8952e-9fe6-4df0-b521-857ac465edcb_xco.obo_functional.owl,15651675,24587070,40238745
approximated_bcb04899-b0b6-4ea2-8932-f991c5bdc426_ing_Falcon.ttl_functional.owl,14625186,3683299,18308485
approximated_574f37f1-6baf-413e-8b2c-1d41a5d1aab8_BAO_v09b553.owl_functional.owl,31069549,27678167,58747716
approximated_0936b740-898a-43a7-a73a-6425804b6ec4_Kreple.rdf_functional.owl,12619824,3762354,16382178
85b140e2-f8df-4493-bd8d-1fee20e496c2_gold2010.owl_functional.owl,33560189,24324237,57884426
approximated_ef326db9-7539-4d2e-9a97-50bfa0dd53fc_Context.owl_functional.owl,13520930,11857342,25378272
0724ea7f-e9b2-460f-b5ab-85a868f64b2d_onto.rdf_functional.owl,12655122,1437811,14092933
approximated_9373b4d9-86c4-4afa-812b-83ea091c2db5_onto.rdf_functional.owl,13903408,6359335,20262743
approximated_1d4272b7-e92e-4776-9f08-892080eab941__fireplace.rdf_functional.owl,16575889,3696617,20272506
approximated_mamo.mathematical-modelling-ontology.6.owl.xml_functional.owl,12626067,5335812,17961879
approximated_6f6e69f4-9975-46c0-a1ac-52363adf4b58_senpfeffer.rdf_functional.owl,15806548,4300890,20107438
approximated_4e3664a6-dab0-44ae-ac0a-9988e830c4bf_metalexcen.owl_functional.owl,9835943,8909457,18745400
approximated_17dcbae5-9ba0-4189-88c6-fec37f7ac096_ionemodulo.owl_functional.owl,16448688,15273868,31722556
approximated_0f1ea8ca-729a-4699-84a0-60765e987c41_Vark.ttl_functional.owl,18356467,3964749,22321216
approximated_a7f87f9d-56e0-4910-ab73-8b75fbde285a_sparqlmotionlib_functional.owl,24795351,17945612,42740963
approximated_05700f04-add6-47c1-9ca9-6c6fe052ebb4_moland.owl_functional.owl,25635652,34838870,60474522
approximated_6289ba71-4f7b-43ca-8aa1-8dc9342e9688_ology_v2.2.rdf_functional.owl,17584107,4724944,22309051
approximated_41e51557-d48d-4e10-9c60-7462921f0e47_ontinental.owl_functional.owl,97943739,156424964,254368703
approximated_df296c44-7632-4935-be07-c12b1b4eedc2_exif_functional.owl,19223235,6686974,25910209
approximated_b7e3aa6f-c64c-47e5-a067-fefb7b44d718_eel_square.rdf_functional.owl,14488054,3691910,18179964
approximated_12240bc8-a0c7-48b0-8164-c905cf55c21e_ingAstrova.owl_functional.owl,97273827,11502728,108776555
approximated_7cb4a95b-a528-426b-9730-a85b326fb567_tiveocean1.owl_functional.owl,15771277,7518528,23289805
bada3181-13fd-47a1-b83e-ac028f913221_isiaeensfm.owl_functional.owl,223887456,409599291,633486747
approximated_c22cd9c2-c87d-4152-908a-728bed708054_COSMOtop761.owl_functional.owl,337884170,578484038,916368208
approximated_89a3b507-aae8-4196-832b-44de8b745eb7_rina_skirt.ttl_functional.owl,14978374,3875627,18854001
approximated_68a84b71-a6a9-46fe-a746-131ee6e44113_nOntology.daml_functional.owl,15129342,3925004,19054346
812207c8-f9fb-4d2b-be9a-c5870f078b0c_sep.obo_functional.owl,17882057,12646262,30528319
approximated_0bf9fa83-bef0-4ea9-a308-7706780329f0_d_Approach.owl_functional.owl,54283344,52115488,106398832
approximated_4db971f7-8f8d-417b-b9c3-023152610d86_istryprimitive_functional.owl,15812433,8126234,23938667
approximated_5fad4e0b-cff1-4757-bf67-246b71754f05_bibo.xml.owl_functional.owl,13566743,5714509,19281252
approximated_b2dd222d-d5be-4625-9ded-28c0007b8f44_phenWave.owl_functional.owl,133332941,245985010,379317951
approximated_7c3ce547-ea50-4868-bd3f-f0cf4c83e342_infoFile.owl_functional.owl,30937069,30271896,61208965
approximated_kb-owl-syntax-coreference-IDs-km-relevant-cardinalities-triggers-constant-classes-relation-axioms-value-nominals.ofn_functional.owl,609392073,1678683672,2288075745
approximated_0b3b564a-2455-472e-8139-62dc793add52_realmOcean.owl_functional.owl,143763825,225409506,369173331
16b7bd3c-bd6a-476c-bcf0-b690110e5836_seasesv1.1.owl_functional.owl,16700790,11453488,28154278
62c4d22a-0335-44d9-8ac9-83e9e3dd001a_tadssimple.obo_functional.owl,34167258,48613797,82781055
approximated_498b0554-b7a2-4fac-bd67-d51865f47878_Gicle.ttl_functional.owl,18516705,3837780,22354485
196069ae-47e7-4d81-8630-3a0f827f20d6__ontology.owl2_functional.owl,130006033,344905755,474911788
approximated_cf5c14d7-7a10-4f7a-b4d1-0cb66c488c7f_GeolOrogen.owl_functional.owl,143305471,247156609,390462080
approximated_3dab6429-d89e-4f53-8005-0e8ff032fec2_circulator.ttl_functional.owl,13001128,3681319,16682447
c5d5db0f-effa-4a10-98fa-9c06285acb65_4802s1s2s2.owl_functional.owl,212900073,119392926,332292999
approximated_88f4b355-2d6d-46c9-84fb-336e8b689558_OMIT.owl_functional.owl,91217977,200355857,291573834
approximated_3dcc15cd-68f5-4dc0-93d8-3f5afafc105a_mergedtbox.owl_functional.owl,14696693487,20287926416,34984619903
approximated_qudt.quantities-units-dimensions-and-types-ontology.4.owl.xml_functional.owl,87969355,12859898,100829253
approximated_27d63b9c-2420-4ad1-80be-f48c0641f96e_ompoundIon.owl_functional.owl,363334053,124542027,487876080
approximated_2f567888-a654-4ddd-9c66-e0762b2f6d2b_MSKB_ver2.owl_functional.owl,184422179,11745452,196167631
approximated_2e7064ec-d7cc-4345-9aa0-6c70d8969dea_mAstroBody.owl_functional.owl,514460877,210971007,725431884
approximated_USDA_sr25_NF0_15.owl_functional.owl,304025145,30847219,334872364
approximated_5c8d7e83-7cc4-443d-9a9b-afea99436aff_netcdfobj.owl_functional.owl,15330439,2856192,18186631
00304.owl_functional.owl,50193142,2626323,52819465
doid.human-disease-ontology.402.owl.xml_functional.owl,154206941,347937378,502144319
approximated_15ba4ad9-d233-4871-a84a-eebdd852c818_mergedtbox.owl_functional.owl,3070343796,7773069651,10843413447
approximated_mhc.major-histocompatibility-complex-ontology.4.owl.xml_functional.owl,273602635,731564726,1005167361
approximated_15bdf655-5c4e-4c8c-8572-b34a26017623_20090220.rdf_functional.owl,27214136,11947622,39161758
00392.owl_functional.owl,47119701,16516341,63636042
approximated_d7854d6b-fd6b-40e7-b8b1-24347abcd684_hemaorg_wn.owl_functional.owl,26462333,45774693,72237026
f0851e7e-ca96-4e94-86de-b229a27fedd5_nOntology.rdfs_functional.owl,16471386,22600626,39072012
b4498ced-008c-46a1-b2f5-95c950b74dd0_e_ontology.obo_functional.owl,1559566621,4234954377,5794520998
1eb7142f-d376-4ffa-bca0-3ee5a3e0f371_se_anatomy.obo_functional.owl,98684262,195153838,293838100
approximated_89999cad-23d3-4d7d-9c46-a66ef4672a5b_relontosx.owl_functional.owl,19506464,7186783,26693247
approximated_f3da304d-bb0c-4f04-89a5-70ace0174cfc_dbpedia_3.9.owl_functional.owl,67431617,119191121,186622738
4d9b64fb-76b1-4c42-9a97-221f234475ba_symp.obo_functional.owl,24887737,41725906,66613643
approximated_44554ad1-5e09-4f62-b55e-1a566d4310a3_Sardine.rdf_functional.owl,11430139,3718956,15149095
880daabc-54f9-42e4-99b9-5170fa4a7e47_HOG.obo_functional.owl,51342152,83051219,134393371
approximated_00567.owl_functional.owl,19298531,24804174,44102705
approximated_a0609a7c-2fdc-48d9-87c9-c92060e960b4_OWL2.owl_functional.owl,14803230,9282049,24085279
912115eb-cf62-42e5-8d6c-ea560f8fae27_aria1.rdf_functional.owl,15861082,4451859,20312941
7e6dee3b-6178-4a14-aa40-b2fd7788fcc9_fyposimple.owl_functional.owl,91414614,239514569,330929183
approximated_92460c65-04be-4f00-ab2b-012e0afe0bc8_ialTop0603.owl_functional.owl,11642765,5751378,17394143
approximated_d8c99962-00dd-40f0-921b-824dc644b813_media.owl_functional.owl,34572348,36135546,70707894
d7407975-0184-4c08-bc4c-2635f72a970d_ffective_pages_functional.owl,53876230,7132644,61008874
approximated_kisao.kinetic-simulation-algorithm-ontology.16.owl.xml_functional.owl,23590003,26679526,50269529
approximated_70611545-b925-49a8-b922-cf24319a1cbc_ber_wrench.ttl_functional.owl,14911784,3803426,18715210
approximated_470d40a6-e37b-4d89-a1ee-23543c455f24_Baumkuchen.rdf_functional.owl,10611950,4019876,14631826
approximated_92c75773-5902-4340-acd6-4ceb69fcf464_.BIBiri.owl_functional.owl,11766214,6510920,18277134
approximated_fcab5152-dd98-4182-965c-efafc6425d5a_onto.rdf_functional.owl,16241336,6434155,22675491
approximated_e7b7303e-cf15-4161-b21d-7f1ae6e64bf0_IAO.owl_functional.owl,13620933,9376413,22997346
gro-cpga.cereal-plant-gross-anatomy-ontology.10.owl.xml_functional.owl,62043880,115331444,177375324
approximated_feaf1577-ec44-4912-9caa-a57a720af930_cfobj.owl_functional.owl,47588386,13788462,61376848
approximated_c81f2f29-c2f2-49ba-bdec-c5f27447c578_Profile.owl_functional.owl,13768624,7196807,20965431
70351d47-6588-4c63-9a6b-81e452ea1b36_evelopment.obo_functional.owl,16641132,10899311,27540443
123ae5bb-bd5e-46d7-8182-c8a8b9faddab_DO_XP_FMA.owl_functional.owl,95187591,40107523,135295114
approximated_kb-owl-syntax-unraveled-depth-4-km-relevant-cardinalities-disjointness-triggers-constant-classes-relation-axioms-value-classes.ofn_functional.owl,675707861,1427466270,2103174131
approximated_1ae83c60-e25b-4f30-afda-9a407d2da8e3_ra_anatomy.owl_functional.owl,55472174,97702672,153174846
approximated_30c9e925-0caf-4205-a65c-b3224458af57_eDirection.owl_functional.owl,153607387,210410901,364018288
94738639-fe1a-474b-aa43-a6e54cccfb85_lgbcl.rdfs_functional.owl,28843971,23734639,52578610
31396bca-f8e0-49cd-a1b3-765a5088c714_h_anatomy.owl2_functional.owl,235722213,567509712,803231925
07b4edf0-5daa-4233-9f6d-d25487c600e3__phenotype.obo_functional.owl,227822287,628476705,856298992
approximated_01027a8f-98c9-489b-bdb6-7422d32b4072__equipment.rdf_functional.owl,12193191,4089758,16282949
78fa8799-aa49-4285-8d99-8ce395224bb9_dublincore.owl_functional.owl,15780732,1736542,17517274
02a11281-47b3-484f-b817-e052aa0926f5_ogyProtege.owl_functional.owl,257112192,722146515,979258707
approximated_5722fcb7-91dc-4233-a0be-32c924648a39_ogyIgneous.owl_functional.owl,78301185,136523277,214824462
67f353b8-9a87-45a4-b25a-a4bdd9eadc7f_importchain.obo_functional.owl,17918281,7464716,25382997
approximated_4c6b2392-e296-4b33-abef-b2a079261fa3_Sablefish.rdf_functional.owl,13442184,3760947,17203131
approximated_00374.owl_functional.owl,754839130,2017379699,2772218829
approximated_4bb9bb92-0f3b-405d-afde-f91888164cd4_Wrench.rdf_functional.owl,16583020,3872258,20455278
approximated_44fd945d-8f69-4f40-96af-85b7bc2b6354_univbenchdl.owl_functional.owl,14901455,5206973,20108428
approximated_3635066d-c5bc-4dd1-881d-4e31d3cda467_Ice_screw.ttl_functional.owl,13131281,3719157,16850438
51ebfcf0-01e2-4f59-9827-28435007dc6b_egenechrom.obo_functional.owl,210533289,395379315,605912604
approximated_b9e2b0af-38c5-4837-9a5d-8b848b725636_PaulFisher.rdf_functional.owl,12737063,3102782,15839845
approximated_4d9c7a74-5c64-4f43-8bdc-28cc2297b7d0_shire_Blue.rdf_functional.owl,9612545,3828176,13440721
approximated_ce433e58-d622-48c4-a8fa-7c9a761fb2b6_llaricerca.owl_functional.owl,11757801,8210417,19968218
approximated_491962f8-5cd0-4baa-aa0d-92acaf4682f4_Lion.rdf_functional.owl,13111054,3758798,16869852
approximated_3747b5ae-e4fd-4f61-9591-a0efc27f5fc4_Havarti.rdf_functional.owl,15855089,3745123,19600212
approximated_a837097e-a63e-4dc9-bb5b-b427b6618fe5_ecrm_091125.owl_functional.owl,21928300,21767506,43695806
approximated_333aa4d1-04df-4ca2-9eab-90981420daea_Hendl.ttl_functional.owl,17106860,3689874,20796734
c127423b-6e69-4238-a5d6-2548477c30f0_sep.obo_functional.owl,19465333,12477972,31943305
approximated_kb-owl-syntax-unraveled-depth-2-cardinalities-triggers-constant-classes-relation-axioms-value-classes.ofn_functional.owl,433520485,1126132765,1559653250
8a06d51a-66b5-44a8-9840-3acce8258ddc_pathology.owl2_functional.owl,18132227,33139264,51271491
approximated_09bdd70e-ae4b-40c7-b528-14d505e5599e_nFramework.owl_functional.owl,20175824,12737132,32912956
approximated_kb-owl-syntax-coreference-IDs-constant-classes-value-classes.ofn_functional.owl,771052349,1742414351,2513466700
approximated_09fa2c47-5186-4ad9-9e01-3e54813a30c5_PaulFisher.rdf_functional.owl,17553804,2992608,20546412
approximated_180c9443-ca87-42af-8112-cc7074a32e68_Cello.rdf_functional.owl,14907064,3800940,18708004
approximated_25e899a2-54cf-4e20-8f1a-4f960b1b1bc1_wizpol.owl_functional.owl,28560028,26890399,55450427
approximated_4e62448b-b1ca-416f-878f-be1d71e3b2e9_iaeuniprot.owl_functional.owl,339259420,536963432,876222852
approximated_2c12ed51-4979-4434-914a-ecea1d50d0da_udy_design.owl_functional.owl,7541932,6110442,13652374
approximated_kb-owl-syntax-unraveled-depth-3-disjointness-triggers.ofn_functional.owl,597056169,1376406803,1973462972
98f19542-77d7-443a-8413-bff07e314caf_fix.owl2_functional.owl,33538022,79419728,112957750
approximated_14276bd3-1c48-4054-8a74-1dea57f96591_CoreLegal.owl_functional.owl,23708583,18431559,42140142
0da44b03-9cf2-45c0-b503-208eb7d7a15f_ehda.obo_functional.owl,329255138,495418671,824673809
approximated_99ee3762-12d0-41ac-af7d-fecd79ec178c_erred_v142.owl_functional.owl,147982077,365437676,513419753
approximated_f012a55e-20df-4173-be4d-6cc23358948e_BAO_v09b461.owl_functional.owl,21536886,24825248,46362134
approximated_cb02ebf3-4767-4ff2-a7b1-08964e53d964_y_version1.owl_functional.owl,16211640,5205408,21417048
approximated_97f2639d-b4d2-4e5d-942e-31c0a79dd0d7_gnd.rdf_functional.owl,18967975,8236955,27204930
approximated_870f182c-db05-4eeb-b0c8-8b79d367eb93_opMassFlux.owl_functional.owl,151315890,214064539,365380429
approximated_8fcc91c5-c592-437e-818a-4e308d493e22_ortho.owl_functional.owl,79861184474,1.93975E+11,2.73836E+11
approximated_c59a468d-640b-441b-94ad-7b284136cf9b_rgetAppRDF.owl_functional.owl,17775067,2987615,20762682
approximated_58e2db93-b554-495a-98fa-e419e2158c5f_properties.owl_functional.owl,18805466,1963475,20768941
approximated_f3d5a7e7-95fa-419e-abf8-ac622f8be720_dgets_v0.2.owl_functional.owl,23240317,10536897,33777214
approximated_0977b261-5fb8-4c32-abe5-8092d0fb891d_Pizza.owl_functional.owl,16453617,13030576,29484193
15142ae8-c9b2-4e1a-ac58-284d3db0504a_CIDOC1.rdf_functional.owl,29299955,5529855,34829810
approximated_c08b4c9d-3585-42e2-bb91-30b78599f825_NIFMolecule.owl_functional.owl,395835416,767863860,1163699276
0f1b5947-7487-4cc3-b616-02dbef3e78a1_t_ontology.obo_functional.owl,14653621,24474681,39128302
approximated_kb-owl-syntax-unraveled-depth-2-cardinalities-disjointness-constant-classes-value-nominals.ofn_functional.owl,873508735,1566003935,2439512670
approximated_290a7255-b23a-4718-93e7-a49c52e45929_Hirtenkse.ttl_functional.owl,15292332,3872547,19164879
approximated_kb-owl-syntax-unraveled-depth-1-cardinalities-disjointness-constant-classes-value-classes.ofn_functional.owl,747923501,1720378349,2468301850
approximated_ogg.ontology-of-genes-and-genomes.1.owl.xml_functional.owl,1526764565,3688391045,5215155610
9716dcc5-a573-4240-9ab0-496511a61a28_ype_xp_go.owl2_functional.owl,29888240,10103370,39991610
approximated_0921fca9-5ca3-4108-babc-f95f925cb398_dTransport.owl_functional.owl,133713254,242974809,376688063
approximated_chembio.systems-chemical-biology-and-chemogenomics-ontology.7.owl.xml_functional.owl,18203443,7326033,25529476
approximated_088d5b64-c164-45fd-be4d-d16447fb5d1a_M158_JASSM.ttl_functional.owl,10716233,3748054,14464287
approximated_897daaf4-d262-4f93-8609-49b186237392_cexamplegraph1_functional.owl,16964362,13019238,29983600
approximated_9a67607d-af00-4a12-8d7b-c618ba46762f_Galbanino.rdf_functional.owl,12785821,3789947,16575768
approximated_500ad4cf-2474-4b5a-a63a-dd43ac6ba610_tao.owl_functional.owl,133394811,265555562,398950373
d62e87ca-c33f-4bee-94e0-64fd7e480367_onto.owl_functional.owl,15552520,6941126,22493646
approximated_03877162-806a-4b20-9fc1-0fd93f6950b2_ethernet.owl_functional.owl,21189780,8863321,30053101
d823933b-ea1d-407d-bf5a-a6d8082d5f67_ntic_MediaWiki_functional.owl,9698263,1381098,11079361
approximated_24cc3a64-bf79-4c77-9cd6-e0a1067ef72e_Sebenza.rdf_functional.owl,16446637,3824493,20271130
approximated_01382d6d-97af-4344-9a44-09920e89107b_e_detector.ttl_functional.owl,15917928,3868262,19786190
approximated_199d7d2b-3fa3-464d-a5fe-2f279788a131__loaimport.owl_functional.owl,18294747,17833335,36128082
approximated_a9fa646c-920d-4ec5-b14d-e81246b236c1_device.owl_functional.owl,13561778,5128890,18690668
approximated_6aadbb7f-57b9-490f-8ab0-3a739ad4c20b_ermittlung1.owl_functional.owl,15281905,6170168,21452073
approximated_031430f3-abd3-4f74-9178-749c28d30107_e_in_China.ttl_functional.owl,13886500,4012228,17898728
82a8f572-d46c-43fc-9cdb-b7026647455d__phenotype.obo_functional.owl,175203223,103614360,278817583
897084f6-b914-417d-9cba-40b389c1ca4c_lanogaster.obo_functional.owl,243669539,447151709,690821248
wb-ls.c-elegans-development-vocabulary.20.owl.xml_functional.owl,19103195,10154983,29258178
approximated_86572a7b-608d-4fbd-8d42-ed056ed0ea7a_geni.owl_functional.owl,24407266,22711320,47118586
approximated_kb-owl-syntax-unraveled-depth-2-km-relevant-cardinalities-disjointness-constant-classes-value-nominals.ofn_functional.owl,685630159,1561470279,2247100438
approximated_c0ca4e3f-ff6b-4eac-882c-183788832e5f_citygml.owl_functional.owl,99289537,12404898,111694435
d042cc84-0f23-4f01-978e-656dcce463a1_KategorieLunge_functional.owl,82528708,803648,83332356
approximated_ece27dad-8196-4e9c-9146-fae380c3d7ac_ceRelation.owl_functional.owl,137467033,212436829,349903862
e9e63e95-c5a4-4656-b813-950a558fdeb9_Person.owl_functional.owl,23584374,2300325,25884699
approximated_6dbe1d8b-68fc-4da7-b2f4-88a5e345b5d0_sparqlmotion_functional.owl,13014816,9062559,22077375
approximated_163c65e9-772a-4d25-838f-2c8588490ea7_Gray_iron.ttl_functional.owl,16437832,3751111,20188943
approximated_10a66881-c9ba-45e1-bd45-2ab640dc9823_OWLIoTS.owl_functional.owl,25533068,26252676,51785744
approximated_dafd4954-0862-4e20-9df3-53c415d761c1_tologyV1.2.owl_functional.owl,19147557,10307303,29454860
approximated_7b2a7b55-d4c9-4e41-aae0-987ad6a10d24_ohistology.owl_functional.owl,22457146,14976210,37433356
approximated_76c91d46-f28c-44cd-a677-0b273d50586f_phenStar.owl_functional.owl,129091394,220384799,349476193
approximated_4040bac8-ef9e-48e7-b89d-e3749076c6f9_Coffeemaker.ttl_functional.owl,23261755,6028414,29290169
approximated_5b8bc971-902f-488b-9a2f-74e92b5fb3e9_olb.rdf_functional.owl,16745313,3916560,20661873
approximated_d04ca174-a81f-42bd-abe8-690e55d09720_GeoSkills.owl_functional.owl,338179880,49640383,387820263
89e3f9e4-9111-47fc-a077-e2e52bc7bb2c_spdsimple.owl_functional.owl,31003689,42987098,73990787
fd29bf9d-9e00-490a-8462-78d3b1f2d8ef_lanogaster.obo_functional.owl,837807504,1635672121,2473479625
approximated_809c5dce-02a2-43d7-9b6f-20c2b7b1bdd3_bspo.owl_functional.owl,19558733,17649548,37208281
approximated_e35b3542-7a59-4ca0-9e1d-b6551f86036b_Countries.owl_functional.owl,21509569,4719209,26228778
approximated_a5168694-1197-4f24-8629-7408c690e32a_timeScale.owl_functional.owl,30013728,25893064,55906792
approximated_a3524199-a6ed-4851-afef-133de308e871_egoryRDF_store_functional.owl,10720197,1836918,12557115
0439ba09-2667-4b33-993a-7db4ae2ef8b9_miro.obo_functional.owl,90897427,219708012,310605439
approximated_2e246091-77c8-4bf9-a0af-d85f05eb01b4_Bun.rdf_functional.owl,16398756,3772093,20170849
approximated_02a5c3f1-6296-4b3a-831f-9ee11260d6ce_Chemical_1.owl_functional.owl,79752282,158880889,238633171
478dd1f3-5730-47ac-9753-dfc6820209bb_fbbi.owl_functional.owl,61573263,25691548,87264811
approximated_3fe8df9e-8a9f-453c-9104-db2a524b0fa4_algraphcomplex_functional.owl,10621671,5069299,15690970
approximated_08a9cf2b-cc44-434f-8297-22eb4589bddc_unit.owl_functional.owl,10675686,4925794,15601480
approximated_be164f46-6f60-4ec6-8cae-6c0785c77da3_PaulFisher.rdf_functional.owl,16137160,3023181,19160341
approximated_kb-owl-syntax-unraveled-depth-3-constant-classes-relation-axioms-value-classes.ofn_functional.owl,509511883,941147731,1450659614
approximated_2d40c115-b191-4187-843d-ca10f52f5e54_software.owl_functional.owl,14172388,7485782,21658170
approximated_2ebadcf7-61e1-42f1-8ee0-14d254d2ec2c_dworkflows.owl_functional.owl,12254180,6204777,18458957
approximated_f0bb10fd-4c3e-46f3-9825-68e48260f421_a_20110202.owl_functional.owl,2495619181,405558312,2901177493
approximated_5eb0046d-9f53-4b80-bfc4-42a5758a136f__wavemeter.rdf_functional.owl,19070033,3861879,22931912
approximated_c7211514-7690-4940-ace8-de59b507c2a4_Alloy_steel.ttl_functional.owl,11394085,3850737,15244822
approximated_af160ab2-4d80-405c-9091-c356d60c652b_Lyre_arm.rdf_functional.owl,17381799,3775427,21157226
755a3033-7ad2-4b49-8940-db065c46b743_Bird.owl_functional.owl,20368097,2136938,22505035
approximated_4dcce784-b7c8-4820-b3d4-a5880a85fba6_19115codes.owl_functional.owl,18482112,2421582,20903694
approximated_2c6703ad-6611-434b-982d-1d8d42ebc53b_jp1.owl_functional.owl,87442936,22952128,110395064
approximated_122b0f56-a691-4faa-a448-bee86966dc68_lue_cheese.ttl_functional.owl,17225794,3746646,20972440
approximated_2ef6820c-f0d0-49fc-b5a8-3fab0d04308a_B_provider.ttl_functional.owl,4636787,3762337,8399124
approximated_16c8817b-c2cb-4f3f-bd9b-9325f558ddde_NIFBACKEND.owl_functional.owl,60644591,117227556,177872147
approximated_012a9c53-10e5-4165-be25-5ce90dec007d_cation2006.owl_functional.owl,12476445,5183924,17660369
approximated_0a010109-235e-437a-beeb-39f5ac765db0_Nut_driver.rdf_functional.owl,9069384,3893592,12962976
approximated_c61bbbf1-75c6-4f7b-a4ba-9ddbbaa3d5a7_request.owl_functional.owl,23569713,25211835,48781548
approximated_ff6dbc20-6a03-43e9-92d5-bef4455d2604_sFluidWave.owl_functional.owl,77635801,125833132,203468933
approximated_1509eb94-147a-4dca-a8d4-082c150e04db_School.ttl_functional.owl,11268109,3930663,15198772
approximated_2ff40d56-1c1a-477a-a0ed-4991fc98ab71_chemCharge.owl_functional.owl,93302874,123477561,216780435
approximated_00434.owl_functional.owl,343824660,1080100682,1423925342
approximated_727d539f-618d-4f62-aec9-d57d4c26a8d0_PaulFisher.rdf_functional.owl,11214102,3181669,14395771
ce3e7162-dfe8-4e93-bb13-ddbafa8adaa0_functions.daml_functional.owl,14139411,5403736,19543147
approximated_114cafbb-9bd1-4994-b840-41e6c945e47e_formazione.owl_functional.owl,20630835,10429138,31059973
approximated_df94b152-dc0b-4f2a-934a-f8740c885279_a_completa.owl_functional.owl,33924105,12589745,46513850
approximated_58eb3156-d6a5-454d-bdc4-90451e9f740f_HP_functional.owl,212760782,669031930,881792712
approximated_113b7eb8-f027-4dae-811f-c8a7d029e881_h_database.ttl_functional.owl,22426284,7943309,30369593
5330f1b1-49aa-4842-a96b-7ac1ab101cd2_mged.obo_functional.owl,23873611,35080551,58954162
approximated_1d28d07d-d1f9-4e1a-9afb-1bb8062ed242_model.owl_functional.owl,21211114,16344546,37555660
approximated_bdaabf5c-b134-4d1b-a13a-138f936d24f3_l_analysis.rdf_functional.owl,11908050,3681674,15589724
approximated_458bdc8f-c305-425b-842d-7fd14486d7aa_noid_valve.ttl_functional.owl,20754802,4788842,25543644
f0912635-b51b-4fd3-8785-d15c2e6e9504_iensentrez.owl_functional.owl,708059744,665392178,1373451922
approximated_rnao.rna-ontology.2.owl.xml_functional.owl,18182132,18140255,36322387
approximated_03b67145-ab35-4049-adab-2a3828d52fbe_russlink.rdf_functional.owl,100903990,67669337,168573327
approximated_3850f80a-099f-4774-9da2-cb506ab1ac65_Kumquat.rdf_functional.owl,82565810,3652295,86218105
approximated_1b5908bd-2bf0-456f-9b61-1b877f7a3e4a_Robiola.rdf_functional.owl,33095975,3783786,36879761
3b4c5ef9-f33e-4649-b4ca-cfffad81baf7_ssimplegaf.obo_functional.owl,6235325524,13185091959,19420417483
approximated_e79dc4da-e2a8-4bb8-84ee-18db84d6d73a_ionsubject.owl_functional.owl,30786788,30637864,61424652
approximated_fc33a216-3e15-459f-a7bf-8dcc5ecf3484_spergillus.owl_functional.owl,12737407,6090756,18828163
5a7695d2-98d8-4b9e-86b7-68b838b2a6f6_image.owl2_functional.owl,17025956,23391956,40417912
1ccae797-8b90-4f8d-a03b-326a7906e885_leInferred.owl_functional.owl,16880801,16801019,33681820
2b8224b9-d12b-484b-b8b3-d989d88d8c0c_rieGrundstoffe_functional.owl,19626752,2178592,21805344
approximated_0042fff2-8249-44c1-bad9-f8b4da5a1a66_personale.owl_functional.owl,20220148,10722049,30942197
approximated_0c0e9b01-ae5e-472d-a938-746f51dc60cd_Scallop.rdf_functional.owl,8675999,3679766,12355765
approximated_76bc6b5c-b9a0-40b7-8221-9a777ef0bf89_ing_pliers.rdf_functional.owl,10588880,3927321,14516201
approximated_bba8cd93-0083-4431-9737-98d12d84c800_eDirection.owl_functional.owl,136376497,246840752,383217249
df2970f3-8e1a-4182-9775-057c96570338_CategoryCountry_functional.owl,10286437,907056,11193493
92ea790d-c908-4350-a2fe-d58d8a3c088d_mp.obo_functional.owl,212929896,622556824,835486720
approximated_7e02f863-8a23-4dd8-ac85-5baa774b25af_lity_knife.ttl_functional.owl,17389469,3764224,21153693
approximated_kb-owl-syntax-unraveled-depth-4-cardinalities-disjointness.ofn_functional.owl,598004234,1406498472,2004502706
approximated_ff8ec63d-1da1-4022-aad5-5a1e92a24999_storage.rdf_functional.owl,18558449,12156820,30715269
approximated_de2f7c8a-a9ac-458c-9a1c-2c9cfdfc3cac_s_thaliana.obo_functional.owl,3346640526,7221013214,10567653740
c3b1b94a-3601-49c2-a175-dc1eeb913ebf_latest.03.owl_functional.owl,1774426664,1753553263,3527979927
approximated_8ee94cb6-729f-4050-a5ed-59578b5106b5__converter.ttl_functional.owl,16949483,3769778,20719261
approximated_c4dae3c7-5a35-4603-b7ef-646c3181f306_provoinverses_functional.owl,13538016,3622125,17160141
approximated_6e7129af-07be-41f0-bcfd-ec9dd93460c5_MO_ERP_new.owl_functional.owl,21619910,9376927,30996837
efcf6587-77cb-4ab3-ab56-4d4c7e706302_hp.obo_functional.owl,231932007,695231986,927163993
approximated_437a1b00-2d4e-4b8d-b2ca-5f74a1036506_ass_cutter.rdf_functional.owl,14823311,3812584,18635895
approximated_ce7c8916-41cc-4827-94ad-1428c2a51491_ower_water.rdf_functional.owl,14980089,3800130,18780219
approximated_e2b20a0a-5a30-41dd-9733-79bc0fddcc92_onto.rdf_functional.owl,12041075,4849766,16890841
approximated_cfa9a92c-adb7-44c3-8d8d-29245d19a959_space.owl_functional.owl,22090732,3140420,25231152
17523409-18c0-477c-95ce-32b9bd0b9952_emoprotege.owl_functional.owl,9364712,6401869,15766581
approximated_48013d28-a1ac-47d2-891e-d49bdaeb7f50_Blow_torch.rdf_functional.owl,10320854,3706040,14026894
approximated_e6320d46-8afd-4f15-92a6-42e27ae033ba_onto.rdf_functional.owl,18255815,9774888,28030703
approximated_42ad0166-13e1-4565-9a9a-a4dda8d1b8e7_Content.owl_functional.owl,12794374,4603096,17397470
approximated_703bdc67-f5b4-4919-afd5-9cf83ff7aaf3_Web_crawler.rdf_functional.owl,11835359,3633657,15469016
vt.vertebrate-trait-ontology.42.owl.xml_functional.owl,70741844,187876846,258618690
approximated_fecfdd7d-07ef-4e89-8fdf-06c9a201943b_image.owl_functional.owl,22590343,30765321,53355664
approximated_5ab4b86c-cddb-4399-a13b-77d87b81af9b_DP1.31.owl_functional.owl,21643003,3753387,25396390
approximated_803ef238-90fa-4b06-9434-6f78f4bf5ef1_Amiga_600.ttl_functional.owl,15502743,5854134,21356877
approximated_36f1fcfc-2024-4c9e-8631-2e5a29e32509_stateFluid.owl_functional.owl,144068412,211032612,355101024
approximated_28536036-7637-4ac4-b41d-0d1bee8b30cf_Lassi.rdf_functional.owl,13836902,3846206,17683108
4f1e67ec-7491-4341-809f-84d8142b47e2_rgenechrom.owl_functional.owl,452107465,798875525,1250982990
approximated_1d60df36-f961-4073-a079-f1992c15c535_ygiene_kit.ttl_functional.owl,17594380,3661531,21255911
f4342413-f689-4370-a8c3-b311414c326b_DOIDBridge.owl_functional.owl,21728891,2532913,24261804
approximated_09cfd03b-cee0-4835-917c-fec73108d98d_ferred_v81.owl_functional.owl,39617494,69219334,108836828
approximated_d4836930-2ee5-4c40-a22f-2d7336057696_d_aircraft.ttl_functional.owl,10777197,4304946,15082143
approximated_eb734511-a7f4-4d75-9e9a-1b598322f8ef_psims.owl_functional.owl,44344646,110989146,155333792
9eb21fa2-1371-48a9-91d2-bcc48c3a012f_EbGdrcN5Y29ycA_functional.owl,33128524,39116879,72245403
approximated_790c7556-c182-44cf-adeb-2b9c1566f04f_King_crab.ttl_functional.owl,17882353,5411282,23293635
approximated_56403718-b3c2-446e-b242-bee5e58d4d8f_physFluid.owl_functional.owl,66200992,123403823,189604815
approximated_b39e25fe-54ae-4c15-83d6-7f38b23b46b1_olResource.owl_functional.owl,69585878,133941097,203526975
cbf64c86-43ed-4476-8bb3-10574675648b_openGalen.owl_functional.owl,387528992,911814554,1299343546
approximated_488f6e23-099a-4124-a4cf-5cd26ee588cb_Commode.rdf_functional.owl,10924636,4104831,15029467
approximated_ed416836-6e4c-44d7-94c5-e129f6bd2f16_onto.rdf_functional.owl,13913045,5017084,18930129
approximated_5bb29923-bb78-4e19-9622-8acb54ea8d75_atmoPrecip.owl_functional.owl,100915758,200824196,301739954
approximated_0d670443-2695-48fb-a5a2-2eb03ef9bc82_al_arm_saw.rdf_functional.owl,15130487,3752557,18883044
approximated_d96adbf5-07f6-48a5-b5b1-a582739c42fb_nt_xp_self.owl_functional.owl,28806464,42372832,71179296
approximated_3b3e8842-bf02-42ed-8a14-07f9ccbf002b_Nachos.rdf_functional.owl,16184679,3977151,20161830
approximated_91abe852-9120-475f-aae9-86a5054e5d32_realmGeol.owl_functional.owl,135727990,251396021,387124011
a6d42df3-87f3-48cf-8efd-17ed49a8f086_pennsyntax.owl_functional.owl,17487419,5156989,22644408
approximated_44235d79-7b49-43e2-b4fb-d79f1ec9a4c4_Halterneck.rdf_functional.owl,14379964,3753485,18133449
approximated_kb-owl-syntax-unraveled-depth-1-constant-classes-relation-axioms-value-classes.ofn_functional.owl,477054212,1096464629,1573518841
approximated_6ea137d4-8579-48a5-87df-5e5f9bc64f70_uniprotpro.owl_functional.owl,1331629650,3435227965,4766857615
d5b666e8-d390-41ae-9094-3558368dd3b5_s_xp_self.owl2_functional.owl,38882615,11131768,50014383
approximated_19c1897e-ed48-430e-bf23-81b6d94e6236_onto.rdf_functional.owl,13740076,6632875,20372951
47936ed7-1b2d-41a3-9463-43a7ca0b75e2_SBO_OWL.owl_functional.owl,12754304,31902107,44656411
f23e4793-ead3-4f38-951d-1c12c63d5572__taxonomy.owl2_functional.owl,127345198,344434427,471779625
approximated_22d48585-2494-4d0c-bed7-2b5ef5e25a82_eThesaurus.owl_functional.owl,1903061969,3619075251,5522137220
approximated_00665.owl_functional.owl,65341627,154357011,219698638
approximated_85df151d-10dc-4c89-8bbf-43b9c39080b0_SBO_functional.owl,19070241,31770455,50840696
approximated_4b51f110-0974-499d-b762-89635edfaa93_opFunction.owl_functional.owl,140004452,214923856,354928308
approximated_182d1c6b-5ded-4b8c-bef8-e9d8e77ab29f_ceCategory.owl_functional.owl,87853698,7021735,94875433
169fb41f-11ed-42c1-a889-28639b914711_asfa.owl_functional.owl,239773115,355122102,594895217
approximated_1c7145f4-3b5e-4af0-810d-93306c33c50d_Girder.ttl_functional.owl,96832998,3734928,100567926
approximated_ba0bf118-9ed2-4850-8fcf-ac4ab6ca6af7_rStandards.owl_functional.owl,145792389,255960693,401753082
approximated_82b53d2a-5b5e-446a-85d9-5bb5ee8a453e_spaceObject.owl_functional.owl,101177707,23388031,124565738
approximated_ff8c08ad-6564-4c7f-8cdf-4c3098c4419d_ddinomesh.owl_functional.owl,163251084,103841907,267092991
19a3ce61-419f-4cfd-b0ed-c057886d4221_pato.owl_functional.owl,95558445,101904043,197462488
approximated_1d8abfe4-8f68-4db8-946b-4c613cde1729_dzongkha.owl_functional.owl,15563478,3498649,19062127
approximated_00335.owl_functional.owl,15859245,5703207,21562452
approximated_00484.owl_functional.owl,2798655557,7716179085,10514834642
approximated_2618a56f-7c03-4db1-97b1-7612e5ad5d7a_q_missaire.rdf_functional.owl,17235695,4390513,21626208
approximated_kb-owl-syntax-coreference-IDs-disjointness-triggers-relation-axioms.ofn_functional.owl,833080319,2174722315,3007802634
approximated_2f910e21-47ac-4e2e-98e2-53f965e736c8_onto.rdf_functional.owl,51012287,4769662,55781949
approximated_e8db2b6b-ad21-43e1-a6c5-f0b5513e95b3_classified.owl_functional.owl,88156179,150665276,238821455
approximated_0a276b5a-0c2e-41a7-9989-2ecdf2dd89f8_Stayclip.rdf_functional.owl,81786438,3660499,85446937
approximated_20cdb3f3-6c03-41d9-87e9-9fcca0b4b2f3_Korovai.ttl_functional.owl,24198311,3912699,28111010
approximated_c9222203-ac5e-444a-8bd6-6899bfc7afb2_ning_valve.ttl_functional.owl,23637264,4459785,28097049
approximated_d9c28c57-f925-497d-a7d4-8f0b5a217a37_nica_ideal.owl_functional.owl,55411065,11146853,66557918
approximated_c86b1ea1-ad8f-4c49-86ab-30000b3a6695_alogEntity.owl_functional.owl,119537456,10635204,130172660
approximated_1a31515c-337b-4308-9674-fcf854f78cc9_mecv.owl_functional.owl,16803617,10161784,26965401
approximated_850dca5d-410e-4348-8c5b-6865d040f843_Plug_valve.rdf_functional.owl,12213449,3751230,15964679
approximated_6a6619e0-4b49-41c1-b75c-f1e46a724027_Smartphone.owl_functional.owl,21739579,10732723,32472302
approximated_05d361d1-c8a5-4e56-a0c4-a64f679dab29_tance_edit.owl_functional.owl,50394589,47023849,97418438
approximated_04e6da07-8e3d-4e83-905b-d19593febb07_envoedit.obo_functional.owl,51782915,117449718,169232633
0d4edf18-3644-4355-8c8a-26ea5b49780f_gy.obo.CURRENT_functional.owl,76719674,160242906,236962580
approximated_0ad107d2-d5ee-432b-9778-f201de1608d9_artecontemp.owl_functional.owl,19730748,10762344,30493092
approximated_d105911d-4e72-45e2-8c71-7cb828f74084_WLSMapping.owl_functional.owl,19485345,22965766,42451111
a42d7d79-7576-4d20-b4df-b4f0ca847e0c__component.obo_functional.owl,136446534,265817131,402263665
approximated_de9aaa9d-efd2-45ae-9292-b4487717df80_epairBlast.owl_functional.owl,18720245,5380207,24100452
approximated_8180c6ff-bfea-402e-b62c-43140f2acb44_MP_functional.owl,190319846,577597276,767917122
approximated_3209fdfa-a07e-4824-beff-74498f2bec79_family.swrl.owl_functional.owl,9536290,3149380,12685670
approximated_26829098-540b-4b3c-a978-35cb430927af_St_Tola.ttl_functional.owl,12653113,4618059,17271172
approximated_33ac6fba-02bb-4022-9d45-7313650ae601_Doppio.ttl_functional.owl,18896135,7829538,26725673
13173a47-2d10-4698-bc13-0dcd5669f7d8_alisentrez.owl_functional.owl,312922748,234885317,547808065
approximated_b1d83313-f7d8-4085-a8ab-f4e022e47a5e_leChemical.owl_functional.owl,140827188,244977752,385804940
hugo.human-genome-organization-gene-symbols.3.owl.xml_functional.owl,754230630,1818983859,2573214489
approximated_0be756d6-1b4c-49f8-91e0-bc98305eb268_Suction_cup.rdf_functional.owl,22367990,3889035,26257025
approximated_kb-owl-syntax-unraveled-depth-3-triggers-relation-axioms.ofn_functional.owl,379313493,901463142,1280776635
approximated_940ba715-f721-4f71-9d1e-a77b50ff4a7d_a6.owl_functional.owl,10248820,3790632,14039452
approximated_4ef97c45-4756-4b13-b412-525dfac4b77b_ectralLine.owl_functional.owl,132454101,211135404,343589505
21d84c62-aa89-456f-a7bc-e524e9e63aa1_ebi_import.owl_functional.owl,455413527,679297189,1134710716
c8ef3fd7-5e6f-448d-82f7-d9e3ca31dd73_ganisation.owl_functional.owl,15840562,2518257,18358819
00026.owl_functional.owl,1613760090,2151158125,3764918215
approximated_kb-owl-syntax-unraveled-depth-4-disjointness-relation-axioms.ofn_functional.owl,615982718,1308990471,1924973189
approximated_64eb5d88-5096-4e23-8f6b-a5935686d2f9_nana_bread.rdf_functional.owl,13948213,3897261,17845474
64b9b4e9-cd95-4146-be1d-0a41a50d48de_ckeyLeague.owl_functional.owl,15489015,673052,16162067
approximated_51ccd522-7434-4c21-b0c4-f3ec9e24174e_OperOnt.owl_functional.owl,10975478,6486996,17462474
approximated_1b3b146e-696c-4cd9-81d0-bc1144a3dfa8_video_game.ttl_functional.owl,12731317,3705196,16436513
approximated_36a59783-abda-4bc8-806e-997fd8c591f4_Machete.rdf_functional.owl,11116317,3757846,14874163
approximated_8c89fab3-2c10-40ff-82c4-99fc15a17de2_acdnumap.owl_functional.owl,15290675,10473214,25763889
1e91ca85-e1e5-4dd9-9bf8-5ec9b2c95223_cheeses0.1.ttl_functional.owl,23669561,4186892,27856453
approximated_3b0cc67d-c37f-4d1a-bf83-681ea96348f5_Peeps.rdf_functional.owl,4912129,3751313,8663442
e40d2f43-2d22-4acd-8e2b-33c1e6c2c7ff_classified.owl_functional.owl,234776974,704905622,939682596
approximated_101f4154-ca96-4301-99cb-4151bc204856_Mendeley.rdf_functional.owl,14423727,3861804,18285531
approximated_e50ef71f-a04c-45c8-8b69-3f2eee983fcf_Assessment.owl_functional.owl,138726088,211768956,350495044
f99cf71b-925f-4a6d-8dc0-da6e05e345af_ss_xp_cell.obo_functional.owl,50076331,18471076,68547407
approximated_ccb649cd-7033-4a68-aedf-3d77963e051b_onto.rdf_functional.owl,13543840,5086651,18630491
approximated_60e5e719-fa57-44e3-85da-43e7ba147ea3_Gouda.ttl_functional.owl,13130289,3739808,16870097
757a50ae-e1d5-4906-bc0e-004723d75042__documentation_functional.owl,9727027,1177227,10904254
63a4907c-f852-4598-98dc-e71620b6a7b1_NIFResource.owl_functional.owl,15002218,5288785,20291003
approximated_87350cbc-c69c-451e-b952-5053f1add0e7_chemtop.owl_functional.owl,16293945,8131701,24425646
b6bf1149-80c9-452f-9470-997d231045ff_contextcore.owl_functional.owl,15712608,1990422,17703030
approximated_69167976-8b4d-4b54-a183-b0075ce8c394_Lumpsucker.rdf_functional.owl,17542177,3910461,21452638
approximated_dc944d1c-2206-4d20-827b-a09044701ce3_urcesbroad.owl_functional.owl,18473355,9083979,27557334
approximated_709c0654-f47c-4f2e-ace5-47b5a7590d38_lis_recipe.owl_functional.owl,22097791,16950465,39048256
approximated_1efd9c3a-e4a1-446e-afe7-be4d4c19c009_roach_shoe.ttl_functional.owl,17744593,3898105,21642698
approximated_13c7ec69-493a-4935-badb-f956ec297da8_old_cheese.rdf_functional.owl,15968243,3916869,19885112
approximated_eb29a029-05e3-4b93-9efe-41f3c30a0390_bibo.n3_functional.owl,15327879,6520224,21848103
approximated_037340e0-233a-4c71-8f15-56f6845d97d1_Kirpi.ttl_functional.owl,12586069,3816593,16402662
06374a6b-539e-498c-999d-be0f044cece0_PropertyEditor_functional.owl,12170636,914748,13085384
approximated_7f5e5c71-ffac-434d-9a64-052ee6e33c81_Grounding.owl_functional.owl,16130015,7620420,23750435
c7581bf0-b6e9-4f6e-b168-59de9461d0ab_onto.rdf_functional.owl,36574768,1634596,38209364
approximated_68101476-986d-40e6-8f9b-2de16ad91b56_ed_annotations_functional.owl,11195300,1788427,12983727
approximated_f2a8ee0b-442b-4249-92b7-0299afc47da6_gina.owl_functional.owl,2198180780,14280899313,16479080093
approximated_0a242a00-3906-4122-95cf-ddd3704fd622_Empire.rdf_functional.owl,14169896,3649516,17819412
approximated_52806ac0-a563-48de-99bd-71bdd12919e9_TMVersion3.owl_functional.owl,15096855,5486488,20583343
approximated_fa276aa4-c617-4511-9183-89cd39b75201_Shower.rdf_functional.owl,18075713,3962669,22038382
approximated_kb-owl-syntax-unraveled-depth-1-cardinalities-triggers-relation-axioms.ofn_functional.owl,473785530,1089694909,1563480439
5b3681e9-9bba-4265-b48d-24f9e2b3a5b0_ubcellular.owl_functional.owl,23180102,20571820,43751922
approximated_e8d01929-554c-45d9-860a-de17698cc1ab_PaulFisher.rdf_functional.owl,14787693,3025998,17813691
approximated_395ecec1-18d8-49c0-974f-51d73cb682af_AstroHelio.owl_functional.owl,140252326,247015316,387267642
approximated_49cdbf6c-469c-4638-9c46-3750c972b861_ple2BpetsB.owl_functional.owl,13718004,3695445,17413449
c05ccc6e-63d6-4713-b278-a330dcef90a9__Kompetenzfeld_functional.owl,11451482,1002922,12454404
d880b7d1-7574-4fe3-b704-89e601d7b0b3_onto.owl_functional.owl,12274106,6999416,19273522
approximated_18b5337c-8974-4ab8-8ffa-07c82d62046d_PaulFisher.rdf_functional.owl,14871271,2949636,17820907
approximated_8850f1bd-8df2-4362-8594-94e2ebe67bfa_MIRO_functional.owl,90442296,220889797,311332093
approximated_ddc8a05e-21d0-4efd-917b-e34a0ba6e395_crete_slab.ttl_functional.owl,14632906,3783005,18415911
approximated_00667.owl_functional.owl,44635776,86481330,131117106
approximated_11882352-d068-4132-8d98-0882d7616719_eness_crab.rdf_functional.owl,10339742,4063832,14403574
approximated_a926223c-c3ac-4205-ae5d-84746ae0bb68_leOntology.owl_functional.owl,14515665,7693664,22209329
approximated_57963ed0-9693-45da-9aa8-cc055e56aaef_ic_battery.ttl_functional.owl,11602141,4005238,15607379
approximated_559ed7a7-3d13-4c0d-9f21-570c324ff1b8_matrAerosol.owl_functional.owl,137554349,248490638,386044987
approximated_369c54df-cf92-4755-9ccc-cd823536c156_Biblioscape.ttl_functional.owl,93898083,3810177,97708260
approximated_91611942-d597-4d22-986c-cba2f27c806c_Sandpaper.ttl_functional.owl,20953612,3981483,24935095
00144.owl_functional.owl,62096965,92115737,154212702
approximated_GALEN-Heart_ALCHOI(D).owl_functional.owl,372677920,746166026,1118843946
approximated_00169.owl_functional.owl,16363002,5231155,21594157
e1f4360c-6052-4caa-a4de-4bb38321f897_gansentrez.owl_functional.owl,751581838,483015850,1234597688
approximated_3d19cfeb-c1ea-4cfe-b965-410f36a61e61_ocean.owl_functional.owl,73581712,145029846,218611558
approximated_kb-owl-syntax-unraveled-depth-3-triggers-constant-classes-value-nominals.ofn_functional.owl,382692265,904442515,1287134780
fc935568-1461-4faa-b38a-bf84968871d6_egenechrom.owl_functional.owl,200119779,389703375,589823154
dce07111-010a-450b-8c3a-2d55a8b48a21_LSCOM.owl_functional.owl,38321233,45176861,83498094
approximated_e4af8b1a-5f09-4e13-a5ca-330ae9321f48_properties.owl_functional.owl,97000579,1712847,98713426
approximated_bd043ce8-4b25-4c9d-b02b-cf4d7b6bb958_cl.owl_functional.owl,391005877,847910117,1238915994
approximated_1753aae6-30bd-45d2-831b-e23cbbd7edc2_mmon_bream.rdf_functional.owl,12362389,4010383,16372772
c97eca88-bb61-41c0-b342-157fd8591da5_nnotations.owl_functional.owl,7566773320,6260549071,13827322391
43186c17-6f69-4d5b-86a7-f1b56b7cd706_isOntology.owl_functional.owl,27390228,2112120,29502348
approximated_be94ff4f-bb0b-435b-9af1-5cba4d16757c_so.obo_functional.owl,60815251,132518008,193333259
02210f4d-8e32-412d-88aa-13494ff93163_n_anatomy.owl2_functional.owl,64962583,132382111,197344694
approximated_kb-owl-syntax-unraveled-depth-2-km-relevant-cardinalities-disjointness-triggers.ofn_functional.owl,632885481,1684501181,2317386662
approximated_00003.owl_functional.owl,503313035,1328929260,1832242295
approximated_0d42f29b-9a14-4787-b50c-3bed25c7e468_MO.owl_functional.owl,33786483,25175831,58962314
approximated_2f69a6fe-ad4a-4ee3-8bfc-8838dd6337b6_ing_tackle.ttl_functional.owl,21729210,4998147,26727357
approximated_2a07b4aa-48cf-4f24-8199-5ef20a2a2b48_ceRelation.owl_functional.owl,30510698,28030084,58540782
approximated_11e23dda-171d-41c2-83ae-70706edbeba5_ckling_pig.rdf_functional.owl,13900583,4571481,18472064
approximated_gfvo.genomic-feature-and-variation-ontology.6.owl.xml_functional.owl,13937147,4377398,18314545
approximated_5b9ab6a8-6614-4d8c-a56d-1bddb13ae30f_ombemerged.owl_functional.owl,1187512123,469097751,1656609874
approximated_iao.information-artifact-ontology.2.owl.xml_functional.owl,18036518,8945100,26981618
approximated_3e3f865a-1a39-486c-99b9-edfca99c4119_ero.owl_functional.owl,98376858,225330984,323707842
approximated_kb-owl-syntax-coreference-IDs-disjointness-constant-classes-value-classes.ofn_functional.owl,881195685,2468608179,3349803864
approximated_d1a5318d-a729-4000-8c96-aadff2a1313a_npt8.rdf.owl_functional.owl,19264598,9836613,29101211
approximated_2c210718-b1ba-4b44-a6e2-47efa2cd9ec7_ryFreesoftware_functional.owl,14690843,1782167,16473010
approximated_3ee36ab6-a1d0-4e0d-b34c-f660c5b32999_CategoryStub_functional.owl,11683113,2514931,14198044
approximated_01a56ce5-e807-421e-b507-b2c2b5077f3b_table_fuse.rdf_functional.owl,11961914,3738626,15700540
approximated_9446108f-3dff-4786-bd1f-27243dd1281f__reference.ttl_functional.owl,10845591,3709426,14555017
approximated_19e0fc7e-0a87-483d-a67b-fc9a695b2770_ogy_v2.7.1.owl_functional.owl,17168363,4212920,21381283
approximated_0aaeaf1f-e1b9-4dd6-a618-bcbb13a26d66_DUL.owl_functional.owl,10880666,12199382,23080048
57c1bb12-3f58-46ad-b64a-e522bcedb174_OUbisWorld.owl_functional.owl,58476704,114018343,172495047
approximated_684db779-0ff9-4888-a728-35eecd744dec_ekaw.owl_functional.owl,73065050,5048805,78113855
0f1608a9-8578-43b2-a5e6-8036a8d41de2_OMAL_1.2.3.obo_functional.owl,130396697,163571784,293968481
pto.plant-trait-ontology.354.owl.xml_functional.owl,106791322,82146922,188938244
approximated_51532b97-ad7a-4521-bc1d-da592f3ab96f_Tawashi.ttl_functional.owl,153449625,3759120,157208745
approximated_3cc52245-c57b-4deb-be46-75b28c8215fd_Halloumi.ttl_functional.owl,12976914,3834979,16811893
337bdd72-30d0-4fae-baf4-5e37a24ee8f9_zfa.owl_functional.owl,238171349,552085804,790257153
approximated_608d3e41-ecad-447d-b9d9-9eea00ae1398__v20120920.owl_functional.owl,22047549,9100231,31147780
approximated_89cc36bd-7250-4ed2-ae9a-368eeaa694ae_onto.rdf_functional.owl,12137835,5085247,17223082
approximated_00403.owl_functional.owl,147608628,343100047,490708675
71c54eaa-b087-4f68-b9b1-90b4031f9b7b_tdm.rdf_functional.owl,15402827,1232303,16635130
approximated_131ebd63-ee85-43a3-aed7-f88164a47e60_nAtmoCloud.owl_functional.owl,132509490,208923423,341432913
approximated_caf99037-b289-4ed4-9094-169a3c3f7753_tsors2codo.owl_functional.owl,22814260,218670397,241484657
approximated_9ad25042-ecc3-4b47-9f73-22c6796f35ac_collection.owl_functional.owl,16841756,17515621,34357377
approximated_f44b237a-8be6-4976-b61e-301bf300b82a_eolOceanic.owl_functional.owl,127609403,210424096,338033499
approximated_2c985900-3b17-4a98-9680-3322aa5b6584_onMarathon.owl_functional.owl,17283493,5053886,22337379
approximated_88f8e9ef-4b4d-48c7-9b32-b5aff9d84f03_Scuba_set.rdf_functional.owl,11276944,3794516,15071460
approximated_4f6eb6dc-ae82-4a55-b7f6-ee18c69d0914_unit.owl_functional.owl,56672913,119680393,176353306
approximated_079efc1b-b4c3-4ee3-91b5-a2bb4e727c9a_DUL_v315.owl_functional.owl,18152407,11012027,29164434
approximated_17e1c81d-6bef-4cc3-b202-9720a82b2913_Goat_cheese.ttl_functional.owl,9637295,3682032,13319327
approximated_44437125-b1be-49c0-9ac5-5c399095efbd_Hotel2.owl_functional.owl,27124109,5523867,32647976
00534.owl_functional.owl,31749947,9168658,40918605
approximated_20f90afa-257c-4079-a4f5-3fa185182058_go_xp_all.obo_functional.owl,2155555865,5702523153,7858079018
10d18bde-de4a-41d7-9495-30b16e37e359_fix.obo_functional.owl,40899698,80002879,120902577
32ee4137-7b9c-4cd4-b972-6464d4c809ad_Chancellor.owl_functional.owl,14106786,982516,15089302
48c697db-fd73-4cab-9df3-7b4203712056_ceph.obo_functional.owl,28370885,36207099,64577984
approximated_3116edc4-19c5-47b7-b66e-186444d00336_propSpeed.owl_functional.owl,135123393,244917099,380040492
approximated_bbff04d4-063d-46af-acc7-009c233b7222_vocabulary.owl_functional.owl,16522208,5362711,21884919
approximated_5a7bfb60-f392-4ecc-bf72-a775bc37acb4_meOntology.owl_functional.owl,14043539,9090307,23133846
approximated_1f13ba60-f82f-4e8d-bb3f-be2db5f8b0e0_enceSystem.owl_functional.owl,133635546,211829064,345464610
approximated_19179693-9c55-42d1-8d63-0d10236fdcb2_hing_scale.ttl_functional.owl,11442765,3928186,15370951
approximated_4e4fd128-01aa-493d-9446-008904e70093_Violin.ttl_functional.owl,14176719,4038238,18214957
approximated_2b9d7e5b-8cec-4413-bcf0-e3e635d03339_meo.owl_functional.owl,62012126,138323214,200335340
approximated_8e30c16d-5339-46cf-bf4d-15d5ac32c9c2_lograviera.rdf_functional.owl,12853668,3765429,16619097
approximated_00023.owl_functional.owl,13391720,7096070,20487790
approximated_7db5474c-9b1e-4efc-95a1-1aeb1fbc9c31_Akkawi.ttl_functional.owl,12361968,3720026,16081994
41d2f9bf-47c1-4d44-a969-8a1694fe70ab_onto.rdf_functional.owl,16634518,3305562,19940080
approximated_faa65bfe-2600-4f7c-9a3c-5eeb674ce5bd_complex1.0.owl_functional.owl,19298224,23822806,43121030
approximated_kb-owl-syntax-unraveled-depth-3-km-relevant-cardinalities-triggers-constant-classes-relation-axioms-value-nominals.ofn_functional.owl,382614305,1126617354,1509231659
e08af18e-cf8d-4007-be9f-15434e0cd2d2_go_imports.owl_functional.owl,40444495,91656279,132100774
approximated_496736ef-1103-442a-93a3-44b646492bee_peoplepets.rdf_functional.owl,11581292,4017669,15598961
approximated_7810d3b3-436b-4f1d-82fa-8ba6ab1d45bf_onto.rdf_functional.owl,12336318,5391739,17728057
approximated_0167270a-26a8-4679-9c53-c09519b5598a_uckLoading.owl_functional.owl,17723670,4892848,22616518
approximated_39b94cd4-8b03-460a-9a09-5c6e4e8baa7d_nfexternal.owl_functional.owl,13422641,6370839,19793480
approximated_05d8250b-35e1-4604-ac12-7a679b534f50_erminology.owl_functional.owl,20209715,25821117,46030832
f53e6262-85d4-4aac-ba1e-b3dcdccf56f3_Election.owl_functional.owl,18546064,1918555,20464619
approximated_079d009c-1b96-4889-911d-ff63dfbb10e5_ZooAnimals.owl_functional.owl,12044131,9095740,21139871
approximated_ccc9c3b5-5cfb-4d44-9ac6-9116adb240fe_eolOceanic.owl_functional.owl,141718513,249802645,391521158
ac1f0c5f-7921-4e60-8ecd-b299404092a5_Pope.owl_functional.owl,17172387,1486988,18659375
approximated_6f05fa8d-ec24-42d3-a84e-db601195dbd9_merged.obo_functional.owl,888171053,2596027054,3484198107
approximated_51f4cede-f3f3-46af-b187-7b85d0c056f0_c_20090302.ttl_functional.owl,23737855,11705705,35443560
approximated_339facc9-5bb6-483e-9324-6148770a5b54_collInt.owl_functional.owl,13919972,7822469,21742441
approximated_a8cc637c-1d84-492a-80ed-3c55793da591_netClimate.owl_functional.owl,133249756,210360616,343610372
approximated_kb-owl-syntax-unraveled-depth-2-km-relevant-cardinalities-relation-axioms.ofn_functional.owl,397734823,980691477,1378426300
approximated_kb-owl-syntax-unraveled-depth-2-disjointness-constant-classes-relation-axioms-value-nominals.ofn_functional.owl,898798574,1538662001,2437460575
approximated_0e6a554e-f3dc-469d-beca-0ddf76b1af82_s_dressing.ttl_functional.owl,13253058,3741404,16994462
approximated_28f8d48f-cd51-4b98-82ff-2ac73819c373_Handkse.rdf_functional.owl,14230365,3714557,17944922
approximated_159d8299-0801-487e-aa8c-78c71c67c62c_rm_anatomy.owl_functional.owl,284992996,924645360,1209638356
approximated_3ced1eb5-119d-479c-b7dc-dcebda3c65c3_astertaxon.owl_functional.owl,416520131,848057301,1264577432
approximated_009d4849-2f36-4e47-9286-f06ceac6e16a_C3A4juusto.rdf_functional.owl,14981111,3724687,18705798
approximated_1fe9b1bf-e389-41b6-a71c-914b1774399e_can_cheese.ttl_functional.owl,10056123,3734027,13790150
approximated_22ed1d49-5c4e-4339-90fd-dae74b5e3382_ZN414.rdf_functional.owl,16202477,3870542,20073019
c8e1c76a-e57a-4de8-a519-0695be68c4bf_ms.obo_functional.owl,48679890,106913227,155593117
approximated_34cfa3cf-b591-4cc0-a5b0-279276b53fec_Spiced_bun.rdf_functional.owl,12882985,3768475,16651460
approximated_00566.owl_functional.owl,1748808030,2857148879,4605956909
approximated_589de780-3b5d-49b0-a5c4-2eb3fb5d0c74_Hand_truck.ttl_functional.owl,17255505,7123581,24379086
approximated_00580.owl_functional.owl,11889101,12990883,24879984
approximated_50a86205-cd06-4444-9e85-0c77f5d75715_ewasserted.owl_functional.owl,55620874815,1.66446E+11,2.22067E+11
approximated_a706d7ff-7e1f-4b81-add1-a0f0f16a0c93_Atom.n3_functional.owl,22076656,8642366,30719022
approximated_f8ab3c00-15a5-4b57-9cfb-a2de64cad7d6_tmoexternal.owl_functional.owl,11505981,5239009,16744990
approximated_ae0b2ce0-14ac-47ad-88fc-bcbf7752e3cb_realmRegion.owl_functional.owl,135229483,209260739,344490222
approximated_2b64c4bd-c6d3-4d0c-a25f-11855fb2f4f7_ionoecetes.ttl_functional.owl,13919287,3745145,17664432
approximated_3f83b1b4-2b7b-4ae2-8af0-1642475a3016_matr.owl_functional.owl,133696034,246035232,379731266
approximated_6114caab-97a3-418f-89ae-3d185551e5be__Crunchies.rdf_functional.owl,17290995,3700442,20991437
approximated_19a6776d-26fd-4697-bade-7f4384108614_astroHelio.owl_functional.owl,101943488,204668223,306611711
e364d4ce-8998-4d4c-83c4-60e91cc11b83_msc.rdf_functional.owl,134577712,281958951,416536663
approximated_48d3a122-e4e8-4f92-91ea-9950e122101b_wine_fred.owl_functional.owl,26731828,16872289,43604117
approximated_8d5b6066-18e1-40a5-81ce-b4db1fd9cbe3_rtecomunal.rdf_functional.owl,53340420,19073003,72413423
approximated_d908addf-9588-44c9-bca0-6029a6a6816a_nnectivity.rdf_functional.owl,10796252,4155547,14951799
approximated_768c781c-937c-40bb-bc13-f4611c9296bb_ntology_editor_functional.owl,10168948,1874658,12043606
approximated_00078.owl_functional.owl,39707805,29006792,68714597
8d8ac2b6-329c-43c2-a168-2902e159f452_er_anatomy.obo_functional.owl,29312839,39639959,68952798
approximated_00bbe3bb-2eed-4cb6-a804-a566cad04b73_Calcium.rdf_functional.owl,20463764,7230359,27694123
approximated_09a3797b-7e7d-48b2-95cd-cf138393db28_stateWave.owl_functional.owl,236911684,202326428,439238112
approximated_47a65c1a-1d5f-48b3-b405-249bbd83ad3b_lop_cheese.rdf_functional.owl,21626370,4617234,26243604
d179aa85-f427-43ca-9e5d-ae7be61f1b9a_bcellular2.owl_functional.owl,26484566,19771258,46255824
71dab5f1-3d0a-443b-ad91-e05995f865b6_ontology_11.owl_functional.owl,12241578,3748322,15989900
approximated_46069d79-56d9-447f-ac33-0e7259049920_thRelation.owl_functional.owl,19326484,18808875,38135359
approximated_ccon.cerrado-concepts-and-plant-community-dynamics.8.owl.xml_functional.owl,14287295,7687388,21974683
approximated_qibo.quantitative-imaging-biomarker-ontology.2.owl.xml_functional.owl,33294531,33228673,66523204
approximated_285c2343-6bae-46e7-855a-79cc44d2a941_tton_stone.ttl_functional.owl,14160182,3757554,17917736
cea731ce-8bc8-4beb-af07-67749239a7dd_a.obo.PREVIOUS_functional.owl,144560478,335317807,479878285
approximated_3ce0d217-b914-4498-bc8d-213f5a7335a8_ket_cheese.rdf_functional.owl,9918982,4155885,14074867
approximated_463e72d0-c575-404a-8554-cecc1c9c30a2_stateRole.owl_functional.owl,133245575,214441305,347686880
approximated_0993ac92-a898-4e85-9d27-f8423a0c3c5a_Broadfork.rdf_functional.owl,13656583,3709272,17365855
approximated_934d7687-972d-4f66-a250-7a3c35b969d0_SAO_v1.0.owl_functional.owl,32878084,29427793,62305877
approximated_1f41f21b-9c93-4be1-9bba-21f1103c0d32_Surimi.ttl_functional.owl,16440197,3937535,20377732
7bbb9bcb-eea6-4871-8b38-f48283959bf4_attributes.obo_functional.owl,535033315,815632135,1350665450
approximated_kb-owl-syntax-unraveled-depth-0-km-relevant-cardinalities-relation-axioms.ofn_functional.owl,144607326,353392702,498000028
34a4fc6d-f1d2-40b5-8185-922fb3b6e14b_quality.obo_functional.owl,44388397,63962214,108350611
approximated_8d944786-97ce-46ec-929a-56497609ec43_vo.owl_functional.owl,332133326,537620846,869754172
approximated_51e8e8ab-d908-4d01-9199-7bf80df665d8_vel_cheese.ttl_functional.owl,17849444,5834157,23683601
approximated_2453af47-f839-4534-95c9-09cab80870f4_esar_salad.ttl_functional.owl,21197540,7108134,28305674
approximated_kb-owl-syntax-unraveled-depth-2-cardinalities-disjointness-relation-axioms.ofn_functional.owl,667635566,1536065684,2203701250
approximated_d34b67bf-1015-41c0-937f-fa9704fdbb71_hReadiness.owl_functional.owl,146929249,223675340,370604589
approximated_2b59f092-94d9-4f72-84cd-ae6c3908ef4e_Lawn.rdf_functional.owl,12927733,3801975,16729708
approximated_335823f0-c7be-4e4d-83e7-044854873f51_am_cleaner.ttl_functional.owl,15633469,3799418,19432887
kb-owl-syntax-unraveled-depth-0-km-relevant-cardinalities.ofn_functional.owl,135533054,339666347,475199401
approximated_43dce416-4000-410f-88e5-48076a5aa21e_Red_Windsor.rdf_functional.owl,13844503,3702605,17547108
82bc4ea8-a1e3-468e-a3c7-d7bbdbd9dde5_enotype_xp.obo_functional.owl,98939171,29061639,128000810
approximated_kb-owl-syntax-unraveled-depth-2-cardinalities-triggers-relation-axioms.ofn_functional.owl,517884743,1026344932,1544229675
approximated_kb-owl-syntax-coreference-IDs-cardinalities-constant-classes-value-nominals.ofn_functional.owl,630417722,1754526978,2384944700
approximated_53db6e10-704d-45f7-a46b-40f37d87774a_Caramac.ttl_functional.owl,13486426,3755367,17241793
approximated_08967186-0227-4517-8dc3-e02be86cf1d9_geoicon.owl_functional.owl,14357235,13214210,27571445
approximated_kb-owl-syntax-unraveled-depth-0-cardinalities-triggers-constant-classes-relation-axioms-value-classes.ofn_functional.owl,159375553,406713060,566088613
approximated_0e5750a6-4b61-4b35-9936-a250190b1ad2_veillance1.owl_functional.owl,12557099,6476507,19033606
approximated_e4218950-e1ba-4c2c-b8a6-dff23a7335e4_mBiolBiome.owl_functional.owl,133538862,219047601,352586463
b6065eb3-7aa6-414b-a26b-983b4af2832c_poro.obo_functional.owl,27766952,39368397,67135349
approximated_21a23b44-5a07-4486-ae59-7b5ce9b9888c_dogont.owl_functional.owl,48472116,85403443,133875559
approximated_d9131932-f5be-4f9c-a0a2-fed212880ee3_meta.owl_functional.owl,16613971,7511160,24125131
approximated_83be9618-781f-4d12-a5bf-72c49669483a_trParticle.owl_functional.owl,239912782,234809216,474721998
343fa8fb-7658-4e0a-b820-b264f3f20d9f_onto.rdf_functional.owl,18326382,3526509,21852891
01f8e992-0d68-48cc-9f0a-d005cd56547e_s_musculus.obo_functional.owl,219039917,615724462,834764379
approximated_89c3242e-f30a-4618-b9d4-30508e291564_nco_cheese.rdf_functional.owl,10097482,4301875,14399357
approximated_8e73a0ac-0ecd-4e07-a07f-3ba60b1d9250_Broadaxe.rdf_functional.owl,10913473,4703784,15617257
approximated_2df2d29f-9a89-459d-9282-afb5869ddee7_ockIgneous.owl_functional.owl,137890469,206085293,343975762
4d404796-5d0d-4daf-9aff-4f5917fd45c2_xaosimple.owl_functional.owl,127271466,259331152,386602618
approximated_02d1f1ab-12d4-492c-adbe-81749bd668a9_Waistcoat.rdf_functional.owl,17436515,3803276,21239791
approximated_bab27588-b9a1-4ee4-8722-96c178d0f506_wa3m.owl_functional.owl,17111233,8882742,25993975
approximated_fc1dd52b-11dc-45ae-af2b-8a46f8c9144e_lSemantics.owl_functional.owl,18164979,20407764,38572743
412dafc0-b830-45c2-b46a-8b7d01850fc8_natstaged.owl2_functional.owl,249924849,513548992,763473841
68bb9632-e969-494d-b236-0d83f12edfb7__temporal.owl2_functional.owl,15991020,11848849,27839869
approximated_9484380b-b430-49f0-9ed7-b05e4831e3b8_tterfinger.rdf_functional.owl,16681218,3674824,20356042
approximated_7c0f16df-bc1a-4ce9-87a6-33a742cf7038_Supplements.owl_functional.owl,12973468,11968332,24941800
52255ee6-d98a-4181-9cf2-17092d8177bf_ysfunction.owl_functional.owl,17540484,16539635,34080119
approximated_kb-owl-syntax-unraveled-depth-1-cardinalities-disjointness.ofn_functional.owl,804254186,1566356950,2370611136
approximated_d0308acc-16de-419c-9220-1e40df59fbf8_AIXM.owl_functional.owl,147652094,69219894,216871988
approximated_48c78863-6ad1-4e7e-af55-f2ad0982fac9_relontor.owl_functional.owl,8949824,6321081,15270905
approximated_e0a3f332-4e5c-4ea5-ae38-55099f790411_Mett.rdf_functional.owl,14827104,3838853,18665957
approximated_7de6992b-7f93-44d1-8481-2af2516525bc_e_lighting.rdf_functional.owl,10689867,3845678,14535545
dfe5c631-41df-4fdb-a43b-233fd19bfc8b_classified.owl_functional.owl,49389151,90198917,139588068
76b528aa-fe0c-47cb-9268-48bb9738160e__phenotype.obo_functional.owl,17991566,14539982,32531548
approximated_9a242e94-eb5e-4b18-ab99-14ed396f859e_catchrecord.owl_functional.owl,10185575,4574999,14760574
approximated_569c0765-0c6f-4ab4-8631-595584161976_and_cement.ttl_functional.owl,10029895,4679250,14709145
approximated_86aeb726-6c13-4219-a99b-79a85770e457_mdom.owl_functional.owl,27019970,3692721,30712691
approximated_1c6550ac-7687-4107-8379-14a7f6f9c304_ition_coil.rdf_functional.owl,11301043,3705950,15006993
approximated_fca9be21-b11f-46ce-b604-7cdebf477f52_tologyV1.4.owl_functional.owl,13221917,9993291,23215208
approximated_8d8da5a7-cd8d-48c6-8fa6-43ccf49af62d_outh_joint.rdf_functional.owl,11586679,3693888,15280567
approximated_a1f4f2a7-142a-4ebb-b239-17bb9c3e35de_eThickness.owl_functional.owl,138788072,245579037,384367109
approximated_5b79f14f-8479-4f0e-b063-c2a3c3ba8c71_Person.ttl_functional.owl,19279035,3743819,23022854
e868239e-b519-42e5-807c-a017aea2e208_usequivmod.owl_functional.owl,1140627112,1095286146,2235913258
approximated_6226c875-2343-443d-aa84-cdea1480d80e_nGeolFault.owl_functional.owl,132293485,218089567,350383052
approximated_3e1e3367-1af4-47e4-98ad-f6fff49f93f8_blicazioni.owl_functional.owl,14829262,5638795,20468057
e67adecd-6593-4d91-a739-772ff3d9e621_gorieNeuigkeit_functional.owl,10086831,1184448,11271279
approximated_046028ff-d37b-49a0-b2de-5f3ff9900cb8_Process.owl_functional.owl,9499676,5845771,15345447
18e00e01-fa1c-449d-9fd9-a000b1d59166_ezeichnungen_A_functional.owl,10027629,838839,10866468
b5f2b8db-51e5-4df7-bc48-db837b39f686_enotype_xp.obo_functional.owl,93608997,29770347,123379344
91ce4a05-bab4-4702-9ce6-90ad77879d5a_event.owl2_functional.owl,146506925,372122820,518629745
approximated_36788561-09ea-45c9-ad6f-aa1603d02862_kupo.owl_functional.owl,17452713,16840549,34293262
approximated_28b40351-ea37-40b3-a829-bd1f82476929_lief_valve.ttl_functional.owl,16903012,3723758,20626770
approximated_01af339b-32bc-423c-ad1f-1bbc5b3ba3da_ogy_v3.0.1.rdf_functional.owl,35979191,6980652,42959843
approximated_kb-owl-syntax-coreference-IDs-disjointness-relation-axioms.ofn_functional.owl,1004341263,2258218228,3262559491
approximated_e28635e4-dbc2-41b6-84f9-9aad190674c0_music.owl_functional.owl,16901891,11673714,28575605
approximated_16bf958c-504d-4f6f-8ec6-b47df986d06e_Meatloaf.ttl_functional.owl,21607601,6518873,28126474
approximated_9303fae0-091c-4be0-8be2-123f3eff0427_andCoastal.owl_functional.owl,146226713,242053543,388280256
approximated_156fbe54-84cb-463f-ad6a-8804a729547a_esg.owl_functional.owl,47556133,9444893,57001026
approximated_1eef300e-9c6f-4cc5-878c-721a05e336ce_crime7.owl_functional.owl,20106798,9189863,29296661
d2f9f1a6-cc24-4de7-9d32-fc87e362174d_ss_xp_cell.owl_functional.owl,44301287,16669799,60971086
approximated_03f865c8-13ef-46df-b026-0f24f839c492_Odometer.rdf_functional.owl,20496890,6316909,26813799
mfo.medaka-fish-anatomy-and-development-ontology.14.owl.xml_functional.owl,165201805,260294603,425496408
approximated_02d0b7ab-64e0-4286-a487-0a85ecef7bfe_complex2.0.owl_functional.owl,45039734,68287300,113327034
approximated_81ce62cd-da00-4e74-a011-753e0293ec5b_EHR_RM.owl_functional.owl,15600523,16936082,32536605
approximated_745a67fc-5319-4a61-9de8-6fc3fadb48c7_phitomancy.rdf_functional.owl,11200290,3724091,14924381
approximated_52307994-ba16-444e-a3f3-02e9823870b0_eres061208.owl_functional.owl,29192844,22481449,51674293
approximated_c115b918-4084-4859-8eda-e2350726f1ea_cuum_truck.rdf_functional.owl,16641308,3865995,20507303
4b601286-ee1c-4cd0-b0a5-7bc39a8f14e0_ies_bridge.obo_functional.owl,277068517,693664772,970733289
approximated_5b2d679a-10bb-4813-91ed-8370c840f618_clair_1000.rdf_functional.owl,17341206,3654514,20995720
approximated_efo.experimental-factor-ontology.116.owl.xml_functional.owl,339271908,1020103059,1359374967
approximated_801fec7b-cec3-478b-b39f-0fba4dba11e8_goldDLP.owl_functional.owl,27772444,3786636,31559080
approximated_400c9ea1-da99-4754-8f3c-42a65b9b588f_Nail_gun.rdf_functional.owl,14620955,3722490,18343445
approximated_0f3b03fa-0f9e-4d98-82e1-7d80cc159fc5_chemtop.owl_functional.owl,11525807,8085906,19611713
approximated_sio.semanticscience-integrated-ontology.49.owl.xml_functional.owl,50561697,92305603,142867300
approximated_54050196-6050-4dab-abb4-579287dd775e_anderson.owl_functional.owl,19012627,22475267,41487894
approximated_15c30823-2cd9-41d4-9970-a3370e921dd6_holarships.owl_functional.owl,16417880,5819968,22237848
c0323c98-ef24-41ca-98f9-78f382f8d82f_dwcFP.owl_functional.owl,17788664,1304717,19093381
approximated_a5f5b372-4902-4a49-80a6-51eec1c80b63_mecv.owl_functional.owl,19604952,9757625,29362577
approximated_8f47752e-d815-4be7-8c41-0ad90d280da0_PaulFisher.rdf_functional.owl,12903707,3352723,16256430
approximated_03e4e6f0-1df3-4a98-afc4-76c620ddde1f_gfo1.0.owl_functional.owl,18182876,8223607,26406483
approximated_8d6c1790-263d-410a-8b25-4790091875fc_ne_dioxide.ttl_functional.owl,13313417,3763185,17076602
approximated_c60c5dd5-0702-4e92-94e9-83bc76535999_sAnatomy_1.owl_functional.owl,57174798,96039204,153214002
ab726941-765f-4e5e-b6c9-2d51b652e841_00Ontology.owl_functional.owl,508344835,64657950,573002785
approximated_kb-owl-syntax-unraveled-depth-1-km-relevant-cardinalities-constant-classes-value-classes.ofn_functional.owl,442012836,1090228760,1532241596
approximated_18a6f5c3-8859-4737-a768-5dc72ac556d0_geMetadata.owl_functional.owl,15584338,8418933,24003271
approximated_a9c38486-0329-4d7a-bdf0-5f11def80a9f_OntoTOK.owl_functional.owl,14569565,12328573,26898138
approximated_3e0ebd26-2eb6-4506-a156-5c8f3b312a41_phenBiol.owl_functional.owl,132519553,208103662,340623215
approximated_7feb6d77-20df-4fa5-a2c0-809c1951d695_herot_cell.ttl_functional.owl,13855002,3701873,17556875
approximated_003065c1-4ed5-4b66-b012-88e11da56183_lmLandform.owl_functional.owl,144025922,210261028,354286950
approximated_0833d570-ea3c-4cae-80a0-8a4b8b9aa2b0_source_functional.owl,76877075,2991927,79869002
87da1a3d-9813-4f33-8f0d-fa57e9ee6441_calProcess.owl_functional.owl,660069154,1289868105,1949937259
approximated_682fe3ca-1c1f-4e29-8f70-290593d8f11b_partimenti.owl_functional.owl,17911559,5884506,23796065
2027e67a-a876-4cbb-bac1-3b8b992ca4cd_ObjectProperty_functional.owl,11612176,1219480,12831656
8c2d9d68-eb50-4297-b464-4505e6da5f15_IDOMAL_02c.obo_functional.owl,65985222,123546609,189531831
approximated_kb-owl-syntax-coreference-IDs-cardinalities-relation-axioms.ofn_functional.owl,686185172,1754343056,2440528228
8e137911-bc90-4486-aa39-6638b1fdb7e9_se_anatomy.obo_functional.owl,95072027,195246444,290318471
approximated_kb-owl-syntax-coreference-IDs-cardinalities-triggers-constant-classes-value-nominals.ofn_functional.owl,822510511,1750680748,2573191259
approximated_19f9f512-dc82-44e1-ad3a-2b91e38c10af_MO_spatial.owl_functional.owl,22208788,17175526,39384314
approximated_568f054b-079c-4d37-ab00-ee430d8f4874_idomain.owl_functional.owl,22581551,23685784,46267335
approximated_775c33ae-6908-4ea0-9525-be3c4e7b4539_swportal.owl_functional.owl,11238653,5834957,17073610
approximated_e21e5ac8-60e7-45bc-83e7-32bcbbaa9172_Difference.owl_functional.owl,198190475,237125359,435315834
approximated_82ab8a79-1389-4629-9cde-51f3ffabe335_Apple_cake.ttl_functional.owl,18341339,3767040,22108379
approximated_MSC_classes_demo.owl_functional.owl,4143305995,7184775784,11328081779
approximated_171ffdf6-d6ec-4c6a-956e-6a258b88008a_bbage_roll.ttl_functional.owl,11386969,3888162,15275131
approximated_0bf154b7-f284-43a6-ac05-734043ad7c08_biotopcore.owl_functional.owl,21687011,18557811,40244822
approximated_065e0397-5790-4d13-be9f-1229fbf1e723_Peach.ttl_functional.owl,16102095,3786664,19888759
approximated_426bfbfe-fda9-470c-baae-a059a2d299b1_Stojanovic.owl_functional.owl,98285592,11089399,109374991
approximated_8d3d5a61-dc60-42b0-a7b6-4770768a982d_reGradient.owl_functional.owl,137622348,245786368,383408716
approximated_511d4b72-3a30-4820-97e5-94714ea947d9_car.owl_functional.owl,12780420,6826947,19607367
approximated_f9f68e62-8138-4f91-9383-d18747aaa0ce_teruniprot.owl_functional.owl,138247517,253062485,391310002
approximated_98d5452d-21a8-4f98-8efa-298a9fb635d8_tance_edit.owl_functional.owl,101561526,47970115,149531641
approximated_d2d02c40-c4c6-41a4-8a8c-aa15d2d90de0_production.owl_functional.owl,120065978,3744851,123810829
approximated_803c37f6-25ff-472e-a7f3-ad88a9e0a08b_Bombay_duck.ttl_functional.owl,91418433,3881778,95300211
approximated_262e663c-b0ae-4f34-bfac-f63e27742d99_nch_Assist.ttl_functional.owl,30764049,3670281,34434330
approximated_96b4e110-c617-461d-b98f-b4a51527ce0a_math.owl_functional.owl,20483772,8447163,28930935
po.plant-ontology.10.owl.xml_functional.owl,143510701,140510911,284021612
approximated_2bd14e20-984c-4e50-87a3-d31301684b0d_edElements.owl_functional.owl,91693360,6662370,98355730
approximated_kb-owl-syntax-unraveled-depth-3-km-relevant-cardinalities-triggers.ofn_functional.owl,363485446,883902052,1247387498
approximated_5bacee5a-c1eb-488b-9293-296844488f6f_Crayon.ttl_functional.owl,9165542,4157687,13323229
approximated_ff8b4e70-2cf9-4a2d-9902-4b3e7ea9fa03_l_06012009.owl_functional.owl,64004347,114210672,178215019
d791b658-d37f-428a-9dd4-f3237c72847c_FRetired_1.owl_functional.owl,15832276,5793639,21625915
approximated_33433483-c768-4788-bd0b-572b9d53c361_Campari.ttl_functional.owl,13409805,3729966,17139771
approximated_813f3c76-c50e-4baa-b5aa-19baf1e707fd_tance_edit.owl_functional.owl,44992029,46029760,91021789
077c8aaf-3813-4cec-b2a4-cdf6c82366e2_inalistype.owl_functional.owl,324739229,727941984,1052681213
b3d315c4-e03d-415a-a3d1-88b13b34933d_Boxer.owl_functional.owl,15881630,2198543,18080173
approximated_8ed67e7b-ee1f-4dd1-84b8-8a53d2e12552_music_functional.owl,16471451,7581832,24053283
approximated_0a256752-1746-44cf-854f-622e3324aa4a_riouniprot.owl_functional.owl,121022002,208458022,329480024
d0483e57-a25d-426f-a632-b3841659ce72_ballPlayer.owl_functional.owl,17902834,1840058,19742892
6b8658cc-d658-4ad2-9aff-f88d39b6ce05_ehda.owl_functional.owl,246876355,510853960,757730315
approximated_00450.owl_functional.owl,60675680,145732444,206408124
approximated_43a895ef-c37e-4956-88d7-a181d7a7f828_realmCryo.owl_functional.owl,135540446,249795350,385335796
approximated_b9de91c8-1041-4ff4-ae8f-3154122d162c_cell.owl_functional.owl,102780881,78561004,181341885
99a7ea8c-0ff4-41fb-a1c5-3d3bf9b30a13_emapasimple.obo_functional.owl,462345365,357462991,819808356
approximated_69285bda-95d6-4214-9e32-667dbbfe63cb_PaulFisher.rdf_functional.owl,17924356,3001261,20925617
approximated_762f7d09-817d-4524-941e-d09dd5a0650c_srdl2.owl_functional.owl,39674229,56529256,96203485
approximated_11aac064-93bc-4cae-9057-31d9d83600e5_81216_425a.owl_functional.owl,30887449,22075070,52962519
approximated_45e89063-b842-464b-acd8-84909bb7d7fd_icusmerged.owl_functional.owl,3696410193,1103306079,4799716272
approximated_7c055441-e598-4138-ab4b-1e59e898a10f_nstability.owl_functional.owl,141805470,210385222,352190692
approximated_94069708-4fd8-477e-b4b4-c9f63647c5e1_rfoafdcmap.owl_functional.owl,16007422,3927753,19935175
approximated_629141d3-e7b6-4a22-9be4-6892918df95c_pmentupper.owl_functional.owl,1689007843,4916644470,6605652313
approximated_95bdcc01-fb52-4e49-97a6-6643014fda06_oLightning.owl_functional.owl,144981368,243948002,388929370
b4b8a29e-5bc9-423d-b7bc-e390273d22b3_nnotations.owl_functional.owl,37000265713,24832072764,61832338477
approximated_mo.microarray-and-gene-expression-data-ontology.1.owl.xml_functional.owl,36876608,25537878,62414486
approximated_9e93875e-bf17-48fc-9a26-d9d5a9d155f0_o_OMNIA_v2.owl_functional.owl,12894224,5940394,18834618
approximated_kb-owl-syntax-unraveled-depth-1-km-relevant-cardinalities-disjointness-constant-classes-relation-axioms-value-nominals.ofn_functional.owl,924454630,1608585528,2533040158
approximated_00044.owl_functional.owl,1567904080,3960549807,5528453887
approximated_93b20ab0-59d3-49ec-8dd9-e657d77bd3ba_limateZone.owl_functional.owl,145058373,242932472,387990845
approximated_kb-owl-syntax-unraveled-depth-2-km-relevant-cardinalities-constant-classes-value-nominals.ofn_functional.owl,404397164,974872819,1379269983
fd97d9e7-cb1b-431c-976a-61a92b4a2fe4_brenda.owl2_functional.owl,330948345,349974865,680923210
approximated_3feffcfe-1502-4575-bf49-8627696f351f_Pentium_Pro.ttl_functional.owl,17941562,3799304,21740866
approximated_d55dbac1-40d8-4acc-9273-d11d9d5a6887__amplifier.rdf_functional.owl,15741025,3645419,19386444
approximated_68ed0453-17f1-4e0d-838f-d370fa65437f_oda2.owl_functional.owl,30982193,7330542,38312735
approximated_db0280bb-5f25-4e06-bf20-a600b3b64524_LMM_L2.owl_functional.owl,23521756,20881183,44402939
53ad410f-3531-4b81-af21-d486f9bf2c1b_gasterexpr.obo_functional.owl,471999321,992422807,1464422128
approximated_phare.pharmacogenomic-relationships-ontology.2.owl.xml_functional.owl,113196259,18200809,131397068
approximated_c92b12d0-6557-47c9-b37b-a07843f7519c_onto.rdf_functional.owl,111239034,5357554,116596588
approximated_c0738f3c-016b-4b8d-ae3d-527c211e6459_gyVersion4.owl_functional.owl,94311837,7815577,102127414
6212f2de-1a0e-4906-a1ad-9cbeb912f066_inferences.owl_functional.owl,145993083,171906816,317899899
approximated_93e9ef2c-19db-4568-baf6-b2764b59d0be_GRO_v0.3.owl_functional.owl,128968252,40929359,169897611
approximated_c07527e4-9272-478e-bc2f-630610954dfe_iian_pizza.rdf_functional.owl,99269562,3809670,103079232
approximated_d66fd76d-8c5e-4b06-87b7-d8eb3828b44d_usculusMOD.obo_functional.owl,7646301703,11415849224,19062150927
approximated_41a1975e-a80d-4564-b219-b5285fa05882_CocaCola.ttl_functional.owl,14463970,3842830,18306800
4c831b62-03a2-477e-a50d-796485e67963_sopharm.obo_functional.owl,15975763,6569375,22545138
approximated_73c236fc-a993-4a57-ab6f-cdbf1504024c_e41_atwork.rdf_functional.owl,15192020,3033129,18225149
approximated_61d101eb-6c37-4694-968f-c1455ac78a0d_onto.rdf_functional.owl,17196062,4696121,21892183
approximated_262789ef-2133-4216-b81b-75d64929178a_rvice_unit.rdf_functional.owl,16990682,3724153,20714835
approximated_1dea4541-bdab-470f-9beb-4ca833578f5e_901_424_le.owl_functional.owl,201163256,23329323,224492579
a19fc418-d180-4116-95d0-a77871244fb6_Magazine.owl_functional.owl,100701477,2933071,103634548
2a56e1d2-4848-46e5-ae0c-4c0d484ae999_promapping.obo_functional.owl,11625190368,17180278374,28805468742
46d2be4d-2c4d-4932-b583-b9a79b4ce22e_er_Krankheiten_functional.owl,15766768,2200469,17967237
approximated_kb-owl-syntax-unraveled-depth-4-km-relevant-cardinalities-constant-classes-relation-axioms-value-classes.ofn_functional.owl,353786835,896375350,1250162185
0184bd80-510f-4470-b515-29ceda7e21b4_egoryFoafAgent_functional.owl,14802834,1138140,15940974
approximated_3bad1696-6f23-4694-9af0-e119af7ffd6a_Manchego.ttl_functional.owl,18196082,3697124,21893206
approximated_27482c5f-4102-47f4-98f4-fe2e6df61804_fice_suite.ttl_functional.owl,9803109,3705749,13508858
approximated_19bba1db-d847-4017-8072-5a8d22df4d70_so_Palmita.rdf_functional.owl,12544924,3742188,16287112
approximated_kb-owl-syntax-unraveled-depth-2-disjointness.ofn_functional.owl,678436065,1398233328,2076669393
approximated_7f4d7d93-3ec3-4946-a66a-11c739768db0_Hefekranz.ttl_functional.owl,101199098,4659645,105858743
approximated_10fe96c2-0ac2-45d4-aa82-dfb504838858_peoplepets.owl_functional.owl,92824968,3872061,96697029
approximated_00456.owl_functional.owl,22178130,48864218,71042348
43b8b9c3-f6f1-4624-b038-dcb9c0a770d7_phenotype.owl2_functional.owl,138134556,105544393,243678949
approximated_6188ffbf-88c4-4d93-9a5a-7c996b01dc92_ional_film.rdf_functional.owl,118737780,3749990,122487770
074e7838-965c-4a62-9133-e5615249d0e2_s_musculus.obo_functional.owl,306320238,618614807,924935045
approximated_0c04b087-fe99-48a0-94bc-a16c287b8ba6_itsmo.owl_functional.owl,15187905,4015757,19203662
approximated_7aabe9e3-5b87-4b2a-a309-2de5e72d4931_cheminf.owl_functional.owl,29749225,49327707,79076932
approximated_88a2b6d9-0932-4842-af12-c5010f5a1167_intervals_functional.owl,14093297,7176923,21270220
approximated_1c14ca74-54ee-48ed-a948-c9b52de0197f_eriomerged.owl_functional.owl,3928013221,1189861247,5117874468
18527a34-d732-4010-9641-304f655cd4ea_KategorieBeine_functional.owl,15591325,2292904,17884229
approximated_08199c19-2a30-4c97-8136-3254a22f399b_go_xp_chebi.obo_functional.owl,139046645,290576228,429622873
approximated_f3a57be5-40a5-41b6-ac20-b5a80e1df045_qurec20.owl_functional.owl,77850873,22675838,100526711
approximated_2e6e0ff7-fd75-46ab-ad4e-8c7f3a30afae_prerelease.owl_functional.owl,2639734164,7030391165,9670125329
01053c56-6d83-4763-9aee-f9f36c1aec42_EHDAA2.obo_functional.owl,410961356,666756025,1077717381
aao.amphibian-gross-anatomy-ontology.7.owl.xml_functional.owl,62398692,130365485,192764177
approximated_4b741a0c-5177-4f32-a4ec-4f37dcc59afa_ysfunction.owl_functional.owl,81415715,163790923,245206638
4f1ce004-e740-46dc-a4f7-f570682f201d_flanzenatlas_B_functional.owl,16033422,829002,16862424
approximated_67e62d0d-d5f8-4277-b0c4-2bb54f46a7a2_russ.owl_functional.owl,81994021,12136153,94130174
approximated_b2560287-8240-4efb-8b9d-e848a7c37a58_den_cheese.rdf_functional.owl,8821882,3666628,12488510
approximated_00d50f66-9f4a-4f02-8b40-fba318612bdd_Sugar.ttl_functional.owl,16344397,3635683,19980080
approximated_7130c809-0272-4b72-9c23-8c1f077a55b1_ass_shears.rdf_functional.owl,14743263,3806309,18549572
5b732745-a536-42b8-8a4a-0521440c8abb_Fungus.owl_functional.owl,19220679,1170381,20391060
approximated_d3b18e57-0e42-4f3e-be08-dbca4b1b9408_icontology.rdf_functional.owl,29625220,21074477,50699697
pedterm.pediatric-terminology.5.owl.xml_functional.owl,46706414,86809492,133515906
approximated_5032742c-1115-4a63-81bf-f196b20e5b10_Acetic_acid.ttl_functional.owl,17342428,3734616,21077044
0c995738-f296-4ef0-99ec-a5b3d5ef3769_nnotations.owl_functional.owl,20789940901,17897781327,38687722228
approximated_0ceb5f5c-acda-48c8-9d94-e760bf367ab1_stateFluid.owl_functional.owl,143508302,244418290,387926592
931baaf9-2387-4586-8510-c5ade0ffbcae_Sport.owl_functional.owl,19111935,1763881,20875816
a68a99d6-8690-4bb4-aa87-074f676f25b0_mousecobra.owl_functional.owl,112490766,184348410,296839176
d4cd4e9d-9770-43ba-b57d-33b6c750adde_Canal.owl_functional.owl,10479267,1166260,11645527
approximated_e92baf6f-f16f-4bf0-b115-b2da0f68bd16_dbpedia.owl_functional.owl,39753138,57794358,97547496
approximated_1c39359e-15c6-4191-bd39-86cb4df45359_onto.rdf_functional.owl,19651019,5007098,24658117
approximated_kb-owl-syntax-unraveled-depth-3-cardinalities-triggers-constant-classes-relation-axioms-value-nominals.ofn_functional.owl,413713468,1023814164,1437527632
approximated_kb-owl-syntax-unraveled-depth-2-disjointness-triggers-constant-classes-relation-axioms-value-classes.ofn_functional.owl,708763085,1605343093,2314106178
approximated_8d6a881d-c4f6-4ba7-8282-4dd20b613726_rap_wrench.rdf_functional.owl,16263179,3783410,20046589
approximated_kb-owl-syntax-coreference-IDs-constant-classes-value-nominals.ofn_functional.owl,603313231,1743913115,2347226346
approximated_28092fa1-5699-44a8-8111-dd038bd47a1c_JC3IEDM3.1a.owl_functional.owl,99095573,127624522,226720095
approximated_19eb90ee-2225-4edd-9e9a-f7204ef9fd2f_oscillator.rdf_functional.owl,19080013,3838115,22918128
approximated_525da0ba-ef48-43f8-92e5-3101c725175d_Sander.rdf_functional.owl,12148386,3794340,15942726
approximated_4e14cc09-2e2e-449e-a4d2-be1581d8c055_enforMOHSE.owl_functional.owl,89291078,193176047,282467125
approximated_dbcf40c4-ab91-486f-b278-b144ae54305e_s_musculus.obo_functional.owl,4793510787,11075855464,15869366251
approximated_598b571a-7d43-47ed-8edf-9aaded28533e_rerelease.owl2_functional.owl,278512302,526334063,804846365
approximated_8b49013c-b918-46a6-9a51-6feb635e2bfb_Cheese.ttl_functional.owl,19388728,3820443,23209171
approximated_090103e9-2dd6-4f72-83f0-6cbe09e7883c_Drill.ttl_functional.owl,10859610,3647916,14507526
approximated_6c425919-b528-41fe-80af-666189ee85cd_Situation3.owl_functional.owl,14584542,4497503,19082045
033a534e-490c-4caf-a5a2-1ba8f4b0ff19_onto.rdf_functional.owl,14163529,628935,14792464
approximated_3ebdc727-61ca-456c-a9eb-fbd5d0e8aeba_Fudge.ttl_functional.owl,9534770,3642975,13177745
approximated_07868fd6-4238-411f-9322-626ee0fa001d_atomy_2010.owl_functional.owl,73552842,175926697,249479539
c48faa62-466d-403c-8d40-0f08cb2fd390_NBO.obo_functional.owl,36277754,54370862,90648616
approximated_becb5159-6f9f-4e2f-a27d-293f10d04927_orous_acid.rdf_functional.owl,17324062,3798621,21122683
approximated_160c18d5-ae40-40dc-a2e3-428a86981996_dtn.owl_functional.owl,20321123,7544145,27865268
approximated_9d512323-4c7a-4782-81f8-a4ee08bdefd3_vegicusMOD.obo_functional.owl,3030585206,7158236450,10188821656
approximated_975572fa-7cf3-4436-a182-e47abef3e564_CategoryMedia_functional.owl,17182221,1958877,19141098
approximated_kb-owl-syntax-unraveled-depth-4-km-relevant-cardinalities-disjointness-triggers-relation-axioms.ofn_functional.owl,583741555,1326965800,1910707355
approximated_3e4d06b3-c40c-41ef-bc57-5251e9a364b0__ontology.owl2_functional.owl,71712894,156130677,227843571
approximated_fc8562f8-3de6-43f7-91d2-c2b8670faffe_ebucore.rdf_functional.owl,20873318,14431137,35304455
approximated_3377b615-2c2e-4427-8e02-b811584e1d24_leChemical.owl_functional.owl,134365700,212755270,347120970
approximated_351dd588-5be4-4a20-bd9e-c0297629f75c_sapiensMOD.obo_functional.owl,8687283042,13931320252,22618603294
47ebd7d9-36a5-4abb-a277-81de03b22713_unit.owl_functional.owl,18890908,12996955,31887863
approximated_46110e68-a9d2-449b-bbc9-19b37a7c5c26_f.owl.PREVIOUS_functional.owl,24821399,43226415,68047814
approximated_00331.owl_functional.owl,11443466,6080110,17523576
approximated_5cee979b-95cd-4b59-9222-88232ed3f961_onto.rdf_functional.owl,18602460,4829448,23431908
8db3dc7c-9e9a-48db-aefc-fcd14cfeed34_Hotel.owl_functional.owl,17340537,2167759,19508296
approximated_e847fa83-ad07-416a-9c5b-6ec9f22f46e5_turismo.owl_functional.owl,27937699,4793241,32730940
approximated_c5eea5f0-d87b-40e7-a91d-4bc4cd308a98_Group.owl_functional.owl,13953304,9775735,23729039
approximated_4be80245-9e1f-42bb-9869-9fd8c1b7e94b_Formwork.rdf_functional.owl,23091803,6113644,29205447
db146a1c-4034-4295-8284-af410f928de1_nnotations.owl_functional.owl,7009011214,6035761111,13044772325
approximated_00284.owl_functional.owl,36881616,23820327,60701943
59cbe70f-46b1-4bda-bca4-8a19f1c36f45_esistance.owl2_functional.owl,83808049,220655698,304463747
approximated_144eca71-ba18-4f47-b9d3-340216880bbb_Korycinski.ttl_functional.owl,20728701,3659526,24388227
approximated_97d63b68-9f9d-4276-8621-efd77e6263bc_CategoryHelp_functional.owl,10321771,1695374,12017145
approximated_a7e7a1e3-69a8-4d49-9780-169903829160_GRO_v1.0.owl_functional.owl,20635300,12698404,33333704
approximated_kb-owl-syntax-unraveled-depth-4-km-relevant-cardinalities-triggers-relation-axioms.ofn_functional.owl,388963259,832113317,1221076576
02bf5bf4-13c5-417b-88cc-f8f4a06f59c1_zz.owl_functional.owl,19133646,7572969,26706615
approximated_4ad95469-0327-4071-bacc-875800647cd8_e_Veronese.ttl_functional.owl,13822245,3692221,17514466
17acbc08-2eca-4d98-ab3b-c530a17fd769_pomerged.owl_functional.owl,56042256,122133305,178175561
approximated_704ec241-bc3f-4020-a587-b87b46fcde06_MWBP.owl_functional.owl,18019370,1361123,19380493
approximated_35ebf81e-40bd-439b-a8b8-ca6238f16157_oso_cheese.rdf_functional.owl,10609627,3812023,14421650
7675644b-edc3-4a79-87fd-f0fa17385d8c_xmfprotein.obo_functional.owl,35800046,8624274,44424320
approximated_kb-owl-syntax-coreference-IDs-cardinalities-disjointness-triggers-constant-classes-relation-axioms-value-classes.ofn_functional.owl,908433977,2374595610,3283029587
f9d76293-60b9-4cac-8e73-dd977b5314c6_FPROBridge.owl_functional.owl,9614853,1866035,11480888
0a435c56-b3a2-4a6d-85ed-aec812144793_nt_anatomy.obo_functional.owl,21716542,3580008,25296550
approximated_0ebb2014-7b9d-4107-8fc3-ea7e2ba9081e_complex1.0.owl_functional.owl,13429416,5489251,18918667
approximated_d43ba1f0-44f5-4ee1-aaa1-6480e6ce6a8f_chemtop.owl_functional.owl,14763356,8632384,23395740
approximated_00395.owl_functional.owl,1496443780,4340218877,5836662657
approximated_4f380b6e-2f78-4edd-a873-5e07adebabfb_Manna.rdf_functional.owl,19573876,3657834,23231710
approximated_beacef2e-d2e7-4597-9ff6-4cebe9b5f839_cexamplegraph4_functional.owl,19387577,12745012,32132589
approximated_cb286f12-e925-4957-8769-b418168c5765_umn20names.owl_functional.owl,55853580,34459808,90313388
ef6d18b2-4e31-4c28-b16d-7624b51bd4d0_spdmerged.owl_functional.owl,24898426,41031897,65930323
approximated_54eb2062-5d19-45ab-af4b-34ade395d2e9_dicom.owl_functional.owl,273011613,334111468,607123081
approximated_6255a645-b305-41c3-8149-15de9bb4b70f_Microphone.ttl_functional.owl,13174882,3834139,17009021
approximated_3069d1e1-237f-45d9-8cbf-f695798c99aa_Milk_Duds.ttl_functional.owl,17970119,3745941,21716060
approximated_e4d84c98-50b3-4b0f-8553-59bece466196_onto.owl_functional.owl,12438524,8217021,20655545
approximated_19f93cdb-1c97-4a5b-9ca2-ac3f608be2fc_atmo.owl_functional.owl,72904802,129539309,202444111
approximated_5e5bf66a-d152-4d47-9ff6-a868e45a4763_provo.owl_functional.owl,16547258,3619778,20167036
approximated_e69e97d6-3d51-4c90-88be-550c74532a1c_emCompound.owl_functional.owl,29184737,37503053,66687790
ad488721-c256-4349-870f-df3a06a04ffb_onto.rdf_functional.owl,10927519,1659645,12587164
approximated_d672098e-2d7a-4637-a4d3-fa11c16d36ff_rm_current.owl_functional.owl,23098231,21673540,44771771
approximated_940c1fc4-4406-4e42-bcb6-a0d778976b3f_FGED_subset.owl_functional.owl,71923318,158358237,230281555
approximated_36c6ee3a-5e05-4b19-94ce-f9375137cdd8_ta_dUrbino.rdf_functional.owl,15507244,3642992,19150236
approximated_29fb0b9b-d407-4e91-9f60-088507d77375_Surform.rdf_functional.owl,15139028,3733248,18872276
approximated_ac5d9c64-c90b-4d67-a6d2-31fff16e5b13_Ornithopter.rdf_functional.owl,11427036,3845499,15272535
approximated_1e844665-955c-4337-ba96-240878e526b5_Rotational.owl_functional.owl,32073349,49260889,81334238
b7be2123-897c-4477-b923-cd8b4c329018_dposimple.obo_functional.owl,28620891,45723601,74344492
approximated_681967da-c3aa-43f6-b59f-417fa85112cb_Gamalost.ttl_functional.owl,13901106,3761581,17662687
approximated_0d798700-ebba-4c5e-9ed8-477e85c1a7ba_ategorical.owl_functional.owl,18466104,19483150,37949254
approximated_00285.owl_functional.owl,3330188983,12781083224,16111272207
approximated_91b3741d-4a4a-4f61-b5d7-7b9224090412_DP1.23.owl_functional.owl,24123494,3698512,27822006
approximated_7baeb4a0-8f56-4a40-9a34-c9fb6dd3c9bf_Politician.ttl_functional.owl,10124606,3665923,13790529
approximated_kb-owl-syntax-unraveled-depth-4-km-relevant-cardinalities-triggers-constant-classes-value-nominals.ofn_functional.owl,344583905,850446418,1195030323
1144a147-9b29-4096-85ec-ec9c8cfaa7c2_icalisexpr.obo_functional.owl,287521307,573513979,861035286
approximated_be93d1e8-ada6-4a9c-a173-38e8892f991b_ntry_in_Europe_functional.owl,72406290,1834351,74240641
approximated_c045c692-cd15-44b2-a9ba-2c6f7a7bd1bd_bspoedit.obo_functional.owl,31102739,46938130,78040869
02359e23-1f62-4cf6-83b4-2d75088fc4b6_lom.owl_functional.owl,105114234,2161477,107275711
approximated_02e0c38f-63b0-42f9-ac43-fd2f2ddf00f0_ans_pliers.rdf_functional.owl,24305122,4006827,28311949
approximated_0d73f4e2-ad42-4b3a-a9f8-8faa7e7df9f9_wing_table.rdf_functional.owl,11976770,3700147,15676917
uo.units-of-measurement-ontology.43.owl.xml_functional.owl,18446961,18618316,37065277
kb-owl-syntax-unraveled-depth-0-cardinalities-disjointness.ofn_functional.owl,247171407,372435958,619607365
approximated_221e430f-3493-4591-a71b-5e3548caf1bc_bservation.owl_functional.owl,16815948,3851737,20667685
approximated_c6cc293e-a06c-4356-93a3-32a935e8bd4d_onto.rdf_functional.owl,15280328,6480571,21760899
approximated_1881a20b-ff2d-415b-b2cf-d353fb45f31b_rway_valve.ttl_functional.owl,14277638,3978733,18256371
approximated_4bd836c3-a3b6-4446-b5ba-f0349c55f08e_realmRegion.owl_functional.owl,130299842,210165684,340465526
approximated_332fca62-6ed5-40ac-8d7e-46f57a5b484f_Beer_tap.rdf_functional.owl,16506599,3912050,20418649
approximated_05f0c010-1558-4fee-977d-7a4aa145eb73_testinalis.obo_functional.owl,1355626734,3343066726,4698693460
approximated_edam.edam-bioinformatics-operations-data-types-formats-identifiers-and-topics.19.owl.xml_functional.owl,188187773,211532928,399720701
approximated_0355f6ff-fb00-4890-82a8-02a773f012c6_Spoonplug.ttl_functional.owl,15366774,3652120,19018894
approximated_0e466cab-e10b-4441-aaeb-31973d491e42_IAO.obo_functional.owl,14155985,8227838,22383823
approximated_kb-owl-syntax-coreference-IDs-triggers-constant-classes-value-classes.ofn_functional.owl,605091309,1708598919,2313690228
approximated_812ff298-aaf9-48d3-be33-3296a9788cb2_PaulFisher.rdf_functional.owl,15706702,2954309,18661011
approximated_0eae5f2a-f8ad-4989-8a12-c2053b9a6bf8_Duffle_coat.rdf_functional.owl,17517788,3641143,21158931
approximated_f3ff1191-4b1f-416d-a030-062313a988cd_ulusModIDs.obo_functional.owl,4369218572,10818710476,15187929048
approximated_046dafd6-20c8-480a-8fc1-b8b5c167c66d_Eisbein.rdf_functional.owl,24442901,7037016,31479917
approximated_kb-owl-syntax-unraveled-depth-0-km-relevant-cardinalities-constant-classes-relation-axioms-value-classes.ofn_functional.owl,161546698,403218132,564764830
approximated_850eb240-df81-498f-a047-ca9a705072e2_go.owl_functional.owl,1585022770,4892455239,6477478009
approximated_72ebc752-8159-4388-9a00-31e93eee3a19_vatheAwong.owl_functional.owl,104535198,11130842,115666040
approximated_90ffb1bd-1675-4313-9f33-b4041988aeb7_nAtmoCloud.owl_functional.owl,139144123,245709161,384853284
9118d253-8c4e-45f5-96ac-3505f33fd9c6_L_very_old.obo_functional.owl,51344801,102629693,153974494
approximated_8a3404ec-15af-43a8-92bc-348339b66ca1_model.owl_functional.owl,17310198,15428353,32738551
approximated_aa249beb-d54b-4283-a732-7b1bbad84503_musicrdfs.rdf_functional.owl,11353097,5520482,16873579
approximated_85818e57-8abb-4f86-a07d-7496964509a5_transistor.rdf_functional.owl,15827592,3771633,19599225
approximated_46470abe-16f0-476c-948f-341c26e01ef9_codkernel.owl_functional.owl,16553902,5538947,22092849
approximated_21b69bd3-4904-431d-9acb-03d9ed157c77_Ball_valve.ttl_functional.owl,12623072,3687686,16310758
approximated_b0d38668-89e1-4e23-8b13-225e246c2d4e_Stracchino.ttl_functional.owl,12837956,3628760,16466716
e317dc36-8758-4565-9835-c51b51861a90_tgmamerged.obo_functional.owl,76333758,142324220,218657978
5a7c192c-3b33-469c-8a10-c758877531ef_MAO.obo_functional.owl,20200714,11832115,32032829
approximated_kb-owl-syntax-unraveled-depth-2-triggers-constant-classes-value-nominals.ofn_functional.owl,433636179,962003423,1395639602
approximated_14bf82fb-80d2-443b-85ec-607990d3c127_flybase_vocab_functional.owl,26692855,44381179,71074034
approximated_1ba6e8d8-1a1d-4e0f-a0c9-b1ce708fd00e_envo_xp.owl_functional.owl,49765586,105048596,154814182
c7b3b495-298c-4356-9660-5b7fffc326d4_russiaA.rdf_functional.owl,13629718,8848487,22478205
approximated_17184319-3dc8-46d5-8d8f-b46ca3896637_atch_stock.rdf_functional.owl,10247821,3745401,13993222
approximated_b8091d7a-ca0d-4bcb-8162-8d661834025a_Esox.ttl_functional.owl,9827734,3621567,13449301
approximated_kb-owl-syntax-unraveled-depth-3-km-relevant-cardinalities-disjointness-triggers-constant-classes-relation-axioms-value-nominals.ofn_functional.owl,653125119,1493203935,2146329054
approximated_8df0e37b-f8d5-404c-a804-b4299aaab114_Angry_Birds.ttl_functional.owl,102509247,3786026,106295273
approximated_275c5155-defc-4f51-8409-1c5ff1ec6fb2_schema_v08.owl_functional.owl,16982323,7145318,24127641
00401.owl_functional.owl,109936236,11325691,121261927
approximated_59becabb-e724-427f-99a2-068906aaf63e_Favicon.rdf_functional.owl,95271338,3819549,99090887
approximated_kb-owl-syntax-unraveled-depth-3-cardinalities-constant-classes-value-classes.ofn_functional.owl,515173984,981447854,1496621838
8e7667b5-696a-4991-8a75-e7b51d11b693_ssimplegaf.obo_functional.owl,5938010065,12589124006,18527134071
approximated_kb-owl-syntax-coreference-IDs-cardinalities-triggers.ofn_functional.owl,1001089148,1654114506,2655203654
approximated_1600de26-238e-4068-961b-5801b316dfd6_se_anatomy.owl_functional.owl,76034921,172805023,248839944
approximated_d2cafb79-d3ee-4fa0-adc7-d6f115199310_Plans.owl_functional.owl,26787444,27522037,54309481
approximated_b78e0844-9bc3-42c6-8bef-84588035cab4_eOntology.daml_functional.owl,14492170,5408499,19900669
2cd2c49b-c46e-4a57-bd98-52535880cf48__component.obo_functional.owl,50707457,15895762,66603219
approximated_41609dfd-8b85-4183-8ca5-2b94314d9d20_cocus.owl_functional.owl,18403633,5536511,23940144
approximated_2817c739-61d6-41ad-91b1-bc81ff6c970b_serve_wine.rdf_functional.owl,12341181,3654126,15995307
approximated_a36e84d7-1a57-4b99-a72d-66f3ba649c6d_sequence.owl_functional.owl,153183934,264498471,417682405
approximated_f7b25351-e5ef-4434-866c-428add955e00_ecosimple.owl_functional.owl,19305860,22083855,41389715
approximated_85bf72cf-efac-4310-81ff-e8dee625cb22_Apple_juice.rdf_functional.owl,17016595,4528786,21545381
approximated_dc10dcec-2ab3-4ddf-9af9-04326b849333_classified.owl_functional.owl,36324112,70259494,106583606
approximated_0aae2402-71fa-4a61-b847-b188c52f054e__red_brick.ttl_functional.owl,16602327,3893387,20495714
approximated_51e4acad-f9da-4f54-98f1-38e0794aecdb_OBI.owl_functional.owl,14133955,9470507,23604462
approximated_00415c44-c970-4f58-bc58-d909c6279bf7_shing_line.rdf_functional.owl,18783213,3922470,22705683
approximated_321df25d-990b-42b9-a1b5-9bfae0336ae7_g_sandwich.ttl_functional.owl,16000697,3870503,19871200
approximated_21ec9bd9-8307-402d-802b-47ae37593c0d_Boutonnire.ttl_functional.owl,16028269,3910074,19938343
approximated_7890c5b4-5aef-47e4-92e1-5d5a2fa3f764_Dry_box.rdf_functional.owl,15329145,3641580,18970725
approximated_b2381c4d-a337-4bdf-8f0b-688cc7737fd6_NLexOBOUBO.owl_functional.owl,54317461,108411688,162729149
approximated_051e47bd-48b7-4916-96e3-ca208b2b81b5_CBO.owl_functional.owl,12811993,12607353,25419346
approximated_00344.owl_functional.owl,28401826,17244950,45646776
approximated_09f8f2d1-1043-4794-a181-fb78c39ef1b7_uence_slim.owl_functional.owl,71325759,149604602,220930361
approximated_c684027a-185a-4005-b9b8-dce2dd7c7fe3_nAtmoCloud.owl_functional.owl,132200528,209038690,341239218
approximated_kb-owl-syntax-unraveled-depth-0-km-relevant-cardinalities-disjointness-relation-axioms.ofn_functional.owl,412344121,779075770,1191419891
approximated_7c634c9e-34c5-4b25-86fa-11f70c6a3da1_cilloscope.rdf_functional.owl,29201192,5374311,34575503
approximated_67f38410-04fa-45ee-9d68-8ae7bb37ba3c_videojuegos.owl_functional.owl,23109008,24643566,47752574
approximated_3557febb-bfae-426c-97b5-601955fa133a_gio_cheese.ttl_functional.owl,12234048,3858776,16092824
8d621077-1a0d-486c-9860-df6663dd8cc8_usequivmod.owl_functional.owl,243852812,176389668,420242480
approximated_527636f7-ab2f-4a25-8b93-082a92d7d9c1_Biological.owl_functional.owl,141301412,245365295,386666707
approximated_c402954a-7da5-4a76-80d7-fe6c68f45ea9_elAssembly.owl_functional.owl,29815562,21102374,50917936
approximated_kb-owl-syntax-unraveled-depth-2-km-relevant-cardinalities-disjointness-triggers-constant-classes-value-nominals.ofn_functional.owl,687063355,1537245797,2224309152
01c9d8c9-b9a0-4a82-a405-85f29d76cebb_nnotations.owl_functional.owl,33063427843,27419480325,60482908168
approximated_7760a14e-8a3e-4e64-aeba-f539b7ce2fdd_PaulFisher.rdf_functional.owl,51174518,3101946,54276464
approximated_f36ffc63-a5c0-44df-afea-c463d907ccb5_Molecule_1.owl_functional.owl,437297365,752223964,1189521329
approximated_5683efe6-84b7-40e8-97df-f709d5cc88fb_.dlhome_cfg.owl_functional.owl,14911321,4772256,19683577
d9d29ab5-8665-4920-ac5a-48dc3ff86bbd_classified.obo_functional.owl,295608908,689617156,985226064
approximated_5317906e-1fdf-466a-b300-fc3b2beef8cd_e_dressing.rdf_functional.owl,17000340,3663447,20663787
approximated_e90200c9-87bf-45b2-aea5-c2f2c9e1d50e_PaulFisher.rdf_functional.owl,11745147,3071872,14817019
7906d2bf-a371-46b8-8eb7-5766c09985db_cl_import.owl_functional.owl,24078277,49545148,73623425
approximated_d722cafd-eb8f-4772-acd1-4b67dd0c9c63_matrElement.owl_functional.owl,134371687,210392539,344764226
approximated_4ff3fe73-23ae-44a2-9acc-623541e141e5_olev_Tu160.ttl_functional.owl,14489178,3716779,18205957
approximated_34d1da0b-1831-4e6b-8d55-7d32b7a51eea_Sailboat.ttl_functional.owl,13638076,3782450,17420526
approximated_6e9b011b-c89f-4ab2-aec0-3d97e4531c44_Assessment.owl_functional.owl,137184814,210466068,347650882
approximated_5d56b0c3-7b67-4af9-a33d-d2a13fcea97e_event_functional.owl,17585754,7857505,25443259
approximated_3294b5fa-47ca-4f4f-a040-285ef30a3e51_Spade.rdf_functional.owl,11283871,3787872,15071743
approximated_154274de-6436-4679-8ee4-86c0bb9b1bd5_ategy_game.ttl_functional.owl,18928262,5399856,24328118
approximated_c846533b-b33c-41da-9c86-e5fcc764c557_dKnowledge.owl_functional.owl,18243357,4829291,23072648
2a12aafe-78c0-4746-b6bc-c6c3326a7a53_ryFoafDocument_functional.owl,14825853,988687,15814540
02a93afd-d26b-46b4-8c27-158c0cff8f63_loggerhead.owl_functional.owl,23699755,17532450,41232205
approximated_00575.owl_functional.owl,41817005,44359438,86176443
092612bc-e768-4ecf-b6f1-0f9ba6735033_ss_xp_cell.obo_functional.owl,58247872,18547453,76795325
approximated_c21993bf-26c2-4926-a259-30191660db6d_compute.owl_functional.owl,24595863,15220126,39815989
approximated_91589cf6-0a73-4a5c-bc4d-b50e5e1efbe0_mao.owl_functional.owl,13756434,8531601,22288035
trak.taxonomy-for-rehabilitation-of-knee-conditions.3.owl.xml_functional.owl,41722697,89006994,130729691
approximated_kb-owl-syntax-unraveled-depth-4-disjointness-constant-classes-value-classes.ofn_functional.owl,671511001,1406609431,2078120432
approximated_4be1601b-4d3e-454b-890c-e24ba41dd63b_Opgezwolle.rdf_functional.owl,16824579,6073752,22898331
approximated_59b80bc4-bf58-40f9-84d4-9ec154536b46_matrMineral.owl_functional.owl,142943316,211145985,354089301
approximated_77350562-dd03-4630-b4af-37b1b2e88463_Manifest.rdf_functional.owl,24612549,5176506,29789055
approximated_typon.microbial-typing-ontology.9.owl.xml_functional.owl,163488849,402398607,565887456
approximated_5c1c11c3-8441-4540-a306-78c83eab9643_PaulFisher.rdf_functional.owl,13260597,3106560,16367157
approximated_5ea9dbb6-eec0-426e-aba1-9bd58eda8609_ogolod2.owl_functional.owl,15408565,8673482,24082047
approximated_1008aff4-0020-4095-b470-5cfdd5255140_Mower.ttl_functional.owl,19580623,4170473,23751096
approximated_1bcc0e8d-44f9-49ae-a5c9-7e5facd42cfd_Bombarda.ttl_functional.owl,12810570,3656438,16467008
approximated_a6561dd7-98ad-4047-9a6d-da04cf7b3522_rraConcept.owl_functional.owl,18617765,5545630,24163395
approximated_9d2d4520-aaf7-43ba-86ca-48364f91607a_QVTCore.owl_functional.owl,27385055,18474024,45859079
91fd4c67-8861-4f72-94dc-d28254146d3d_School.owl_functional.owl,20667579,3161217,23828796
approximated_1833bcb6-6f74-45b9-9600-3a66f79bfc41_ng_T_bevel.rdf_functional.owl,12138123,3703474,15841597
approximated_04e1faf1-332d-4e64-bfdd-39b4d537ece8_Phenom4.0.1.owl_functional.owl,20319146,17009805,37328951
approximated_00650.owl_functional.owl,34323212,49008746,83331958
approximated_4e044446-97f0-4ceb-ab5f-785c3456092d_cedar.owl_functional.owl,48679540,24459059,73138599
ae1ad5a1-9410-4479-a2a0-2ad56c7d03a5_mao.owl_functional.owl,89669873,202094249,291764122
approximated_9925e7d0-5dc8-45bb-aee7-71eb5aef5ef5_wsOntology.owl_functional.owl,34971533,34299219,69270752
approximated_053b07f4-6232-4ffd-ae04-c2c266d2e3d0_cmmi.owl_functional.owl,30425834,34567396,64993230
approximated_fb2450f7-4a1f-45da-a91c-2e07974c8f60_pulsall.owl_functional.owl,452748321,180884817,633633138
approximated_00725.owl_functional.owl,16281372,2188412,18469784
760060fd-0123-4650-bb63-01b483d4460b_EbGdrcN5Y29ycA_functional.owl,16090491,4770689,20861180
approximated_DMEX.owl_functional.owl,8891679,498378,9390057
approximated_9366642f-4551-497f-9929-9f454ee25b41_stOntology.owl_functional.owl,17142397,4873068,22015465
approximated_56f473f0-043a-4970-a5a3-d9a20781a872_Flat_white.rdf_functional.owl,16818674,3643206,20461880
approximated_00019.owl_functional.owl,33390517,20638781,54029298
approximated_2ba428a5-ea97-4098-9ab9-0e7716620839_testsl2.owl_functional.owl,53468101,8168956,61637057
approximated_7440dbfd-ecc2-455a-8b66-debb990edfce_higgins_functional.owl,22892713,5590680,28483393
approximated_a002639d-31ba-4014-9840-2b950ebc6bed_felschorle.ttl_functional.owl,18832350,3834730,22667080
approximated_28fced52-b963-4759-a548-f25e5bbad522_nstability.owl_functional.owl,129876713,211517890,341394603
approximated_31ea33c0-66f5-4444-a561-5dfdaa66915a_Souvenir.rdf_functional.owl,16899559,3663037,20562596
approximated_1ffe15c3-627c-4b24-af16-070d133e7fe6_reo_camera.rdf_functional.owl,12567723,3665047,16232770
approximated_176b11f0-5156-49f0-9eb6-ec86def2f2e5_Fynbo.ttl_functional.owl,15133148,3710717,18843865
898ae855-4e43-42c0-bc4c-e2e202e8185c_nsequivmod.owl_functional.owl,486672752,391935606,878608358
approximated_5372e0cc-3d0c-4c5f-a1f7-821ad165f4e5_3134889031.owl_functional.owl,95078856,112270369,207349225
approximated_kb-owl-syntax-unraveled-depth-2-cardinalities-constant-classes-value-nominals.ofn_functional.owl,429541891,1067819952,1497361843
approximated_3b62d888-0cb8-41c4-a9b2-3493b5ebf4a5_Metsovone.ttl_functional.owl,17045738,3649381,20695119
approximated_483bced0-f4b7-4dda-9146-dc885622e47e_closureids.owl_functional.owl,837326740,69640985,906967725
approximated_070d822b-4a42-4f69-b5b6-87166032906d_TGMA.owl_functional.owl,72169357,145579612,217748969
hp.human-phenotype-ontology.442.owl.xml_functional.owl,240814481,727519582,968334063
approximated_8f859b16-e8d8-4d4d-b393-79a51a3b81fb_ck_grinder.ttl_functional.owl,111782013,3805457,115587470
approximated_kb-owl-syntax-unraveled-depth-1-disjointness-triggers-constant-classes-relation-axioms-value-classes.ofn_functional.owl,1236091465,1678917847,2915009312
approximated_5a47a7fa-d1ba-4d0b-9402-d1aa04821386_hed_potato.rdf_functional.owl,13539872,3809388,17349260
approximated_776e98a0-00b0-41d0-bf08-ca0a22f653b1_4_09_18_45.owl_functional.owl,18625588,15155755,33781343
approximated_5fb4c8e1-da7f-478c-a9c6-1ebafcbf5f61_bauutility.owl_functional.owl,14100052,3836282,17936334
approximated_557235cb-d111-4a9c-9948-21c1456ce79f__cream_pie.rdf_functional.owl,10066363,3872681,13939044
approximated_820dd1ed-fdf7-4846-abab-39e44c177188_stuffbfo.owl_functional.owl,8496587,6555318,15051905
07f1dd31-69eb-4bfd-9d85-4dbcc9104246_event.obo_functional.owl,121695937,254421809,376117746
approximated_35e673e7-c098-497f-98a0-40dd5f6070b3_opics_v0.3.owl_functional.owl,23464314,5098451,28562765
approximated_4f9f49db-cfce-4643-b5ad-19fad07bc97c_classified.owl_functional.owl,20518603,7465260,27983863
approximated_9707b9b1-0425-4bbc-b4ad-e55c88c0d362_eganstaxon.owl_functional.owl,1343241403,2523683362,3866924765
approximated_0f2dbdff-51b0-4b60-a5ec-f253e447d441_NEC_V25.rdf_functional.owl,9476578,4208907,13685485
approximated_987441aa-047f-4fce-98d6-5ec90ae51b19_xpressions.ttl_functional.owl,78140913,135553742,213694655
approximated_7136ea89-edf6-4a44-9682-fcf9db501ff5_Moling.ttl_functional.owl,13995358,3686400,17681758
approximated_kb-owl-syntax-unraveled-depth-4-cardinalities-triggers-constant-classes-value-classes.ofn_functional.owl,377780594,1007958883,1385739477
approximated_kb-owl-syntax-unraveled-depth-4-cardinalities-disjointness-triggers-constant-classes-value-classes.ofn_functional.owl,656642102,1521492413,2178134515
approximated_083954f3-e343-4b40-9b8b-48559470ee53_DP1.29.owl_functional.owl,21198042,3555601,24753643
approximated_3434ba24-0f64-4a1d-9bb4-f7883804c74c_shing_reel.rdf_functional.owl,12798668,3747843,16546511
76918eda-da1b-46ee-a0c1-3d5b0c705f0a_2.obo.PREVIOUS_functional.owl,322062497,664649017,986711514
approximated_7b46ae75-957d-41e8-85b9-2588daea4a75_bass_flute.ttl_functional.owl,17216912,3660777,20877689
approximated_975b525a-1324-4a73-9ecb-5efdfc59b3b7_locomotive.rdf_functional.owl,13343524,3957515,17301039
edd6a66a-b8bf-4719-93cb-43be2a14b03d_icalistype.owl_functional.owl,444545065,1010608559,1455153624
approximated_2e12c710-f1a4-4751-a51c-f8e8925b9e18_wn_aerator.ttl_functional.owl,13874186,3670277,17544463
3ea4d47a-f532-4101-80ec-d77493895c44_ERONBridge.owl_functional.owl,48022282,16218356,64240638
approximated_f6dd4a49-7e2f-449b-9791-a34ee80b797c_.rdf_functional.owl,8753152,4318407,13071559
8c10c42b-1bea-48cf-8f84-142edced81a1_gy.obo.CURRENT_functional.owl,131168917,348141583,479310500
approximated_192187d1-4123-4eff-90b3-edfe394f1432_3B8_cheese.ttl_functional.owl,11465617,3917364,15382981
approximated_mirnao.microrna-ontology.11.owl.xml_functional.owl,20784646,37022271,57806917
approximated_ed93aaec-ff97-41fd-9f21-693dfcfbc538_matrAnimal.owl_functional.owl,132168636,211388789,343557425
approximated_kb-owl-syntax-coreference-IDs-km-relevant-cardinalities-disjointness-triggers-constant-classes-value-nominals.ofn_functional.owl,865281535,2278248406,3143529941
approximated_235b03f4-be99-4075-af99-3e7c23f5ddb1_ngroupings.owl_functional.owl,94663413,225810522,320473935
approximated_c5eedadd-67b6-4a28-9cd7-7d4d605e0ac2_Odor_Eaters.rdf_functional.owl,4965318,3749027,8714345
03b7d71f-8d52-4d70-8000-9209ef0958dc_LIQO_ver1.0.owl_functional.owl,31033466,19418443,50451909
approximated_d76745dd-e2bd-422d-aca5-55fb0bdd0c2a_spr_functional.owl,16704749,10116142,26820891
approximated_kb-owl-syntax-unraveled-depth-4-cardinalities-disjointness-triggers.ofn_functional.owl,609887430,1391437975,2001325405
approximated_00689.owl_functional.owl,42528382,74705057,117233439
approximated_073a5273-8b0a-4518-a4da-09212010b348_usculusMOD.obo_functional.owl,4377920200,10674842380,15052762580
approximated_e7476bf2-d985-4c83-b513-9d822e1d558e_omic_clock.ttl_functional.owl,83178415,4020349,87198764
approximated_0c9997cf-3e77-4f90-ad68-d53d1ec91006_raightedge.rdf_functional.owl,32936197,3662827,36599024
approximated_cd073d8a-6a7b-4bcb-8cff-f2e461bb9d09_ll_control.owl_functional.owl,59218342,81883827,141102169
approximated_f924d6d0-684b-4528-ac7e-750639327d62_onto.rdf_functional.owl,150370504,7419481,157789985
approximated_cd73ae6f-faa1-4762-841e-c1b467997fb3_Concrete.rdf_functional.owl,97953948,3818539,101772487
approximated_aaef1d41-0710-4e1d-832a-2725b8b99e0b_ciFunction.owl_functional.owl,273810707,249195308,523006015
fe701538-532f-44b4-aade-983d6adc8f5f_imitive2.0.owl_functional.owl,17123133,7871283,24994416
3699122b-374c-4325-9ccf-c07284ecee36_classified.owl_functional.owl,17482604,17161428,34644032
approximated_ef910956-8ef3-43c0-92a5-7f6e4a40b03a_WL2DLtest3.owl_functional.owl,16247410,6668059,22915469
01465c1b-9738-418e-baaa-b0b421453a15_miro.owl_functional.owl,91014744,220539543,311554287
approximated_1005ae0f-2067-4cb9-95a3-98084024cf9d_Comparator.ttl_functional.owl,18281144,3664120,21945264
approximated_525cff87-79c7-4168-a23b-dcfb5d27d019_gibleThing.owl_functional.owl,14890237,4165594,19055831
approximated_33ddb4c1-e788-4934-a482-5f9ac1164b2f_spra_functional.owl,13809885,11636175,25446060
3fc23b17-540c-49ee-bdcc-d2e17e9038a3_classified.obo_functional.owl,21925332,44649734,66575066
44473801-244a-4dea-bdff-2363969aed39_Philosopher.owl_functional.owl,20282490,1657094,21939584
approximated_47f38025-3d90-4c25-8c94-6d10911e7552_onto.rdf_functional.owl,14852262,4658513,19510775
approximated_224f7e06-aae1-46c8-b560-fe0eb8ce58e1_phenSystem.owl_functional.owl,153615531,207525450,361140981
approximated_8fb51032-7709-4a8c-8a12-a514ab8aee18_iasted.owl_functional.owl,20738542,15738447,36476989
ee9f124f-5e7c-4d51-bfe4-bd647e866174_mpicResult.owl_functional.owl,13279868,1149074,14428942
approximated_kb-owl-syntax-unraveled-depth-1-constant-classes-relation-axioms-value-nominals.ofn_functional.owl,458278640,1080672009,1538950649
approximated_e61c8bf4-3404-46f6-be37-eed23c7592d6_nsverylite.owl_functional.owl,21298646,8812139,30110785
approximated_bbbb8e39-27d8-4411-91bc-fc097495fcee_aodontidae.rdf_functional.owl,19857017,5428548,25285565
approximated_16929795-918e-4eb0-81bb-c37ef06c372c_location.owl_functional.owl,448756620,86380772,535137392
approximated_d89951a6-6b3e-4c7e-b7f0-298a8667bd7c_cusuniprot.owl_functional.owl,103492568,65893788,169386356
approximated_eba921b0-589b-4d65-9f4b-30414792fc23_esg.owl_functional.owl,39582538,8915187,48497725
approximated_9a186bc4-6dce-4775-9875-1cb11bb4a8d5_pr.owl_functional.owl,3932923786,8177741324,12110665110
approximated_3ac190e3-3a57-4e5a-bc4a-ceb326d198b6_ory_funnel.rdf_functional.owl,20523091,7216475,27739566
approximated_26be8e69-c81e-47f5-b2d7-1e21e2e91527_Lego_Trains.ttl_functional.owl,13980279,3883396,17863675
e020a08d-3f18-4cbb-9161-d398e7f72c6b_fly_anatomy.obo_functional.owl,308463912,743218188,1051682100
approximated_13404249-8796-4671-8151-128425af6674_uided_bomb.ttl_functional.owl,19663086,5626674,25289760
2ad15741-ad4e-4cc4-b0ac-8023c687a64e_eML2011BRF.owl_functional.owl,11590399,1140281,12730680
approximated_696e4d48-c7d9-4d01-97e7-2e9b83d86fad_Insect.rdf_functional.owl,17597132,3892796,21489928
approximated_70531359-70b1-4ead-9426-7ec4f5bb68be_Fresco.rdf_functional.owl,9991125,3724035,13715160
approximated_kb-owl-syntax-unraveled-depth-4-km-relevant-cardinalities-triggers.ofn_functional.owl,338267849,858084357,1196352206
approximated_eda3a6d1-1183-4a9b-9e2a-fca3f53e47d9_ethernet.owl_functional.owl,18029338,8461837,26491175
approximated_125a4f9f-52e4-4675-add9-c046d5a377f5_CHEBI.owl_functional.owl,1385394169,3895659733,5281053902
approximated_65d4331a-e88a-47dd-8b4c-993211389917_pe_xp_all.owl2_functional.owl,571487059,1625981704,2197468763
approximated_01db9b9a-d7f8-460b-9dd2-e39a70fcdd18_chemState.owl_functional.owl,34192454,46585769,80778223
approximated_4fd43891-12be-4e41-937a-180c59d802ad_torDefault.owl_functional.owl,19419747,7538935,26958682
approximated_kb-owl-syntax-unraveled-depth-1-cardinalities-constant-classes-relation-axioms-value-nominals.ofn_functional.owl,464873556,1151956556,1616830112
approximated_kb-owl-syntax-unraveled-depth-4-disjointness-constant-classes-value-nominals.ofn_functional.owl,636577342,1408866603,2045443945
approximated_9dee045d-869f-4ff2-88be-60f1ee4d5923_core_200908.owl_functional.owl,17148096,5436393,22584489
approximated_06a8f1a3-e203-4d15-8924-cf05f085dda1_uberon.obo_functional.owl,952424946,1854884271,2807309217
approximated_da178474-5ccf-4e53-815b-d5da55077d5f_Crusher.ttl_functional.owl,12435779,3928718,16364497
approximated_63d54963-d135-413a-9909-d85d6d81e092_oll_holder.rdf_functional.owl,16833190,3778216,20611406
710f8c1d-3630-4409-9600-f945cdcf28ae_xccinternal.owl_functional.owl,28772338,5907258,34679596
approximated_38e427d5-a197-405c-8cf1-fad46acbe827_Tobiko.rdf_functional.owl,12242508,4018059,16260567
approximated_a8159caa-7d20-4d8f-99f1-c358e6128730_ceRelation.owl_functional.owl,133173893,209336903,342510796
5f9cc8c6-8822-4fd3-abd9-8e4e8738b604_brenda.owl2_functional.owl,114094277,256211361,370305638
1b2f946f-054c-41e1-a2f3-40e9c8c60bd5_A.obo.PREVIOUS_functional.owl,284903549,676204935,961108484
approximated_6ebda30a-362a-4099-ad77-ce56dc0c164b__assistant.ttl_functional.owl,11289830,3970701,15260531
9cdea447-f0b7-42a2-a0dc-3ebaea4daa9d_EbGdrcN5Y29ycA_functional.owl,15335148,7250609,22585757
ec3de862-3d9b-4195-953a-968a0185b875_imitive1.0.owl_functional.owl,16158535,6463695,22622230
approximated_d571fb06-41c5-47ca-9449-237d7410d8dd_EnergyFlux.owl_functional.owl,137778768,244909586,382688354
d2180b08-67a0-4a1b-8302-000032c6aebe_Heilpflanzen_W_functional.owl,16081820,780909,16862729
90971a62-73d9-4a42-9fe6-2c5934cf151d_classified.owl_functional.owl,23629845,27095493,50725338
approximated_8f31d28f-cc74-43aa-ab01-9bce73015243_on_example.owl_functional.owl,18196869,3596393,21793262
approximated_0870185e-b96d-42b0-9804-f7f688587d9b_biotoplite.owl_functional.owl,11749083,4687122,16436205
approximated_11b73a51-a69f-49f0-b52e-79a7ddec1ad6_te20050228.owl_functional.owl,13460138,11051632,24511770
861440fd-a371-4ec5-86cd-3ef8649e0cd3_event.owl2_functional.owl,148422809,366516107,514938916
approximated_6dc40307-ab7c-4098-a2f1-ec7032ac442d_iginal_sin.rdf_functional.owl,106604295,3858702,110462997
approximated_e17f2f58-2679-4fc0-a88d-362b71478ade_andGlacial.owl_functional.owl,274646544,211075103,485721647
approximated_1acd790d-6925-4043-af18-f6e071fb7839_CategoryCC0_functional.owl,96892708,1838913,98731621
approximated_146592d5-d7cc-475a-8f9d-a8c2cfd210ea_Biological.owl_functional.owl,135247055,215107715,350354770
66264283-572b-428d-acc1-7e1eb9f7136f_otballTeam.owl_functional.owl,116224044,1608615,117832659
approximated_a4541dc9-44a9-4199-9c53-03fc89757ca0_quantities_functional.owl,17728937,6888899,24617836
approximated_0ea8cb50-1c16-48e9-aa49-28d66bb44c6c_ogy_en_ins.owl_functional.owl,98675653,9780279,108455932
approximated_a0e9ae78-5c7c-4928-a16b-56562d9e989b_onto.owl_functional.owl,112911568,9259433,122171001
approximated_d2b462f4-216a-4951-a8e8-7686640f9299_stateSystem.owl_functional.owl,312555899,247377578,559933477
approximated_4a399179-1e7d-46a3-a2cc-264998a91a99_corinesi.owl_functional.owl,24168133,25112306,49280439
approximated_1932acc6-3fa9-41e7-a761-43396ae10494_ontomusica.owl_functional.owl,28887422,2452298,31339720
approximated_794c1f3c-e392-4882-8ef9-fb44927c5203_frbrer.rdf_functional.owl,19949874,10205706,30155580
approximated_0232d9d1-3df9-487e-bc5f-80b9ff536917_onOntology.owl_functional.owl,143036559,247664592,390701151
approximated_00398.owl_functional.owl,618249199,1849861915,2468111114
approximated_46911a51-23b7-4e45-a6e0-e060c9bd69a1_0922_5_0_1.owl_functional.owl,30637911,21402067,52039978
approximated_61127566-0e52-4c50-b394-d1fa25924254_LR5.ttl_functional.owl,14649693,4005091,18654784
approximated_5df845a1-4c35-4f74-916d-d519cb7ce706_onto.rdf_functional.owl,10563954,5187916,15751870
9fefee31-96df-4d71-b95b-b7def560dec9_imitive1.0.owl_functional.owl,17649302,5740507,23389809
approximated_3e64de8f-a1d9-4be4-b13d-91beccbd53e8_lout_shelf.ttl_functional.owl,12910283,3764618,16674901
cd3beaf8-366b-4e38-9b34-884b6655557f_sgenechrom.owl_functional.owl,917423521,1625550231,2542973752
approximated_ae4767ac-f984-43e4-a024-719e8126c4d8_ensionv1.1.ttl_functional.owl,26442071,10327226,36769297
80c6d8a7-ec0e-4365-82a3-9230679c1acc_nalischrom.owl_functional.owl,38013031,80328076,118341107
approximated_fb227643-4b91-453a-a0bf-3a9cf6e8cbff_ectralBand.owl_functional.owl,147684750,213483066,361167816
88b6ce5b-b0e9-4722-bd85-6d4759abd94f_k_anatomy.owl2_functional.owl,28576817,50799206,79376023
approximated_00788.owl_functional.owl,52450440,86762502,139212942
approximated_f468e940-3a50-4b60-bd2a-e628b73838ec_prSciUnits.owl_functional.owl,140126461,211281331,351407792
approximated_kb-owl-syntax-unraveled-depth-4-disjointness-triggers-relation-axioms.ofn_functional.owl,618412735,1297902848,1916315583
approximated_8e3d7187-16d5-4ebf-9bb7-df4cb2b38bac_Beer_bread.rdf_functional.owl,12135237,4055521,16190758
approximated_2f702e0d-42ca-4819-8975-af65d131662e_Breadboard.rdf_functional.owl,12461051,3947959,16409010
approximated_f2eaf3e5-47ed-4431-9f77-3766d7e0d128_y_analyser.rdf_functional.owl,12140192,3647061,15787253
approximated_122a4bf7-019e-4b0e-98a4-fc2cc7d9f408_cmmi_inst1.owl_functional.owl,18770895,11428684,30199579
approximated_0205c986-1808-4ebe-a5db-1a05e6840778_onto.rdf_functional.owl,14141810,5325081,19466891
approximated_0be6be5d-7f65-4a49-afc4-b48e77d8b9cb_olympics.owl_functional.owl,20451047,12115349,32566396
approximated_60445597-6f04-4656-9f6c-b37f8a349237_chteplatte.ttl_functional.owl,10792806,3695661,14488467
approximated_507bda21-9cd8-4bee-a195-33257268b74b_Coordinate.owl_functional.owl,133801632,212620753,346422385
approximated_55210bd3-9230-4ed5-b428-cd056ff8fac5_COSMOtop979.owl_functional.owl,475107376,807665618,1282772994
approximated_09331129-d6d9-4521-a386-5ab27451b0db_etworkv0.1.owl_functional.owl,27144970,2883493,30028463
approximated_273e2354-96f7-407e-a201-c97bdcce217f_mergedtbox.owl_functional.owl,8817160154,18909509403,27726669557
approximated_3ddaa2c3-36cc-4f37-b1b5-18b7cfe0226f_biotop.owl_functional.owl,21457169,18918348,40375517
approximated_028dbdf6-a47b-4b86-92e6-cd41618f68ff_n_solenoid.rdf_functional.owl,13863515,3818374,17681889
approximated_56aa7fb9-6e6b-4b60-858e-8ec80ef3110d_bservation.owl_functional.owl,19114713,5935995,25050708
approximated_02284043-fd5d-4a42-ab11-f3995f08d802_provlinks_functional.owl,18841917,3627661,22469578
approximated_140e8a14-345e-4a5e-a1b4-0250890488c2_kscratcher.rdf_functional.owl,14464970,3619106,18084076
ehdaa2.human-developmental-anatomy-ontology-abstract-version-2.31.owl.xml_functional.owl,422430572,678576360,1101006932
bb2dd2b7-9bcd-4cf0-8508-a80e584485ed_o.obo.PREVIOUS_functional.owl,20010328,17700207,37710535
approximated_4015207e-8440-42a3-9a8a-aa4932f58768_Woodchipper.ttl_functional.owl,9718109,3768425,13486534
8607a3cb-28dd-4be1-8832-ddee854848b0_xtaxon.owl_functional.owl,23425924,25566696,48992620
approximated_a8b4bdca-a357-42bd-b4b4-6fe776134800_ectralLine.owl_functional.owl,134033101,209908528,343941629
ae2ecc7e-7c93-4f93-b798-f0d2d6881734_y.obo.PREVIOUS_functional.owl,83364188,185124687,268488875
approximated_00367.owl_functional.owl,15841460,6635221,22476681
approximated_c0d3957d-6557-455f-95be-6d2bc562da88_one_record.rdf_functional.owl,16014522,3688945,19703467
90244d5a-e2d5-4a1b-b405-946d055047ff_oyPlaymate.owl_functional.owl,13077551,1443017,14520568
1c1bb546-5320-4c51-80d7-c3e7157cc5ac_terpro2go.owl2_functional.owl,1212967129,1582640884,2795608013
approximated_16525ef8-6b8f-4945-b991-ad5bbd1f2e1b_ing_pencil.rdf_functional.owl,14356531,3889928,18246459
17fc0f77-5dd7-4023-a389-ad7398d8327a_nt_xp_self.obo_functional.owl,36645907,10764521,47410428
b1fa7191-c918-4202-a23c-b3c7a8843536_TradeUnion.owl_functional.owl,16804956,1657977,18462933
approximated_49a57008-ccc8-451e-8072-32c9e85ad865_trCompound.owl_functional.owl,132921727,209249657,342171384
approximated_168b3169-b5af-42f6-b93e-b5aef12a4194_onto.rdf_functional.owl,12870690,5045399,17916089
approximated_803812f9-a7c7-4d42-a6c3-6d235b91fc78_odm2codo.owl_functional.owl,21999542,10418851,32418393
approximated_e52eb92f-6435-4cf5-9f64-7a2fbb5d93d1_0Instances.owl_functional.owl,14729382,2474037,17203419
5917bc2f-321b-43f0-a14b-566557356488_m_process.owl2_functional.owl,41172193,10575660,51747853
approximated_FMA-constitutionalPartForNS_ALCOI(D).owl_functional.owl,4698327580,12677545371,17375872951
approximated_d3ebc3b0-ee99-461a-bbda-3ff315aa94e4_schema.owl_functional.owl,12813038,6420197,19233235
approximated_42d1cf56-fd2d-49bd-a452-24910cf6c7d9_COSMOtop995.owl_functional.owl,475911601,883853425,1359765026
approximated_877e1ab4-884f-489e-b9b0-5b620ec7ef21_premises668_functional.owl,13621366,7822736,21444102
approximated_591b87da-2f33-43f6-96bb-073738cbfaba_concept.owl_functional.owl,17121477,9480082,26601559
approximated_0605ce0f-faf6-426a-b275-af15a9eccbba_cl.owl_functional.owl,310712846,843338991,1154051837
approximated_55c99860-51ef-43ff-aa5e-6d4de55690b5_siaemerged.owl_functional.owl,1176110061,3263065828,4439175889
approximated_7d0b4799-123f-41df-8ca5-b07918d6175e_ragm_valve.rdf_functional.owl,10057197,4055473,14112670
approximated_0e3e6c73-e566-403c-b18f-8856c222c222_y_cocktail.ttl_functional.owl,17376327,3846678,21223005
approximated_28151b62-da96-43cd-bf1f-f2f369945685_Workbench.ttl_functional.owl,15266861,3869011,19135872
approximated_kb-owl-syntax-unraveled-depth-4-cardinalities-disjointness-constant-classes-relation-axioms-value-nominals.ofn_functional.owl,658554265,1550389553,2208943818
approximated_1309411a-7d91-4264-a132-4a7512d8a563_moire_desk.rdf_functional.owl,20504715,3793235,24297950
approximated_88ab0722-23b2-4e92-a716-7eb2080789e3_phenCryo.owl_functional.owl,137052934,211274475,348327409
approximated_kb-owl-syntax-unraveled-depth-3-disjointness-constant-classes-value-classes.ofn_functional.owl,655171703,1502577682,2157749385
approximated_kb-owl-syntax-unraveled-depth-3-cardinalities-disjointness-triggers-constant-classes-value-classes.ofn_functional.owl,726313878,1541648001,2267961879
approximated_15a31bac-93d6-40e3-881d-78cbcc91f8c3_TOLOGYv102.owl_functional.owl,176223957,123245771,299469728
approximated_94a41d39-9b53-4254-addd-d7c84b948608_iss_cheese.ttl_functional.owl,109166411,3936455,113102866
approximated_95a0397e-5837-4800-9848-a7d8411919e4_ne_battery.rdf_functional.owl,14049344,3738386,17787730
00538.owl_functional.owl,22185573,2530592,24716165
approximated_00495.owl_functional.owl,152084841,131068141,283152982
approximated_1b77b238-0497-4666-89c7-af93b706ed69_VAX.rdf_functional.owl,119752261,3668180,123420441
approximated_6e1864f9-8c90-4f07-92ac-7e3b27cfd7d2_physElecMag.owl_functional.owl,75570002,125047297,200617299
76f32c42-ddda-480e-ae7d-d5bb3e6efc02_latest.08.owl_functional.owl,2855979648,672827773,3528807421
approximated_00028.owl_functional.owl,1088230413,2965962645,4054193058
approximated_11494eb9-a8f9-4de0-a5bb-505cfa39f6fd_e_software.rdf_functional.owl,10312192,4103851,14416043
approximated_0243f046-ca3b-4523-b4ef-29715268166c_Molecule_1.owl_functional.owl,417712873,738945840,1156658713
approximated_5d785baa-7329-4194-b0de-33ec4ac031d3_ohistology.owl_functional.owl,29963577,13280798,43244375
53c1e890-09c7-4789-a3e7-32a3d53dadbb_ntInferred.owl_functional.owl,15540087,17215860,32755947
1271751c-84eb-4d2d-b325-e27752da1578_zfs.owl_functional.owl,14239760,8057083,22296843
approximated_9d2b50a0-3f0c-44e6-b6b1-e35753ae431d_russiaB.owl_functional.owl,6811440,7459406,14270846
034dfba3-de08-41c0-a828-1e4fd9ffacfa_ct.obo.CURRENT_functional.owl,87358674,130818975,218177649
approximated_acd954bf-244f-4154-8b9a-7fff6fa47c9f_bib2.n3_functional.owl,8703385,4679788,13383173
approximated_kb-owl-syntax-unraveled-depth-4-cardinalities-triggers-constant-classes-relation-axioms-value-nominals.ofn_functional.owl,381352422,931121895,1312474317
approximated_0c7d3508-792c-4d89-9b00-beb5896619a7_eHierarchy.owl_functional.owl,11913198,7903267,19816465
approximated_0af07fbc-a273-4fce-af98-293f6b7c055b_Carrot_cake.rdf_functional.owl,14776495,3612736,18389231
approximated_812b4ad7-4cfc-4619-9be4-69a36ada470c_Burin.ttl_functional.owl,12337549,3800632,16138181
ace2e44b-ad39-4e38-bfe9-235e4a91441f_chebi.owl_functional.owl,410672235,915344145,1326016380
approximated_6c53262b-c33f-424f-99bc-348bb995a77b_hReference.owl_functional.owl,100789969,155016568,255806537
approximated_7372a035-ba2d-43f8-a26a-d5839f43a966_onto.rdf_functional.owl,10906144,5307637,16213781
approximated_9e1da18e-d6c2-45b8-93c9-cd05964fa627_DUL_v318.owl_functional.owl,19030641,11123103,30153744
approximated_4fbf88fc-3ea1-42ce-92c9-4d816a359068_obi.obo_functional.owl,99226898,246701010,345927908
approximated_2cd73d6c-923e-402b-b0cc-6f6893bede3e_Ingredient.rdf_functional.owl,18910229,3890195,22800424
approximated_kb-owl-syntax-unraveled-depth-1-km-relevant-cardinalities-triggers-relation-axioms.ofn_functional.owl,423541197,1067633010,1491174207
approximated_kb-owl-syntax-unraveled-depth-2-cardinalities-disjointness-triggers-constant-classes-relation-axioms-value-classes.ofn_functional.owl,717232566,1679970633,2397203199
approximated_3268baa6-91a8-4b4a-8386-1aab21635354_s_software.rdf_functional.owl,22083484,5041319,27124803
approximated_972c6928-9ea3-421e-b18f-b3892e0ca37c_emtopbforo.owl_functional.owl,13528605,10804517,24333122
approximated_8ba3ab14-633e-4373-80b0-212bede79143_cicero2codo.owl_functional.owl,36494687,16301361,52796048
ba597464-1575-41ec-938b-b8851ee0b1de_eKrankheiten_E_functional.owl,15762677,799727,16562404
approximated_3b00e0dc-b125-4a2d-b057-a25e683d978e_iswccompbib.owl_functional.owl,15581354,2240730,17822084
328d34b5-9818-4911-852c-0376c9ab7ec3_Journalist.owl_functional.owl,19749334,2423689,22173023
approximated_d9d082b0-543c-475b-93ec-fcaf4d491618_landFluvial.owl_functional.owl,73195186,139652156,212847342
approximated_cpro.computer-based-patient-record-ontology.3.owl.xml_functional.owl,16413409,9739253,26152662
approximated_kb-owl-syntax-coreference-IDs-cardinalities-disjointness-constant-classes-relation-axioms-value-nominals.ofn_functional.owl,897285398,2385348542,3282633940
approximated_0747f957-3fde-418d-adc2-366c2de266a7_Intel_Core.rdf_functional.owl,17057980,4053715,21111695
approximated_77484b57-9029-44e1-8626-a3a8916b420e_andGlacial.owl_functional.owl,137891063,210996843,348887906
approximated_kb-owl-syntax-unraveled-depth-2-disjointness-constant-classes-value-classes.ofn_functional.owl,688166484,1576075001,2264241485
approximated_e4a4088d-763a-484b-a356-d8e08c927180_Sinclair_C5.rdf_functional.owl,9435197,4261283,13696480
approximated_cc3bbb49-9b4a-4f83-8364-25ac064a31ca_onto.rdf_functional.owl,16525184,4867282,21392466
approximated_51dc9a74-664e-4ef1-8ab7-13350a0a3b4e_undry_ball.rdf_functional.owl,15948650,3780180,19728830
approximated_01ddc38c-7382-4fc7-8880-26b0d6239e72_Rauchkse.ttl_functional.owl,11188495,3636062,14824557
c3fe2a82-056e-491d-8add-360146dde493_atOntology.owl_functional.owl,18005819,1917937,19923756
approximated_e63ade70-0b13-45f6-bdae-c43f816f5e66_nvirImpact.owl_functional.owl,143376185,241781154,385157339
approximated_bf0757de-7674-4c09-a111-d318be2ee51a_schemaorg.owl_functional.owl,17753526,14823967,32577493
44b5dcbf-ec45-4d45-9624-d0e3ee77c6a1_onto.rdf_functional.owl,10105159,626661,10731820
approximated_00766.owl_functional.owl,48237841,96058058,144295899
approximated_kb-owl-syntax-coreference-IDs-disjointness-triggers-constant-classes-relation-axioms-value-classes.ofn_functional.owl,915730617,2160019861,3075750478
approximated_274821ff-becd-419a-83b4-f1ae3bde8631_Mop.rdf_functional.owl,4848124,3745848,8593972
approximated_kb-owl-syntax-unraveled-depth-1-triggers-constant-classes-value-classes.ofn_functional.owl,443343125,1116193771,1559536896
9944f33a-3e28-4dad-875c-de37c7fc28dd_ganisation.owl_functional.owl,15475689,1721862,17197551
approximated_bdf9de5d-1052-410e-b2a4-d077cd84152d_ked_cheese.ttl_functional.owl,12076293,3914375,15990668
af899fda-cfb0-49ed-b23a-2a0467d9eb73_fbdvsimple.obo_functional.owl,16948800,20171893,37120693
approximated_c8c7523d-017c-4818-a182-82975efde460_chem.owl_functional.owl,20754590,23082691,43837281
approximated_f7c3cfe6-5b35-46b2-88a5-fe7ae8fd67b4_realmSoil.owl_functional.owl,126321123,210601058,336922181
approximated_4b0357e5-15b4-49d7-838f-b27d306a374e_onto.rdf_functional.owl,9825167,4184113,14009280
approximated_26350832-437f-405a-b80d-90310ef0a0ba_Vocabulary.owl_functional.owl,22406881,19726249,42133130
approximated_0c22d7cc-e258-4c72-b6c1-ff0fd22c8b94_anzbrtchen.rdf_functional.owl,11969788,3894522,15864310
approximated_447b4abc-c437-4868-9932-c9c0e7ef8ac0_phenMixing.owl_functional.owl,134830114,209805278,344635392
approximated_00371.owl_functional.owl,774909764,1874663996,2649573760
0f78323e-4396-45c3-9059-dcacf396848f_wbbt.owl_functional.owl,295563827,720020050,1015583877
approximated_8ce4cf5f-638d-45c6-9b00-07897685b1ea_FN1.41.owl_functional.owl,23035720,8760922,31796642
approximated_74f11c74-d7db-498d-b15f-8a1e5c935582_Solvent.ttl_functional.owl,9698253,4012358,13710611
approximated_44ef69b3-d481-4355-b458-f4cca1cd5aec_onto.rdf_functional.owl,12523436,7352029,19875465
15642674-7893-4b0c-806b-8b7358526824_nbosimple.owl_functional.owl,23616499,43985690,67602189
approximated_5bd95963-91a1-481d-91bb-d461bcf442dd_de_l27Isle.ttl_functional.owl,9999218,3618274,13617492
449e618d-6e36-4068-b415-240b7e379d22_culusensfm.owl_functional.owl,636677754,1454797270,2091475024
approximated_341aee03-a6fe-4465-a8cb-7c563cec6943_protonext.ttl_functional.owl,25253397,34175750,59429147
approximated_da10572f-958b-45a7-a113-525434682a44_ssn.owl_functional.owl,13702297,14090028,27792325
approximated_9b5b7c07-18f1-4ace-baf9-b02ca2611539_iser_blade.ttl_functional.owl,13966906,3763955,17730861
01c6900c-64b6-43ca-b529-c83ea06637b2__component.owl_functional.owl,43942626,15759656,59702282
e6f5eade-7f0e-4258-b785-752a73da6f8d_ialairport.owl_functional.owl,113460861,16438322,129899183
approximated_27c7485c-d3ea-4664-af3c-e3ea13fd2ff1_ysPressure.owl_functional.owl,33951514,45792632,79744146
approximated_09fe783a-e2e5-4cae-ac98-2fd4607fd422_dtn.owl_functional.owl,10974247,7496361,18470608
approximated_27e139b4-1628-4510-8c38-ad95bea58a99_X87.ttl_functional.owl,15687182,3701603,19388785
approximated_d063c3bc-c3ab-42da-b94c-32aacd59deb3_a4a.owl_functional.owl,14408633,3574240,17982873
approximated_07fd1416-9e56-4bae-abc6-c67434fedd00_ganism_process_functional.owl,32321039,59727320,92048359
21ec3256-a2d2-425c-9781-80e266f491cc_us_anatomy.obo_functional.owl,46885470,80884487,127769957
approximated_012d8979-03c7-4b9d-b9c1-5e416f669e6a_Crayfish.rdf_functional.owl,10765051,4295580,15060631
approximated_c60d6497-cb91-40f0-ab4c-0313387481ec_TravelCNO.owl_functional.owl,19686949,13613558,33300507
approximated_ab48a29d-bf74-4c1e-8e9d-4165df148dfa_meGeologic.owl_functional.owl,132037103,214662902,346700005
de19df21-5965-45c8-98c1-3c548465cbc4_psimi.owl2_functional.owl,46032733,113914567,159947300
263f4269-6da5-4ce6-9a61-529f1571793b_ubcellular.owl_functional.owl,24087637,22115882,46203519
approximated_3da9d4db-08ba-4527-9af1-8af5cb29bce8_scro.owl_functional.owl,18475243,4513780,22989023
approximated_3af04830-8401-4ed1-b61a-98600dda85f5_complex2.0.owl_functional.owl,15082768,20445271,35528039
c013a770-9858-4879-85c4-f707812c6f81_Taxonomy.owl_functional.owl,13219112,4951848,18170960
507614f5-0606-4ee8-af67-c0ed815822c6_uosimple.obo_functional.owl,13337678,16337532,29675210
approximated_4fa00a12-df62-44ca-b135-d01a9258a358_Sword.rdf_functional.owl,11167089,3771165,14938254
18aea2c7-e745-4307-8206-d1aa4daa3224_rs.owl_functional.owl,85996685,240065596,326062281
approximated_3a069e05-be9a-445b-bc9c-837842280411_Apple.ttl_functional.owl,12148575,4131259,16279834
approximated_4a5aa7fd-91e8-4f20-9554-15f56b4c5c53_Duke081230.owl_functional.owl,33978293,3240470,37218763
approximated_59966f1a-3ce4-4240-88ae-56c3cf3ebcad_stateTime.owl_functional.owl,148962453,234129497,383091950
approximated_8afb1df6-8442-459c-aa0a-8b918992252a_opjk.owl.xml_functional.owl,17692167,6842914,24535081
approximated_0eaa74fc-399a-4eb5-a93b-0806f3c693ef_morphology.owl_functional.owl,130442271,209204300,339646571
approximated_00431.owl_functional.owl,23770360,25953286,49723646
approximated_2253263d-3b7e-48dd-9f9e-307a0d19ce48_ov20120724.owl_functional.owl,9445867,3920965,13366832
7b771b35-0f86-4b7d-ba71-034b180bf31f_SoccerClub.owl_functional.owl,17917573,2621055,20538628
approximated_12f929ce-75f3-4ff6-b82b-92306291ea16_harichthys.ttl_functional.owl,21278435,4778724,26057159
approximated_DMKB.owl_functional.owl,82067381,85392997,167460378
approximated_231ebb0e-eeeb-470f-bb3b-80a210de0426_Razor.rdf_functional.owl,17268397,3680259,20948656
approximated_2a4e15eb-a4d4-4318-83c0-ce1362efb391_Intel_80186.rdf_functional.owl,6751508,3950949,10702457
approximated_54ef5e1f-81ee-4c58-8bbd-b222addcec38_onkeymedia.owl_functional.owl,20597049,18753373,39350422
approximated_a94531a4-91cc-4698-87b8-e628f14518c3_IOLite.owl_functional.owl,25171390,16264045,41435435
0075a29f-7bd0-4861-8b22-65a2c25ec039_vt.obo_functional.owl,66720920,183042855,249763775
approximated_2e7972c1-50c9-4874-a3ac-9b15c0462b9a_Springerle.ttl_functional.owl,17394370,3724100,21118470
approximated_00556.owl_functional.owl,40096189,85228041,125324230
5c7199bd-89f2-4c65-8ea0-bca0502aaf97_ballLeague.owl_functional.owl,9052413,805646,9858059
15c26c24-6bff-496f-b6fe-49270e2598ba_meshonto.owl_functional.owl,603664795,1778232458,2381897253
approximated_7014f294-25ea-4ca0-9847-43ebbbbf9b50_schema.owl_functional.owl,21892854,10144738,32037592
approximated_667a63e6-5af1-412e-9043-b73b2479fc07_imitive1.0.owl_functional.owl,13372536,6184372,19556908
approximated_8064077a-4fb0-481a-8489-4bafb297e42b_tambis.owl_functional.owl,26928866,29478459,56407325
approximated_2741d264-4cea-45d9-81eb-1ea58876865f_Broom.rdf_functional.owl,14135545,3876016,18011561
approximated_80150995-a5eb-433a-b2eb-c4a8c4e13782_Conference.owl_functional.owl,15904990,5688322,21593312
approximated_3f47207c-7eef-4756-b676-9a5cc430c807_Ham_hock.rdf_functional.owl,12677490,4015096,16692586
approximated_4620d329-3cc3-45ca-8695-107e162b6ba4_Chocolate.ttl_functional.owl,18305488,3719007,22024495
approximated_89d9a26a-e15d-4e0f-94cf-cdb85965c7bf_OCC3.owl_functional.owl,513861204,223287854,737149058
49be9626-985e-40ff-a4f3-4b2b3ad7a4a0_classified.obo_functional.owl,64333662,130281045,194614707
approximated_8e4c018f-5a32-49bc-a8ab-db09bd67d826_ndTectonic.owl_functional.owl,138245656,244281169,382526825
c47304fa-a28c-4795-8dc2-c06654c4fe62_gicusensfm.owl_functional.owl,641699908,1435260224,2076960132
approximated_3ad00d64-a377-4eee-b24b-415c15dd6b40_illon_cube.rdf_functional.owl,17051027,3802143,20853170
approximated_3c1fb727-13c9-40aa-934f-c909cee24a76_Orographic.owl_functional.owl,138331637,245284892,383616529
approximated_e569e871-0395-4615-9e65-b01afccb1336_alResource.owl_functional.owl,207555060,216297843,423852903
approximated_89ca80e5-4643-4b46-8403-cc1e1329b2a0_onto.rdf_functional.owl,99862818,4689357,104552175
57cf3a27-ed27-402c-b634-0f7ae68d8d65_ecomerged.obo_functional.owl,17820588,14946988,32767576
approximated_023dca16-a3d1-478f-b3cc-b16120b226e0_zyWine.1.0.owl_functional.owl,120666813,17314514,137981327
approximated_7ca7d231-62c9-4f98-958e-24803ea0a5a9_Ricola.ttl_functional.owl,102363819,3670440,106034259
9a13d295-8ab3-46b6-b569-d485303b0e29_fix.owl_functional.owl,38633341,78677805,117311146
approximated_013ee5a1-63bc-4f12-92dc-04492eecbc9a_rus_05.03f.owl_functional.owl,2537228444,5198249814,7735478258
approximated_08cee650-215e-427c-9582-60e0c75394cd_family.swrl.owl_functional.owl,10884461,4273746,15158207
approximated_91351cc0-74a4-45f7-b10c-194c8476af71_finance.owl_functional.owl,21839933,13851587,35691520
approximated_kb-owl-syntax-unraveled-depth-1-km-relevant-cardinalities-disjointness-triggers.ofn_functional.owl,696861497,1486797517,2183659014
approximated_22b95e29-74ed-49e5-bfa0-4ff88d47904f_Enlarger.ttl_functional.owl,92009673,5567308,97576981
approximated_kb-owl-syntax-unraveled-depth-1-cardinalities-constant-classes-relation-axioms-value-classes.ofn_functional.owl,518631685,1173602594,1692234279
approximated_07ae1e72-6d16-4f8a-8a5d-bb730fe9b6f4_Bow_tie.ttl_functional.owl,9453337,4260368,13713705
2ca84707-732c-46e4-a101-2928a00da37f_lgcl.rdfs_functional.owl,36971749,69830770,106802519
approximated_747c721b-14b2-43de-94a1-770e0e712354_matrPlant.owl_functional.owl,138497809,246940261,385438070
approximated_4e9d6eee-cf20-4a02-bbed-5c587c282d29_onto.rdf_functional.owl,12665603,6618991,19284594
70668597-28d0-4179-9f74-8d2dd1b51bba_zfasimple.owl_functional.owl,118949883,283623815,402573698
approximated_12cc88b8-987e-4b15-8a46-2909d01cc984_EO.owl_functional.owl,21289960,25254686,46544646
approximated_0edd161d-aae5-4d5a-93cd-010c77e5fe44_Cone_wrench.rdf_functional.owl,12559528,4168268,16727796
approximated_1d75b1e3-7859-41ea-8628-0d155cd20e01_phenCryo.owl_functional.owl,140869201,245222302,386091503
approximated_f8206324-8607-422b-9b57-c94839469762_DP1.25.owl_functional.owl,21651669,3332142,24983811
866be4de-920f-41a0-9a5c-a2ff7aeedfdd_uo.owl_functional.owl,15373159,18191637,33564796
approximated_e333af9b-cc1b-427b-a38e-4f931e096a5e_cation0918.owl_functional.owl,14687559,4926165,19613724
approximated_281e7205-2283-449c-a78a-363a61515f51_nsion_cord.rdf_functional.owl,16403552,3929315,20332867
approximated_639e6600-cb72-4314-bb3c-2bbdcb97f559_old_cheese.ttl_functional.owl,12451651,3963120,16414771
approximated_fae65f4c-dcf0-400f-a943-5a2ce403d925_classified.obo_functional.owl,3629738901,7043859151,10673598052
approximated_e3a8112a-c481-469a-9fd7-ccce9d9a5737_Tape_drive.rdf_functional.owl,21853889,6852390,28706279
approximated_a7198a8e-84a3-47be-9cc6-c4e98cc3fc95_ianamerged.owl_functional.owl,6549064490,14242560713,20791625203
approximated_38744b24-af2f-4548-ba45-555484d05afc_onto.rdf_functional.owl,16892541,4905270,21797811
approximated_7e30ff6a-7e7b-4ce2-b472-a33aa683e95e_Coordinate.owl_functional.owl,146297224,244244890,390542114
approximated_d6402345-f94f-4226-a9f8-ee64a8182d16_onto.rdf_functional.owl,18259712,4926586,23186298
approximated_56b2d2ff-cf48-4280-b16b-6063f5f1518c_Smarties.rdf_functional.owl,17314802,7762711,25077513
approximated_9baab2c6-7cc7-42b6-8014-e3c786f21817_shing_line.rdf_functional.owl,15368035,3796438,19164473
approximated_c3f7d776-eca3-414e-9f27-5fb0c4665287_onto.rdf_functional.owl,19132090,4854510,23986600
approximated_869d4469-849c-474c-bdbb-428003d302dd_Marzipan.rdf_functional.owl,18138990,3777819,21916809
approximated_3ff97ec4-4ad1-41b8-906b-70a5fcef13d3_Laser.ttl_functional.owl,15429374,3865217,19294591
d373a56f-2522-4161-aad8-52a3741fc815_e.obo.PREVIOUS_functional.owl,225599809,670887922,896487731
approximated_09134c93-4af4-4336-99c2-74bbcd6d448b_matr.owl_functional.owl,227183222,210975254,438158476
7bf54418-b87a-493f-84f6-9ef2c312dda1_nsequivmod.owl_functional.owl,2416428219,1221716829,3638145048
approximated_c01f3dd3-56f5-49f6-b77c-bd89a529c3cb_Phenom_II.ttl_functional.owl,14099699,3771068,17870767
e6399cef-5126-4626-93f9-86a85260af1b_mesh.owl_functional.owl,8707417380,23359087305,32066504685
1616782f-99dc-497f-afd4-38f4cc4229bb_my.obo.CURRENT_functional.owl,160845151,115093299,275938450
approximated_00504f28-30ed-49ad-b3d5-fb0983076961_Microdrive.rdf_functional.owl,103639068,3639678,107278746
ebe1876a-3917-4ca1-bb67-6e018a07b5b8_tableprimitive_functional.owl,14111392,7791491,21902883
approximated_987dc2ac-8fd8-4387-9524-5a2eb19a939c_OC4.owl_functional.owl,1642255802,173286587,1815542389
approximated_22feb293-c539-4092-8656-d82d3074f64f_te_couture.ttl_functional.owl,119576953,7388159,126965112
c28df9d6-9b82-40e9-9108-28653111c9e6_IAO.obo_functional.owl,82148525,5171461,87319986
approximated_2df59b00-e3d7-4b16-bce9-694e7bcf0899_myspace.owl_functional.owl,166015949,8429197,174445146
approximated_23c96a34-e03f-4334-bd82-594c765f7886_ping_knife.ttl_functional.owl,102749533,3719201,106468734
approximated_pco.population-and-community-ontology.10.owl.xml_functional.owl,44383845,113894596,158278441
approximated_ea5cffcb-e836-4892-a2e2-12d0d6458614__qudtv1.01.ttl_functional.owl,100817580,10047906,110865486
approximated_00378.owl_functional.owl,2136657910,4306918329,6443576239
approximated_00639.owl_functional.owl,33120603,31259055,64379658
approximated_49d33387-b9ee-47bd-adff-90c411dd8749_tegoryFiletype_functional.owl,9201873,1834756,11036629
approximated_16df653b-97f8-4d9b-924f-2fc232cf901d_ible_steel.ttl_functional.owl,15581040,4664189,20245229
approximated_5fcb6f5d-eda5-4d84-a834-e473b04f428d_920_v0.920.owl_functional.owl,20304356,30402663,50707019
approximated_015e0fd4-bede-40a3-8406-3dfc6fc6a8dd_all.rdf_functional.owl,23522717,27563754,51086471
asdpto.autism-spectrum-disorder-phenotype-ontology.1.owl.xml_functional.owl,16434518,14030392,30464910
approximated_kb-owl-syntax-coreference-IDs-cardinalities-disjointness-triggers.ofn_functional.owl,906956483,2138994247,3045950730
approximated_d2b0cb15-5d7f-4782-8966-9e679ce1f039_hOperation.owl_functional.owl,19097418,19778438,38875856
approximated_kb-owl-syntax-unraveled-depth-3-cardinalities-triggers-constant-classes-value-classes.ofn_functional.owl,413108461,986475275,1399583736
approximated_f2283d50-56f4-4660-8e5f-a016753cca10_Production.owl_functional.owl,21866927,14356442,36223369
approximated_idoden.dengue-fever-ontology.6.owl.xml_functional.owl,120152123,304589441,424741564
approximated_00609.owl_functional.owl,19095214,3893204,22988418
approximated_00485.owl_functional.owl,126812211,296654436,423466647
d31b8bc3-dac3-4a99-9ca4-091647f37eb5_ologies_bridge_functional.owl,277400865,699839199,977240064
2cfefb4c-d1a5-4e4f-9007-7eebddcc3a38_ss_xp_self.owl_functional.owl,36088961,11483687,47572648
approximated_aa9a572c-5499-432b-9028-c291eb28ef7b_tsors.owl_functional.owl,27980166,20302792,48282958
approximated_521a2aac-0666-4be2-a32a-39a8d855a964_Frikadeller.rdf_functional.owl,11747250,4039318,15786568
approximated_8eeb7087-a720-4abe-89e2-90c10f7248ff_er_Printen.ttl_functional.owl,18431211,3992336,22423547
approximated_04c8db98-3799-4369-9273-60e96e4d1981__converter.ttl_functional.owl,10813582,3885002,14698584
approximated_018599de-413f-460d-9d21-864172b46e6b_ale_Cheese.ttl_functional.owl,13806822,3857792,17664614
approximated_1e9f85c5-8420-4fa2-965a-1f2fa950bc42_Whisky.rdf_functional.owl,15665690,3937847,19603537
approximated_85282586-6440-4147-b138-33ab8d915dff_Brs.ttl_functional.owl,14539292,3863342,18402634
approximated_45646e5a-0d5e-4cf2-a4e1-11c272d9339c_a_20110201.owl_functional.owl,2556069880,238293138,2794363018
approximated_49e32b9f-7972-4153-968c-973c155a8c89_ing_camera.rdf_functional.owl,13210879,3833525,17044404
2f45f5a1-5218-458e-8080-13fb462cde90_RuleML2009.owl_functional.owl,14045071,1165983,15211054
approximated_00657.owl_functional.owl,103989241,204497821,308487062
approximated_diagont.diagnostic-ontology.1.owl.xml_functional.owl,14796489,5582226,20378715
approximated_82fc42a0-5789-4e34-b68a-17c8feab0c9f_nductivity.owl_functional.owl,172050967,235890149,407941116
approximated_bcfe7bab-1eff-46af-8bde-76916ee9e109_pingChiang.owl_functional.owl,99976103,11062313,111038416
approximated_21d0e630-2b92-4004-9eaa-4df0e401509c_Gum_arabic.rdf_functional.owl,10541167,3662286,14203453
approximated_eafed82f-bce3-4472-abdb-0fed447e4480_complex1.0.owl_functional.owl,39151197,71257265,110408462
approximated_16c5632f-b014-4ff6-a7b8-7ff7def81ac9_mssoftware.owl_functional.owl,28545556,37603572,66149128
approximated_54b7dcde-1356-4d21-bee6-ff88a6865384_enAtmoWind.owl_functional.owl,135537603,208707179,344244782
approximated_945bb773-0cf6-4352-abf7-7f54b5d99bd6_education.owl_functional.owl,18206039,8135001,26341040
approximated_3000df9f-18a0-4fc6-a595-a8aec5fdf563_ne_monitor.rdf_functional.owl,12036829,3697840,15734669
approximated_12ee946c-410c-4ff7-ab62-9bad74cf4ba3_bar_switch.ttl_functional.owl,12832042,3687148,16519190
91eab472-562a-4fc9-823a-ad334aeebc37_i.obo.PREVIOUS_functional.owl,50669272,109262304,159931576
fc15c388-e34a-4fc7-a665-07df021957b5_zfs.obo_functional.owl,14832244,6925491,21757735
approximated_5c5472da-f4f3-43f1-a75b-7f66d3273fcf_Flashlight.rdf_functional.owl,12204720,3678319,15883039
approximated_3b292cb4-dcf6-4cb1-9b4e-cd42fdd43da7_oStability.owl_functional.owl,95101600,201106231,296207831
approximated_652ba424-0679-4917-a091-ed2edb9b08a1_emistrycomplex_functional.owl,45364145,111792565,157156710
approximated_42a9f0ea-d01f-4fa6-bf78-10c746418590_Shark.ttl_functional.owl,20646153,5266556,25912709
approximated_40375844-cf95-46d4-9c5a-c49417fc3a11_onto.rdf_functional.owl,14353656,4773796,19127452
approximated_kb-owl-syntax-unraveled-depth-4-cardinalities-disjointness-triggers-relation-axioms.ofn_functional.owl,611694538,1435777212,2047471750
approximated_9509647c-5552-4239-953f-a183d0a04a6c_atmoFront.owl_functional.owl,99699009,200033277,299732286
approximated_sweet.semantic-web-for-earth-and-environment-technology-ontology.1.owl.xml_functional.owl,195877938,333930305,529808243
approximated_00631.owl_functional.owl,58768858,139875127,198643985
approximated_6510a030-3103-4cec-ad79-e0e9137cd17e_maontrev30.owl_functional.owl,12607457,4550368,17157825
approximated_4d33c383-02da-4ca9-aa45-1438103f9f33_onto.rdf_functional.owl,10230593,4191943,14422536
approximated_e2bbd7df-80ac-4aa5-9c80-ac21a8bb7ee7_SAO.owl_functional.owl,31065948,50864362,81930310
approximated_161e0e35-344d-4665-aa70-8fa9193a9eb7_SpaceScale.owl_functional.owl,130566122,209845191,340411313
approximated_c32c3281-871a-4147-b037-81fe2a0ad14d_so.owl_functional.owl,57015781,124721086,181736867
46793b6a-fac5-4e9a-83e3-0092c9509223_mo_sapiens.owl_functional.owl,485728351,992323219,1478051570
approximated_1d32c9c1-93ae-49bf-a5b3-34e8780a80b1_Trout.rdf_functional.owl,13852015,3717123,17569138
approximated_f09e3b70-1fd6-40ec-b82a-01d3f28fba72_complex1.0.owl_functional.owl,16411578,7227788,23639366
0a314cbc-3ffe-4f6e-b6a5-cae94a760fbb_Settlement.owl_functional.owl,13029120,1077253,14106373
approximated_d4af5918-ea4f-41f6-af2c-1aac74993011_RIMDatatype_functional.owl,15087654,11251374,26339028
b6afdcae-e903-4495-a590-aa910d96f6e3_latest.04.owl_functional.owl,1773616712,1867575828,3641192540
6ab72720-f117-46bc-9cb6-56b7ea4dcae5_FTTv01.owl_functional.owl,45656597,61409088,107065685
approximated_ff8b7790-3d45-4b79-b92e-96f590dc8971_Design.v12.owl_functional.owl,13241102,7352778,20593880
approximated_1e574289-de70-4647-9fe0-5ee8eaf3d0da_2009closed.owl_functional.owl,1.31886E+11,8424708113,1.40311E+11
approximated_9c301ecf-a0f8-442d-9b4f-04a091bfd3be_XPOMay2008.owl_functional.owl,16741984,6306746,23048730
approximated_f8149d7a-961e-4bf5-8f49-1878d849510b_raction_02.owl_functional.owl,27715505,8303246,36018751
79b66c5b-ecd0-4f51-b55b-ce6c60cee9f9_lontology.rdfs_functional.owl,19323804,11572370,30896174
approximated_7a6061b9-9831-441e-8f0c-e846ad50ea4c_omposition.owl_functional.owl,30167972,41056997,71224969
approximated_03492129-24e2-4f25-aae6-c39c10fb53a9_ganisation.owl_functional.owl,14825828,5406594,20232422
approximated_479b0fdb-14cd-49c8-9ff2-0949cf9b7af0_bilasimple.owl_functional.owl,10059998,5917710,15977708
approximated_0f1dd268-7c91-46fc-ad91-1a9d94547ff4_alontology.owl_functional.owl,30928527,30261561,61190088
cc86f13b-a23f-4d5d-8207-43cb072de4bc_actpathway.obo_functional.owl,472150807,959016090,1431166897
approximated_3fb3e4a6-34cd-4f68-9a92-b6b893afef3e_ompoundcomplex_functional.owl,11400974,8845328,20246302
approximated_7d8395a3-d35d-43d8-8e74-80ae639ae514_edgehammer.ttl_functional.owl,15248612,3849067,19097679
approximated_9dd7d0b1-36b3-4675-b677-0f3a8cd53e51_propEnergy.owl_functional.owl,146919631,229816141,376735772
approximated_62c5062d-1749-47e7-987e-3a3cf4778c43_ienceOWLq2.owl_functional.owl,41577409,13722649,55300058
approximated_0e7c85d3-5d17-454e-8177-a833127d9c0e_wine.owl_functional.owl,18543465,8415486,26958951
approximated_537fe49e-78f4-4fe6-8369-ce284618d3f7_Intel_8086.ttl_functional.owl,16799560,4033943,20833503
approximated_354ab018-6e80-403d-84e6-b2ce50ce77f0_Paracetamol.rdf_functional.owl,13607410,3849701,17457111
approximated_52407ffc-afd6-48e3-a571-9cedd7e1f570_anDynamics.owl_functional.owl,148695007,231702733,380397740
approximated_9a00a97b-7bf6-4dec-949f-bf67cdb168b4_ing_tackle.rdf_functional.owl,18259424,3863811,22123235
approximated_16a5ab76-3e14-4e45-a9f4-43f5e0e18752_Chimney.rdf_functional.owl,14927601,3882171,18809772
approximated_00159.owl_functional.owl,16547930,15395265,31943195
6f8b3993-cb48-4086-9de1-49c6cb162684_onto.rdf_functional.owl,11951653,1924587,13876240
0d0326ee-0d02-4ec8-9bf5-e05ecbf8927f_OpenDrama.owl_functional.owl,13201301,15616172,28817473
approximated_5217a66c-ae9d-4ea3-9d72-02c7a9b33f70_Side_dish.ttl_functional.owl,13005737,3791492,16797229
approximated_5e4df32d-fbe6-4e5a-be1b-68d0755c913b_oo_fly_rod.ttl_functional.owl,15572586,3800309,19372895
approximated_4d4540f0-f8ad-44af-841f-decc2c585fff_Scientific.owl_functional.owl,11050869,2718190,13769059
1461812b-66ba-4f90-b63e-5a4060c71558_dioStation.owl_functional.owl,15834136,2482570,18316706
approximated_30b1e06e-031b-4325-84d8-2993eba83fb5_wena_bread.ttl_functional.owl,17820697,3803325,21624022
approximated_kb-owl-syntax-unraveled-depth-4-disjointness-triggers.ofn_functional.owl,595688850,1397421381,1993110231
approximated_19bfda4d-1bd0-490b-91b8-a5740891fe29_le_grinder.rdf_functional.owl,13784816,3866846,17651662
approximated_c94dceec-e4b2-444a-a2ca-af0cddd0391f_ed_vehicle.owl_functional.owl,53381074,18889064,72270138
approximated_1b7aee41-fe50-4f81-bfd2-69a5d50b862f_xml_v0.1.owl_functional.owl,12723227,2040336,14763563
3890b6af-c334-4d2b-97fe-59535381685c_classified.obo_functional.owl,275823620,585182537,861006157
approximated_5609dbab-ccd2-414f-8634-ac95e4829a2f_ontopic_v14.owl_functional.owl,23263280,25044735,48308015
approximated_6a7bc509-ae87-4a44-bcf9-6abbcce71d34_a_20110127.owl_functional.owl,57231095,10044283,67275378
approximated_bdc0c12b-3716-4954-ae1b-faab5f034833_etourism.owl_functional.owl,15546740,4331845,19878585
c6d2f80f-d475-4e13-9eaa-a98b8f2414c4_Fish.owl_functional.owl,14123413,1529401,15652814
approximated_33f0ca8f-6ed1-4d05-a0b0-9bcdf6f2a301_Buccellato.ttl_functional.owl,14847273,4008847,18856120
approximated_7b169a03-e1b7-4bcf-bd9f-ffa92fc63db1_activities.owl_functional.owl,25224141,20935427,46159568
approximated_00b8d6b8-6469-43dd-8422-720763b32c3a_Harpoon.rdf_functional.owl,14042248,3875854,17918102
approximated_329320d0-ea26-491d-9f05-1496ce3ae94e_Simit.rdf_functional.owl,10902534,3881879,14784413
approximated_9d243478-e723-4f3f-87a6-74e44723926f_propIndex.owl_functional.owl,142853127,261546121,404399248
approximated_0dcd1ab1-db01-4e7b-9c92-f6a021cd4e0d_onto.rdf_functional.owl,13167749,4970986,18138735
666b4d97-55a5-4611-b22a-60d97d6a45c8_onto.rdf_functional.owl,11952965,655508,12608473
14a56bda-2c24-4a1e-8a7b-51c58eab38e0_i_taxonomy.obo_functional.owl,26700630420,52523597982,79224228402
approximated_3490dc00-3d83-422d-ab5e-ae16aa638378_graphrules.owl_functional.owl,32439064,9344314,41783378
e39dad8c-77b2-44bd-b5fe-a57de334a5ab_PICO2.owl_functional.owl,15747563,7890741,23638304
approximated_9fefd6bf-5ce4-4ba3-8333-ab079add9694_dimension_functional.owl,14936981,9538802,24475783
approximated_00385.owl_functional.owl,31608004,59850580,91458584
4e8485c1-e686-4df9-ad50-72ec36a95dad_Actor.owl_functional.owl,14596749,1535512,16132261
approximated_1379b30f-b808-414c-bcc4-0aa30c680672_eLearning.owl_functional.owl,24500285,4462190,28962475
approximated_245172fe-2a40-4d81-af82-e3a6f974050e_Zwieback.rdf_functional.owl,17660912,3690220,21351132
approximated_3396d2a2-870c-4f8b-9a4f-eba9dfc20c1d_Texas_rig.ttl_functional.owl,12476053,3774864,16250917
approximated_96ee14f4-2089-4f32-95ca-fe1433707bd4_food_functional.owl,28885628,15859167,44744795
8cd3e7ca-e898-485e-9fbf-e7c43bd5edd5_chebisimple.obo_functional.owl,1366596767,3535310494,4901907261
approximated_acc233de-8277-46fc-b5f4-6f9941bb5dce_ingmachine.owl_functional.owl,50060133,6069321,56129454
approximated_7b005a6a-239b-45a9-a5f2-582c2398f216_uegal_pitu.ttl_functional.owl,13474179,3800873,17275052
approximated_kb-owl-syntax-unraveled-depth-3-constant-classes-relation-axioms-value-nominals.ofn_functional.owl,379105787,920531715,1299637502
approximated_7b9261f8-3ecb-4340-9bb3-effbc28c41fb_nStructure.owl_functional.owl,20827882,21288765,42116647
approximated_1707b776-2d97-4f5d-9720-a1a2adcaf5c5_IMac_G4.ttl_functional.owl,14922004,4490209,19412213
approximated_50849cb1-d1f5-4be9-b7e0-88580189351e_brenda.owl_functional.owl,298631180,335069938,633701118
approximated_01bb45bb-9a9a-4854-97c8-57f9bcfc0ea3_eryContext.owl_functional.owl,16642283,5917816,22560099
approximated_d5b7cf05-fab9-4dec-9a97-61cfba514a23_esg.owl_functional.owl,35232736,9250320,44483056
approximated_9222baa4-74bc-4195-a2a1-c226076b2fd3_region.owl_functional.owl,30695661,4635045,35330706
approximated_56911df0-829a-4bb1-a4ef-c89ab846aff8_imitive1.0.owl_functional.owl,12122689,7593088,19715777
approximated_1bbca25a-0aa8-4cc0-acbf-3634ed453ae5_UBERON_functional.owl,447444509,1215381557,1662826066
approximated_815fd0af-397b-4668-8847-27d1abca3d6b_Bisquick.rdf_functional.owl,108704322,3660835,112365157
approximated_5a64c2dd-df27-44b5-8e86-b8abd468a047_mergedtbox.owl_functional.owl,4086664208,6436670372,10523334580
approximated_dd68603b-5da7-46aa-a92f-7b3d88f9eab5_netClimate.owl_functional.owl,140834709,245541334,386376043
approximated_741ec27e-9cd1-463c-9765-fd849979b35c_ast_Hawaii.rdf_functional.owl,9115892,3870572,12986464
approximated_b3a4a488-80b0-4367-8d68-bee90dfaaa6e_ossAnatomy.owl_functional.owl,84779789,142156437,226936226
approximated_07a910c7-e3c4-43a3-8a59-305cb58f0513_progetti.owl_functional.owl,14097053,8827432,22924485
approximated_4235bb59-aea7-45ff-a6b7-9d844b526f79_anRotation.owl_functional.owl,140466948,213082373,353549321
approximated_00637.owl_functional.owl,15665554,10135726,25801280
approximated_34792309-f5b3-4c6e-8a29-7828bafc4461_vertebrate.owl_functional.owl,1314694054,3226832300,4541526354
approximated_246322b9-8192-41cb-94e4-e89098f22817_Cocoa_bean.ttl_functional.owl,13485216,3803427,17288643
approximated_125cba31-9c30-44b3-a79a-4d9046582bf8_erg_cheese.rdf_functional.owl,11730997,4092545,15823542
approximated_e1495808-eb85-48d2-af88-dbde30c99c19_AX.owl_functional.owl,9107771,4961502,14069273
approximated_5639ee2f-8a3e-4de7-be88-8e1ba6cb0538_Rex.owl_functional.owl,12788310,5628125,18416435
e0a109c2-83f0-4d25-8cdc-f8068804dbb2_rsimplegaf.owl_functional.owl,1803550746,3685437867,5488988613
approximated_213d52f2-05f9-42e3-b828-d948795cd42e_rPollutant.owl_functional.owl,89556018,158337605,247893623
approximated_34655bb7-94fb-44cb-89d6-57c1d5d888f0_Meat_hook.ttl_functional.owl,15506690,3785223,19291913
approximated_kb-owl-syntax-unraveled-depth-2-disjointness-triggers-constant-classes-relation-axioms-value-nominals.ofn_functional.owl,703738603,1720340885,2424079488
approximated_3e5d6a4d-f39f-4f97-bfec-581b134cb875_CVAX.ttl_functional.owl,67141965,3786456,70928421
approximated_dc348799-c845-4053-9001-4f0219f19f46_phenCryo.owl_functional.owl,286934472,216991913,503926385
approximated_kb-owl-syntax-unraveled-depth-2-constant-classes-relation-axioms-value-classes.ofn_functional.owl,605243491,1034573898,1639817389
approximated_gfo.general-formal-ontology.1.owl.xml_functional.owl,21135282,4654279,25789561
approximated_69053d2a-5eb1-41ad-88d1-3e72684e0bb5_family.swrl.owl_functional.owl,15913665,3376237,19289902
approximated_3d8fd997-6f54-481c-ae2c-1f33a9359e49_OWN.owl_functional.owl,1776393703,3546634990,5323028693
0d55b00e-1007-4901-ad21-f380ece0f54a_pe.obo.CURRENT_functional.owl,201458588,112535943,313994531
approximated_b6492426-af63-4e8b-85de-0b8c0bdb2d47_Mint_sauce.ttl_functional.owl,9537744,3865973,13403717
approximated_e6b9ec7f-c038-4970-9081-c2b1c474c365_qosont2.owl_functional.owl,25779916,22024301,47804217
approximated_ce84853d-02a9-426d-a0a9-67431813c944_9noclosure.owl_functional.owl,914158296,78042618,992200914
987e6363-3476-4721-93f1-00410aee9c1b_OMAL_1.2.2.obo_functional.owl,72402291,161414855,233817146
approximated_1353423e-eadf-431d-80b8-954ff7a8d7ac_WizFolio.rdf_functional.owl,15020797,3727478,18748275
approximated_4a024b1c-5e8f-4013-986d-9924527d95ec_sicrenamed.owl_functional.owl,11356542,4884751,16241293
approximated_243647fb-9967-4c2c-b2b5-882c7d8cead5_Cup_cheese.ttl_functional.owl,14480628,3758366,18238994
approximated_50fe2124-bdfc-48e2-82a3-d196e904fdba_zeitssuppe.ttl_functional.owl,13232327,3842118,17074445
167f1c6f-cbd0-4125-8c6f-2aa8fe633125_fypo.owl_functional.owl,513411798,1031794743,1545206541
kb-owl-syntax-unraveled-depth-1.ofn_functional.owl,1484673132,822913728,2307586860
approximated_b04ff453-b305-4b3b-91a1-4814a11b9a3c_ionObjects.owl_functional.owl,43770970,23289928,67060898
approximated_1b396a4a-3993-442c-8733-2f8e6f09f7a4_ments_View.owl_functional.owl,45437671,36086446,81524117
approximated_13ef84d7-c750-4c57-93ce-5cec2a14a564_.upload_cfg.owl_functional.owl,12354728,4529431,16884159
approximated_ee940636-1579-4735-946b-baaf38d8efba_asfarttbox.owl_functional.owl,355923312,750448935,1106372247
08d5f44e-5e8d-498f-ab9c-ecdc7d27565e_evelopment.obo_functional.owl,13973491,9112010,23085501
approximated_00021.owl_functional.owl,31488446,25943931,57432377
approximated_kb-owl-syntax-unraveled-depth-3-constant-classes-value-nominals.ofn_functional.owl,370818595,916199509,1287018104
approximated_58e02375-27c3-4993-b450-34eee47abe5c_mbDelivery.owl_functional.owl,10742347,5366164,16108511
approximated_6a60071f-a461-4ca3-829c-14adc9882e5a_WLq_Agosto.owl_functional.owl,36455733,14646575,51102308
approximated_00002.owl_functional.owl,46802699,64540962,111343661
approximated_084f56a1-47ae-4d0d-af55-86c260e02485_Pizza.rdf_functional.owl,19056516,3773576,22830092
approximated_GALEN-Full-Union_ALCHOI(D).owl_functional.owl,1236091818,2963086908,4199178726
approximated_24306c71-002e-474e-88c4-da4380d32205_ng_machine.rdf_functional.owl,17782244,3673259,21455503
approximated_aeaf5965-86f8-4edc-a5bf-10efcff4f5a0_cledit.owl_functional.owl,415739969,806812136,1222552105
5b3ce453-8b90-4051-b6f4-482fe3ad3e38_Insect.owl_functional.owl,20859303,1584421,22443724
c0182795-ffc7-4be5-8ab3-0e7ee99bcc21_onto.owl_functional.owl,15720382,3383865,19104247
approximated_kb-owl-syntax-unraveled-depth-0-cardinalities-triggers-constant-classes-value-classes.ofn_functional.owl,150658622,394049837,544708459
4cc35b83-261c-4cfb-9e10-b353b5e8f8e5_ehdaa2.obo_functional.owl,303151702,672114486,975266188
approximated_c70b2123-5447-4c39-b212-f44f399c7cdc_DMKB.owl_functional.owl,75675998,85181969,160857967
8ee7a7f5-ad8c-4ac5-afbe-207e3ff285c8_HARMONISE.owl_functional.owl,12228680,4846311,17074991
approximated_ae818388-bf1a-4b08-9f59-0f6458ec4539_mygrid.owl_functional.owl,29475279,41500937,70976216
approximated_1669ff51-75d6-4075-98c1-03d415d1422b_ing_system.ttl_functional.owl,11400162,3721323,15121485
747ab064-025d-4c21-945e-10d52abb1f07_NIFQuality.owl_functional.owl,20136169,8715022,28851191
82418f21-2ce4-44ca-92f1-450cf2661732_plants_TREE.owl_functional.owl,24128074,33189888,57317962
approximated_0e8872ce-6f5c-4858-8df5-e6ea8b06c528_ian_cheese.rdf_functional.owl,12220713,3651503,15872216
approximated_3c2dd1bd-ae24-4fb3-82e6-7e114c5cb78b_im_candida.owl_functional.owl,11123020,6324771,17447791
approximated_04f334ef-77bf-4983-af51-ed5315a9269b_Complexity.owl_functional.owl,142372573,241536676,383909249
approximated_0b4a1363-7f15-46b3-9ce7-1b3a070dea4f_torDefault.owl_functional.owl,13164572,7195763,20360335
approximated_41656d17-da24-4bac-93b2-c727ffe57f49_Tomar.ttl_functional.owl,14325352,3784621,18109973
approximated_abfbfdc6-9ba4-4d93-8d1d-e3b30977a3e4_ciocavallo.ttl_functional.owl,11827335,3626293,15453628
8a65d389-a1ff-48a8-ad55-536a84c709a2_ish_label.rdfs_functional.owl,24456823,6070494,30527317
dermo.human-dermatological-disease-ontology.8.owl.xml_functional.owl,82538778,197618087,280156865
1b104481-2d27-43b4-86a3-98e6b2fdd413_fbdv.owl_functional.owl,21634867,22261802,43896669
approximated_c35ee686-bad3-4367-a7c2-e1d611dfa1f7_premises206.rdf_functional.owl,10429585,3905852,14335437
81ed4d0a-020e-414b-b2aa-6746f0ea6aa1_visionShow.owl_functional.owl,26755260,3412040,30167300
approximated_eb3b9e5c-614a-4982-8ff4-46e69e5205b5_DeTiroides.owl_functional.owl,11655545,6816445,18471990
032ec1a0-864c-48d8-b381-cf2a152ec49a_oc.obo.CURRENT_functional.owl,27160171,47933612,75093783
approximated_5599441e-9bd5-4094-a4ce-3a21234c7c4a_virControl.owl_functional.owl,139654036,246148899,385802935
approximated_ba5675e9-83c4-4891-b502-28bb51c65038_tionAction.owl_functional.owl,19758912,12946973,32705885
approximated_natpro.natural-products-ontology.1.owl.xml_functional.owl,4776258058,6216133991,10992392049
286d7baf-6865-420a-bbf8-61994be40c28_it.obo.CURRENT_functional.owl,675539806,68581164,744120970
approximated_185aac3e-dc0a-4213-8ec1-03016e933276_KCO.owl_functional.owl,203771673,20024990,223796663
approximated_ced7b027-ea39-48a0-92b0-809446fc721f_region_functional.owl,46196491,4914794,51111285
approximated_10c4edb6-ecac-4dd6-a4e5-046f5cec52a3_software.obo_functional.owl,43349572,76634724,119984296
approximated_094c9196-fdfb-4d25-97f8-2498deeddf0c_onto.rdf_functional.owl,13459212,5089484,18548696
approximated_6b5ddca6-2f72-4dca-9ce5-c95c5dbc391a_re_railway.ttl_functional.owl,11425356,3986188,15411544
approximated_39232cfd-d53a-4f35-999f-62023c7af553_Rodoric.ttl_functional.owl,15598727,3612988,19211715
approximated_7176f8d9-aa7d-46a0-b860-f053877b4115_Voigt.rdf_functional.owl,15753553,1951232,17704785
approximated_3aba9405-d20a-4dd2-85cd-59fa658cc22a_fbbtsimple.owl_functional.owl,444992194,1076561015,1521553209
approximated_421e3867-671a-4993-878a-19292f779c62_ZX81.ttl_functional.owl,19094898,3811337,22906235
approximated_42fd199e-4475-467d-837f-b3aa8ce1dacf_Map.ttl_functional.owl,12180806,3811627,15992433
approximated_4c27cb58-96fd-42b3-8b35-8f05384cd32e_syntaxlink.rdf_functional.owl,29537045,57608402,87145447
approximated_ddcbc02d-ed1f-414b-babd-9ffb4029f51f_sio.owl_functional.owl,41257454,82015851,123273305
approximated_0e662bf3-f86f-41be-baab-cd4265cd3126_dacts_v0.3.owl_functional.owl,10104919,6921674,17026593
approximated_95e643e8-e7f6-4acb-921c-315cf79101f6_demosession_functional.owl,19145539,9089703,28235242
approximated_b8dc042b-00a2-4f2b-9d8e-3347696b7b4e_PaulFisher.rdf_functional.owl,12187279,3265482,15452761
approximated_5ca137b1-1090-44cb-8278-1cfdf4fe69ca_Debugger.ttl_functional.owl,12938765,3762062,16700827
approximated_52f7ba29-6e5f-4307-b8be-ab1e8358120d_Kajandu.ttl_functional.owl,18651976,3818884,22470860
approximated_add1ee06-fc85-4e8c-99e5-317a499aac30_nvirImpact.owl_functional.owl,133567208,209886285,343453493
approximated_b5f40c6c-94c8-4019-9a27-36bde08e042b_im_generic.owl_functional.owl,12618215,10273748,22891963
approximated_2884f6d8-a9f0-474b-b953-4c0b2ce77022_Duxelles.ttl_functional.owl,10428225,3870841,14299066
approximated_288eb1d2-7fe1-4c95-9fab-229c780fa5ce_Egg_barley.ttl_functional.owl,12109836,3936291,16046127
approximated_DMOP.owl_functional.owl,62450564,88693564,151144128
approximated_0debda66-e525-440b-8390-ddac9d19e104_Turbine.rdf_functional.owl,15455462,3642328,19097790
approximated_70c07f2d-cdc2-4cbc-b617-35e0c20ce3a3_Aplicacion.owl_functional.owl,136277170,25928974,162206144
approximated_3f166081-d518-461c-8c29-02f39e7e85bd_tic_device.rdf_functional.owl,15289119,7183897,22473016
approximated_kb-owl-syntax-unraveled-depth-0-triggers-constant-classes-relation-axioms-value-classes.ofn_functional.owl,174495541,404737862,579233403
approximated_9ddc9cf1-de91-4aa0-83e9-eddbb93da8ac_SystemsLite.owl_functional.owl,24748262,18955548,43703810
approximated_8892c4b5-f18f-4022-843c-7616064caf42_Film.rdf_functional.owl,15047009,3964313,19011322
approximated_00465.owl_functional.owl,19916505,20640193,40556698
440cc70b-177a-4428-bf83-1687e6d7dd8c_EthnicGroup.owl_functional.owl,16010905,2653222,18664127
54a1eeb1-b97b-47b0-8f54-ddcb3e7c74ba_onto.owl_functional.owl,19140589,7200301,26340890
approximated_00697.owl_functional.owl,215559965,518008587,733568552
c52f7445-1121-4448-aa71-c966859206ec_FBcv.obo_functional.owl,25763191,37615425,63378616
approximated_36e842d4-42e6-4ec4-8985-92fe32db257b_MatC3B3.rdf_functional.owl,23238103,5209066,28447169
07dbe207-ab0b-4570-8579-04296a7bc115_ernational.rdf_functional.owl,26399152,16364102,42763254
approximated_1e638552-57fd-4e20-8de4-743eeda8cd32_her_cheese.ttl_functional.owl,17387695,3606690,20994385
approximated_7fe4416d-089d-485a-b64a-69f875cfdc4e_er_monitor.rdf_functional.owl,13855612,3825289,17680901
approximated_e841876b-3c65-4c5f-96b2-4b9a738aa05d_roboearth.owl_functional.owl,59212373,58850849,118063222
approximated_2727faa0-670a-4cbe-bfa4-dce83d8ce272_cktail_hat.ttl_functional.owl,11485064,3828514,15313578
approximated_01a3c1bb-67aa-4262-9749-765841d10d48_Danbo.rdf_functional.owl,13911692,3762344,17674036
approximated_8cac76e3-9c04-4139-9e22-f9a8084617f1_Chain_pump.ttl_functional.owl,14706586,3709778,18416364
19fce90d-acbd-4846-ac69-8c4ad52fd44a_mirosimple.owl_functional.owl,92341671,216446065,308787736
approximated_4aaa63cc-1298-4412-a7f8-08ef35db0bef_geo.owl_functional.owl,17140466,4772628,21913094
06a405d6-f348-4ba3-a8ad-bd66210fa433_us.owl_functional.owl,12240456,1833534,14073990
approximated_0189e0b6-51b1-4778-a839-9e9045f9cbee_Collection_functional.owl,8871923,2267296,11139219
approximated_51ce0e32-5185-43fa-ac89-9a410cd1bbd2_Ischoklad.rdf_functional.owl,9282095,3878212,13160307
approximated_eb4ac1e9-bba1-43e3-ab89-2cbcaa98cdc7_pe_xp_all.owl2_functional.owl,606524888,1654714037,2261238925
approximated_8c45612c-5725-4b52-a003-1d164ac2cf72_lar27s_Aid.rdf_functional.owl,15087600,4032586,19120186
approximated_4d178fc1-db11-424f-aa23-bacbe23da646_Rum.ttl_functional.owl,13647799,3894849,17542648
approximated_4ae6de5b-551d-4225-ae6b-fce235f121d4_Intel_80376.rdf_functional.owl,13974398,3947995,17922393
59a00fe9-ba8b-4a08-984f-4152ae438c34_classified.obo_functional.owl,31559467,43363001,74922468
approximated_0047511c-b159-4b96-9e3f-599c35c189a2_RapidMiner.owl_functional.owl,36879576,23874356,60753932
approximated_566cad4a-9752-4bcc-8461-6366bf4cd688_FN1.48.owl_functional.owl,32620458,8251880,40872338
approximated_795dd800-9f76-44f9-b67b-0531efe918d5_Hole_punch.ttl_functional.owl,11734950,3810046,15544996
477372c6-36b2-4ceb-9bc0-06b407313f88__component.obo_functional.owl,100499072,271494584,371993656
approximated_9073a83f-df12-4abb-b3c6-f6646054caf5_jet_engine.ttl_functional.owl,15510681,3817758,19328439
approximated_27220224-5626-490e-8f78-b4d409053bc8_serf.owl_functional.owl,12933486,2413266,15346752
approximated_03db5cc1-3cde-4d5c-85a0-a1facef62b17_Rye_bread.ttl_functional.owl,17081733,3627649,20709382
78743c32-08b0-45c1-9cdf-973ae1e5529a_laOneRacer.owl_functional.owl,15660304,1665351,17325655
ncco.nursing-care-coordination-ontology.1.owl.xml_functional.owl,17479944,19377588,36857532
2d00a1f4-6b78-423e-b788-aca98d53bf28_geon_themes.owl_functional.owl,21369423,23068756,44438179
approximated_98e3c24c-44b8-46b6-8b43-cb9e060c1489_Heat_pump.rdf_functional.owl,14281051,6769183,21050234
approximated_bc036019-2b9c-40a4-874e-b25be48dad42_SUMO.owl_functional.owl,45027741,64828421,109856162
approximated_b1940850-3559-459d-a303-d269c07b35ed_Arkin.rdf_functional.owl,16448195,2417739,18865934
1c235974-d539-464b-a537-718184db94ed_nt_anatomy.owl_functional.owl,19748093,2578834,22326927
approximated_37c94c20-67a2-41b7-8081-92af45f5fef5_mnognathia.rdf_functional.owl,12128345,3673830,15802175
approximated_1c0bc649-8593-4a35-af71-085d3ce54573_onto.rdf_functional.owl,20200478,5248044,25448522
approximated_786ca6d8-daa8-42c5-8847-b8c1daac28d4_Air_gun.ttl_functional.owl,13251026,3736675,16987701
approximated_b46b68f4-8239-4a16-99a3-5c39c068d458_matrIsotope.owl_functional.owl,130538992,215116379,345655371
fypo.fission-yeast-phenotype-ontology.190.owl.xml_functional.owl,567484498,898055230,1465539728
approximated_1eba8609-4716-4f68-9f23-cc5c935c4b32_lepets.owl.rdf_functional.owl,18413351,3947317,22360668
approximated_kb-owl-syntax-unraveled-depth-0-triggers-constant-classes-value-classes.ofn_functional.owl,146566553,395778692,542345245
approximated_00015.owl_functional.owl,9746415,6519650,16266065
approximated_97441988-4f0c-441f-9e9a-e1b5ecbf223b_Manga.ttl_functional.owl,14437324,3826141,18263465
approximated_9484de67-5644-482a-88db-94870b5f8c8d_lligan_bar.ttl_functional.owl,14906619,3787275,18693894
0e8cd331-90e6-40f6-8818-52250fcad208_quality.owl2_functional.owl,39791178,91023223,130814401
10fd0b83-2c14-4c7d-9a29-e7b280a6e2f2_tads.owl_functional.owl,29216169,51194323,80410492
approximated_4b1ba00e-d3d8-42e5-ae4e-2f72e78f7d78_andAeolian.owl_functional.owl,132138761,242445129,374583890
approximated_9fe40968-0b3e-487f-8019-9a288ee1c249_Intel_80286.rdf_functional.owl,11222948,3971939,15194887
e357ecc5-5d32-41d9-846c-134853ef90c3_Rocket.owl_functional.owl,13241170,890423,14131593
04e99da3-9bae-4ba0-9acb-95f4d5a78ada_er_anatomy.obo_functional.owl,112217706,47174924,159392630
approximated_7ba25661-c5ec-43b0-af71-86cb05efe682_Monkfish.ttl_functional.owl,15686427,3810223,19496650
approximated_4a39281e-0c9a-4aea-aa6d-d467e4531d9b_Mentos.ttl_functional.owl,15992329,3819878,19812207
approximated_50fc5b44-9af0-4540-866e-a19f5eb44a23__2010_base.owl_functional.owl,37782616,56848068,94630684
approximated_229904d1-f69e-45af-891b-8ce0eceddee7_nceOWLqjun.owl_functional.owl,34720377,14360376,49080753
approximated_4036f18b-94b0-4d42-bccb-57ccf64ceb1a_eryContext.owl_functional.owl,26946293,10779381,37725674
approximated_kb-owl-syntax-unraveled-depth-1-km-relevant-cardinalities-triggers.ofn_functional.owl,449563438,1030018483,1479581921
dc8256a7-e77c-4403-816e-cb5ebeb3ff02_ephenotype.obo_functional.owl,4357625092,9498962405,13856587497
approximated_42577c40-cc33-43ff-b346-5e087a936425_KCO.owl_functional.owl,21948045,20980671,42928716
c3d1bd7b-1679-4c82-9cd3-890bffd16be3_mp.owl_functional.owl,210116909,614905072,825021981
approximated_4f5ddfc6-8389-4478-9532-3a765af38803_nnotation_tool_functional.owl,12888817,1944235,14833052
approximated_9a7579ad-664b-4778-b2a8-77187d70994b_iriterms.owl_functional.owl,14122445,4258125,18380570
approximated_0114a86b-8bbc-405d-8663-609831436cc3__phenotype.owl_functional.owl,131828820,317001945,448830765
approximated_7193a7c8-0f36-482d-928a-1880936e159f_compute.owl_functional.owl,15913396,7781564,23694960
approximated_7ca3bdda-ddb0-4bf7-9ea9-14444bb8ac04_Pea.ttl_functional.owl,8887681,3789787,12677468
approximated_b506949e-d71d-44d1-a3db-6e3591242fc2_aching2008.owl_functional.owl,24585210,21643837,46229047
approximated_e58beee7-02c0-455b-9a37-6346876048e5_propTime.owl_functional.owl,138329731,247177098,385506829
approximated_nmr.nmr-instrument-component-of-metabolomics-investigations-ontology.7.owl.xml_functional.owl,26719830,38498419,65218249
approximated_83148534-ce06-4b66-9d54-693880e8ccc9_planetlab.owl_functional.owl,19760969,18295801,38056770
approximated_ontovip.medical-image-simulation.1.owl.xml_functional.owl,143167746,261022494,404190240
5468c0ae-0169-443c-a512-0c9eff8d62a8_notype_xp.owl2_functional.owl,79483065,29324574,108807639
d754bd8c-ed12-445a-bf24-b711bdc5f290__rel_names.owl_functional.owl,326855207,655388657,982243864
approximated_7914693b-c720-4def-bef7-95412f1679da_ionObjects.owl_functional.owl,29678908,23954250,53633158
approximated_31eb29c5-e8db-4307-a913-f4e2591be614_Air_filter.ttl_functional.owl,18153604,3744411,21898015
kb-owl-syntax-unraveled-depth-0-km-relevant-cardinalities-constant-classes-value-classes.ofn_functional.owl,154253816,387278320,541532136
approximated_00692.owl_functional.owl,13962120,13957057,27919177
approximated_d79662e6-3068-4914-a5a8-71aa9de77efe_Gold.ttl_functional.owl,13910218,3701109,17611327
approximated_6428a892-ca97-4e6b-a2b9-84dc6e59b1b8_ur_sanding.rdf_functional.owl,14196595,3930032,18126627
approximated_82e8c9d6-263f-491d-822f-16e574411e14_erClosures.owl_functional.owl,14935450,14288146,29223596
852b96a9-51a8-4a47-9da0-31ac8b0edab8_es_bridge.owl2_functional.owl,271192044,725909639,997101683
approximated_89c6d2ee-cb60-4fc5-b6da-63bdb615ad00__indicator.ttl_functional.owl,13102839,4022736,17125575
approximated_00579.owl_functional.owl,43909341,103563899,147473240
5eb4d039-8cb0-4adc-96eb-136fc54bc51e_IDOMAL.obo_functional.owl,82101454,180014947,262116401
approximated_1c424762-c1ff-48b5-9271-9a62077ceba4_llekipferl.rdf_functional.owl,18202507,3853200,22055707
02ce1c5e-99f2-4209-abfa-4ab6055ebc99_flanzenatlas_H_functional.owl,9239908,801547,10041455
approximated_2afc75f0-f4ff-45dd-bdcc-96e5a96bc356_Reamer.ttl_functional.owl,15751681,3804114,19555795
approximated_4c6c4ad6-5558-48f9-ad8e-f4fdc7c53e1a_norvegicus.obo_functional.owl,3976348472,8081465797,12057814269
approximated_00792.owl_functional.owl,3771179822,4097049940,7868229762
approximated_47adbed9-2c57-4e57-a647-e7d8917ba0be_bleOWLTest.owl_functional.owl,13770564,1942478,15713042
approximated_49093845-802c-4cd1-94cd-a51cc0e4a63b_m_090120_5.owl_functional.owl,30856973,22390994,53247967
a1d12508-48bc-46aa-b4b9-7a32a45f3242_ABOfinal.owl_functional.owl,23103952,18135518,41239470
dde3b23b-5c7d-4490-8f3f-22c73405841f_onto.rdf_functional.owl,12648671,1590939,14239610
approximated_487f18f2-db2e-40c3-92a1-e85c9a92def4_rola.owl_functional.owl,17780397,9638080,27418477
83fe111f-3b81-4832-aa63-2f2300753d68_toricPlace.owl_functional.owl,17612978,2784790,20397768
approximated_4c14690b-3212-4c61-94b7-2bad8820682a_text.owl_functional.owl,32747304,29648767,62396071
approximated_006859fa-22a0-4208-ae0c-78826f8a2cb7_esontology.owl_functional.owl,23906642,14719286,38625928
approximated_6f5d7910-52ab-4e12-894b-24910ebd2c8e_icken_soup.rdf_functional.owl,16569439,3834945,20404384
approximated_979a01b7-0c32-424b-b509-af69c5ac224f_onto.rdf_functional.owl,9458408,4998260,14456668
approximated_84af5a55-e26c-46df-a649-86f111a2233b_artedl.owl_functional.owl,12898259,10926079,23824338
approximated_2b2936b2-752d-4a50-ad73-16efb6851fe7_Comedy.rdf_functional.owl,17813885,3719376,21533261
4809e1c7-9c92-402b-b4a4-32b2ec855850_DO_XP_FMA.obo_functional.owl,104644953,40435821,145080774
approximated_d5f27d58-be91-4af0-86ba-b14cb780e582_tension_02.owl_functional.owl,122404243,133623905,256028148
approximated_0b9f4e9e-ffbe-4dd1-a0f9-5c7440ce2623_rfly_valve.rdf_functional.owl,11169874,4393269,15563143
approximated_59f7aa2a-8b42-4f8a-8182-ab9162bce995_Sauerkraut.ttl_functional.owl,13085072,4201549,17286621
approximated_524cd7ac-7cab-4dc1-a759-87c9be06b417_aulic_seal.ttl_functional.owl,12377410,3888126,16265536
approximated_cbc0604b-7fdf-4973-ac95-222e00fa8d3f_nni_cheese.rdf_functional.owl,11966775,4372935,16339710
approximated_1facd7c7-2d76-4a7f-9d81-8f00a53c50d5_Leberkse.ttl_functional.owl,11186387,3779005,14965392
approximated_c215118f-a5b5-4631-94cc-651fd7dc8140_Humpy.rdf_functional.owl,11650231,4311923,15962154
baae0695-d158-4274-8c77-160cccb79cb0_FQuality_1.owl_functional.owl,17637903,6577402,24215305
approximated_9324dd2c-1a72-45b0-b3c8-b203efb5a936_Bundz.ttl_functional.owl,9346082,3641660,12987742
approximated_57a4a5dd-ff72-4390-af52-aac713a7f3b0__component.owl_functional.owl,23469960,19255920,42725880
approximated_b79fa6f8-5629-4c30-92a7-df754e704fc6_PlanDMWFTM.owl_functional.owl,22299669,34421634,56721303
approximated_338e6a0c-7602-4b16-819c-e0530b00d312_Situation0.owl_functional.owl,11494776,5149613,16644389
approximated_9c056f63-a0ca-4866-996f-e431ae92971d_ceverylite.owl_functional.owl,19223130,5277637,24500767
approximated_kb-owl-syntax-unraveled-depth-4-disjointness-constant-classes-relation-axioms-value-classes.ofn_functional.owl,648161826,1460897319,2109059145
approximated_4a029d10-9bab-4874-9f77-b6e7b3f3c325_Loppers.rdf_functional.owl,14916561,3736338,18652899
231d1469-68dc-455a-8236-8e24eea1d5d0_IDOMAL_1.0.obo_functional.owl,69391608,154385064,223776672
approximated_0932ed8d-eeb1-4f15-aa0c-9766208ae5c7_enReaction.owl_functional.owl,135251509,213529093,348780602
approximated_866f385e-4a0b-4a5e-bba2-1d13141ea5f0_Alpha_21164.ttl_functional.owl,12884250,3775030,16659280
approximated_e26e0fdf-97ba-4afa-96df-b18d2db21d51_anatomy_xp.owl_functional.owl,276100364,717712104,993812468
approximated_59bca038-fe73-4a7b-a7b4-fc2239aef0af_matrWater.owl_functional.owl,122721063,227440639,350161702
approximated_1a17a2b9-a2ce-4c18-b7f4-5af134f05ca9_dTransport.owl_functional.owl,134687134,208496200,343183334
approximated_2a0359d1-59fe-41ec-b8fb-e602a09afd81_Water.rdf_functional.owl,17040345,3637003,20677348
approximated_kb-owl-syntax-unraveled-depth-0-cardinalities-constant-classes-relation-axioms-value-classes.ofn_functional.owl,156301212,405372375,561673587
approximated_813dcff3-5537-47d3-804d-2ece0a44729d_heets.swrl.owl_functional.owl,11272903,4404563,15677466
approximated_521e4dc8-b681-4e4a-b846-9e069e4ca8c9_Profile.owl_functional.owl,10508594,7640879,18149473
approximated_9130ad21-e7e2-4cb1-894b-f03b31026332_ela_cheese.rdf_functional.owl,12435528,3800405,16235933
approximated_30ef68e3-0246-420c-8f07-b956e919ed1d_info.owl_functional.owl,24477982,28379103,52857085
approximated_3e27f8ef-1805-4168-94f3-57ca15ba410f_angenbowle.rdf_functional.owl,8137061,3694317,11831378
approximated_0f8b74cf-6ccd-423c-8c4b-1670be46183f_COSMOr595.owl_functional.owl,211936197,348199601,560135798
approximated_fafe5c15-e3f5-4c12-932e-069681f8e05b_quality.owl_functional.owl,46342227,104331640,150673867
approximated_00410.owl_functional.owl,43586966,75789151,119376117
120f56c8-64ee-4896-9433-ecc1e1d2c1c7_base_vocab.obo_functional.owl,25555279,35155907,60711186
approximated_510624e1-6c5d-440d-8332-38ba73ec45f2_S2.owl_functional.owl,12390145,3896591,16286736
approximated_68633d69-9aed-49eb-b11c-e08d3f047a83_contextk_functional.owl,20633175,10187279,30820454
approximated_3a0eb51d-f350-4c4c-8b08-6c567beda912_nd_cabbage.ttl_functional.owl,14876953,4056975,18933928
approximated_141b4419-913d-4eb5-8e8f-a19b1f0fd975_no_Toscano.rdf_functional.owl,11580408,3797444,15377852
approximated_34ddde4e-7712-4543-b230-3debdf828569_Cast_net.rdf_functional.owl,15625067,8873112,24498179
approximated_4a684cd5-2e26-4206-9820-f7356519f691_ito_cheese.rdf_functional.owl,37298967,3697929,40996896
approximated_8d57e017-1cb5-49e0-a4bc-df960cca944f__down_tool.rdf_functional.owl,16803212,3993407,20796619
approximated_38a06c2c-b228-458c-9e1c-467e8b571b20_Fire_hose.rdf_functional.owl,17147257,3737841,20885098
approximated_d7886071-b40f-486e-a135-29c316a568a1_paceHeight.owl_functional.owl,131557679,208637831,340195510
approximated_8218f10b-5cba-4f3a-9630-c77904c23e8b_types_functional.owl,16665787,5035578,21701365
94cac71f-5673-4dc0-804f-59438e6b5077_resist_functional.owl,16265586,8524177,24789763
approximated_d1aef8fd-f482-4baf-80a4-0f0ce6670fde_eme_cheese.rdf_functional.owl,9038030,3816451,12854481
approximated_d6d9aebb-9ff4-4d4d-b6a2-d537bbddd527_onto.rdf_functional.owl,15378459,4861477,20239936
approximated_kb-owl-syntax-unraveled-depth-1-disjointness-constant-classes-relation-axioms-value-nominals.ofn_functional.owl,879865792,1603686589,2483552381
approximated_6516ed2a-3286-4f34-b25e-843be41f8270_ataService.owl_functional.owl,132733259,208734527,341467786
bf34ded4-84f7-48d9-99ff-46afcd069112_classified.owl_functional.owl,289637693,698751440,988389133
fd4db06a-5810-4e3a-b78c-2a0afdeb921f_y.obo.PREVIOUS_functional.owl,44834660,98143761,142978421
approximated_e4144622-ebbe-4175-a642-2ab2515c54a6_inter.rdf_functional.owl,15019372,4492949,19512321
approximated_a899f617-332e-4c2d-afff-955873523225_Diode.ttl_functional.owl,15806928,3789702,19596630
approximated_gro.gene-regulation-ontology.3.owl.xml_functional.owl,25826838,43513309,69340147
approximated_e2fd8324-4b81-4c76-8aa9-8e0f52fb54f4_stateSolid.owl_functional.owl,127044328,213802895,340847223
approximated_17f88bf0-ac57-4e09-9687-c0c3d30eb447_moPressure.owl_functional.owl,134235373,243947902,378183275
5e45e9af-d64b-4ea6-81ab-c90fde9887f6_go_import.owl_functional.owl,58003059,95259311,153262370
approximated_ed8ad42d-1992-4208-b3e2-e7410a08d961_daberg_Rum.rdf_functional.owl,15113046,3793747,18906793
approximated_c4ec38c4-bcb7-4298-a051-caaa16949c67_commsbasic.owl_functional.owl,10344268,5076528,15420796
approximated_20fb95ca-a5c1-485d-bf1c-b97e03733c1c_loo_cheese.rdf_functional.owl,13172266,3613774,16786040
9b8e3831-0e1e-41f8-8cb7-6faf59bd8d7c_misimple.owl_functional.owl,27212563,62917053,90129616
approximated_00483.owl_functional.owl,4586221014,7758904052,12345125066
approximated_5a442b37-7b20-46bc-b5ed-4c3351bb7659_lus_gallus.obo_functional.owl,2009937317,5017986918,7027924235
approximated_14fd4300-c690-4ede-a13d-d037249551ee_Squid.rdf_functional.owl,18467858,3741773,22209631
approximated_npo.nanoparticle-ontology.31.owl.xml_functional.owl,478660567,964975311,1443635878
kb-owl-syntax-unraveled-depth-1-disjointness.ofn_functional.owl,1334057014,699986144,2034043158
approximated_ab9106cd-f108-46ef-9e19-00897ed3fb00_esg.owl_functional.owl,40180516,27280377,67460893
approximated_5044151d-f798-4096-8c03-f5d106bfe71f_nd_egg_pie.ttl_functional.owl,13690137,4161138,17851275
approximated_d31508d4-b024-4046-b16c-d2a191e4b4a2_i.owl.PREVIOUS_functional.owl,791312069,1692222837,2483534906
approximated_ae532754-910b-4fa8-8c09-200fcd5469d5_tologytest.owl_functional.owl,13628878,7425529,21054407
aad32635-3592-4f19-9d28-76fdd0ae36bc_eKrankheiten_H_functional.owl,20616505,2335833,22952338
approximated_b489c8e9-6ff7-44c5-b3b1-355827e88dfa_ccdbSchema.owl_functional.owl,36928065,35920921,72848986
approximated_d105a793-e073-49d6-aa66-cbaa98aaac13_Metakaolin.ttl_functional.owl,13623647,3811613,17435260
approximated_4a3cf2e1-cbde-4406-bbf1-867390e5e9c6_dc2lmm.owl_functional.owl,35193358,48553889,83747247
approximated_342c50d6-c255-4d47-bc5b-094e5b4e2fee_Mandazi.ttl_functional.owl,16367400,3887066,20254466
c714a503-6711-46c7-b14c-c9b6c70cbe2b_mp.owl_functional.owl,207060285,626982104,834042389
371e7c78-8d25-41b2-af2e-680eaa9fe40e_cinfo_property_functional.owl,61342274,771071,62113345
411721c2-c335-4170-849d-9852ac8724e8_poro.obo_functional.owl,49069074,36102596,85171670
approximated_88249fa0-5134-42b5-bded-3fe60fd7cd2c_ceph.owl_functional.owl,64003288,87325021,151328309
approximated_d5751143-fe9d-4a14-8045-b9450f7d3df5_infoService.owl_functional.owl,26233845,32123157,58357002
approximated_00678.owl_functional.owl,417402579,1043414550,1460817129
approximated_66a26010-c901-48c6-8877-2bfa2f7963c9_index.php_functional.owl,14735536,1909783,16645319
approximated_ff4a2728-4921-46ca-8082-86bd2d52424b_Lineage.owl_functional.owl,25139773,8223485,33363258
approximated_034963eb-e47b-4f28-84cc-3b775b35b6d8_v1.nt_functional.owl,15736938,4229490,19966428
approximated_30c59ee1-e1d9-4fc4-9bdc-d603fb9bfc35_pper_motor.rdf_functional.owl,15282065,3696123,18978188
approximated_8c1cb4cd-1986-4268-b0ab-ec88059f984e_quality.owl_functional.owl,52722175,94620596,147342771
4af93cf9-923a-4098-acdc-5a28486868dc_mo_sapiens.owl_functional.owl,451789065,1008661457,1460450522
04c27412-1ec9-4ca3-8d7b-4af522de50b2_doid.obo_functional.owl,136973857,347141867,484115724
6e738d26-b8a7-484d-9739-045c8fb75aea_us_functional.owl,12504080,2071291,14575371
e97d85f4-e837-42b0-8f76-89a433fc3b92_Game.owl_functional.owl,20052664,2585032,22637696
approximated_dd5a7075-fe7d-403c-b3f4-d78d44e88d4b_onto.rdf_functional.owl,13548656,3799125,17347781
approximated_3792629f-be17-4fda-9feb-429da30bffa9_noacrylate.ttl_functional.owl,17307092,3855411,21162503
approximated_9a5cb264-fa24-4721-b81e-3d6cc91d8465_Adidas.ttl_functional.owl,15776885,4018752,19795637
137d2b40-ac32-4f8b-9901-3a34f4a77e5b_yposimple.obo_functional.owl,14823214,12360017,27183231
approximated_955e6e5a-3e5c-4287-8bb9-91c1e7db6f80_realmCryo.owl_functional.owl,130428603,208425272,338853875
approximated_5bc495eb-68e5-4098-bf94-7e54bcd50b31_onto.rdf_functional.owl,87438560,4675722,92114282
approximated_8cdb7cb1-4df2-4980-9f6f-7187453ec2df_sttslink.rdf_functional.owl,27452207,55513079,82965286
ba66a35c-438f-4f12-b5da-124e84a76b31_dolce.kaon_functional.owl,71978189,8088347,80066536
approximated_c206cca5-429f-402c-8aa3-04eb9aa5cf83_FN1.53.owl_functional.owl,74669158,8443784,83112942
5682893a-e975-4e35-b1ff-d4509ac171a6_RecordLabel.owl_functional.owl,90080657,1695125,91775782
approximated_00c461bd-d22f-46e9-998e-c933d27ad321_N_battery.ttl_functional.owl,15633751,3662920,19296671
19df6f2a-2015-476f-8e81-584c16d29434_icInterest.owl_functional.owl,16964410,975951,17940361
approximated_00412d8c-f97f-4e3d-b184-9a8133e74e61_phenWave.owl_functional.owl,227261575,208281837,435543412
approximated_b3fa9c33-27ed-41e7-ad65-0c0cd3b18e1b_concept.owl_functional.owl,102273167,10242322,112515489
approximated_8d6ebbf7-ea79-490d-997b-49013c43b5a0_iographies.rdf_functional.owl,99287894,23917117,123205011
approximated_c60b39aa-4b39-4e99-a22a-6a329fa29854_090320.owl.xml_functional.owl,96911289,6574851,103486140
approximated_1715aa0a-05d5-40f1-b907-84cee9a76899__converter.ttl_functional.owl,100688546,3811851,104500397
approximated_0a8113ee-d5c4-4924-9114-45af0135a0a7_Rock_candy.ttl_functional.owl,11672158,3703794,15375952
approximated_28fc2efd-7873-457a-9548-5cd83215d506_Twix.rdf_functional.owl,16275643,3761700,20037343
7a8a19a0-b83a-4ede-85fe-2322f1ff629a__component.obo_functional.owl,48478272,17502235,65980507
166f3294-47c1-423e-8832-8c0790cf7467_mat.obo_functional.owl,91737224,28120313,119857537
approximated_ba4c0705-2694-40c5-a37e-4447eccca489_quONTOm2.3.owl_functional.owl,88818688,3146374,91965062
approximated_cogpo.cognitive-paradigm-ontology.1.owl.xml_functional.owl,22342842,22540820,44883662
approximated_a25ff09e-3be5-4b89-88b0-ac91cabf7b65_tateChange.owl_functional.owl,112158198,61214388,173372586
approximated_89bc52ad-3bfb-44c4-8f29-7c893b334274_habs.owl_functional.owl,97018424,10284398,107302822
approximated_00041.owl_functional.owl,1692010717,4091968958,5783979675
approximated_a9712c71-8004-4e17-b056-4f7a11e7d64d_ABGSegment.owl_functional.owl,79503344,149572108,229075452
approximated_830b48d6-aa33-4f66-bef4-dc562ee06432_Orthogonal.owl_functional.owl,136753839,248259943,385013782
approximated_62c8c490-ccb2-486d-aa8d-4950990d0b84_rammer_Max.rdf_functional.owl,21966719,7002531,28969250
00388.owl_functional.owl,12014259,2787181,14801440
approximated_00302.owl_functional.owl,26201437,14883543,41084980
d91806f3-5470-4b24-8adb-d2e17512028f_function_1.owl_functional.owl,14348034,15982752,30330786
approximated_d66b3e42-998b-41d1-8c31-c2ce8d2c5fab_PaulFisher.rdf_functional.owl,13742051,2977117,16719168
1931e787-0ba7-457b-93d3-781adab5a9a8_prerelease.obo_functional.owl,1222720903,3699823124,4922544027
approximated_62a26c3a-225e-49ad-934d-1a9beb9f380d_sist092606.owl_functional.owl,15058494,9893684,24952178
approximated_7cd38d2d-9407-4a91-9ff9-9e45b5834a4e_Amaretto.ttl_functional.owl,5265243,3770379,9035622
fb-dv.drosophila-development-ontology.15.owl.xml_functional.owl,18878291,30876620,49754911
2e9c776a-c71e-40a1-9694-74cca81c863c_OAE.obo_functional.owl,47447176,92675379,140122555
approximated_632218de-a57a-49e6-885d-d04190ff3d97_vsaosimple.owl_functional.owl,13140015,12034552,25174567
approximated_4e94701b-5b03-4faf-a7fd-c66be0e7a1c5_Malted_milk.rdf_functional.owl,15612791,3708762,19321553
approximated_effd30ce-18ca-4816-b055-33723ce6a1b7_RO.owl_functional.owl,14479612,4776650,19256262
approximated_8b075aae-de78-4da8-ab82-5c5afbeab78f_leost_taxonomy_functional.owl,722815164,2165787420,2888602584
approximated_b9d54bd5-a436-445f-84d9-1e49983a08c1_Pitchfork.ttl_functional.owl,14341442,3842882,18184324
approximated_f029645a-2ada-431e-90ae-6d78382e4687_ns.owl_functional.owl,12054906,5638289,17693195
approximated_teddy.terminology-for-the-description-of-dynamics.11.owl.xml_functional.owl,15072570,12557181,27629751
approximated_0faa5b27-8e28-4fa0-8682-787b9b2d43e3_wine.rdf_functional.owl,33570246,16906711,50476957
approximated_d297d8ef-83ce-411c-9dd9-74c18fdebf0d_substance.owl_functional.owl,91658703,109008253,200666956
approximated_c2647d9f-fbef-44b7-8017-6d21979c352d_Cheesecake.rdf_functional.owl,13515811,3773633,17289444
0c9b2172-a03a-4918-9875-9e2eae3fd2ad_al_process.obo_functional.owl,759888426,2230624792,2990513218
approximated_43b1a445-7fdb-4ed8-8830-a6e907657507_anFraction.owl_functional.owl,134240242,215044881,349285123
approximated_7644aff6-462d-43ed-9d8f-5d7471855907_Kubdari.ttl_functional.owl,15602595,3776450,19379045
fb4227d9-aafe-469d-9f72-7e0e0c7d35ae_owlSymptom.owl_functional.owl,23114609,17786116,40900725
approximated_7a3642b0-5d16-4973-98cd-6239f6ac8bc4_realmRegion.owl_functional.owl,140806568,251062001,391868569
approximated_198b5a81-1a56-4b6a-b5e9-cdc4b3d13a02__Yorkshire.rdf_functional.owl,16833926,3857852,20691778
approximated_2c36aca1-5dd5-4b80-a260-40790c8dec0e_n_detector.rdf_functional.owl,23795032,3677853,27472885
approximated_b88ce3d5-bd1a-4e0a-92fa-d4ce93f1d247_edgeDomain.owl_functional.owl,166836605,215869712,382706317
approximated_2cbafcc5-169a-434e-8457-6ea108d1dc6d_puls.owl_functional.owl,148578979,78937015,227515994
approximated_9f00ebed-14a0-4817-b3b7-d9fdfd57d23e_wine.owl_functional.owl,23153854,11910180,35064034
d2de1f4a-7c94-4c4c-956e-38b7a836b4ed_protlabels.obo_functional.owl,299384433,823177803,1122562236
approximated_8419c249-190c-4543-8b6d-655e7c7f1dc9_exogeni.owl_functional.owl,22762852,20266981,43029833
approximated_2e646254-d55d-4ccd-9a09-3f702aabdbe1_ip4.owl_functional.owl,19270935,9204540,28475475
approximated_1ae07ec6-fe69-495e-b085-2907688d22f3_stateRole.owl_functional.owl,135867521,245397652,381265173
approximated_d41681a9-0956-46d8-8cbb-53033708c480_vao.owl_functional.owl,25389735,18929641,44319376
approximated_e70f248e-f3cf-4bc1-9164-2adb9de3a82a_onto.rdf_functional.owl,21465170,5057754,26522924
approximated_083fd346-de16-4947-b06d-365da70968cb_Speargun.ttl_functional.owl,14338113,3691516,18029629
approximated_2ca85452-a715-4f50-a916-c7e8b537149c_ed_balloon.rdf_functional.owl,16686860,3824036,20510896
approximated_ico.informed-consent-ontology.4.owl.xml_functional.owl,28607492,32235386,60842878
approximated_15f3f9c6-4de9-4a8d-b52b-81bed496ba52_PaulFisher.rdf_functional.owl,18319126,3029748,21348874
approximated_2eae9d3b-7952-4dec-a047-24de6192031a_Dress_shoe.rdf_functional.owl,25814326,3734934,29549260
approximated_6279f04d-8dec-4182-b605-da4d9b0ee3dd_Tea.rdf_functional.owl,12596471,3615020,16211491
ac101702-4c3c-4dde-a173-762a9a0122db_phenotype.owl2_functional.owl,17508217,13734340,31242557
approximated_a9a11f8b-fab9-4901-99b0-9d9570eacf34_ctryflat.owl_functional.owl,95065226,22802602,117867828
approximated_002f75a4-16ee-4437-9123-c273f399590c_odSolutions.owl_functional.owl,47093165,64975491,112068656
approximated_c7c986ba-c441-4920-8d56-a1c835f1c267_Rasp.ttl_functional.owl,13883860,3854715,17738575
approximated_1d4036de-9387-4883-a048-24ca6a437f23_umlssn.owl_functional.owl,19319987,30569484,49889471
approximated_5fcf26a8-838e-4467-bf57-9f1272942514_software.owl_functional.owl,43708928,73533427,117242355
approximated_4e525bbe-ef8f-4880-9728-2b95b159df19_sistent001.rdf_functional.owl,27138924,16361705,43500629
approximated_2dd536b5-91d4-4376-b91a-8d25b4b63684_neprogetto.owl_functional.owl,18434662,9250850,27685512
approximated_32fba828-5881-4048-945a-c93ff30e6e3b_Hfingi.ttl_functional.owl,15301149,3754210,19055359
approximated_8518f212-1e49-4d7d-95db-87375d830337_amo.owl_functional.owl,18779863,6399956,25179819
approximated_85c02ba6-ec57-4dfb-aea8-baea5adc5270_biolPlant.owl_functional.owl,31377162,51606522,82983684
approximated_2070bb2c-7c23-425d-8a44-04ef66f8ceff_nto_cheese.rdf_functional.owl,11769033,3974016,15743049
approximated_00466.owl_functional.owl,130974291,347904955,478879246
approximated_806bf3e6-b3ce-476e-a78d-08aff469898e_mer_cheese.rdf_functional.owl,17656401,3700867,21357268
approximated_9002ce3b-f07b-4105-8bba-8ca5b2738494_asfatbox.owl_functional.owl,480145704,1166728863,1646874567
approximated_08dbaed9-263b-4b6d-9e81-e0a1297eed21_wines2.owl_functional.owl,11633887,3197679,14831566
2256c7a2-9bcb-45cf-ab74-5524fe720c24_onto.rdf_functional.owl,11368350,2262515,13630865
approximated_kb-owl-syntax-unraveled-depth-2-cardinalities-disjointness-triggers-constant-classes-value-classes.ofn_functional.owl,736199354,1649321778,2385521132
approximated_d94f31f4-bdd6-4d71-accf-3449a776d220_dump.rdf_functional.owl,86321279,110695765,197017044
approximated_1601c754-1491-414c-94d8-7f9a3cab7d57_Oxygen_mask.ttl_functional.owl,15535930,3894163,19430093
approximated_4e04b31f-1fb5-42a3-9763-b79e3b31ab8f_tologyV1.3.owl_functional.owl,18286886,9218776,27505662
approximated_8b25f695-b038-47c7-8df3-08851de25394_teChemical.owl_functional.owl,135710305,211496036,347206341
approximated_00357.owl_functional.owl,94245363,199307608,293552971
approximated_a46b6059-f693-4585-b362-ccd4058db039_Tuna.rdf_functional.owl,17140211,3980558,21120769
approximated_4e6a533d-8777-417f-a45f-61a8141471e8_antle_rope.ttl_functional.owl,14072360,3753716,17826076
approximated_kb-owl-syntax-unraveled-depth-1-km-relevant-cardinalities-triggers-constant-classes-value-nominals.ofn_functional.owl,447554997,1094069162,1541624159
192db842-c6f1-4e17-9e5f-6a9d9a54e737_appearances.owl_functional.owl,95625912,2501324,98127236
approximated_e09bfd1b-cb40-4414-9600-7eb4bff97491_Instrument.owl_functional.owl,172808209,247465689,420273898
fb-cv.flybase-controlled-vocabulary.14.owl.xml_functional.owl,27926805,43430681,71357486
approximated_36718179-cf07-4ec2-bbff-c6713f544e3f_2020120507.owl_functional.owl,5965568110,13070998417,19036566527
approximated_713b7128-5f6e-4e82-b0b4-efa54a064e5d_icCompound.owl_functional.owl,146248462,245977055,392225517
approximated_0145d471-5428-4bf1-acff-fec7e5213789_regulation.owl_functional.owl,1268073505,3110225973,4378299478
approximated_fa669ffb-b1db-4b58-8274-b4e6bb44a111_l1odm2codo.owl_functional.owl,22773652,11794567,34568219
775c4500-5a9e-4540-96ee-601e28b210f3_ce_by_role.owl_functional.owl,17953298,10377404,28330702
approximated_01cfcf57-b094-4864-a354-d08954c087dc_Endy.rdf_functional.owl,14580164,2004699,16584863
approximated_b4bbe763-01d5-4429-97f4-5a26878e934e_Watch.rdf_functional.owl,18064535,3785601,21850136
approximated_6fb3d5fa-0f13-4776-bfa0-793f3ebc628a_onto.rdf_functional.owl,10561081,6397408,16958489
approximated_4fd5414a-a316-41b1-b13e-a9500e1002f6_et_aerator.ttl_functional.owl,9742016,4006657,13748673
approximated_00673.owl_functional.owl,60584604,104733785,165318389
go.gene-ontology.1406.owl.xml_functional.owl,1790748866,4299836978,6090585844
approximated_0db7956e-9797-40af-895d-d1e73a85226d_ing_device.rdf_functional.owl,17258940,3807027,21065967
0147e189-1bbb-4e53-bf7a-5a45f561fc5c_nnotations.owl_functional.owl,9656777988,7054518959,16711296947
approximated_2b7cf1e5-5e23-4286-875f-5c7f800f3eda_Pastry.ttl_functional.owl,22433146,4576981,27010127
approximated_0f8abb6b-3e0a-4520-aacb-4f745ed5b0d5_Hovercraft.ttl_functional.owl,15260088,3762439,19022527
approximated_7084c957-7ba6-4a3d-a592-aef6beb5211f_PaulFisher.rdf_functional.owl,9467689,2920592,12388281
00076.owl_functional.owl,15866909,8332329,24199238
approximated_1070fe1a-c75a-4a17-b88a-568a6bceae7b_nulo.owl_functional.owl,11995941,4355199,16351140
approximated_f0a2d50f-178b-43ea-9f36-cad568136e63_cmmi_test15.owl_functional.owl,40056896,35195362,75252258
approximated_f171800c-62e0-429a-a1fd-2679bae47ba5_Reed_valve.rdf_functional.owl,11268076,3774914,15042990
approximated_46bb723b-99fc-41e2-8f73-c827ebd468dd_SystemsLite.owl_functional.owl,23689884,20941781,44631665
approximated_7b26af21-9a57-4db3-8a1f-f6f723ce8baf_Manouri.rdf_functional.owl,11161706,3711907,14873613
idomal.malaria-ontology.28.owl.xml_functional.owl,75205017,175698718,250903735
approximated_4a77d4f2-a093-4d45-b9c5-62a4e79ef330_gun_scaler.ttl_functional.owl,17094877,3809662,20904539
3e8988dd-d423-41eb-bce0-0651a2e84942_kupomodels.owl_functional.owl,21253826,24640359,45894185
approximated_3306dfe2-1e10-4dbf-842b-0bec08bba814_Support2.0.owl_functional.owl,33404468,23106903,56511371
approximated_42e22f9d-9f61-4b7f-9b27-0629f2fc86b2_Vinaigrette.ttl_functional.owl,15841164,3690835,19531999
23bffcfb-32b2-40bc-b17d-e26fee64fb50_visionShow.owl_functional.owl,17082615,955011,18037626
approximated_29772105-dfde-4d00-9bac-fbb6af110722_szenario.owl_functional.owl,14144044,11835657,25979701
cc326d98-1b73-4173-9b6f-c0a7be7c21f4_4577.rdf_functional.owl,9872312,812490,10684802
approximated_929488ac-ad2e-454b-a058-e339496a4ff4_ro.owl_functional.owl,12519147,4147874,16667021
approximated_onl-msa.mental-state-assessment.1.owl.xml_functional.owl,193005039,201935003,394940042
approximated_00494.owl_functional.owl,70251847,128744007,198995854
approximated_7dbcb4f3-5945-4d3d-a1a1-2aa0e544f321_d_dressing.rdf_functional.owl,10093277,4098450,14191727
approximated_eede63b0-ebd8-4d19-84e4-1bf2f235f456__pathology.owl_functional.owl,17317499,34792672,52110171
5509b082-747d-403c-b3e9-5dacdcfce82e_classified.owl_functional.owl,515323147,854570579,1369893726
1b301cbb-0276-4463-8e46-572b14c6948c_sc84title.rdfs_functional.owl,1269324370,949034610,2218358980
approximated_9aebe632-2215-4810-b8de-0ab407b026d9_Trap_primer.ttl_functional.owl,14458575,3876853,18335428
approximated_2fa0a8d5-641c-4587-b8ec-a8497086ffc2_observer.owl_functional.owl,12119691,5509210,17628901
approximated_59741353-0411-4b56-9c9c-d0c2a2729ab2_Theremin.ttl_functional.owl,15642419,3664513,19306932
approximated_48da0b47-a401-4bb4-b209-2d217bf79c88_onto.rdf_functional.owl,13043637,5288005,18331642
approximated_41ee1066-ddfd-4c98-8d0a-b613c2ed609d_Jackhammer.rdf_functional.owl,12512417,3674523,16186940
approximated_3ca38401-79a4-4ff0-8bcd-fcd9d0508846_BergkC3A4se.ttl_functional.owl,12290301,3686947,15977248
approximated_1082fb0e-824a-4a4f-a775-a8edfd28786c_PO_functional.owl,59406400,124896496,184302896
approximated_kb-owl-syntax-unraveled-depth-4-cardinalities-constant-classes-relation-axioms-value-nominals.ofn_functional.owl,378508855,936183486,1314692341
approximated_3d1a06b5-7167-40e2-ac0d-3ce6f7ff96de_rial_robot.rdf_functional.owl,12332464,3876658,16209122
8c936c24-12b1-4c8c-a90d-0a735f369da3_ficeHolder.owl_functional.owl,17870347,1185979,19056326
approximated_2d3be51c-840f-4a0b-90d3-f34a074882de_ging_steel.rdf_functional.owl,12299216,3702245,16001461
approximated_9fdac05c-0a73-4825-b361-77df9d540890_quanSpeed.owl_functional.owl,190600520,203159545,393760065
approximated_kb-owl-syntax-unraveled-depth-3.ofn_functional.owl,341338873,880046394,1221385267
00381.owl_functional.owl,216660763,124183638,340844401
approximated_61dce8c0-8134-4870-8452-b70144f79f1f_Fishing_net.rdf_functional.owl,13698405,3810513,17508918
approximated_b2c45efe-d5c2-40ac-b38f-d0e69ef291d8_Barm_cake.ttl_functional.owl,19052928,3851303,22904231
c44095fc-e911-4a16-9bdc-20224e839a76_e.obo.PREVIOUS_functional.owl,88583187,219254738,307837925
approximated_362a4af7-7264-4a82-832e-1003e491c018_LeibnizKeks.ttl_functional.owl,11899344,3865713,15765057
approximated_bdbcec0c-4e96-4cc6-978e-85a96640130e_orest_cake.ttl_functional.owl,11506288,4195474,15701762
approximated_1ca8bc80-f74e-4145-a5fd-66c9fed0246e_dMesoscale.owl_functional.owl,131414161,213874015,345288176
9968af30-d685-4c29-b937-1b59a257a8ec_ant_trait.owl2_functional.owl,126025187,67784515,193809702
approximated_provo.provenance-ontology.124.owl.xml_functional.owl,109857725,3664296,113522021
approximated_kb-owl-syntax-unraveled-depth-0-km-relevant-cardinalities-triggers.ofn_functional.owl,281878041,339042311,620920352
approximated_00486.owl_functional.owl,958569892,2736122027,3694691919
approximated_538709b1-b7e8-4424-8d99-9d0bafeee68f_tification.owl_functional.owl,13508727,4885593,18394320
approximated_8a0e18ac-91b2-46c1-897b-57063d2a44a2_Validation.owl_functional.owl,150222775,219164183,369386958
approximated_443a0dc5-8133-438c-b00f-e7c564ae7dc1_estigation.owl_functional.owl,100833541,32594824,133428365
approximated_8c8e5979-9214-40e9-992f-05f4147ac45b_st_anatomy.owl_functional.owl,277783578,248654494,526438072
approximated_66e7427e-6588-4885-aeef-b3496f1e3541_timization.ttl_functional.owl,93408189,3692566,97100755
f4c54e2e-a1e0-4317-9b84-7d4e8baeb6ae_nt_xp_self.obo_functional.owl,49150086,10841698,59991784
approximated_3287d379-3ee6-4e0f-ad90-3702d2112384_galen.owl_functional.owl,191378512,216017321,407395833
approximated_00718.owl_functional.owl,162585512,19190572,181776084
approximated_ef43a553-4f1a-4a55-a4be-3ea879c6eaf8_dore_VIC20.rdf_functional.owl,42229363,4765087,46994450
approximated_00281.owl_functional.owl,15264536,6285288,21549824
approximated_36faa6ac-6b7a-42cc-8490-574e16f8fe5b_Rokpol.rdf_functional.owl,12623702,3636124,16259826
0236fd90-bb5c-4c11-ac91-d3be2fa17611_es_bridge.owl2_functional.owl,274340609,696096818,970437427
approximated_94acb37a-ecef-431d-bcfc-501977deaaa6_Golf.rdf_functional.owl,10708287,3988613,14696900
approximated_6558799a-535b-4c2e-842e-1ce941f28dc2_ec2.owl_functional.owl,20969399,17693323,38662722
approximated_83d1a26f-23ca-43a2-af64-da1b3a06dbf9_onto.rdf_functional.owl,17269612,4994877,22264489
approximated_41cf527b-0442-43c1-964e-1eaceb8b0322_etter_tile.ttl_functional.owl,15895123,4520658,20415781
approximated_d7cca021-c673-4a84-9e7c-b1c508a453d8_financial.owl_functional.owl,1186763335,187056151,1373819486
284b2c2d-9bd4-4417-989e-2aad9564eef1_protlabels.owl_functional.owl,288349384,820613775,1108963159
approximated_0414faab-a884-43bf-8ecc-70ddf5e03cd8_visual.owl_functional.owl,36379656,49975135,86354791
approximated_jerm.sysmo-jerm-ontology-of-systems-biology-for-micro-organisms.14.owl.xml_functional.owl,16788647,14771519,31560166
approximated_61dd50e3-25ec-47c8-b154-1a85cce0e451_ilk_powder.ttl_functional.owl,12875253,3647055,16522308
approximated_c797be95-1e57-4454-977d-a2429045dce5_dtn.owl_functional.owl,27053894,7793967,34847861
approximated_08fb41c5-f8b2-4c39-8db8-af818ac530e8_nomizithra.ttl_functional.owl,8763721,7232059,15995780
0fc1b578-c393-433a-a76d-edb95a415bf4_gorieBlC3BCten_functional.owl,14262334,809268,15071602
approximated_32d8a12b-5c75-4d62-a3a2-b3bc235d506d_expression.owl_functional.owl,36500039,41102322,77602361
approximated_2cfc4281-7cba-41da-9331-8c54237c01d9_Buttermilk.rdf_functional.owl,8535963,3751198,12287161
approximated_28b40df6-fa4c-466c-8b04-294817e0881a_e_computer.rdf_functional.owl,12459130,3782088,16241218
297f501f-a2ad-429f-9037-832cc469c7d6_classified.owl_functional.owl,247893620,576835879,824729499
flopo.flora-phenotype-ontology.3.owl.xml_functional.owl,661072633,1782426233,2443498866
approximated_5655676f-466a-4ee7-9695-32978410deb2_ural_steel.rdf_functional.owl,4420244,3657248,8077492
approximated_5d2e0291-e273-4df5-a632-2b2dfaaea053_Ice_tool.ttl_functional.owl,16900761,3851806,20752567
approximated_36a39012-b7ac-4078-b427-4d54735227fa_EMD_F40PH.rdf_functional.owl,14805649,3682058,18487707
approximated_0eae551f-38f1-4fee-ac89-046d6c0993b6_onto.rdf_functional.owl,17497788,4776292,22274080
approximated_1dc94f07-41c3-4171-abb5-3c2955a8a750_eformation.owl_functional.owl,72527543,126774913,199302456
approximated_00343.owl_functional.owl,34508004,15904546,50412550
approximated_d5d92734-f617-4a27-b226-9f8b9bf7d588__functional.owl,24521077,29204148,53725225
approximated_0f0f58e3-859d-483a-9eb8-ea9d479dc430_ataProduct.owl_functional.owl,136183605,210108301,346291906
approximated_4f2a332c-4926-462b-a6f4-7ae3a9d9c162_chemistryv4.owl_functional.owl,17169773,6974844,24144617
approximated_88a14c68-273a-4635-b6a5-8b2fdb50449d_uberon.obo_functional.owl,213497519,555396456,768893975
21d5676e-66c1-4767-8348-5d3f59d74775_iedatabase.rdf_functional.owl,27971744,7265721,35237465
approximated_00382.owl_functional.owl,989415011,2745151531,3734566542
approximated_08c1ae81-1379-4f60-8bc4-20dcb4d5a2d1_ESG_test_5.owl_functional.owl,38359113,7514871,45873984
approximated_e46419ed-517e-4d94-b606-a94ab571d405_Parameters.owl_functional.owl,20910269,7583750,28494019
approximated_kb-owl-syntax-unraveled-depth-1-relation-axioms.ofn_functional.owl,427581675,1063426599,1491008274
approximated_kb-owl-syntax-coreference-IDs-cardinalities-constant-classes-relation-axioms-value-nominals.ofn_functional.owl,707959688,1661289111,2369248799
approximated_0d0ea454-c4e4-45fa-bf5c-f5f94f863af3_European_Union_functional.owl,16881678,1802860,18684538
approximated_81ff541e-2600-4862-95fe-83813875124d_ss_bracing.rdf_functional.owl,11076806,3794517,14871323
approximated_3d2784e0-f119-4af5-89a5-fc8d96282bba_Lobe_pump.ttl_functional.owl,17005262,3832610,20837872
approximated_85f662ef-f07a-4cc3-956d-9628d7f10e75_eloEmocoes.owl_functional.owl,9199050,5508677,14707727
56a24a04-c242-4db0-b565-7033f8e372c9_tgma.obo_functional.owl,72245572,145976778,218222350
approximated_galen.galen-ontology.1.owl.xml_functional.owl,1156187219,2961907888,4118095107
approximated_159f0a31-0933-4f79-8563-0d71147a50e4_SO.obo_functional.owl,71300687,131772148,203072835
approximated_eacaa4c8-f785-40e0-8348-450d76ad76b1_mpoundAcid.owl_functional.owl,66342634,126110669,192453303
approximated_15f81d44-80e2-47b8-8082-e5d346264ab6_mlso.owl_functional.owl,22910019,18636299,41546318
approximated_0ec6e375-30a6-4701-a0f9-b51634fb7605_ethernet.owl_functional.owl,14921643,9715058,24636701
approximated_1673b157-5dd9-45b6-98b1-a5f8053c6586_iteseermap.owl_functional.owl,12825306,8655317,21480623
dee51ea7-60c0-48c7-9076-957b687f57b6_o.obo.PREVIOUS_functional.owl,12238848,8124007,20362855
approximated_d5d1d292-82d8-4642-8a89-1e77740e5e3d_amo2.owl_functional.owl,13580936,7049544,20630480
approximated_619677f1-3bd0-4721-903d-17bb674e54d8_PaulFisher.rdf_functional.owl,9806061,2880956,12687017
00677.owl_functional.owl,85480601,29690918,115171519
0a331e49-6855-471e-b7c3-0a1d751be064_anatstaged.obo_functional.owl,298253220,522912834,821166054
approximated_d1017e80-ac50-40cb-b62e-82028c94d84d_steel36.owl_functional.owl,13356091,3109869,16465960
approximated_41b5f94e-10fb-410d-8419-5e0eafcf4d89_eanCoastal.owl_functional.owl,132748244,209775370,342523614
0780c1cc-9351-42a5-b0c6-21204bccf8df_classified.obo_functional.owl,2526035026,6235756579,8761791605
approximated_8633be47-0c02-4c78-84ff-b7d76da6aef1_y_ontology.owl_functional.owl,21067939,9305002,30372941
75920c15-8968-49c8-a10b-2b6db1968d38_resistance.obo_functional.owl,87506753,221432333,308939086
approximated_83069b3b-0d39-45d7-9db3-860413bd53bc_onto.rdf_functional.owl,16887329,4770534,21657863
approximated_c75c8486-e943-4890-a5e6-a2c8369d73f4_PaulFisher.rdf_functional.owl,35958246,2968169,38926415
approximated_04c0c4ef-e210-41a7-b86b-1f945045bc8f_kupocells.owl_functional.owl,21527976,38825166,60353142
approximated_6c60bc0e-5483-47e3-9625-dfdaecc6669b_er_anatomy.owl_functional.owl,23661443,40768006,64429449
fb93111d-d1a2-44fe-a5aa-e613583e9c60_classified.owl_functional.owl,24749923,44987474,69737397
approximated_00606.owl_functional.owl,22707788,35407456,58115244
approximated_030693d5-82aa-40eb-88d4-48a9d5fdbcbb_t_taxonomy.owl_functional.owl,724176621,2149819541,2873996162
approximated_358e8a5e-c2ee-435d-b06a-3f218806ea37_obi.owl_functional.owl,117773589,262123375,379896964
approximated_3d4fb48f-6df9-476a-8bb3-b588b32e62dd_oceanFloor.owl_functional.owl,104093363,221618321,325711684
325dcb54-e87b-4088-90ae-c12d2f166244_classified.obo_functional.owl,81880708,172303200,254183908
approximated_c69ff792-4734-4da3-a279-82bcd22e77a1_crime11.owl_functional.owl,21150719,10190142,31340861
ogmd.ontology-of-glucose-metabolism-disorder.19.owl.xml_functional.owl,16308241,6059300,22367541
approximated_53638c75-7ece-441d-8e20-0af1d7e7e77c_biotopcore.owl_functional.owl,20801718,19391731,40193449
f5c2d5ab-fd49-4bb9-94cd-f89f490a9b6a_ailytermdb.owl_functional.owl,592073141,1572021329,2164094470
approximated_87e626a2-5e10-4124-b622-bbfbbb14fb6e_mathVector.owl_functional.owl,18996799,19834738,38831537
approximated_05b08894-f669-48d0-9806-e52c567f77be_PaulFisher.rdf_functional.owl,15868647,3019798,18888445
approximated_0d8417cb-3c46-4157-9f8a-905d8cd3c2c3_eco.owl_functional.owl,16643728,22584016,39227744
approximated_kb-owl-syntax-unraveled-depth-3-cardinalities-disjointness-triggers-constant-classes-value-nominals.ofn_functional.owl,678181025,1549658593,2227839618
approximated_13c089b2-5421-432c-8729-d4fae2757f4e_cm1.owl_functional.owl,16862917,3894585,20757502
approximated_8f92f4f0-0e90-4e56-aee5-510116e60fed_onto.rdf_functional.owl,19887926,7851844,27739770
1015f8a2-fadd-4d1c-a248-34edf51b214d_sgenechrom.owl_functional.owl,1337520487,2520876432,3858396919
approximated_00675.owl_functional.owl,2458451872,5265104968,7723556840
30452db5-6cd2-4630-bbe1-17ac3dade1c7_geospecies.owl_functional.owl,29565218,6092230,35657448
approximated_853b4196-cf16-479c-ba25-675b5e595cb2_ics_tablet.ttl_functional.owl,9359988,3684538,13044526
approximated_317eefae-1d72-4f99-87a3-4453c85dd4b9_ans_cheese.ttl_functional.owl,13668315,4240437,17908752
a53db3f1-2c30-4306-96f3-d0832bf27a57_VideoGame.owl_functional.owl,21011925,2852504,23864429
approximated_37c11239-ace5-4076-adcc-55d712463e66_View_camera.rdf_functional.owl,16052648,3782355,19835003
1d1247b4-7973-4e96-8fd6-29f8a0d89e43_all.ttl_functional.owl,14769392,1379899,16149291
approximated_kb-owl-syntax-unraveled-depth-1-cardinalities-disjointness-constant-classes-relation-axioms-value-nominals.ofn_functional.owl,747394823,1709412111,2456806934
0a0136fd-cd88-41a6-a3da-83380dc0af18_Heilpflanzen_E_functional.owl,89505060,741766,90246826
approximated_c1b60570-8933-4211-b98e-fecce81558ee_Manifest.rdf_functional.owl,23441046,4330050,27771096
approximated_52de505a-641a-4284-b337-e40851edfd94_Bread_bowl.rdf_functional.owl,48233864,3716142,51950006
approximated_00590.owl_functional.owl,34302782,23589293,57892075
ma.mouse-adult-gross-anatomy-ontology.31.owl.xml_functional.owl,166017589,211962012,377979601
approximated_2dfdcac4-17b4-4759-ad21-00d8ed0ba741_DSO.owl_functional.owl,113283671,9319268,122602939
approximated_99996987-5d1b-4122-a2c9-1b9291d0eab0_fly_anatomy_xp_functional.owl,545681979,1005816598,1551498577
approximated_42727c6e-058f-4348-96b8-b3696fa246f4_kflow2codo.owl_functional.owl,39739799,16908623,56648422
approximated_d1798195-1f1c-4510-ac4c-53a6847ec79d_lom.owl_functional.owl,25953196,12735337,38688533
approximated_e47d5fc3-a50c-436f-9de8-1bf8bcaf786f_odyOfWater.owl_functional.owl,84319203,157320286,241639489
approximated_a2de7172-2229-43c6-b9a3-97910453ed8c_infutur.owl_functional.owl,17305076,11204868,28509944
approximated_f1348678-6a49-4bfb-bdfe-67006140730a_GRO_v0.4.owl_functional.owl,21822441,40269359,62091800
approximated_b6c92ad5-2810-4609-b3a5-355c7911930f_Gugelhupf.rdf_functional.owl,23964472,7658024,31622496
approximated_5ce4039f-7515-4d22-b1b5-8cc98458c243_Mpeg72001.owl_functional.owl,33570700,18526223,52096923
approximated_kb-owl-syntax-unraveled-depth-3-km-relevant-cardinalities-constant-classes-value-nominals.ofn_functional.owl,367850698,907451048,1275301746
approximated_4c0e650a-2b97-45fd-93bc-5cacc07ad3e7_uniprotpro.owl_functional.owl,1074029626,1647663218,2721692844
approximated_d084d068-ba72-41f1-96c3-7b12c2cf5cf1_V3_battery.rdf_functional.owl,17160611,5477997,22638608
a38f1650-f404-4ba2-8fb5-81358f68b472_otballTeam.owl_functional.owl,10189071,805283,10994354
approximated_23e0a7bc-b285-4040-8f07-447e81ca5b95_Mudbrick.rdf_functional.owl,17982676,5343508,23326184
approximated_ee9aec54-77cf-4280-ae15-8f84d8d946c2_propEnergy.owl_functional.owl,132707200,242397617,375104817
approximated_3e14d54c-5a0c-4534-8ee3-1c0bfca5e8a0_relaSpace.owl_functional.owl,149135410,247367769,396503179
10b09c62-62fb-426a-acde-443a9be1ee1d_prerelease.obo_functional.owl,2757472109,7073880913,9831353022
approximated_388934ae-0d8e-4473-a8bd-45f29ee4badf_taxon_name.owl_functional.owl,20161591,6154710,26316301
00574.owl_functional.owl,48949467,9899077,58848544
approximated_00698.owl_functional.owl,29712306831,62128189218,91840496049
12f73982-a987-480f-85d0-6aa27a8d8fa3_Continent.owl_functional.owl,100041885,1921688,101963573
f4a84927-b8c6-4198-94f0-20b0ac862b7e_patosimple.obo_functional.owl,68413238,100575272,168988510
meo.metagenome-and-microbes-environmental-ontology.8.owl.xml_functional.owl,121038414,39816435,160854849
approximated_587cb76e-92d2-4649-8b72-ec4daee65125_tionEntity.owl_functional.owl,113801535,12070522,125872057
approximated_ba1f194d-6812-441e-9f40-4ff30d6bc96b_erball_pen.rdf_functional.owl,140093160,3733403,143826563
approximated_e221237f-51dc-4883-8a60-fa79076e4e35_realmSoil.owl_functional.owl,831504594,246337087,1077841681
approximated_6fed8bf3-a384-47fb-8ea1-e1b6464db8da_higgins_functional.owl,107003020,10637724,117640744
approximated_58b29258-ab76-4e47-b715-306ed154fba3_lded_cable.rdf_functional.owl,145040292,3772510,148812802
approximated_34aab632-b464-4f0a-8d13-a2c646313b3f_ise_Tagada.ttl_functional.owl,144381619,3719028,148100647
13acd5d0-383c-492b-81d2-2a42e9ffdc11_stts.owl_functional.owl,56571709,3957010,60528719
approximated_432fe4cc-98c6-4d75-ae4c-465957dc4c0f_Toy_train.rdf_functional.owl,11147672,3844095,14991767
approximated_40bf2e5f-7613-4765-b28a-6778aee743ac_ena_cheese.rdf_functional.owl,10626843,3799191,14426034
a7e270ed-0f44-414a-8c54-3401a8d9110d_classified.owl_functional.owl,3345213217,6508486679,9853699896
approximated_0c745746-ca4d-45b0-96fd-e473b2db8123_idreasoned.owl_functional.owl,27994682,45220191,73214873
vto.vertebrate-taxonomy-ontology.8.owl.xml_functional.owl,2325691371,5948075438,8273766809
approximated_0f631613-d34a-4152-ac7d-60b60ef87a7c_DUL_v22.owl_functional.owl,14968356,11176152,26144508
approximated_64157e60-96dc-4d10-8090-5ea966d3afe7_teruniprot.owl_functional.owl,207237213,76974647,284211860
approximated_5db7d966-b192-4fdd-bc2d-2a73caa477f9_phenHelio.owl_functional.owl,131884766,212477680,344362446
approximated_6a2fa6d1-b6e0-4c4f-9d78-93e90d04e88a_onto2.rdf_functional.owl,16908610,4920507,21829117
approximated_1dfb83b5-166c-4af0-9161-b4e179dbd4ed_rete_mixer.rdf_functional.owl,11750168,3652274,15402442
approximated_7e58722b-9990-4678-b0bc-f362daed48c3_restaurant.owl_functional.owl,17782366,8597364,26379730
approximated_bb4de634-0e22-4aab-8cb2-e37e6e834392_Kayak.rdf_functional.owl,16972330,3715049,20687379
approximated_062b3e9b-7e07-4438-9c14-5a223993271b_Washboard.rdf_functional.owl,16574708,3641016,20215724
a310adc8-07d2-4b73-b4a0-161f31ff55ce_condition_4.owl_functional.owl,64627755,108990879,173618634
567bd399-d2dc-4e6f-9b18-b7add4d04495_tplusmouse.obo_functional.owl,426220515,868910507,1295131022
approximated_9241e263-89a5-4005-9aa0-5918a3176ef4_Desiccant.rdf_functional.owl,10629803,4490621,15120424
approximated_fe6bf4c8-1bd9-4e94-87c6-05f5c6b237c7__phenotype.owl_functional.owl,58952960,104420894,163373854
approximated_0917cbc4-e418-4d4d-9edf-3c1bf879a1fa_Sapphire.ttl_functional.owl,11127666,4414738,15542404
approximated_db8c814a-8452-4bd9-9049-4a4c730e593f_anDynamics.owl_functional.owl,131573391,241677849,373251240
approximated_cd735fb2-a4e1-4fa4-847a-f3a43fbc7010_egoryInstitute_functional.owl,17115530,4728328,21843858
approximated_1fef39cd-a552-477f-9f1c-327f17e7afdd_n_Model2.0.owl_functional.owl,37142171,19178884,56321055
approximated_f3eec2f1-c8dc-432c-ae05-0fdd8e4268f8_lianataxon.owl_functional.owl,1052599482,1860259638,2912859120
approximated_00455.owl_functional.owl,22392822,48492198,70885020
approximated_380b0ef8-f8fb-40cd-a850-813d398b24c0_Ticagrelor.ttl_functional.owl,15338883,3681776,19020659
approximated_ebd19a90-2a41-4775-9387-7f7ff69d953a_sportation.owl_functional.owl,144435120,245354440,389789560
approximated_c863596e-1046-4365-ae26-cab76a7f35cd_Ice_cream.ttl_functional.owl,8991844,3859635,12851479
0f261956-bd48-46ae-9133-a1b150fac054_al_process.obo_functional.owl,985027868,2537974976,3523002844
approximated_312632d1-7907-4a41-bd11-3e545ab0ff20_tambisfull.owl_functional.owl,37359794,31037482,68397276
0d983190-bc65-4c90-ad4a-a94c010fe6ab_onto.rdf_functional.owl,12338162,3206933,15545095
approximated_27af1ea1-393f-40f5-8a8c-7725fd531ded_p.qcr.fixed.owl_functional.owl,74781277,154971474,229752751
approximated_00519.owl_functional.owl,17351345,8615883,25967228
456fd22a-564d-471b-9832-d37b29822afd_EMAP.obo_functional.owl,603066048,969561018,1572627066
approximated_8cfd956c-f11a-4e37-846b-5e8bbf16b164_o_cleaning.rdf_functional.owl,15007446,3693014,18700460
approximated_2ac6a21e-e27f-4e04-aca0-3c291f60fe2f_cator_Unit.rdf_functional.owl,21259799,5031603,26291402
approximated_3572a8aa-be40-4c39-8471-1b0ec487faa9_dbpedia_3.5.owl_functional.owl,41353936,55994043,97347979
approximated_6cb81309-880e-4a62-a454-ed6aa2b74baf_necommessa.owl_functional.owl,22542248,12458372,35000620
approximated_d30cd722-7f04-4e72-a80b-fafe8ecfdc0c_ienceOWLq1.owl_functional.owl,13329370,11245997,24575367
d41142a6-be30-40e5-a5bb-82ab0b7031bc_imitive1.0.owl_functional.owl,12016519,7533970,19550489
approximated_3b49a314-d686-4591-b809-81cbe64b2c32_matrEnergy.owl_functional.owl,144402710,222979674,367382384
approximated_1610cbca-9dc9-446a-a1d6-2fd52ebf81b2_Dowelmax.ttl_functional.owl,16722232,3825339,20547571
approximated_b4f35778-b471-43d0-bac8-dc13a990a393_Mormyshka.rdf_functional.owl,13785271,3661631,17446902
49cbd881-2b40-4dce-bcd9-d8008d983a28_ysfunction.obo_functional.owl,12372806,17284084,29656890
approximated_82006a15-7367-4d03-945f-33f5e4a44273_onto.rdf_functional.owl,15758840,6472647,22231487
approximated_ac1fae27-a56b-4713-b1f8-6dcdde27aae8_oordinates.owl_functional.owl,76145839,125555471,201701310
approximated_07121eb4-c2e9-4740-a50e-bec32b357bf3_preonto.rdf_functional.owl,21998267,5893844,27892111
approximated_3431dabe-b559-42d2-811b-0c579ae9a13c_Massage.ttl_functional.owl,16005582,3772804,19778386
approximated_32f6e531-f8f3-4bb3-a0f7-25c664c6acba_ecule_role.owl_functional.owl,242451509,556776677,799228186
dc4e24d0-5256-4912-b3be-36105ab1b907_p_CLEMAPA.owl2_functional.owl,254254805,670110115,924364920
approximated_1fc30ab1-b64a-44b2-b4fe-0402806b091c_Virtuoso.ttl_functional.owl,12720885,3918154,16639039
approximated_0fdf1f39-704c-4e6c-b3a0-c871b3bd1707_EDAM.owl_functional.owl,79510991,211237649,290748640
5bc14acf-73cd-46fc-976a-db380540101c_data_center.owl_functional.owl,42289050,72968714,115257764
approximated_56845102-ba92-4662-adbc-4fc38a355d7b_TFS.owl_functional.owl,15161167,4646046,19807213
approximated_a2920fe4-23bf-4c8f-b1b5-084212e6f3e3_ceGeometry.owl_functional.owl,134438302,210928612,345366914
approximated_953aa9d2-d6f6-453c-bb34-18a7fc47f7e3_Potato_cake.ttl_functional.owl,17432175,3642209,21074384
1bebb1d6-7fbf-4634-af0d-9fd70f878427_ts_DAG_1_3.owl_functional.owl,24813077,42188790,67001867
approximated_345f158c-997b-45ee-a3a1-83ebd2d33d2c_eryContext.owl_functional.owl,21361850,11408226,32770076
approximated_0d10680e-34e3-472f-be86-47be11db9a67_stateSpeed.owl_functional.owl,180841790,308093759,488935549
approximated_42203f3a-bde1-47ca-a6f1-a5f71044eb50_SOG_Knife.rdf_functional.owl,121693886,3776132,125470018
approximated_sso.syndromic-surveillance-ontology.1.owl.xml_functional.owl,24748301,9927707,34676008
approximated_cca6f513-d151-4a2c-9e4e-8a7dda781d0c_Rationales.owl_functional.owl,137282694,63873981,201156675
67d80e15-a36a-4f87-8f0a-99c6de37ac35_atomprimitive_functional.owl,112667847,5670415,118338262
approximated_168c1edd-a67a-494c-b1be-4b5839700243_vsao.owl_functional.owl,19569386,23177950,42747336
approximated_b3060fcd-c837-44fb-b4b0-5c8911107a9a_dtn.owl_functional.owl,102745750,8112875,110858625
approximated_5b850a43-95b6-4a41-8e17-97f2aae70514_iComponent.owl_functional.owl,213496545,211881888,425378433
8d19d7cf-e876-4f4a-8c7b-864635eb5d96_pathway.obo_functional.owl,112122442,48293737,160416179
6e0f4e17-6524-4acf-958d-b64f1376f0e7_mpathmerged.obo_functional.owl,21452184,38507695,59959879
approximated_0115df36-b26f-472f-8081-0ff27f40980b_e_blasting.ttl_functional.owl,10460179,3969546,14429725
approximated_ccf9ed40-e244-4225-a4e1-e81546e03575_1058s3s3s4.owl_functional.owl,17862141,7378273,25240414
c7d095b3-de97-45c4-b928-21511cd9f53a_orieDer_Mensch_functional.owl,18148195,2698618,20846813
approximated_3ad89c33-f622-4697-a38a-ca3c5b13b9fb_Bribery.ttl_functional.owl,9651201,3832775,13483976
b49f170d-f76e-4aab-8b29-a3710642bee2_phylobase.owl_functional.owl,20475594,28396237,48871831
approximated_7fcef5e5-6711-46da-a346-511f20a4b7b8_phenGeol.owl_functional.owl,134858796,244030121,378888917
approximated_1f6bd5c5-cbef-4d18-98f1-823f6ae30409_esc.owl_functional.owl,33501234,11113577,44614811
approximated_911780f7-fe24-4091-89f6-26be690e27dd_Endmill.rdf_functional.owl,12028773,4276528,16305301
approximated_64d2b920-0f50-49e9-9e4f-be6f28624991_mantics_v5.owl_functional.owl,29016212,23699940,52716152
approximated_357c5335-0cfb-417c-a74d-6d3779cd2adc__United_States_functional.owl,12453867,1999401,14453268
approximated_74aa452c-eb00-4ddc-a0d1-0ff78b3ec595_Bucksaw.ttl_functional.owl,9375145,3672190,13047335
approximated_0cb0ae64-8cd3-42ef-9e2f-7acfd626c4a6_COSMOtop779.owl_functional.owl,349537263,587342695,936879958
approximated_2ded1de7-16cf-4ddb-86f0-17045012df52_climZone.owl_functional.owl,74546814,138279808,212826622
approximated_058f0beb-5a40-4168-8e58-c1fc8d19a76f_ilaAnatomy.owl_functional.owl,216591614,566109624,782701238
0114933a-4dc8-4fe1-a966-81e46b6c4d89_an_anatomy.obo_functional.owl,33713387,37213833,70927220
approximated_2c18d3dc-bbf5-444f-a9c6-dd254ec84a6d_Toolbox.rdf_functional.owl,14993463,3741191,18734654
approximated_1622ff42-dc68-4e0b-afc0-ef2b5a001b8b_103onto.rdf_functional.owl,17705230,5556395,23261625
approximated_e118f370-e16d-4438-a232-c71b1d55c258_emtopbforo.owl_functional.owl,19937958,10728294,30666252
approximated_40ffe51e-eda2-4415-9d0e-973629b32524_EHDAA_functional.owl,69509389,130071392,199580781
approximated_204e5fbc-62d2-4dff-8543-1fb4ee2671c2_Norvegia.ttl_functional.owl,12023029,3903668,15926697
approximated_0eaf16b4-ad9e-4de9-8902-496ee7451c29_A23_battery.rdf_functional.owl,18478217,3752963,22231180
approximated_704f6550-dfae-4072-9b8d-47a04247b64f_s_fountain.ttl_functional.owl,10912545,3826199,14738744
approximated_00424.owl_functional.owl,51839586,104494010,156333596
approximated_19c68c88-def2-4dd2-b8de-d85544b1433f_phenElecMag.owl_functional.owl,225123672,238622177,463745849
approximated_1be661fa-43bb-4c4c-adbc-51ffd7e788c8_bookroom_functional.owl,16538858,8843908,25382766
56bcd907-a696-489d-ac44-5df521df3c60_theme.owl_functional.owl,14224213,12327436,26551649
approximated_1a6a55c4-89f4-424f-9c16-92ed1b1d5f97_matrAerosol.owl_functional.owl,134987229,209652323,344639552
approximated_kb-owl-syntax-coreference-IDs-km-relevant-cardinalities-disjointness-triggers-constant-classes-value-classes.ofn_functional.owl,870815121,2232452554,3103267675
approximated_kb-owl-syntax-unraveled-depth-4-cardinalities-triggers-constant-classes-relation-axioms-value-classes.ofn_functional.owl,508794882,952543721,1461338603
approximated_kb-owl-syntax-unraveled-depth-2-km-relevant-cardinalities-triggers-constant-classes-relation-axioms-value-classes.ofn_functional.owl,597275938,1042095690,1639371628
approximated_d510326d-c387-4e95-a41f-015d1a61f2f7__functional.owl,27860887,22688820,50549707
approximated_2e8670ac-e7aa-4a67-8c38-a62efbbf987b_Mizithra.ttl_functional.owl,15900701,4952952,20853653
approximated_122890f8-24d2-4cd9-9140-158f8f1b4c6e_Blintz.rdf_functional.owl,14946355,6064865,21011220
approximated_776220a0-e09b-4dcd-9700-4998ec01ffb7_Photograph.ttl_functional.owl,17902939,3717147,21620086
approximated_6e192eed-b4a6-428a-9658-bf6e21929dc3_tinalisMOD.obo_functional.owl,1402811218,3117189104,4520000322
approximated_00646.owl_functional.owl,106202864,249735199,355938063
approximated_41b5ecb2-1b3a-40d6-81f8-ca867ca90a71_32_battery.rdf_functional.owl,12612073,3815611,16427684
0431efde-8b36-4395-9dfd-2cec62ded032_y.obo.PREVIOUS_functional.owl,51335352,80968965,132304317
approximated_243113e0-4ba3-4f81-b5a2-e238d7cbe35e_ulic_motor.ttl_functional.owl,13936906,3767138,17704044
approximated_7d8f4faf-b854-486a-bfed-cd4a9e9a55ac_Rollmops.rdf_functional.owl,15195301,3652664,18847965
approximated_397af8f6-f399-4fff-a2cf-fe49d283259a_scro.owl_functional.owl,15868488,4429809,20298297
a1bad8f6-3744-4b83-938c-249f15bd9f4f_ccerPlayer.owl_functional.owl,20899077,2645634,23544711
approximated_037c4cc6-b478-4b19-977c-78413e2a5b50_hragm_pump.ttl_functional.owl,14271605,4288241,18559846
approximated_f36c7203-fbc7-42de-aa7b-ce2463c9dc52_family.swrl.owl_functional.owl,17520986,3044976,20565962
approximated_1931bdad-410a-4f37-bf8b-a851bebb9357_Brie.ttl_functional.owl,17094901,3655325,20750226
approximated_990efa33-1c11-471c-bbad-78ff9e7266bc_pmbokref.owl_functional.owl,46283440,83574797,129858237
approximated_4b9200c5-0285-4e2a-96ad-3ca22fef2b41_tance_edit.owl_functional.owl,50590748,46235972,96826720
approximated_6f3e3f37-8bcb-4817-80e5-35d9d1d41c86_idDynamics.owl_functional.owl,135803918,215208508,351012426
approximated_13e5ed6f-4c73-4fb9-8fe5-e172388b790e_Chainsaw.ttl_functional.owl,14156891,3814326,17971217
approximated_025133cd-6e9b-4f43-a9f8-adc548531d0b_Cementite.rdf_functional.owl,13724674,3806615,17531289
dec8903d-7933-4f80-b903-f765983da6e7_gams.rdf_functional.owl,21804540,38941377,60745917
9d039558-dfc0-488c-9a4e-92a0d699b39f_ONRT.owl_functional.owl,17863372,4335683,22199055
approximated_eb3b16cd-affa-400f-9713-98bd93cf46ae_Umnumzaan.ttl_functional.owl,18987242,3760432,22747674
approximated_be7a6d0b-0f76-4fe7-bd1f-a34ae731bd81_RLExamples.owl_functional.owl,12799186,4501685,17300871
a1e4623b-1faa-4e69-a606-5d5c4ef90f5f_Locomotive.owl_functional.owl,15990840,1391423,17382263
approximated_fe6e5805-99fe-45cd-b599-5b6b1a0c6a5b_onto.rdf_functional.owl,13270236,5768907,19039143
approximated_422f8d3e-c662-483c-a752-41647b5cc1d7_basic.owl_functional.owl,642935011,1570299856,2213234867
c5eec99a-285f-41a3-952e-1e3c06967961_Heilpflanzen_B_functional.owl,14054902,812848,14867750
approximated_0000212a-38bc-4129-898f-70d1e9114863_Lion_Bar.rdf_functional.owl,13364617,4258358,17622975
approximated_aa7460c4-3092-4c0f-a6ef-7855cfcae456_Microbiota.owl_functional.owl,128534753,214831948,343366701
approximated_02e23efb-644c-4dd3-8971-e514087e900c_programming.owl_functional.owl,89322525,11428990,100751515
689600ca-4a5f-43a4-9483-58415f627c66_ioequivmod.owl_functional.owl,1346361957,584219071,1930581028
cptac.cptac-proteomics-pipeline-infrastructure-ontology.3.owl.xml_functional.owl,35387774,3816028,39203802
approximated_71a6f8a4-faa3-4998-935c-1e37b3eee4a3_Shanklish.rdf_functional.owl,16531905,3818138,20350043
18b168a3-8696-45a7-afc9-b8d532a2eb04_fbdvsimple.owl_functional.owl,18295054,21332061,39627115
66ce60c0-09e6-4dc3-bec4-c99dd234bb3a_ionAthlete.owl_functional.owl,16666397,983306,17649703
approximated_00422.owl_functional.owl,32854738,42107635,74962373
approximated_65229705-d5b1-400b-84b0-5b4c26959aa3_ceAnalysis.owl_functional.owl,136126279,255972244,392098523
approximated_kb-owl-syntax-unraveled-depth-4-km-relevant-cardinalities-disjointness.ofn_functional.owl,571184337,1303788065,1874972402
approximated_6ac8b71a-c597-420b-9166-1be85f288c05_riped_bass.ttl_functional.owl,13240620,3723346,16963966
3f612269-d41b-4e7e-b334-72a14c6549b5_t.obo.PREVIOUS_functional.owl,49675930,14818142,64494072
approximated_75a546e1-3238-4e4f-8c8b-e39bbc29ba94_tinguisher.rdf_functional.owl,16175387,3836255,20011642
approximated_3531f609-6a23-48a0-b9a1-50b7d49a26c0_Coping_saw.rdf_functional.owl,12097767,3846646,15944413
approximated_4a543d99-3243-4d9d-b47c-556c1d86b70f_situations.owl_functional.owl,23284606,12550076,35834682
47cc1fd9-225f-42f1-85d9-8ab0d77defbc_nstypetbox.owl_functional.owl,1337702938,3060599466,4398302404
approximated_0c701b3b-4333-447e-9366-5738d5b677e0_AmigoS.owl_functional.owl,19546925,9821137,29368062
30f83806-d44f-4da4-9377-fa8f7934644b_KategorieHarn_functional.owl,12789074,867584,13656658
approximated_0952a61a-ede0-4b56-b49e-6fb9ac5240dd_core.owl_functional.owl,13828715,5035559,18864274
approximated_389ecfd7-e8a0-4201-9449-de81d9f34999_se_missile.ttl_functional.owl,15463902,3633085,19096987
approximated_e3b94d04-7c87-49d5-bcb8-c1d2be6e1aad_ingObjects.owl_functional.owl,17196118,4796844,21992962
approximated_01f74aeb-1187-4a53-a22a-c1c2090aad52_Ice.rdf_functional.owl,12149823,3667409,15817232
approximated_aafab4a9-a3f2-4b35-903a-0c4e18f62ab8_raphicData.owl_functional.owl,11804544,6679975,18484519
approximated_310ab746-a1d3-4df5-ac56-39e32b776992_Informatica.rdf_functional.owl,10441989,3752069,14194058
approximated_1e958eda-7523-4a99-a4b9-9ff580a891e3_Bidet.rdf_functional.owl,12310074,3696432,16006506
approximated_ae693413-5af6-409d-b162-8f04782724d1_prSciModel.owl_functional.owl,132586871,209594840,342181711
approximated_029da1e2-d033-4a02-9b70-740b03a8511a_Salamander.rdf_functional.owl,10505854,4339392,14845246
9584f359-72cc-4c32-9560-36c5e4f405ba_asfanttbox.owl_functional.owl,169537303,344268978,513806281
approximated_9cd44199-c982-4abd-8fce-f9704e8e5672_Caviar.rdf_functional.owl,55852627,3756176,59608803
approximated_238c3531-2cf2-40fa-bd4f-8e891dad3e8f_Biological.owl_functional.owl,220182350,213067511,433249861
approximated_26eb572d-19c4-492c-b40b-46f3ad231d64_e.obo.PREVIOUS_functional.owl,409565053,951279983,1360845036
approximated_2f353011-267e-484b-92a5-9491ba8956d6_Provolone.rdf_functional.owl,21210779,6131052,27341831
5a546266-6d7d-439e-b41c-aa9cc99350ef_protlabels.owl_functional.owl,403920944,992482402,1396403346
approximated_50cc5380-a4a1-4d55-9e54-9e7753d4b53c_Powidl.rdf_functional.owl,18941251,5415427,24356678
approximated_5b6f800b-746a-4ac7-8521-89daee0ddea9_stmas_cake.rdf_functional.owl,16316354,3812440,20128794
approximated_8af409af-7d64-4e38-8335-e8c93c4c0c1b_ka.owl_functional.owl,12858916,9040798,21899714
approximated_0805c492-a3fa-41e6-b667-9968da4d9e3f_iridlcfds.owl_functional.owl,46588413,17049586,63637999
approximated_596306c9-02e6-47f4-80ab-ae06fbe67c18_d_restorer.ttl_functional.owl,10605626,3874608,14480234
5af2c637-e44f-4d50-9ed9-4d808b97a4fc_0d.owlGene.owl_functional.owl,114476926,202269808,316746734
00148.owl_functional.owl,22060817,23378143,45438960
approximated_d0c3ffdc-cb62-4793-bfcf-861b39e9369d_ore_47_36i.owl_functional.owl,75610813,92590133,168200946
approximated_0432f8dc-1084-4d4e-99ee-0aa2881c8787_gfo.owl_functional.owl,12083745,8456369,20540114
approximated_58454d3b-5616-4c00-9752-eb280af7fbf5_a_slovakia.owl_functional.owl,454593326,85360131,539953457
5f77b4a0-54b7-4abd-b9b8-508747d351da_nbosimple.obo_functional.owl,21536315,42556584,64092899
approximated_106ee998-790d-412c-b0d9-baaa1524d185_ting_bench.rdf_functional.owl,17694320,3689964,21384284
approximated_56f4822e-1527-42e5-9445-449af8b499bb_Transformer.rdf_functional.owl,10172923,3970415,14143338
approximated_19c815e6-3edc-4e5a-a0ec-85d911eac3e5_Squeegee.rdf_functional.owl,9425432,3614038,13039470
approximated_00452.owl_functional.owl,149644789,369332733,518977522
approximated_kb-owl-syntax-unraveled-depth-3-km-relevant-cardinalities-disjointness-triggers-constant-classes-relation-axioms-value-classes.ofn_functional.owl,916354203,1480584417,2396938620
c4f1cea1-28fa-4fb1-808f-e3c992206988_Musical.owl_functional.owl,23234136,1824119,25058255
d0c6d3c4-7482-4ab7-9097-dba7f1ac5988_OID_import.owl_functional.owl,15611722,9048152,24659874
approximated_63c9e5c0-326b-4cb7-a595-d9a09feaaabc_aboutserf.owl_functional.owl,12891043,2377660,15268703
5ac96124-0a4b-49d1-9e08-b1420bf133b1_classified.obo_functional.owl,347085258,382379751,729465009
00787.owl_functional.owl,2156780146,2516247950,4673028096
approximated_00557.owl_functional.owl,801670903,1671345279,2473016182
0bfc3bd6-41f4-4d29-95fe-6e72a34ec3e4_visiaetype.owl_functional.owl,243025552,353922539,596948091
vsao.vertebrate-skeletal-anatomy-ontology.20.owl.xml_functional.owl,27719685,21258079,48977764
approximated_35610ba1-5dd3-433a-8215-bfc798f2ed17_virControl.owl_functional.owl,136002681,225314867,361317548
approximated_13fac6b3-58ea-431b-935c-ae0dfb614156_Intel_MCS51.ttl_functional.owl,16875961,3815960,20691921
approximated_f50232a4-9b85-4167-8745-b80c26d30ceb_dimension_functional.owl,19811755,9704148,29515903
approximated_1e907dab-c336-46d9-acae-bbd43f866294_Intel_MCS48.rdf_functional.owl,16316448,3809785,20126233
0b0a4e5b-d23f-43b7-8058-799c8125e251_rySample_pages_functional.owl,15514498,1135603,16650101
cf23def0-f91f-4a62-b8b5-69ed4e5f5015_t.obo.PREVIOUS_functional.owl,25582577,65637943,91220520
approximated_1b5edc8a-cab0-4f29-a46e-e903eb9ab8ed_fostech.owl_functional.owl,19103904,7569721,26673625
approximated_d02b10cc-cbaa-4ae4-a4db-e360948b3c10_enceSystem.owl_functional.owl,140757771,244851483,385609254
approximated_f7136359-42c0-4dff-9ab9-765fc3485371_ATC.owl_functional.owl,29254495,5530523,34785018
4ddc0693-5ab6-4e03-81b5-3f2fc8f0eb28_Crustacean.owl_functional.owl,17135282,1168061,18303343
approximated_815a3212-921e-4396-bef9-5e8066b47e5e_Flagstone.rdf_functional.owl,11808224,3748528,15556752
approximated_5f4d3c25-d578-4a17-b8d1-144b4434d54e_Kite.ttl_functional.owl,13747651,3699252,17446903
approximated_7210d05b-eda2-42ce-a852-e6b49b0c13c5_rvation_v1.owl_functional.owl,12507607,5160776,17668383
approximated_00470.owl_functional.owl,2567649375,12835338489,15402987864
approximated_2df77c3f-725a-4665-8311-b42fd585f359_Speedometer.rdf_functional.owl,18658727,3810533,22469260
approximated_e163ba09-61cb-4387-bd2e-01179a69f1a9_bibo.n3_functional.owl,19909688,9166748,29076436
approximated_d1c6647a-3fdc-4e7e-aab6-6b771681b2d9_mdatamodel.owl_functional.owl,10637980,7975199,18613179
approximated_kb-owl-syntax-unraveled-depth-1-cardinalities-disjointness-triggers-constant-classes-relation-axioms-value-classes.ofn_functional.owl,753313851,1747345311,2500659162
approximated_a1a521cb-b92f-4b6e-9835-d2942a72c999__President.rdf_functional.owl,16749809,3688917,20438726
approximated_f6c11f60-c840-4437-8655-a0c907bd7702_onto.rdf_functional.owl,16921914,4796887,21718801
approximated_da24a8b9-ea7c-4b8d-a219-31e1f6d7c918_Processing.owl_functional.owl,141341273,225627886,366969159
approximated_fd913c9d-dcc5-4068-a69e-8280e5b63479_2netcdfobj.owl_functional.owl,19270136,6614211,25884347
268594cb-c716-4229-99c2-40c21f76164b_classified.obo_functional.owl,38739626,72622476,111362102
approximated_04b652de-64ea-4deb-b959-53ae80e1564b_nterface_1.rdf_functional.owl,16701372,3761826,20463198
approximated_7bc84fee-e6ad-4c9c-b8ac-a2d7d74bdbdf_iaomain.owl_functional.owl,15121305,7616010,22737315
approximated_2069d761-32c0-4a79-bdb4-47dfb0036c73_example1.1.owl_functional.owl,21587904,8465585,30053489
approximated_d99f46df-a7bb-4106-ae64-bebba38d6f25_Seismicity.owl_functional.owl,158297263,208646187,366943450
approximated_a0b72ed5-8dd8-4df6-95a5-272f4c232d90_TFL10niso.owl_functional.owl,99848973,5294026,105142999
approximated_462300e3-c3f0-4acc-8938-e3ac613ce7b1_Capelin.rdf_functional.owl,103588285,3654448,107242733
approximated_9fa64197-8c1e-4369-a787-62cf9b7b0743__preserves.rdf_functional.owl,13572842,3696010,17268852
approximated_b63c9718-5e0f-4712-a913-de2073471df6_goplus.owl_functional.owl,2444971564,6638233784,9083205348
3a024afe-acce-4972-b4f9-f2878a8df4d0_NIFCell4.owl_functional.owl,18809629,12717605,31527234
approximated_7cebc46f-c7de-4671-b213-106c5f366003_White_bread.rdf_functional.owl,15944532,3644697,19589229
approximated_bof.biodiversity-ontology.2.owl.xml_functional.owl,28527827,15099211,43627038
approximated_a59d81cc-3a62-43a6-bf2a-c29fc7478265_sio.owl_functional.owl,50999713,94522463,145522176
approximated_70d4edaa-92fc-4c40-af38-1f39f431fc3f_idDynamics.owl_functional.owl,133996771,213804355,347801126
approximated_9a47e70a-46f7-43d6-8021-de22fbb4ff89_een_hammer.rdf_functional.owl,78377325,3552898,81930223
approximated_f9df910c-7467-40b2-a7ab-c2c8a6175193_Wine_color.ttl_functional.owl,24415845,4294814,28710659
approximated_c7f8dc63-8b09-43ba-8abe-4ecfab37c00c_Valve_oil.ttl_functional.owl,13535733,3626510,17162243
92b4097a-bcb4-4984-9b36-81e317e9b89d_po.obo_functional.owl,67798113,134560414,202358527
approximated_00476.owl_functional.owl,200086842,200832601,400919443
approximated_d076704b-54e4-4393-93eb-e3e49fce4774_opQuantity.owl_functional.owl,170963178,245534286,416497464
approximated_98cf5a99-c63f-46e0-969b-101960e30ecf_complex1.0.owl_functional.owl,22259329,9152679,31412008
c3ade7ef-3484-4b9c-b98f-52d4ce77848b_anio_rerio.owl_functional.owl,313501261,570198401,883699662
approximated_24a6543f-8cf7-4402-a4e3-740a73b72961_it_breaker.ttl_functional.owl,12889507,4117980,17007487
approximated_18e301bd-c6a5-41f9-8542-e01175cd154d_Musk.rdf_functional.owl,17897515,3816070,21713585
approximated_00762538-1bcd-42af-9c56-bb27a71c7a39_ucd_pos.owl_functional.owl,15614630,14909039,30523669
approximated_027ab871-4b28-4d1e-bcb0-2c3742d9b353_Kasseri.rdf_functional.owl,13609300,3791742,17401042
approximated_4d0b0494-34b7-4b4d-9c91-53161f953500_pleAndPets.owl_functional.owl,14377471,3649114,18026585
approximated_08083461-91eb-4eb6-bf8c-388cde2954ef_Table_saw.rdf_functional.owl,11106319,3636555,14742874
approximated_99986c5d-c501-438d-a40f-d2da2f167ed7_eFrequency.owl_functional.owl,129721914,210453894,340175808
approximated_90afb9ed-961f-4d58-8845-5e626e9c60ff_russiaC.owl_functional.owl,13708824,8413935,22122759
approximated_afad60ce-2326-429e-81c5-ca55842c39c3_entication.owl_functional.owl,14933986,8694766,23628752
00177.owl_functional.owl,36970568,24119781,61090349
approximated_bdd10a5f-08ac-44e2-b828-a47bf2667d7f_Candy_cane.ttl_functional.owl,37824869,3704659,41529528
97f09d64-e36c-4175-bd00-c6f400535a3d_slim_yeast.obo_functional.owl,16174538,12575770,28750308
approximated_802f0e98-2591-4f4b-8f72-cb1d839e40b8_PaulFisher.rdf_functional.owl,12830429,3655323,16485752
approximated_8c47dc01-94fa-4e70-830e-c133b7f1b847_personale.owl_functional.owl,19469659,10780947,30250606
approximated_2b321d19-3909-4e14-bb2f-6c0404a3b5a8_ny_lobster.ttl_functional.owl,13192046,3653226,16845272
approximated_00104.owl_functional.owl,69010558,68396533,137407091
approximated_9af2b577-d766-46db-9569-eafc4bbe6f7f_SensoComune.owl_functional.owl,16725878,4508458,21234336
approximated_101e22b2-1bc4-4893-be05-413b83e3a2f7_Halva.rdf_functional.owl,17690902,7197634,24888536
approximated_2071f048-a776-425d-8240-30f02c14ae0f_mergedtbox.owl_functional.owl,1238061290,3187263156,4425324446
approximated_5abee09f-ccc4-4555-8628-878e575d68d9_erOntology.owl_functional.owl,26986405,6604513,33590918
approximated_08db27e2-ad96-4553-a476-473743cd766e_230onto.rdf_functional.owl,21421078,4411598,25832676
approximated_217add98-3f83-4b12-a6b3-6dce4d5b94cf_Love_Hearts.ttl_functional.owl,20128258,5429050,25557308
95c913f1-b961-4bee-85c5-6579e4904fdc_NIFQuality.owl_functional.owl,15402551,6363141,21765692
approximated_6fa27e9a-6801-4cfd-9f07-6a2416657e74_cdk.owl_functional.owl,34525855,52663047,87188902
approximated_b2cd1a83-477c-4c6b-9107-35d2a58e2b08_Montasio.rdf_functional.owl,13025607,4183278,17208885
approximated_590d0afe-c660-47ef-8950-b0a2c1159cd1_Cement.rdf_functional.owl,14135920,4091886,18227806
approximated_94ad6e1b-5bb8-4dad-8aae-3ca5664b8e4b_ster_bread.ttl_functional.owl,15542759,3708652,19251411
approximated_2ef68cf6-ed2e-4767-93e5-4adae6dace47_Jig_borer.ttl_functional.owl,33736066,3657261,37393327
approximated_0ccf8e8d-23db-495b-a2b5-bcb2c31d546c_movie.owl_functional.owl,14197207,2505772,16702979
4e6e16eb-8469-44d3-bcff-8adce2b99495_i.obo.PREVIOUS_functional.owl,207036887,124532094,331568981
approximated_da802573-e7e8-4cf0-b64e-2a2e4d24c09f_Torch.rdf_functional.owl,9070253,4124392,13194645
approximated_603edd87-ffe0-4d9a-98a1-638bc81c6de4_Horsebread.rdf_functional.owl,13946482,4036571,17983053
approximated_50265ad9-064e-4fb3-9059-d475bc7369f7_Thunnus.rdf_functional.owl,14267610,3751902,18019512
approximated_kb-owl-syntax-unraveled-depth-2-cardinalities-constant-classes-value-classes.ofn_functional.owl,426663986,1078338903,1505002889
approximated_2ce40108-030a-46b1-986d-663f0af52f90_Moresca.ttl_functional.owl,13720837,3759602,17480439
549dd079-32d8-4fb5-9102-7821da83b74f_DCD100.rdf_functional.owl,378703560,462910434,841613994
approximated_6af1bc35-b7e1-4fd3-96ab-bf6e04b1cd2f_Bigeye_tuna.ttl_functional.owl,15876269,3691789,19568058
approximated_0aa095fd-866d-4866-b0b2-4115d687deb2_nlop_valve.ttl_functional.owl,15472889,3669194,19142083
approximated_5106a42a-1d1a-4311-97a3-7017a9a4fd20_logyrdfxml.owl_functional.owl,14593030,4339149,18932179
approximated_fb75cc9c-11b0-40d1-bceb-f3395b82dafd_esg.owl_functional.owl,90680816,13588519,104269335
approximated_7ae1eceb-a85d-4883-bdad-d384cee530a8_Quesillo.rdf_functional.owl,11369339,3778511,15147850
approximated_ad25493e-5020-4eb5-bc3a-815120cd1046_Blaa.ttl_functional.owl,15131691,3788815,18920506
approximated_ce8f4c94-c83a-4ab4-97f3-b4460c0f550a_Grounding.owl_functional.owl,18432191,7210549,25642740
approximated_0321ae14-3a1e-43d9-9f39-5c28b78938b5_Dubnium.ttl_functional.owl,14108967,3765590,17874557
1afd4727-f67e-44b7-a957-6ba2f17b90c1_Hospital.owl_functional.owl,15791111,1967803,17758914
approximated_53f7b772-aa52-44f2-b0b8-b8d098d43fec_n_phenotype_xp_functional.owl,400971548,975671190,1376642738
approximated_00386.owl_functional.owl,644489495,1998535692,2643025187
approximated_713157b8-7b42-49f0-ac0a-9324da337943_Intel_80386.ttl_functional.owl,9707231,4198470,13905701
approximated_e589a49e-acb1-44d0-8860-9472a1c7a2fe_enAtmoWind.owl_functional.owl,138751448,244586591,383338039
approximated_3e3e226c-4953-485c-a92b-b8f3469cb14d_Copra.ttl_functional.owl,10728052,4229034,14957086
efb640f7-d695-4f43-9f88-58681f51947f_Legislature.owl_functional.owl,10771078,1458366,12229444
approximated_2fd0eaef-81c1-498a-8486-3c5f161e1205_btl2.owl_functional.owl,10819336,3562493,14381829
approximated_3e3ff84d-380f-4c44-b84c-c10267eaa3b0_FMolecule2.owl_functional.owl,348074443,765862700,1113937143
approximated_363c4e2a-5f18-46d3-abc5-11b6c317180b_som.owl_functional.owl,15647895,10384957,26032852
approximated_fdfa32dd-7fbf-414f-b236-856dcbca85b6_complex1.0.owl_functional.owl,19121137,6299603,25420740
approximated_1e4ed76a-e564-4dcc-9dc3-7241793e7d86_Balisto.ttl_functional.owl,15971242,3727323,19698565
f19593c7-6949-462e-b044-5c10bd2e51d7_onto.rdf_functional.owl,17729069,1887444,19616513
d2ead1db-7750-4183-850b-44fb1d70e85b_psimi.owl2_functional.owl,40836483,104189339,145025822
approximated_16382288-9d3e-418d-972a-a3ad296db399_AAO_functional.owl,65390109,130604376,195994485
approximated_44ddcb60-ad2f-4cb4-a2c1-9bde783e8bf7_Lemon_drop.rdf_functional.owl,17472528,3655974,21128502
approximated_b329befa-ad2b-45cf-b7ea-6c05846291b4_Joist.rdf_functional.owl,16810914,3785557,20596471
approximated_049ed51a-645e-44f0-ab79-8a9c046a2931_Process.owl_functional.owl,11709504,5801423,17510927
approximated_imgt-ontology.immunogenetics-ontology.4.owl.xml_functional.owl,71705858,122394704,194100562
approximated_kb-owl-syntax-unraveled-depth-4-disjointness-triggers-constant-classes-value-classes.ofn_functional.owl,630054496,1466617072,2096671568
approximated_c17f5adb-832a-4341-8644-b9a8856188e5_relaTime.owl_functional.owl,135972010,244428146,380400156
approximated_00783.owl_functional.owl,40596425,15996898,56593323
approximated_0253114e-7319-4466-a89b-4039fcf9b0c0_bila.owl_functional.owl,15556347,6532561,22088908
approximated_2f52b75f-fe0a-4a31-9ffd-603eb5f3cb0a_ter_coffee.rdf_functional.owl,11696102,4629908,16326010
d93180fb-186b-47e8-bb53-dafb7a45137e_y.obo.PREVIOUS_functional.owl,45645875,80865753,126511628
approximated_49be6fe8-8651-401f-999a-015d9131ccb8_na_symptom.owl_functional.owl,26532839,39343930,65876769
approximated_9453d545-392d-4576-992b-92a9059e7d40_nulo2.0.owl_functional.owl,10911590,4298710,15210300
approximated_1fd42b7b-6d5d-47ba-850e-ba4ce2803ba0_mappingMan.owl_functional.owl,97365969,10832807,108198776
approximated_kb-owl-syntax-coreference-IDs-triggers-constant-classes-relation-axioms-value-nominals.ofn_functional.owl,600727811,1714671123,2315398934
approximated_2444d782-7c10-4f7f-95a6-aee244110f81_ny_galuska.ttl_functional.owl,90583680,3656678,94240358
5853f952-6e48-489d-b379-41d059f14f83_difications.n3_functional.owl,57675025,4664441,62339466
approximated_6ac35b9a-a6b8-4ae1-b321-4fcd42f1d176_relontor.owl_functional.owl,104538593,5600714,110139307
approximated_64624e03-8270-4da7-bcd1-8221bb007126_Skyr.rdf_functional.owl,69422022,3608503,73030525
eb1306d7-96bd-40dc-99cb-e8bde4517ea8_rieSchwC3A4che_functional.owl,24536237,813219,25349456
approximated_eco.evidence-codes-ontology.30.owl.xml_functional.owl,46230177,21612149,67842326
approximated_31e92e15-c020-4840-a59e-f9278822031c_Submersible.ttl_functional.owl,12498616,3847145,16345761
approximated_40d3d6b4-23de-42a1-be13-3a82129412b2_Compiler.rdf_functional.owl,16665677,3820330,20486007
approximated_d2ff4b85-8171-4aed-b36c-9eea96ee657f_bserv2codo.owl_functional.owl,28205255,20418414,48623669
approximated_135073b5-bd06-4adc-93cd-7c6cdea6f179_Foot_plough.rdf_functional.owl,18301042,3646898,21947940
approximated_2a0bf7a9-a99e-46e6-a715-2583ec9294c4_phenHydro.owl_functional.owl,130935375,214394612,345329987
approximated_0d2971d5-5c22-4db7-b53f-3995a07cbed7_basicplan.owl_functional.owl,10667010,4623736,15290746
approximated_59216815-ca0d-47c5-a0bb-a4d7e2343d1d_biotopcore.owl_functional.owl,21286353,19131281,40417634
a770643a-3a33-4581-b206-24df36f501de_sepsimple.owl_functional.owl,14021940,9819505,23841445
ordo.orphanet-rare-disease-ontology.4.owl.xml_functional.owl,955959228,2337436151,3293395379
95628c30-1531-4f71-aacf-ea8f51025b1c_DMEntities.owl_functional.owl,121873557,139395842,261269399
approximated_a86e3db3-c495-4992-b933-a09854743c7c_kalimashup.owl_functional.owl,57941257,32672434,90613691
approximated_1a383940-f47b-41f2-b035-0c4e9998e9eb_units.owl_functional.owl,14511017,1476578,15987595
approximated_064c348b-91e2-4345-8e50-b7f740645d84_SIO_000252_functional.owl,42004370,92636691,134641061
approximated_421ef9bf-ddf0-439f-84de-4fe386910d11_DAMOntology.owl_functional.owl,11445376,6893635,18339011
approximated_8bfe9fe6-3f1d-4f4a-aeac-43f34f91344e_Motorcycle.ttl_functional.owl,15975810,3728065,19703875
ffcd7609-f034-4a9f-8aa4-e47c98dd06c9_onto.rdf_functional.owl,17671711,694993,18366704
e31e4754-655e-48fa-83dc-6076b77b0c4d_us_functional.owl,16306561,1899798,18206359
approximated_3786efec-e5de-4f6a-adb4-5ff98da0008a_sin_cheese.ttl_functional.owl,14736860,3756846,18493706
approximated_8962f192-f74e-4097-8157-7a433de27411_pfmasubset.obo_functional.owl,81313714,176171881,257485595
approximated_0a1cbc1c-7d7b-4ba6-97f3-30473ae03a94_Red_Vines.rdf_functional.owl,13103231,3864563,16967794
approximated_kb-owl-syntax-unraveled-depth-0-km-relevant-cardinalities-disjointness-triggers.ofn_functional.owl,374410371,770340579,1144750950
approximated_kb-owl-syntax-unraveled-depth-2-disjointness-triggers.ofn_functional.owl,620342666,1453297032,2073639698
approximated_bcf72758-de46-45d7-89b9-e28d7e0c9b5b_ngontology.owl_functional.owl,11624787,3776670,15401457
approximated_03ffac5a-80d9-4dbd-98d6-4cccb0eaefa7_omv2codo.owl_functional.owl,25056681,19324936,44381617
approximated_a93eb6f6-c547-4728-b221-5eb34bd62bdc_ingRDB2RDF.owl_functional.owl,95954197,10548498,106502695
approximated_218b2b45-850e-4905-95fe-c72b97c2f5c4_tinstances.owl_functional.owl,23115083,33754478,56869561
approximated_47fb156d-ea03-4505-8982-f21fa848176e_Teleprinter.rdf_functional.owl,14446801,3715182,18161983
approximated_36e0985d-0f84-4051-91b0-a9fcbc5ef5d3_Wurstbrot.ttl_functional.owl,18217027,3642299,21859326
72a95ecd-8a2b-44fb-b747-99aab52a7167_emapmerged.owl_functional.owl,401774505,896491470,1298265975
approximated_405ed06c-dbd7-45e0-aa9b-9728ba84d5f2_classified.owl_functional.owl,5270968844,14204010083,19474978927
approximated_c64658e9-96f7-43fc-b47b-da2fa4f13a9d_reprMath.owl_functional.owl,139420815,212652266,352073081
approximated_f5084e5d-2777-42ff-9b6a-ee9d2a40402a_core.rdf_functional.owl,104294909,3108190,107403099
19dad552-98b6-4366-b90f-368b4b05299d_descriptor.owl_functional.owl,9465453,9101183,18566636
approximated_nifsubcell.neuroscience-information-framework-nif-subcellular-ontology.1.owl.xml_functional.owl,188656211,195490010,384146221
approximated_00758.owl_functional.owl,1567160722,4092885944,5660046666
approximated_b9dda14f-dcc5-4ef6-b004-5319e4384809_Manifest.rdf_functional.owl,28118344,3862365,31980709
approximated_18f5797b-fff5-46d8-996e-00d73f5ef981_Entity.owl_functional.owl,16840317,10040132,26880449
approximated_040bd77e-2602-4319-91b5-9e7f38e9717c_3_20124919.owl_functional.owl,186649744,101655405,288305149
0467fba4-c072-48bc-9c80-86db50415771_eo.owl_functional.owl,22564597,26957203,49521800
approximated_1831de91-c8fb-4d92-86ae-49766f64390f_eryContext.owl_functional.owl,21361021,8548258,29909279
approximated_293504a5-ccd2-41a3-b7c1-f40d93b7182b_Screw_Pump.rdf_functional.owl,12881648,4593982,17475630
approximated_9f86b682-0885-4083-89dc-55e367050ba3_compute.owl_functional.owl,16330670,7284549,23615219
approximated_c678494d-4383-43a5-b414-f1d0c212fc0b_pleRequest.owl_functional.owl,12229142,3593954,15823096
approximated_kb-owl-syntax-unraveled-depth-4-triggers-constant-classes-value-classes.ofn_functional.owl,347341300,892048238,1239389538
approximated_514b2b63-347a-4610-a6ed-c80595a68bab_Spezi.rdf_functional.owl,17169970,3850307,21020277
approximated_07b74350-b580-4676-a6b5-7cbae27cc058_onto.rdf_functional.owl,17590142,3946909,21537051
80fc854b-778d-4b4e-b711-326037255c97_nverzeichnis_Z_functional.owl,12029413,879830,12909243
approximated_92cd611e-1a32-4374-9a97-3170f09b3028_spl_functional.owl,15025775,9290634,24316409
approximated_8ec85442-57e3-4b22-9206-e64a243fcff1_ntOntology.owl_functional.owl,27957129,17392078,45349207
approximated_d909b981-0559-4105-9f84-e571416a1a05_imitive1.0.owl_functional.owl,8208230,5197081,13405311
approximated_kb-owl-syntax-unraveled-depth-0-disjointness-triggers-constant-classes-relation-axioms-value-nominals.ofn_functional.owl,432433769,903929713,1336363482
c571fc3f-01bf-421d-897b-037abfbd1ffb_ehdaa2edit.obo_functional.owl,405654240,681677124,1087331364
96b41228-bba8-4f6d-b83c-c52ea1e3eefb_go.obo_functional.owl,2238995900,4572209838,6811205738
approximated_87db0eb1-1fad-462f-91ec-7637b8a49d7b_Sage_Derby.ttl_functional.owl,135164291,3711769,138876060
approximated_dfbb09a7-cb20-43ce-842e-97e9a1e622a0_virControl.owl_functional.owl,140578261,235487787,376066048
approximated_354f82cb-1bb4-48d2-816e-def490eacfd6_compute.owl_functional.owl,15845365,7584200,23429565
approximated_2d59bafa-a0fe-4030-ab58-ece4ad3da455_esimplemap.owl_functional.owl,17670399,9602867,27273266
approximated_624d8884-8f5a-473e-8736-1fea35bc5b77_Hair_rig.rdf_functional.owl,14898054,3827349,18725403
approximated_b6b80757-e76a-4991-be81-1add2ef3740b_ecrm_110317.owl_functional.owl,18860774,21662591,40523365
approximated_e79c672e-2e98-4b42-9186-e346579f813a_cbimfs.owl_functional.owl,15993071,4571247,20564318
approximated_38dba8d2-3d9c-409f-b70d-5a1195cbdb7c_units.owl_functional.owl,12854850,6252674,19107524
approximated_kb-owl-syntax-coreference-IDs-triggers-constant-classes-value-nominals.ofn_functional.owl,687685592,1648408663,2336094255
approximated_9dfbeb83-a5df-4d98-9dc2-7a76d845ce07_anz_cheese.ttl_functional.owl,20937792,3780771,24718563
approximated_7b8dba84-3693-45fd-b8b4-3f9526867e09_NEC_V20.ttl_functional.owl,22289485,3661128,25950613
approximated_2b8d6c28-88ba-42e1-9a25-e181bfeae633_nter_punch.ttl_functional.owl,37920798,3766486,41687284
0a96c099-bca4-45f3-bc94-cda47e8f61f6_evelopment.obo_functional.owl,14247112,5220715,19467827
approximated_cab46e05-db24-418f-9351-11a6341f9835_trFacility.owl_functional.owl,160075314,252607604,412682918
approximated_f7cab057-e38c-476d-9850-9dca847c74f4_dbpedia.owl_functional.owl,61916685,85843455,147760140
50ca1d7a-c235-40fc-9ad8-a4231f4b3aaf_ebi_import.owl_functional.owl,458738122,685444432,1144182554
approximated_1c6a4af9-ac8a-4354-b401-5d7ee87e56af_Wheat.rdf_functional.owl,17817300,3804266,21621566
approximated_d0c046f2-b165-446c-af5b-797f3a740753_thSolution.owl_functional.owl,128504144,212863367,341367511
approximated_obiws.bioinformatics-web-service-ontology.2.owl.xml_functional.owl,25130275,22693381,47823656
approximated_08ff628a-d335-4502-a672-695be4f87603_Bergenost.rdf_functional.owl,16129674,3764601,19894275
35a744aa-8079-4491-8421-b5bf4b5171fc_unit.obo_functional.owl,18275554,19689584,37965138
approximated_1bd35f8a-f288-4333-9c56-be44d38fbe4d_Elephant.rdf_functional.owl,14762789,3816383,18579172
approximated_30332f15-86b6-401b-8527-4574c21f4c6d_Espresso.ttl_functional.owl,16417371,3745847,20163218
approximated_a35dc679-d6c9-48e8-ba4f-5b9138ec5af9_earquetipo.owl_functional.owl,27142531,18715362,45857893
approximated_c68fedfe-0267-404c-bc7c-ff77c03fab08_codarg.owl_functional.owl,15177919,6201327,21379246
approximated_8b62fc9a-5a0d-4a73-8a89-42d991803e7d_eable_iron.ttl_functional.owl,13854022,4184343,18038365
approximated_kb-owl-syntax-unraveled-depth-2-km-relevant-cardinalities-triggers-constant-classes-relation-axioms-value-nominals.ofn_functional.owl,462977921,975960482,1438938403
approximated_f91b8e5a-06f4-4dbe-9bb7-934158958122_virtual.owl_functional.owl,31581604,22069438,53651042
approximated_1241034b-a5e1-4c3a-81dd-2cb4eb8775ad_ndLandform.owl_functional.owl,77919298,141018873,218938171
approximated_2440d1e3-dd57-4a0a-96fb-bd4c582a9320_vsto.owl_functional.owl,20459872,17495934,37955806
approximated_5aafc0b3-0203-4ea0-b673-5ce3815eec23_Headlamp.rdf_functional.owl,12421291,3774954,16196245
approximated_kb-owl-syntax-unraveled-depth-2-triggers-constant-classes-value-classes.ofn_functional.owl,405327184,1026505753,1431832937
approximated_42e2b7aa-c73c-49c3-9fdf-4976b2461b5e_AA_battery.ttl_functional.owl,16865752,3646032,20511784
eaf5569e-69c5-4980-abcc-7ac5695816b2_ishRoyalty.owl_functional.owl,21957029,2189567,24146596
d0863f72-0ec4-4191-9eea-1ba3ef9c81f0_onto.rdf_functional.owl,15620050,3987783,19607833
approximated_59f45c14-0d4f-4af5-94cc-e7e837c853c1_ofntb.owl_functional.owl,14345801,4797872,19143673
approximated_obcs.ontology-of-biological-and-clinical-statistics.5.owl.xml_functional.owl,34382020,49027000,83409020
approximated_acb107c0-52b7-44d1-8fb1-19d68f86c01a_er_network.ttl_functional.owl,13938180,3708568,17646748
approximated_13e13197-2065-4e98-8062-a1dd355125c6_ne_roofing.rdf_functional.owl,13513184,3984650,17497834
approximated_4c4451a9-8df7-4d9b-a098-1b643d2ac234_onto.rdf_functional.owl,15300824,5215108,20515932
approximated_08e3c689-dc4b-4467-b507-66d477b85e7c_uding_daml.owl_functional.owl,30518731,9041240,39559971
approximated_549b9c23-a918-4916-be12-188c12efa044_Injera.ttl_functional.owl,14545202,6420433,20965635
approximated_47e92c63-15e1-4e84-a90e-0b4510e6ab07_onto.rdf_functional.owl,20680053,11809980,32490033
approximated_01732031-cfd0-4eef-b650-2e1262b7426d_Eel.rdf_functional.owl,11093445,3928814,15022259
approximated_75549c56-685e-448c-afe5-03755ad3217c_go.owl_functional.owl,1674637212,4779799710,6454436922
approximated_eeea106d-c741-4caf-b704-4e4bac24799a_xmp.owl_functional.owl,21157345,19635221,40792566
sep.sample-processing-and-separation-techniques-ontology.2.owl.xml_functional.owl,15434478,10241877,25676355
approximated_c0c197b4-5166-40c8-b8c4-ff8cc79d23c9_Seismicity.owl_functional.owl,174211519,206619173,380830692
approximated_8c4b2f53-65f0-4c9c-a519-d027acf42337_frbr.rdf_functional.owl,9078946,2816756,11895702
approximated_98cbec40-8cec-41cb-b347-c1c522b949e0_ndTectonic.owl_functional.owl,132974368,211302237,344276605
approximated_461668db-2ca4-4f56-8cd0-1399bb47eb9a_Childbirth.ttl_functional.owl,14229703,3927455,18157158
approximated_00605.owl_functional.owl,22712067,36256879,58968946
approximated_20ba7a96-eb12-4677-9069-3eb4dca6458a_nik_cheese.rdf_functional.owl,12488595,3823704,16312299
approximated_d825d858-b62c-4476-b847-b6a80ff35894_v1.rdf_functional.owl,9662279,4208836,13871115
approximated_297715ae-97b8-441c-a041-413102c51268_ic_methods.owl_functional.owl,29800720,46384459,76185179
d19f3654-e85b-4d6e-9aa7-c2236dce335c_cellular_1.owl_functional.owl,29116848,20178072,49294920
approximated_82597313-38cf-4eac-a1d2-9d3031d22eb3_Kirsch.rdf_functional.owl,16045947,3911240,19957187
approximated_kb-owl-syntax-unraveled-depth-0-disjointness-constant-classes-relation-axioms-value-nominals.ofn_functional.owl,421533009,909685305,1331218314
approximated_2dcb03a4-cd3f-4272-8430-5c6a7526a455_Butter_cake.ttl_functional.owl,11759297,4021921,15781218
approximated_fc178eb9-231f-4cd1-912b-044c9a097165_geolBasin.owl_functional.owl,69651979,133914190,203566169
approximated_f67ec889-9c06-4591-8b8f-3b8be5e31bf3_mo20101012.owl_functional.owl,16666656,4856923,21523579
approximated_1607d95c-2bde-46fb-be00-ba850f38d97e_01food.owl_functional.owl,14059487,5513786,19573273
c3c80e2d-3e7f-4485-8413-8772c122cb03_Album.owl_functional.owl,24632652,2799132,27431784
approximated_1d26a1b5-760e-4465-900f-4b705570fadc_ding_block.ttl_functional.owl,17526963,3850463,21377426
approximated_kb-owl-syntax-coreference-IDs-disjointness-triggers-constant-classes-relation-axioms-value-nominals.ofn_functional.owl,1354164953,2181991704,3536156657
approximated_1c8ffcd9-def5-44ca-8b8d-daa850c8af79_OuM.owl_functional.owl,17134192,12120742,29254934
approximated_c2a001e8-067a-4957-b247-7687f1861cbf_sudoku9i.owl_functional.owl,76608065,2075804,78683869
approximated_d81689be-219e-4384-ab52-bb804f7c511e_ysanddolls.owl_functional.owl,11014764,1972386,12987150
approximated_8e1743e9-25b4-4cad-8712-f900bb2f463f_web.owl_functional.owl,14167280,2427985,16595265
approximated_00013.owl_functional.owl,22434617,24196442,46631059
approximated_00275.owl_functional.owl,12918617,5833960,18752577
92c6b7fd-bff2-4fe9-9ef0-82085474a591_phenotype.owl2_functional.owl,184701372,562278826,746980198
approximated_d0b8b51f-0666-4e7d-88a3-e2247cdbdbf4_Hazelnut.ttl_functional.owl,10690914,4044986,14735900
approximated_0269c03e-4143-4b25-8639-1b14f9a88ebc_odore_SX64.ttl_functional.owl,9874067,4463759,14337826
approximated_11979774-ada1-4be0-9b8c-d6a242d35f92_an_cheeses.rdf_functional.owl,9083912,3996791,13080703
approximated_kb-owl-syntax-unraveled-depth-3-km-relevant-cardinalities-constant-classes-relation-axioms-value-classes.ofn_functional.owl,377425914,967121784,1344547698
approximated_00451.owl_functional.owl,252175980,256421539,508597519
ff6f1956-4615-49f0-a3e5-68fcb4380b34_KategorieGalle_functional.owl,109144272,740798,109885070
approximated_62dced30-ab24-4745-869b-f0c4aef44c25_scriptions.owl_functional.owl,29040265,20827317,49867582
approximated_ea25461a-8958-4438-ae3e-d27d2ca77690_olTectonic.owl_functional.owl,330769876,204512308,535282184
approximated_f047e7e9-27d1-4b33-975b-938c82e04f8a_coddata.owl_functional.owl,18767707,7603438,26371145
approximated_0d2029f6-7690-4eca-ad6f-2a6260da91f2_Truck_tent.rdf_functional.owl,11709654,3718358,15428012
d56d19fb-adde-4057-b664-5cbf458d58bd_xon_import.owl_functional.owl,24606068,14321989,38928057
approximated_35189430-3469-4b1e-aa06-97127085b8ab_tingEntity.owl_functional.owl,16928515,11390568,28319083
approximated_d5bac22c-823c-4054-8e95-2e05fcf2c6d6_oegov.owl_functional.owl,30481406,6508470,36989876
approximated_2b213c3f-0faa-44df-848d-33c392091990_PaulFisher.rdf_functional.owl,10706280,3009285,13715565
approximated_5c2b7fb4-0c04-4f9b-a332-3d1f3466212d_presso_rub.ttl_functional.owl,16721781,3901577,20623358
approximated_8bd74e76-3dc0-4f6c-a9f7-2c0a5c9bf5e5_offerjob_functional.owl,54893757,45819755,100713512
approximated_2a037db0-d0b4-4a2d-b4ff-18d2035ab1bd_aminoacid.owl_functional.owl,20088950,11294793,31383743
approximated_22ab12ac-5ce3-4c84-85c8-5a1497f56b7f_ttky_diode.ttl_functional.owl,17794370,3733432,21527802
32f788ab-6277-42f8-9642-157fa0919bdd_o_ontology.owl_functional.owl,20803680,26548064,47351744
approximated_2d447f2e-44dd-4c3d-9c0a-c92bfeb8eaa0_nfessional.rdf_functional.owl,11711451,4013944,15725395
approximated_c0a25ce5-ba8a-467c-831b-791ecddbdd1e_SUMO.owl_functional.owl,690513388,437693525,1128206913
approximated_2061bf98-5943-42b8-a2bb-82ba88a51fc0_Mouse.rdf_functional.owl,10206393,4375010,14581403
approximated_8220a5c1-906a-489a-b7cd-9a4a5c03f643_Switch.rdf_functional.owl,17233149,3782959,21016108
approximated_00426.owl_functional.owl,1478696655,3763461356,5242158011
approximated_kb-owl-syntax-unraveled-depth-1-km-relevant-cardinalities-disjointness-constant-classes-value-nominals.ofn_functional.owl,733771882,1678725099,2412496981
approximated_kb-owl-syntax-unraveled-depth-3-km-relevant-cardinalities.ofn_functional.owl,360069760,887464225,1247533985
approximated_47c97bfc-65c0-4cc1-8577-9d62a7b18bfb_cobraont_functional.owl,15405016,4082528,19487544
approximated_16083e2b-b068-4b83-817d-18c78da59aad_phenAtmoSky.owl_functional.owl,131794229,213533280,345327509
approximated_51121304-fd21-49a9-9da4-71e7e44a0961_NEMO_vv2.98.owl_functional.owl,68392553,128316728,196709281
approximated_5ecb3ca0-051e-4731-85a6-dfb7939b426c_pochlorite.ttl_functional.owl,13039666,3816400,16856066
6060bd6f-0c1f-4386-974c-a04ea1e188f7_psimi.obo_functional.owl,43227681,104423510,147651191
approximated_194071fe-2647-424e-b75b-5b731e12df58_C_battery.rdf_functional.owl,17338749,3656722,20995471
approximated_e186d770-bbc6-470e-9f98-423f9c30fc40_SocialUnits.owl_functional.owl,35499421,27350699,62850120
approximated_00338.owl_functional.owl,10576687,6201355,16778042
approximated_125d0ac0-16a1-4cfe-9a75-20e64e826aae_SMOtop849c.owl_functional.owl,389559429,663040771,1052600200
approximated_28e5c35f-4c37-486e-aba9-8467335a4e4b_SMOtop1007.owl_functional.owl,574634593,830109948,1404744541
approximated_1b349638-ddb8-407b-897c-47f8302d4f2e_BioMeshTop3.owl_functional.owl,302608580,442188231,744796811
approximated_464b2051-1e16-4ab1-ba42-9decc86547e0_coddata_v1.owl_functional.owl,19636854,6291384,25928238
f22ea3c4-48f8-4d7e-a116-4db444c359fa_bi.obo.CURRENT_functional.owl,1500127964,3929561072,5429689036
approximated_fe09dc81-7b85-4594-8037-d8416d790ab2_Organism_1.owl_functional.owl,46669235,40389628,87058863
approximated_43aa0e99-1169-4efd-84c7-dc3b1c1f9192_mergedtbox.owl_functional.owl,5732809046,13677267965,19410077011
approximated_cec0cc2d-18ea-42ab-9ad3-48efcdb54197_culustaxon.owl_functional.owl,1418990091,2348129190,3767119281
approximated_00670.owl_functional.owl,311227558,719201787,1030429345
aae81bbe-6554-4286-a2e0-9fb74cb99609_onto.owl_functional.owl,14977647,3612742,18590389
approximated_9d2c09ec-4b6a-4f74-a878-879e0c4b421a_gwsg070612.owl_functional.owl,33163945,38028680,71192625
approximated_8924d677-7a71-4600-82b3-22a3422d5a8d_foodCR.rdf_functional.owl,30965455,21184673,52150128
approximated_50f2a2e2-063c-4045-af5a-c876ab24263d_Zeitgeist.ttl_functional.owl,72423723,3916516,76340239
approximated_hupson.human-physiology-simulation-ontology.1.owl.xml_functional.owl,277775961,187849883,465625844
a661cbf8-1d8e-4753-bac4-a6ee5a37f935_chebi.owl_functional.owl,354648390,908100557,1262748947
approximated_kb-owl-syntax-unraveled-depth-0-disjointness-triggers.ofn_functional.owl,358524570,896059641,1254584211
approximated_18e02ce2-58c2-4d3c-b85e-4546b832cdda_propTime.owl_functional.owl,131390134,210346675,341736809
approximated_7fcefc52-19de-4cb5-95d5-01508bf4d996_ebelkuchen.ttl_functional.owl,9226857,4184505,13411362
approximated_eff4881e-b670-4eb7-9924-1d9e2e3c031d_STOv2.owl_functional.owl,17616252,2787403,20403655
7e965cc4-c078-4e22-b3bf-f109fb9912bb_ubset_prok.obo_functional.owl,275154296,776738549,1051892845
approximated_b2b22791-0516-4855-a92a-77fbdf8e6866_Rouladen.ttl_functional.owl,18448264,3949704,22397968
approximated_438ed628-a630-49f6-9f84-caf2e337c71f_Clothing.ttl_functional.owl,12492117,3766902,16259019
approximated_bc06d291-864f-488c-adcd-58e90bdcf97d_trCompound.owl_functional.owl,136867261,244683927,381551188
00757.owl_functional.owl,42030598230,8.31075E+12,8.35278E+12
approximated_4e59e66c-e03c-452c-a72a-8ce36d5087c5_MFOEM.owl_functional.owl,30784440,51891812,82676252
approximated_e447595c-8c53-4b66-aa12-3ca1c0e7e0f5_ing_cutter.ttl_functional.owl,16269208,3668084,19937292
approximated_8a6fa3c5-2c89-4c5c-aa1b-eada03bb1ead_n_ontology.owl_functional.owl,116661452,125933120,242594572
approximated_00761.owl_functional.owl,428137536,992685901,1420823437
approximated_0b0227ba-ac56-4533-b3c6-e9263969cdd2_vHOG.owl_functional.owl,50603666,88511482,139115148
approximated_c3f5b505-4e57-4451-b56f-337c045b668a_gosimple.owl_functional.owl,1479304278,4453221100,5932525378
35ecb729-aba2-4be6-b883-e6df8334665f_entdiagram.rdf_functional.owl,12736465,2288318,15024783
approximated_58e3abb9-b296-49b7-ba7a-f1d18a50809f_g_mackerel.ttl_functional.owl,16511084,3936484,20447568
approximated_5232473a-9e68-40c7-a333-615f1530353d_eso_blanco.ttl_functional.owl,15962598,3751242,19713840
approximated_38d8c330-3e50-411b-b69a-19dc6d3c7f68_undOrganic.owl_functional.owl,32758912,41010136,73769048
approximated_fa6ab4fd-ed10-41d7-bf01-77adbea489ba_onto.rdf_functional.owl,10888513,5285656,16174169
72b9a133-5295-4d4e-86ca-f282ddd84718_cell.owl2_functional.owl,40435860,74828118,115263978
approximated_82365ea3-4fbb-4f4c-b1e3-0c5604f6d88a_oplweb_functional.owl,19302815,5592110,24894925
approximated_0ee26867-ddda-4388-ae25-4afb41355095_Profile.owl_functional.owl,18012847,6591924,24604771
approximated_094e650f-2c39-4385-b492-6afebcc6404f_Anthotyros.ttl_functional.owl,18374277,3792218,22166495
approximated_731e0244-2d3a-4361-b4dc-521969886d07_Feta.rdf_functional.owl,12029571,3773534,15803105
approximated_0a2c04d6-4881-48b1-b093-419e99f47614_laria_ontology_functional.owl,87509800,161718469,249228269
approximated_18eab475-a8de-4425-b334-c6961d081a8b_enotype_xp.obo_functional.owl,238702700,548294192,786996892
approximated_02fcb936-f6f1-4b54-9750-34920f0fbafa_ectroscope.rdf_functional.owl,13331501,3759216,17090717
approximated_324bf7a6-b3b2-4257-8ef2-bec8afd79d96_core_5.0.1.rdf_functional.owl,18358481,10457061,28815542
approximated_99379436-b00d-44d1-9824-5044c530a981_concept.owl_functional.owl,11069794,11530347,22600141
approximated_b8384a28-c733-4f11-861c-a212f794791b_kansei.owl_functional.owl,25656871,19293013,44949884
approximated_2f97cba1-9041-4521-b1d7-0c0ee195e88e_Bleed_screw.ttl_functional.owl,15674543,3871006,19545549
approximated_767eba58-77ba-4fcd-bacd-8969fad58d0e_cheminf.owl_functional.owl,23627849,27010395,50638244
xeo.xeml-environment-ontology.4.owl.xml_functional.owl,17614136,11055273,28669409
approximated_2c762e1a-6364-4ae3-8600-88b78825f388_aneurist1.0.owl_functional.owl,329363702,662092647,991456349
approximated_ef5702ea-c932-4f9c-ae3e-af3c745c6ac5_Grater.ttl_functional.owl,14124464,3847258,17971722
approximated_28bc5628-d318-4ac1-a83d-9a685b1bbb75_content.owl_functional.owl,20752082,13455907,34207989
approximated_00174.owl_functional.owl,92095505,215158680,307254185
approximated_4e84f360-b747-4120-ab73-88908dab31f7_Cappuccino.ttl_functional.owl,17567921,3726955,21294876
approximated_8a6b5c8a-4b4a-4523-87be-0eef3c5f84a7_ionemodulo.owl_functional.owl,22247888,15666231,37914119
722e2c58-5ddf-4a07-9a87-b70dd23b8206_bcellular2.owl_functional.owl,25475232,19326968,44802200
approximated_00508.owl_functional.owl,16350117,12679966,29030083
approximated_kb-owl-syntax-unraveled-depth-4-cardinalities-constant-classes-value-nominals.ofn_functional.owl,371924619,917355536,1289280155
approximated_67bc887d-4476-4cb0-afd2-c3df9241dbbe_and_muller.ttl_functional.owl,13174560,3795991,16970551
approximated_93e9c6d2-59f2-4e4b-8d97-9ed749586b4b_ferjobinst.owl_functional.owl,135687300,56882371,192569671
0b23c217-9a9d-430a-84a5-b5420dcbbd10_hp.owl_functional.owl,229613731,709976855,939590586
approximated_kb-owl-syntax-unraveled-depth-3-cardinalities-triggers-relation-axioms.ofn_functional.owl,411756915,948878788,1360635703
approximated_18d4f5ba-2e7d-45d3-b4d8-fc1b19960938_esg.owl_functional.owl,12426208,9585220,22011428
6b9ba4bf-087a-42a4-ad60-70b7ee9c1655_Automobile.owl_functional.owl,16226942,1991174,18218116
e21d5a1f-af46-4f82-8ddd-5377a02771c0_er_anatomy.owl_functional.owl,90786245,40504417,131290662
approximated_141e6559-dc51-400d-9842-4c0e0bc637d0_trFacility.owl_functional.owl,135543786,223250223,358794009
approximated_5ab3806b-35d4-460a-b1eb-5f87cc9ba2ef_figure8.owl_functional.owl,22832467,18857611,41690078
approximated_f81dd373-823a-4700-b1ae-91538cdbe055_onto.owl_functional.owl,12267288,4360934,16628222
approximated_257db575-e089-4834-911e-216feeab51cc_OCC1.owl_functional.owl,456250428,231996269,688246697
approximated_cdaae613-ae8d-4ac7-99de-ab24b986b204_Devices.owl_functional.owl,20680197,16889888,37570085
approximated_propreo.proteomics-data-and-process-provenance-ontology.1.owl.xml_functional.owl,24598443,23480175,48078618
approximated_2cb31d82-d735-4bfb-94a3-025adba5e916_m_computer.rdf_functional.owl,12084052,3938235,16022287
approximated_b51719cc-4ab8-4d12-8021-40d5a1070d5b_ng_machine.ttl_functional.owl,14590446,3653193,18243639
approximated_2667228b-07e0-4326-9b7c-d64880724fc9_Bunker_gear.rdf_functional.owl,14826191,4032479,18858670
0d3fa3e5-3e0f-4e64-81e2-ce5ec4d5f7a8_po_anatomy.obo_functional.owl,33943581,65221547,99165128
approximated_36405846-de80-4aea-bebb-668adcd9e54a_Plough.ttl_functional.owl,16745294,3775385,20520679
approximated_49d556b2-7dd4-4ffd-b060-dcd5da4d8a28_onto.rdf_functional.owl,11187444,4772958,15960402
approximated_kb-owl-syntax-unraveled-depth-2-constant-classes-value-classes.ofn_functional.owl,399438103,1018591821,1418029924
approximated_08c9b0ff-3006-4961-b311-10f16f30576e_DC_CL_functional.owl,19816929,27779899,47596828
approximated_dcec4d8f-7c1c-4bcc-bca7-7007854b74db_eLegal_v72.owl_functional.owl,25292976,17941215,43234191
approximated_0e3cd458-420f-4dfb-88f7-06dfcfa12805_lusuniprot.owl_functional.owl,92507800,141610837,234118637
approximated_3a6a4342-a624-4ab6-8901-a64f4be0eeec__furniture.ttl_functional.owl,12240710,4114939,16355649
963efac2-c2b8-49aa-8ae6-90c521869312_d.obo.PREVIOUS_functional.owl,57893052,166394633,224287685
70ad3cbe-33c7-42cd-a2ce-e7708f389320_quality.owl_functional.owl,24910531,33271757,58182288
approximated_83015321-b21b-4b61-b777-8229e7e339c5_Oatmeal.rdf_functional.owl,16109203,3905212,20014415
approximated_4561c0e8-3c05-46c0-961f-b02e8ff59994_AirProcess.owl_functional.owl,11813738,7906044,19719782
approximated_5c9d914a-2632-4ac2-b7d4-00400eef8495_d_beverage.ttl_functional.owl,16682928,3943212,20626140
approximated_f8e1d7f3-005c-4b9d-9b17-2e4a0f2105c1_vation_v12.owl_functional.owl,20087345,6217433,26304778
approximated_kb-owl-syntax-unraveled-depth-4-km-relevant-cardinalities-triggers-constant-classes-relation-axioms-value-classes.ofn_functional.owl,395709709,905872602,1301582311
approximated_0f977442-008d-4c1b-a0fc-bcb4e8e360f2_sadi.owl_functional.owl,28589587,45922794,74512381
bae07763-7a90-45fb-b07a-e9d33ea8a9d5_alCompound.owl_functional.owl,19509438,2049421,21558859
approximated_kb-owl-syntax-unraveled-depth-4-cardinalities-triggers-relation-axioms.ofn_functional.owl,373970140,917506969,1291477109
approximated_75714e9a-2962-4466-8377-5ceaad9662c7_VAST2009.owl_functional.owl,827576777,77415048,904991825
approximated_5ba8d87c-f3cc-48d2-9f42-22fbec46e048_BBC_Micro.rdf_functional.owl,13285508,3809526,17095034
approximated_e9224feb-c525-4f9f-843b-86303568f33a_Provenance.owl_functional.owl,139225497,245068993,384294490
approximated_00684.owl_functional.owl,1427100889,4055962026,5483062915
a32cafaf-a046-4403-bac3-f8b3ddab1d94_Convention.owl_functional.owl,17378055,2524335,19902390
approximated_eb8bfa42-a0ca-4977-a58f-739c3c3d96ef_people_functional.owl,17715201,4055314,21770515
approximated_4105bf30-8f37-4a8e-a98f-29c9c3145577_anFunction.owl_functional.owl,133951059,217465874,351416933
approximated_0f50cfb0-4be7-4239-8816-b5e06f63beb7_erativeOCL.owl_functional.owl,21441450,18731997,40173447
333eaf81-44d3-4f33-a2f1-b3646a0e4465_entmaproom.owl_functional.owl,16087058,5045196,21132254
approximated_8cb54cae-03a9-4d96-bdf1-dafbe3ac53ae_ent_system.rdf_functional.owl,10122435,3826132,13948567
approximated_1e853690-cdd7-4157-bef9-04a05aedac1e__component.ttl_functional.owl,18070453,4222723,22293176
0cf8ba95-e455-4d4a-b072-334f1788adba_pw.owl_functional.owl,39718900,94209052,133927952
49b0c632-cad2-4b7d-b85a-9a21c42a936a_MPEG7RoleCS.owl_functional.owl,10974648,1963269,12937917
approximated_d2290a5b-e1bc-4455-86ff-38dd19179b81_resistance.owl_functional.owl,90129117,223767353,313896470
approximated_00157.owl_functional.owl,19724838,21247592,40972430
419e8422-f608-478b-9ce7-f551abb20172_sgenechrom.owl_functional.owl,1754966682,3178899140,4933865822
620512e2-4737-4716-8dd7-2c86d76a71e3_Monarch.owl_functional.owl,14313009,1318302,15631311
approximated_1e8a0b7f-fb20-49fd-930f-fa8fe0f75341_topOnly633.owl_functional.owl,228064842,410820179,638885021
919ea0da-40f6-4c20-af02-655f2afc2d97_ary_result.owl_functional.owl,62726168,8747848,71474016
approximated_kb-owl-syntax-coreference-IDs-disjointness-constant-classes-relation-axioms-value-nominals.ofn_functional.owl,1794712044,2176377319,3971089363
786a50a5-4c43-4c39-baea-044152d1f59c_i.obo.PREVIOUS_functional.owl,1683227885,3779009757,5462237642
approximated_207644b0-9bf7-4e7e-9e64-9b741e9fb0c0_Pump.rdf_functional.owl,17759422,5225439,22984861
approximated_3caa4f42-93f1-4fa4-a4ef-a9731f813298_ativePizza.owl_functional.owl,16793434,13016355,29809789
99d6af27-158d-45de-a04b-5876fb1eaafb_icalisexpr.owl_functional.owl,287394478,568645039,856039517
nbo.neuro-behavior-ontology.22.owl.xml_functional.owl,40223982,61001981,101225963
approximated_73ed4994-0e32-4322-9c50-6ad79e7ff6dd_dbpedia_3.6.owl_functional.owl,44438088,59709315,104147403
approximated_60f4f283-378a-4acb-b339-220cc1502f15_brownlink.rdf_functional.owl,31247410,57491206,88738616
approximated_b53dc62e-1684-4e2b-abfa-02029837d347_er_vehicle.ttl_functional.owl,16343549,3740664,20084213
ca5e2442-e865-406d-90e4-fbbbc4165dfc_unit.owl2_functional.owl,15240795,17263087,32503882
069be1c1-0d67-4042-8e3e-bbc9ec34a6f6_REX.obo_functional.owl,25055706,36655516,61711222
approximated_03b5ac86-3d27-4d68-b362-9cc707873f15_alto_flute.ttl_functional.owl,11068452,3862608,14931060
approximated_93e8396e-d9b7-4255-8682-139e873abf45_tePhysical.owl_functional.owl,128866217,210614096,339480313
approximated_4cfa7602-2d5b-4e24-ade1-447f9237fb36_ituary_ann.owl_functional.owl,12716243,4096487,16812730
approximated_2f425679-9fd6-4fa6-8564-b2c3801cff4b_Falsework.ttl_functional.owl,9841458,3915436,13756894
approximated_kb-owl-syntax-coreference-IDs-km-relevant-cardinalities-disjointness-triggers.ofn_functional.owl,977418414,2095868082,3073286496
060d1a69-aeaa-4b91-996a-628b2efa9d60_ry_biology.owl_functional.owl,20555139,12894882,33450021
approximated_5053ee90-43ee-4a82-9631-f2de777dedfc_m_profiler.rdf_functional.owl,15830637,5279862,21110499
approximated_0420a9ee-9819-4692-8881-0b3587a7f23c_shing_gaff.ttl_functional.owl,10009366,3740266,13749632
approximated_2843a0b6-318a-4062-8e33-31cd37263a18_ning_dress.ttl_functional.owl,16748842,3732746,20481588
approximated_70d3deaa-a38a-4b73-b322-e4a1fe420626_PaulFisher.rdf_functional.owl,15021362,2939662,17961024
approximated_2886c605-9dfb-4cc2-9528-8b56dd528434_CMO_OWL.owl_functional.owl,69484434,130121480,199605914
approximated_kb-owl-syntax-unraveled-depth-0-cardinalities-constant-classes-relation-axioms-value-nominals.ofn_functional.owl,150409144,385583689,535992833
ftc-kb-full.owl_functional.owl,6023378428,8400963667,14424342095
approximated_cb519f87-d7b2-4532-89f1-81a3b83a8f64_stateStorm.owl_functional.owl,143229938,247200035,390429973
approximated_57be91a2-099e-4e9e-a069-4350afa41fa6___Koch_G36.rdf_functional.owl,14141076,3941670,18082746
f6c6ca7d-e3e1-4599-8723-b95455a489a1_nnotations.owl_functional.owl,5240686584,3646802636,8887489220
approximated_ec01baf3-26b9-4da9-b1c9-4f77418574cd_licyAction.owl_functional.owl,23158986,12462437,35621423
approximated_121d6fd7-bbc9-445f-9a8f-8590f38f67a9_204onto.rdf_functional.owl,17646445,5298005,22944450
approximated_2f7385a2-b872-4333-957b-e56199656700_se_cutlery.ttl_functional.owl,15990360,3765990,19756350
approximated_a14ca594-445b-4690-a0bb-e201cf5a6cc8_Roux.rdf_functional.owl,10215275,4545277,14760552
approximated_5a592145-b5e8-4097-94b2-e4ef8ab2d83d_prerelease.owl_functional.owl,357228650,977736226,1334964876
e11019ed-826a-4f58-8b3c-d269ed605ae0_tiveRegion.owl_functional.owl,18050220,3101475,21151695
approximated_7f1d2775-b44f-46a6-bae4-a3c94501ec4f_a4.owl_functional.owl,15854594,3470864,19325458
ff0af86c-5c71-4feb-9640-75e57d23283c_eJahresbericht_functional.owl,9689426,872513,10561939
af6c30b2-aacb-4f11-b5d4-9083056b2ee7_Person.owl_functional.owl,44770228,10471659,55241887
approximated_82e5a07b-61a6-463a-9a32-3c4a0bc2d542_rly_method.ttl_functional.owl,16525716,4597356,21123072
approximated_f2ceaeed-1718-4e88-a964-45c01ac582e4_gist.owl_functional.owl,17238135,8732564,25970699
approximated_kb-owl-syntax-unraveled-depth-2-cardinalities-triggers-constant-classes-value-classes.ofn_functional.owl,615817022,1056174604,1671991626
approximated_46239534-79e6-46e6-9882-f1a5e51089d8_aragliding.rdf_functional.owl,15146455,3775772,18922227
approximated_0410748c-0523-474b-9908-358d3eae6aa2_Ship.rdf_functional.owl,19733699,5597835,25331534
approximated_0efe53e6-5aeb-48f2-9bdb-f327961bb3ee_estigation.owl_functional.owl,24183561,33043127,57226688
approximated_b24fe108-afad-46a9-88b1-3e302f08a885_sta_filata.ttl_functional.owl,9859398,3754837,13614235
kb-owl-syntax-unraveled-depth-0-disjointness-constant-classes-value-classes.ofn_functional.owl,299363020,430792527,730155547
approximated_2406cc26-193c-4bdd-ae51-fb4fe94817d0_galen.owl_functional.owl,111110173,214788724,325898897
8fc0c4ef-62df-45b5-9279-61c923399044_59_dataset.owl_functional.owl,7963910,11083994,19047904
approximated_9aa92e56-1632-4840-a69c-b2d964779e0b_tui_functional.owl,23027092,23019345,46046437
approximated_kb-owl-syntax-unraveled-depth-4-cardinalities-relation-axioms.ofn_functional.owl,368950660,916446182,1285396842
approximated_csso.clinical-signs-and-symptoms-ontology.4.owl.xml_functional.owl,31927183,15176722,47103905
approximated_3452cf73-7380-42b7-ace8-709f013226a9_tal_sander.ttl_functional.owl,17169830,3673627,20843457
approximated_6e887318-576d-4087-8e26-95ff90071ecd_ization2.0.owl_functional.owl,34289988,18841928,53131916
approximated_8ade3ddc-a69a-490a-9a24-659d433ab508_animalsvh.owl_functional.owl,16215145,14163433,30378578
approximated_a5421b3b-842d-45d7-9469-fba481aacd12_oyotunji.owl_functional.owl,17184694,5928893,23113587
approximated_00471.owl_functional.owl,3318566876,7079607772,10398174648
approximated_977f2ffe-0d55-4f43-b346-2f3334de0e86_Scamorza.ttl_functional.owl,12367147,4178758,16545905
approximated_e172a9ca-90cb-415b-a124-1db5e4297a20_pronto.owl_functional.owl,16359692,3325397,19685089
approximated_87498e48-0067-4ccb-882a-d8271c39ae01_Indulgence.ttl_functional.owl,11320059,3780136,15100195
approximated_1c7b4176-1a6f-4e95-8de9-ae398898b553_ESG_test_4.owl_functional.owl,26640171,5958790,32598961
approximated_e53a3312-f717-413c-a89d-dabae2cbae01_nitf33onto.owl_functional.owl,15529706,6802886,22332592
approximated_ec61ef4c-c1f5-4940-941c-483a6d3fc635_tagenomics.owl_functional.owl,9300530,8117595,17418125
approximated_kb-owl-syntax-unraveled-depth-2-km-relevant-cardinalities-disjointness-triggers-relation-axioms.ofn_functional.owl,631112480,1468742046,2099854526
approximated_856feef8-156c-430a-b765-afd49a5a5ff3_logy_F_d_S.owl_functional.owl,120016382,9917494,129933876
7f760c77-b8d2-4569-85fd-28d38ad6980c_Ontology03.owl_functional.owl,37587768,67384092,104971860
approximated_85118ad1-e2fd-4152-aefd-7001748aa07e_tical_disc.ttl_functional.owl,17836589,5856219,23692808
approximated_48dae631-d55b-4656-8ad3-22529b21b272_xonomySlim.owl_functional.owl,71133525,151697568,222831093
3d43b159-556c-497b-8322-ef64ea176aab_e_ontology.obo_functional.owl,565003276,1613262403,2178265679
8e0d2136-859e-4bcf-a7f5-507cbfe8bd9b_NIFResource.owl_functional.owl,9619100,5669597,15288697
approximated_67d6cf53-01dd-4b8f-aed1-a2b0c52dbe17_ODRLDD11.owl_functional.owl,15786177,2407077,18193254
approximated_99c209c9-cc46-4412-9664-e9f7f4ceb43f_Pentium_D.ttl_functional.owl,20855193,3764866,24620059
approximated_kb-owl-syntax-unraveled-depth-2.ofn_functional.owl,387564963,979579855,1367144818
approximated_55b6a1cd-6c34-47fa-b5bc-321255efe376_Lathe.ttl_functional.owl,17183170,3655087,20838257
approximated_4ef57947-ae49-49b2-96c8-7c4c012d0dde_Drink.rdf_functional.owl,14941044,3761146,18702190
approximated_364e78f8-fcdf-4af2-b38e-36d573c1d90c_ler_system.ttl_functional.owl,13918808,3754378,17673186
approximated_a01cc78a-7699-4f1e-9646-f77bd5a5a914_oLightning.owl_functional.owl,141397771,202009287,343407058
pw.pathway-ontology.40.owl.xml_functional.owl,46409200,94184010,140593210
b3773501-991f-490c-8f06-1b5bcd171b54_uosimple.owl_functional.owl,17759043,16605063,34364106
a60b293e-622d-44aa-b774-eb6bdd101fc4_hp.owl_functional.owl,246987763,705227065,952214828
e75cbfea-3d9f-4aa5-bfce-b4dbeb0a2073_phylobase.owl_functional.owl,24826460,36470558,61297018
approximated_c391c8ac-d921-4fa4-b0ed-d2a9a7a21db9_iaomain.owl_functional.owl,12470429,9376408,21846837
approximated_5e549751-f05d-4387-a7ea-53450404ed20_request.owl_functional.owl,15465005,7364448,22829453
approximated_322b5869-dd9a-4592-b17d-298efc78b745_maontrev12.owl_functional.owl,16424145,5628408,22052553
approximated_b88f534f-eb73-4843-b06f-dacde2fd1e5b_dinterests.owl_functional.owl,19677619,7733128,27410747
approximated_1b8f465b-f3db-4537-9499-5a1e9226ea99_rDataModel.owl_functional.owl,137960500,245726512,383687012
approximated_02e2b44c-fd7e-4c75-8786-7ba4d17a2d8a_mcomplexproton_functional.owl,17417217,15781538,33198755
approximated_2f842280-3d84-4142-9e61-fb88ca62ac33__test_data.owl_functional.owl,20989193,11059483,32048676
5f8c6211-341d-4797-aede-989d9490f3f9_Island.owl_functional.owl,22344353,2406580,24750933
approximated_007708ad-b3ae-40ff-b26d-6c047e01de32_ago_cheese.ttl_functional.owl,9306111,3640135,12946246
approximated_0a245aab-5c71-4483-abc7-5df16ae9c794_Bow_saw.rdf_functional.owl,12344426,3756697,16101123
approximated_d91078c6-d1dc-4ed2-a006-701a32db5118_Category21Main_functional.owl,13559007,3068923,16627930
cd185fbf-93c6-4e7a-9c9a-d6a66e2571c9_i_DAG_0_99.owl_functional.owl,117257578,291838607,409096185
approximated_707523b0-e3dd-4b2f-8537-4a5c51386e43_crime12.owl_functional.owl,21554052,10756873,32310925
00143.owl_functional.owl,35492218,6463905,41956123
59918a30-bba4-454a-9215-1607bd00a1d6_NIFCell.owl_functional.owl,18208112,12262591,30470703
approximated_ontodm-kdd.ontology-of-data-mining-investigations.1.owl.xml_functional.owl,23168494,24532420,47700914
dd01461e-0403-4bd7-8636-7eb6695ca443_rerioensfm.owl_functional.owl,714418644,1685613850,2400032494
approximated_5bc62128-99ed-477f-80d2-55a05399e113_logyDesign.owl_functional.owl,21557857,14851133,36408990
approximated_0095a4ac-dad3-4557-8b8f-3c4f503d757b_cicero.owl_functional.owl,19173605,15991191,35164796
approximated_e3494357-2015-4af3-823f-dedd28c0f8d0_ext.obo_functional.owl,697665792,1944859510,2642525302
approximated_48633198-35b7-4017-9484-ac6339fd2abd_Catfish.ttl_functional.owl,13338029,3863823,17201852
approximated_00004.owl_functional.owl,550788622,1278143089,1828931711
approximated_25bb3876-85ae-4acf-a689-16efdd07f3b5_al_Floater.ttl_functional.owl,81375495,4442553,85818048
approximated_b4884d02-8b09-4c5c-928b-4712d54dd237_newsiso8851.owl_functional.owl,100955370,11270379,112225749
4746fab4-a2ef-47c6-9f91-238eb8f9d70d_PokerPlayer.owl_functional.owl,93720544,1267905,94988449
066043ed-e67a-4576-86e5-6440bb9a3a7f_hpmerged.obo_functional.owl,357765563,670075636,1027841199
913dac8a-5886-49c9-a52d-ad3f555189ab_baseball.rdfs_functional.owl,17790498,4828697,22619195
approximated_bd4d5895-ae30-4873-beb8-772034f71a79_relontomx.owl_functional.owl,14568787,8111976,22680763
approximated_9cd3187c-5e79-4804-9a90-4621b9c26783_onto.rdf_functional.owl,31941585,5268432,37210017
approximated_d7589036-61bf-467d-b87f-aaebf269a629_onto.rdf_functional.owl,15588894,5569771,21158665
approximated_b1b01a8a-54e5-4c65-b054-f7a00ffd6ea1_File_server.ttl_functional.owl,8621781,3799674,12421455
28091918-41d9-4324-b851-58e67f11c0e4_cycCore.rdf_functional.owl,19740796,6018462,25759258
3a5a6441-e022-4fd4-8c10-7affdd72d5a2_aeequivmod.owl_functional.owl,244341604,187224076,431565680
approximated_073633cd-f608-43ba-b95a-349cbf97d776_ng_machine.rdf_functional.owl,11078599,4043182,15121781
approximated_89588824-9d02-41eb-8d79-700486de174f_ndTectonic.owl_functional.owl,129508506,208868021,338376527
eab43388-f386-4674-8a1f-32a939c31031_tology.1_0.obo_functional.owl,1519517220,4346050399,5865567619
approximated_993550b2-9bc8-41db-a1d3-4113ae75cff6_esg.owl_functional.owl,30589232,7568894,38158126
approximated_9b22f7e3-a435-418a-8c14-f9c2e8bd8854_uted_bread.ttl_functional.owl,16350065,3742831,20092896
f8ed8e3a-a365-4a59-9c5f-2012a2479e61_tiorganism.obo_functional.owl,50062232,7746605,57808837
82371d49-38be-446f-a225-b68a549451a7_useprotege.owl_functional.owl,151809695,188869411,340679106
approximated_2a71abe2-4dcc-4e73-9892-c6109b4b087a_Thermostat.rdf_functional.owl,13461386,3734101,17195487
approximated_1c65961b-2d20-4bfe-9805-fe510d23c600_r_aircraft.ttl_functional.owl,12861031,3766763,16627794
approximated_2dde39b5-b301-4f88-a7f9-ab3af11e5201_Viola.ttl_functional.owl,18339480,3683632,22023112
approximated_9d02c423-7fe8-4fae-9462-bffc8919d467_kupocells.owl_functional.owl,26090919,39025592,65116511
31483baa-e021-47a1-8512-e615fda09b24_Skyscraper.owl_functional.owl,14934867,2132419,17067286
approximated_74eb6dfc-bcb7-4605-8324-1c2bc9552d58_logyBridge.owl_functional.owl,84717121,167140642,251857763
approximated_867880e6-06f4-4f06-90d8-0a9ffeac45f8_attachment.owl_functional.owl,20508849,12889180,33398029
approximated_fb840d56-48c6-4ecf-acd0-8cc4dfac433a_Cortado.ttl_functional.owl,12011934,3696368,15708302
approximated_3bed4c39-d3ee-4d01-ac0c-dd01bad12faa_geolVolcano.owl_functional.owl,106569215,219072515,325641730
approximated_cb2e3a3a-6f29-4253-93f8-57360cb3e75c_factbookont.owl_functional.owl,17999277,5151031,23150308
approximated_00729.owl_functional.owl,80060475,12443507,92503982
approximated_b8582ccf-26e8-4de5-896a-42693d707f5a_an_lobster.ttl_functional.owl,10821470,3709370,14530840
approximated_a177c424-79cc-4f45-9a69-60227bd32792_figure9.owl_functional.owl,22208587,22887988,45096575
45f17f4b-9134-42b6-979a-93b38a8e16c5_uo.obo_functional.owl,13488341,19297807,32786148
pathlex.anatomic-pathology-lexicon.5.owl.xml_functional.owl,54435112,90486219,144921331
approximated_34de217b-29e4-46c5-98e4-77b1ee9c5294_geCreation.owl_functional.owl,12984688,4652795,17637483
d1127e18-0534-4b44-8943-0bc38ea9ea82_vsao.obo_functional.owl,24638790,21889093,46527883
506a80fd-7d0e-484e-89d0-c7f7a6aa3131_o_anatomy.owl2_functional.owl,66294627,151642241,217936868
approximated_0ab16c7e-3651-4296-b288-ba7a17bfa1a5_am_compass.rdf_functional.owl,18119898,3757599,21877497
approximated_2726ea08-b0c4-4c41-89ca-12933acab21b_Beer_garden.ttl_functional.owl,10286096,3696121,13982217
approximated_1d65b477-35ac-43af-8a64-4e6b9c6d7499_swrcfoafmap.owl_functional.owl,10176671,5716685,15893356
approximated_16529e38-6942-4a32-9b31-8dd3acb95f4a_Roof.rdf_functional.owl,13511951,3700293,17212244
ef4bd609-955d-4aaa-97b5-783f205aec7d_enceDirect.owl_functional.owl,15005539,13719686,28725225
approximated_fc04e7a6-0b37-4f67-be82-9e0e1aafd324_cquisition.owl_functional.owl,60076993,74689988,134766981
approximated_6e9a1b9b-a826-40cc-bd68-10913cff6396_relaHuman.owl_functional.owl,165341754,255187323,420529077
approximated_d9464965-12a0-4bfa-9188-cd51bac3265a_wine.owl_functional.owl,35352159,16475504,51827663
approximated_85577949-5b07-426b-86d9-c7685eb2267e_map2serf.owl_functional.owl,25558028,8860914,34418942
approximated_4b1f3127-b2f0-4634-b880-87d5b7edbc55_Churchkey.ttl_functional.owl,16308834,3655676,19964510
5921b14f-8e74-4f58-a55b-f27dc59421a3_cutdowndemo.owl_functional.owl,16579080,6643828,23222908
3b4771ff-4697-4b92-8123-827d4a0593ea_taxonomy.owl_functional.owl,26228172,39701454,65929626
approximated_af41f828-c3cb-4a98-8f86-4aeba51ca231_biotoplite.owl_functional.owl,13000736,4622605,17623341
approximated_99f1ea08-8f73-47ba-b4ad-9b2e6d0e9c35_sumo.owl_functional.owl,22657303,25160862,47818165
approximated_5831bca3-f8b4-423d-9df7-194720757654_Spokeshave.ttl_functional.owl,15480721,3867000,19347721
approximated_c270e8ec-efae-4291-a054-22d56033fe33_Graviera.ttl_functional.owl,14608701,3686318,18295019
approximated_ad69ccc0-cf20-449f-bc3c-804e1a865a75_cipitation.owl_functional.owl,132543657,212049306,344592963
approximated_bd6756cb-0e29-483f-8f90-5b7c8e222629_trFacility.owl_functional.owl,134004119,226146972,360151091
approximated_715881b1-bfb6-439b-8008-94f02d6d9d6d_H_Ontology.owl_functional.owl,28933898,21036533,49970431
approximated_5c98ea3c-cde6-483d-abfb-6cdba65d5fe1_testDL0.owl_functional.owl,12149403,3551824,15701227
4c29ebb9-1cc6-4618-b719-0d02ed00d565_image.owl2_functional.owl,16963236,26133382,43096618
db1b155a-3636-48aa-b168-995597a37705_nsdisorder.obo_functional.owl,181579052,233271867,414850919
approximated_7f3b3dee-ad4f-41c5-a97f-160c6a302a04_propCharge.owl_functional.owl,142871164,248300849,391172013
00146.owl_functional.owl,38242519,37046262,75288781
approximated_7e2b2555-33b3-4d6e-9bf8-fa0510cd83d8_c_cylinder.rdf_functional.owl,16326209,4692226,21018435
approximated_43867c8b-c652-47a7-9a3f-905f65dea577_onto.rdf_functional.owl,16602368,3931907,20534275
approximated_94f200e5-39a6-41a2-a194-657d6a7bcaca_erimentv01.owl_functional.owl,16147159,1992251,18139410
approximated_00280.owl_functional.owl,15573380,13158467,28731847
approximated_05afe727-7c49-48c2-8c62-04dea9006fb4_onto.rdf_functional.owl,12835518,6201723,19037241
approximated_6e1c71fd-028a-434a-9f53-77007b636434_Dobos_torte.rdf_functional.owl,12194575,3922957,16117532
approximated_97a1125a-b5c1-4c3a-8f8d-ab39779bd9cb_onto.rdf_functional.owl,15777792,6261183,22038975
approximated_258b5324-03ea-4d39-ad97-b42d7542178e_essionsadi.owl_functional.owl,20086969,9359624,29446593
approximated_0125e16d-c262-4119-8187-97e1fedca8ba_taggerlink.rdf_functional.owl,32528808,56028337,88557145
approximated_00421.owl_functional.owl,42077916,71247922,113325838
approximated_bt.biotop-ontology.11.owl.xml_functional.owl,20512116,28060520,48572636
78eb25c3-2155-4b2f-ad09-b17e7193d4b3_classified.obo_functional.owl,212154280,620309574,832463854
approximated_020132a7-2158-4f12-9e6a-53a46588de81_propOrdinal.owl_functional.owl,141036157,245275219,386311376
f8dc794e-4a9a-41ef-a0b2-0624de508bd6_psimod.obo_functional.owl,41416364,90912466,132328830
approximated_44feba83-1022-4b4e-881a-0a317a7d1ff8_Calo_tester.rdf_functional.owl,17911184,3794714,21705898
approximated_3c2ba793-969c-4743-b9e2-c83ff45535ed_il_nailing.ttl_functional.owl,11305879,3647641,14953520
approximated_PREV_fhkb.owl_functional.owl,1195460369,73911093,1269371462
approximated_ed1e167c-0085-412e-8a28-c9dbd56e73da_dtn.owl_functional.owl,24268709,7875959,32144668
approximated_2e4b54b3-e85e-4e61-89be-a0a8d1df2ca2_Flounder.ttl_functional.owl,11160271,3861560,15021831
approximated_9f6db624-89d3-4ea3-8f0d-a39c4735fe02_temetazoan.obo_functional.owl,2472132733,6212443878,8684576611
approximated_e9e4e4f2-3190-4851-9a51-81178cb65808_onto.rdf_functional.owl,12659066,3821678,16480744
approximated_913d628f-23ff-4db8-b813-aea34fd30ae6_205onto.rdf_functional.owl,17267206,5080138,22347344
16fb729b-bcae-4b2d-beae-e39c77d014d7_bto.owl_functional.owl,144415672,362079317,506494989
approximated_f842d189-d305-4d3d-a1ec-dd69783ea3a7_PaulFisher.rdf_functional.owl,10611548,3453521,14065069
6b6301da-b431-4b5b-a003-371a0a2e36b5_sportSoccer.owl_functional.owl,16997107,9268640,26265747
approximated_4e70f119-38cb-4762-aae7-b588cfa028e0_Profile.owl_functional.owl,13650937,6725026,20375963
approximated_3ba04f4a-ab4a-4259-b271-9024abdde603_ge_scanner.ttl_functional.owl,9347044,3713279,13060323
approximated_1e45d683-4ad3-4543-8336-d9cf972469c8_tfmBJ1.owl_functional.owl,16296806,8305464,24602270
approximated_shr.student-health-record-ontology.2.owl.xml_functional.owl,17794740,18098446,35893186
approximated_2fba4f0d-9470-4520-9c53-8633840112ed_peoplepetsA.n3_functional.owl,9454983,3896390,13351373
approximated_26b683b2-aed6-4ed5-b982-c4f92f02c148_er_Melange.rdf_functional.owl,15096525,3707199,18803724
approximated_80e03fd8-6ba7-4706-a537-98ee0eb48712_ationship1.rdf_functional.owl,10549252,2717270,13266522
approximated_21d78713-f90f-483d-80c9-704fc60aa70a_Herring.rdf_functional.owl,12902542,3977730,16880272
approximated_kb-owl-syntax-unraveled-depth-4-disjointness.ofn_functional.owl,627014502,1298461281,1925475783
approximated_00457.owl_functional.owl,34410730,79904096,114314826
approximated_f78797a8-9d90-4034-9867-5783668c6589_nnarnafold.owl_functional.owl,17502859,8378503,25881362
tto.teleost-taxonomy-ontology.43.owl.xml_functional.owl,731727586,2150266703,2881994289
approximated_74566e69-049c-462a-b8b5-f77a924793d2_Soft_drink.ttl_functional.owl,15179724,3714656,18894380
approximated_44269c08-e18c-44ce-98d0-06d8b6d81383_Sickle.rdf_functional.owl,13053098,3847051,16900149
approximated_36146747-a3f3-4e68-917c-68b680422665_LiA_100413.rdf_functional.owl,20300395,39539030,59839425
approximated_43a49023-b18e-42fa-a901-405ee5552981_stateSpace.owl_functional.owl,183034109,207767731,390801840
78859238-49df-4849-8937-0ccea0678c03_atol_v6.owl_functional.owl,141409649,108516237,249925886
45e76ee3-e223-48af-a57e-9f01044f0056_s_DAG_0_99.owl_functional.owl,133621401,57928792,191550193
approximated_89f8198c-2d8e-4c5f-8a0c-d51ac042db86_thFunction.owl_functional.owl,242540560,215189285,457729845
13836b3b-4953-4a86-9bec-6055d10b89f8_r_anatomy.owl2_functional.owl,128744217,41926863,170671080
approximated_a0740509-ba63-46d7-b558-8d364d97ef54_Security.owl_functional.owl,34889103,37990487,72879590
approximated_800a2f9e-b794-4655-ae56-51abdaf00200_Enrollment.owl_functional.owl,28411277,4946177,33357454
approximated_a2178dbb-ffe0-46d9-a308-ce16fc90ffb3_a_reducida.owl_functional.owl,22680042,10478644,33158686
4d050029-b018-4425-b9b6-708e38473e06_qtag.owl_functional.owl,12545908,3764212,16310120
approximated_52088ff4-4639-498b-9c1c-2f7f8adc911f_phenSolid.owl_functional.owl,131560198,211491129,343051327
approximated_00283.owl_functional.owl,28562456,20299279,48861735
approximated_0aa8fa36-9a7d-47b6-b676-096c86918949_sing_valve.ttl_functional.owl,17329502,3811061,21140563
approximated_4ec198d8-6776-430f-9a18-ad6aec85e874_heat_bread.ttl_functional.owl,16907072,3657496,20564568
approximated_70a5bfd5-d208-4d51-a4d6-c394c22aba81_c_v4.2_DUL.owl_functional.owl,31913720,29056273,60969993
approximated_93ae159d-4b0f-4807-82ae-47f18b9a9148_food.owl_functional.owl,15212044,5423512,20635556
approximated_fb011d14-3491-41cd-b27c-f47ce8dc1f46_AOIMv1.0.n3_functional.owl,16144059,7095596,23239655
approximated_3b913059-e630-4275-be45-859984a1b7be_e_semantic.rdf_functional.owl,13433696,3594381,17028077
200f4b84-7fcd-4e57-8c14-526a44923aaa_onto.rdf_functional.owl,19739026,3386941,23125967
rs.rat-strain-ontology.45.owl.xml_functional.owl,88701491,251726133,340427624
approximated_6bc58984-bb12-4bc3-b993-67fe5f5b6e1c_smartknife.owl_functional.owl,210195387,36077665,246273052
9b10068b-0062-4308-9642-f2c99a1a0f43_fbbtsimple.obo_functional.owl,417857985,1137917454,1555775439
approximated_89e0323d-5107-4f86-ada8-be33c7b80daf_Biryani.rdf_functional.owl,17546709,3703195,21249904
approximated_2577736a-db03-46fc-9362-274e3af66718_propreo.obo_functional.owl,24944973,25713355,50658328
77303968-c497-4705-a6d0-8ffb03509be8_Drug.owl_functional.owl,12598017,1804508,14402525
approximated_d81f04a1-0ba6-4236-95eb-666773682ddf_zfa.owl_functional.owl,250873149,560523359,811396508
approximated_7f246da3-6de8-43c7-8c92-05e901fe656e_jo_fitting.ttl_functional.owl,15850238,3646868,19497106
6b4c2a4b-80db-4685-9977-7e50b9df957d_IDOMAL_02e.obo_functional.owl,59502433,122395116,181897549
approximated_40650fa1-5b1d-4edb-bbd7-6903d08a9ae1_Process.owl_functional.owl,12268776,6727300,18996076
approximated_9b90a4ea-bf06-443d-b2b0-9a610080b830_unitprimitive_functional.owl,8129249,11651313,19780562
approximated_fbb2ed4f-3c85-4ffe-8224-eb3311b7b3e0_ocChemical.owl_functional.owl,216286774,243532149,459818923
approximated_1c89563c-23ea-473c-b277-00bb599edae9_mo.rdf.bib.owl_functional.owl,113859440,4996426,118855866
approximated_0ad27e71-c295-409a-9383-ae174116b670_onto.rdf_functional.owl,91040923,5583521,96624444
approximated_dikb.drug-interaction-knowledge-base-ontology.3.owl.xml_functional.owl,95349041,12930492,108279533
8bf60247-7ca8-486e-b2c8-c4646a2d9aec_cell.owl_functional.owl,128937036,37463498,166400534
approximated_fdd29784-30c5-4b02-bd42-26356d581fbb_ns.owl_functional.owl,98350980,6880988,105231968
82b63bfa-2aa9-4a4a-ae70-1d03bf141919_vHOG.obo_functional.owl,111664981,90513293,202178274
approximated_00530.owl_functional.owl,221736145,541702025,763438170
approximated_47e885bb-7e8b-4dfd-8cd6-42eb3c6f3629_phenEnergy.owl_functional.owl,144946872,227284505,372231377
911b5189-69d6-459c-8fee-c5ef9e540079_xon_import.owl_functional.owl,21316497,21855876,43172373
80f4aa1b-ce18-4051-a9a0-9d0caa52c1ec_Ambassador.owl_functional.owl,12806744,1195766,14002510
approximated_00454.owl_functional.owl,19562946,16727099,36290045
approximated_00001.owl_functional.owl,122198494,236842356,359040850
351cfe6d-de9a-4cb6-830c-c2b4f4659c81_ys_anatomy.obo_functional.owl,16409774,11645184,28054958
approximated_02dfccba-f8d6-4418-84ed-1b02429c8867_wine.owl_functional.owl,23103874,7454013,30557887
approximated_0398a704-43f4-4261-86af-332d21931d1a_NIFFunction.owl_functional.owl,76485146,161748369,238233515
approximated_00568.owl_functional.owl,23274107,24892686,48166793
e5f51622-31dc-4cda-8079-b502440739c0_onto.rdf_functional.owl,11326249,2120238,13446487
approximated_207ef0d3-222d-4445-8615-0abb4e01d309_dqm.owl_functional.owl,13935711,5822665,19758376
1638797c-4dff-4260-86f5-155faa82bc58_Arachnid.owl_functional.owl,15105526,1174450,16279976
approximated_0720cdef-dd38-4518-a0a0-9c0d83f4a33b_laptopsfull.owl_functional.owl,144776614,35934038,180710652
approximated_1b1190fb-0297-4ccd-a39b-2036eec39617_LP_record.rdf_functional.owl,11866388,3842180,15708568
approximated_96248130-5080-4c48-9e0a-ad05964369d1_Sclerometer.rdf_functional.owl,12051294,3729357,15780651
approximated_kb-owl-syntax-unraveled-depth-2-km-relevant-cardinalities-disjointness-triggers-constant-classes-relation-axioms-value-classes.ofn_functional.owl,734186625,1581083856,2315270481
approximated_00012.owl_functional.owl,20553657,7560028,28113685
approximated_3526c76c-8b06-4281-9adc-db234451f844_hReadiness.owl_functional.owl,136671333,224739327,361410660
approximated_08a38946-3145-488b-a035-58fe2ba41d9b_oe1gov_functional.owl,15288221,13897500,29185721
approximated_7e0d6955-f1b3-4ac3-90ff-5d39157a8eb2_ekaw.owl_functional.owl,13194967,5128333,18323300
approximated_485f63db-3bc4-41a8-b51f-2a4981a2cd2f__Siciliano.ttl_functional.owl,22990843,3831895,26822738
approximated_01821301-2b82-4dbf-bfa4-997791190fab_onto.rdf_functional.owl,45829110,5056499,50885609
approximated_kb-owl-syntax-unraveled-depth-3-cardinalities-constant-classes-relation-axioms-value-nominals.ofn_functional.owl,403801793,992049655,1395851448
approximated_8c700ad1-ef83-4d37-8e4b-350c71e923f5_iensmerged.owl_functional.owl,6540774035,3067151586,9607925621
approximated_0481853c-6d8b-4ecd-9b67-91617ef164fa_hardware.owl_functional.owl,19994886,6830403,26825289
approximated_8c193ee4-8997-4c9d-8289-4847f0d74a2f_Award_pin.ttl_functional.owl,16750385,3740522,20490907
965dbd44-0e39-4672-ace5-1951e9cac06c_hsapdv.obo_functional.owl,17854617,27348932,45203549
approximated_64f54448-77b0-4628-abfc-8b9e9adf3673_onto.rdf_functional.owl,10630481,4905413,15535894
approximated_5d1d2c09-0b85-4253-8a0b-cef63af3428b_PaulFisher.rdf_functional.owl,14429442,3281606,17711048
approximated_8764ebd0-d0e3-4192-8534-9e5b16246b9b_Dicing_saw.rdf_functional.owl,16246222,3831091,20077313
approximated_bdo.bone-dysplasia-ontology.9.owl.xml_functional.owl,337425381,972309014,1309734395
approximated_00668.owl_functional.owl,242482181,552146882,794629063
approximated_kb-owl-syntax-unraveled-depth-1-cardinalities-constant-classes-value-classes.ofn_functional.owl,474695067,1160955469,1635650536
77094653-1dd0-493a-9927-7e327ab26df1_phylo.owl_functional.owl,27846284,27239959,55086243
approximated_1c9890fe-c7bf-4798-9707-a7272a7c1451_tam_cheese.ttl_functional.owl,34937823,3864970,38802793
approximated_15d31dac-6369-4869-a2ea-4e3fd9904c75_ante_dress.ttl_functional.owl,18386728,3687346,22074074
approximated_f09572e1-eaaf-4166-a3ab-eb99cfc49d98_fullgalen.owl_functional.owl,1124626539,2983493194,4108119733
d59f8314-5bcb-410f-a1f5-d5cd2c741577_e.obo.PREVIOUS_functional.owl,220529203,549968461,770497664
approximated_kb-owl-syntax-unraveled-depth-3-km-relevant-cardinalities-disjointness-constant-classes-value-nominals.ofn_functional.owl,696061362,1504580546,2200641908
approximated_c2b30731-e14d-49d6-b7bb-fef81d6f1072_pr.obo_functional.owl,3449016519,8169289878,11618306397
approximated_dd4a4d46-e303-49b0-b4e2-112ea6bd0b73_Ulster_coat.rdf_functional.owl,16048802,3716318,19765120
approximated_kb-owl-syntax-unraveled-depth-4-triggers-constant-classes-relation-axioms-value-nominals.ofn_functional.owl,365164717,880864264,1246028981
approximated_ad8735f1-9e26-4942-aab8-21b056939a89__phenotype.owl_functional.owl,308033788,605789231,913823019
approximated_a771c9be-3886-4115-bfb1-0192e35d5cc4_PaulFisher.rdf_functional.owl,9951845,3425082,13376927
8759de03-a439-4c7c-917a-30179c86ef91_ato.obo_functional.owl,261630683,609161310,870791993
08691c7a-7b0a-4db8-b8d8-5cf046b5235e_envo.owl2_functional.owl,33382384,65440896,98823280
approximated_0a5cef49-2fd4-45d8-bfd0-d943f1753959_PaulFisher.rdf_functional.owl,14837878,3058047,17895925
approximated_03447898-b55c-4e02-a0f7-f5f2850ed51c_edElements.owl_functional.owl,15290736,6155421,21446157
approximated_31740a9c-e50a-4a5c-9bea-7ca470f4366a_dProtected.owl_functional.owl,132255726,212696610,344952336
approximated_33a979ce-fd5e-4af9-9ffb-f24e5602a053_sinfectant.rdf_functional.owl,14597930,3721016,18318946
435d8568-011f-4e58-b72e-79265d9f0a90_sgenechrom.owl_functional.owl,505879714,923005004,1428884718
approximated_00779.owl_functional.owl,1502034476,319017083,1821051559
approximated_3675e173-c489-42dc-95b7-a0e87fd1739c_le_II_Plus.rdf_functional.owl,10203559,4172176,14375735
995a8340-3ff3-428b-b533-8cc3acf882d4_AAO.obo_functional.owl,66437928,131136937,197574865
approximated_29e7922c-03aa-40f5-98b1-47a6dee3792a_efficiency.rdf_functional.owl,14227060,3795308,18022368
approximated_ooevv.ontology-of-experimental-variables-and-values.4.owl.xml_functional.owl,17665249,5434261,23099510
approximated_kb-owl-syntax-unraveled-depth-4-km-relevant-cardinalities-disjointness-constant-classes-value-nominals.ofn_functional.owl,622925178,1421012384,2043937562
approximated_4ad7e36a-71a8-40c1-badb-82b51e6a5022_User.owl_functional.owl,20170846,7315793,27486639
approximated_4387ac1a-1873-4af1-924b-61b5189fe622_on.owl.CURRENT_functional.owl,27419257,44617289,72036546
approximated_36d29a96-2161-4581-b805-cb34b999921b_noReggiano.ttl_functional.owl,12355119,3858005,16213124
approximated_0072ac62-ae30-4091-b6cb-c641c7da55f9_dasnetwork.owl_functional.owl,12493110,6987440,19480550
approximated_b0cb78a2-2be7-4432-97de-8b565b244bec_ng_drawing.rdf_functional.owl,13289552,3792157,17081709
approximated_4408fc1f-5ea2-4f6c-a47c-d22d11134928_fGene_OWLa.owl_functional.owl,13731094,4706441,18437535
approximated_8ca7b097-cb9c-47f7-940b-2e55d94dfb67_ionClasses.owl_functional.owl,14366404,11986249,26352653
f3de72ff-d63c-4426-bb4c-513f56898824_patomerged.obo_functional.owl,47091979,81202442,128294421
approximated_49f8aec9-bc8d-4ec0-8fc9-e0ec1a05e9e5_sta_cheese.rdf_functional.owl,9670537,4214925,13885462
approximated_b6abe8b8-5d63-4ff7-b2e4-fe179a7c4651_limateZone.owl_functional.owl,140379404,215619019,355998423
tgma.mosquito-gross-anatomy-ontology.9.owl.xml_functional.owl,81961644,149443662,231405306
approximated_940c4006-c77f-423c-82c9-f20b642fa4ab_knowrob.owl_functional.owl,44083748,57224451,101308199
approximated_bb4ca6fd-1d47-43e4-b670-5c1a6bba896b_Power_cord.rdf_functional.owl,14957989,3820979,18778968
3b275214-e0e8-4ab6-a27e-f500d7b3805b_chebi.obo_functional.owl,1035453488,2789665115,3825118603
544b554a-a9d6-48d1-85f2-1bbe3518256f_sterentrez.owl_functional.owl,514298234,399656508,913954742
approximated_a2d0b4e0-492b-420f-9f7c-758c943089ea_ntegration.owl_functional.owl,46631285,5876420,52507705
08c18558-c391-4b1f-84c6-3631d00c948f_protlabels.owl_functional.owl,87563412,225727640,313291052
approximated_392d3406-cedd-46f4-93ac-23d70207553b_act_wrench.rdf_functional.owl,9094332,4027548,13121880
approximated_4cbf5a6a-e2db-4d09-bec1-6edd0edf6e19_example1.0.owl_functional.owl,19300954,7423728,26724682
approximated_3c5c7673-1ba8-4eec-abec-02737376e732_Itanium.ttl_functional.owl,10436186,3742827,14179013
approximated_kb-owl-syntax-unraveled-depth-2-cardinalities-triggers-constant-classes-relation-axioms-value-nominals.ofn_functional.owl,424040048,1073332257,1497372305
approximated_351b6a7e-8345-4625-a4a7-2468547ee698_Circle_hook.ttl_functional.owl,109459310,3633734,113093044
approximated_eb95c280-5524-4273-a9c6-12079ce1d2cb_estandards.owl_functional.owl,29686858,17651476,47338334
approximated_0096972e-ba44-4105-9a88-b590da2d65f4_d_gherkins.rdf_functional.owl,96970113,3636647,100606760
a6ecfabd-295e-4dfd-acbf-2167332f323a_gcmdscience.owl_functional.owl,40545749,56319383,96865132
approximated_fab9fd52-70d4-472a-8d19-49cff81bb55f_CogPO.owl_functional.owl,139427459,21668310,161095769
approximated_d7e4c6b8-da8d-455d-a1a5-ed17d7813fe5_ysfunction.owl_functional.owl,221302977,165560198,386863175
approximated_e0651152-4621-416d-92a6-59ab4896f0a0_clim.owl_functional.owl,67016003,124105522,191121525
approximated_3708fbbe-4bfc-4763-9ec5-34a36251f5dd_Chewing_gum.rdf_functional.owl,9447864,4172921,13620785
approximated_03d531b9-cc18-46d0-a3e5-b8769fe880b7_nboedit.owl_functional.owl,5291476441,14477359114,19768835555
approximated_43011215-7452-4ed5-bcfb-e529161b7bab__equipment.rdf_functional.owl,12670850,4052652,16723502
approximated_ed209b08-84f9-4741-a88d-aba4bc6b61fd_r3.rdf_functional.owl,18150070,9610451,27760521
approximated_kb-owl-syntax-coreference-IDs-cardinalities-disjointness-constant-classes-value-classes.ofn_functional.owl,895681316,2317451046,3213132362
approximated_0e41c258-3596-4176-ab6c-bb4a938475d9_SAO.owl_functional.owl,33321523,51587085,84908608
approximated_c0756f53-844e-4d63-8503-5f4e15be6cde_rusv07.10d.owl_functional.owl,4904334620,7129417752,12033752372
approximated_kb-owl-syntax-unraveled-depth-1-cardinalities-disjointness-constant-classes-value-nominals.ofn_functional.owl,1325285821,1670221936,2995507757
approximated_26efa55e-2dd5-4628-9436-eef2b6a87447_nceProfile.owl_functional.owl,19585442,9123652,28709094
approximated_47473d2c-f8be-4f6a-b070-6207a15226b6_kupkb.owl_functional.owl,222738222,596885937,819624159
approximated_6c9fc61c-7848-4bd5-8b03-443e637346ea_nalistaxon.owl_functional.owl,465902977,875975256,1341878233
0dd5e9d2-68c4-41a3-8680-468d4d1cc699_cmosimple.obo_functional.owl,60525013,127464557,187989570
approximated_00cabe6e-0448-4d39-9764-949671bc9fb7_hire_sauce.rdf_functional.owl,9049151,4230924,13280075
859f46cb-84ec-4e25-8146-e97f25118e72_egoryNews_item_functional.owl,27423564,2782094,30205658
approximated_42bb76e8-f240-4c55-bfba-c69c711aa09a_properties.owl_functional.owl,59711159,94881679,154592838
approximated_36c9acaf-e608-4a77-970d-9066424b1dbe_ne.owl.nooneof_functional.owl,28232394,12234652,40467046
approximated_f6a8dc0e-71ce-4b3b-984b-5501e3a5b983_cfatt.owl_functional.owl,14763774,4556821,19320595
approximated_f2669fef-2edd-40b8-8a8d-207448a70329_sfb632.owl_functional.owl,14390885,7710600,22101485
approximated_6464cbc9-a1a1-4cf9-8148-00a4d96ff60a_Pie.rdf_functional.owl,13931676,3970790,17902466
approximated_e63ebb14-0c5d-44c3-a1f3-6c03727ae8b3_dataschema.owl_functional.owl,15160643,7652286,22812929
00832dbc-5333-479b-aec9-fc623d532af6_notype_xp.owl2_functional.owl,292730869,154832050,447562919
approximated_4e45d729-2c6d-403a-889d-f62ea81c6bbd_Redcurrant.ttl_functional.owl,13290023,3788814,17078837
approximated_50f07149-d2da-4c9a-b84b-98e4098ee165_Processing.owl_functional.owl,144526514,254018066,398544580
390e84d3-40c1-4acb-9d60-1a3febc74295_ritageSite.owl_functional.owl,20819471,1894567,22714038
approximated_640b91e0-6487-46eb-bd42-364566852cbf_biolHealth.owl_functional.owl,37243530,30750253,67993783
00ab0f05-e76c-463d-bfa9-79f4e2b9949f__reriotype.owl_functional.owl,648925245,1825390155,2474315400
approximated_daf939cc-93f1-4540-9ad4-7751c4360a18_image.owl_functional.owl,24254925,32852346,57107271
approximated_3be05580-0b69-43a6-95cf-eb9b3ead7b37_rve_tracer.ttl_functional.owl,17147758,6601796,23749554
approximated_7aac8dcd-5fa9-4204-8ac8-081082b7b684_Belt_sander.rdf_functional.owl,11795359,4217801,16013160
approximated_e9bd0003-e59e-4f38-af79-b966b9dddf62_se3_athome.rdf_functional.owl,12408585,3032778,15441363
approximated_2cdcb69f-5119-4c7b-adcd-63a41ccbf81d__ash_brick.rdf_functional.owl,15382653,4318151,19700804
approximated_0bee346d-07a0-4a86-9b48-0c3710a77d11_iridl2wms.owl_functional.owl,16104242,6880028,22984270
81f0e9e8-ae40-4496-9d8f-a60b6b5ee11f_Senator.owl_functional.owl,18713269,2073117,20786386
approximated_86d6299e-0891-46c8-b347-e6e51e3efb1f_trParticle.owl_functional.owl,140046478,209958981,350005459
407b3da6-8789-45c0-b20c-389e5c2952c8_hp.obo_functional.owl,240229361,694470977,934700338
approximated_0a7dde29-4766-4403-9844-d13f006d3a85_classified.owl_functional.owl,8467558,7495686,15963244
approximated_d1b312fb-0a50-41dc-8814-b788efef9a51_reprSpace.owl_functional.owl,134930350,211162263,346092613
approximated_00643.owl_functional.owl,17850996,22205200,40056196
approximated_f41d627c-b79e-4b64-a248-cb2001a83f39_listssnip4.ttl_functional.owl,17895624,22721584,40617208
approximated_0e4ba4ed-3741-4c0c-823a-33a1b3705701__computing.ttl_functional.owl,12282715,4389116,16671831
approximated_123e4972-3501-4005-9808-ed53e62f7596_Collection.rdf_functional.owl,7816760,1976880,9793640
approximated_9840aa90-bcd4-49c8-91f6-1114fe6ca072_dcs.owl_functional.owl,15998163,11583319,27581482
approximated_e39bd649-5918-4120-89a0-fe8523fdd987_procWave.owl_functional.owl,140532165,246784908,387317073
3316f171-44e6-4fe0-90e5-25e2a6307ce3_hpsimple.owl_functional.owl,233626459,699543385,933169844
approximated_03338838-146a-4994-b8b8-8f5026d4fc16_ir_clipper.rdf_functional.owl,14321712,3833776,18155488
approximated_de029e3b-c735-4f50-a6a3-ff919e6573ed_IOLite_v16.owl_functional.owl,22835448,16144405,38979853
c814bcb3-c078-4734-b3e4-a060944ec529_eKrankheiten_U_functional.owl,10919299,818181,11737480
approximated_a5705793-a7a6-4526-93a1-f314e4ca97cf_alismerged.owl_functional.owl,1718832069,4357345461,6076177530
approximated_84bc4a32-88d8-4a52-bc87-26c98d18b516_rish_Cream.ttl_functional.owl,22321556,5284093,27605649
approximated_69a563b2-ce9d-4241-b41e-1a589088bb2b_Jagdwurst.rdf_functional.owl,7496306,3812888,11309194
approximated_00034.owl_functional.owl,454451805,1255387414,1709839219
approximated_0e0efbdb-a249-480e-a640-f81602b448cb_Floppy_disk.rdf_functional.owl,117416455,3834187,121250642
approximated_26997104-2a25-4e55-b94c-2851c26f5daf_ossAnatomy.owl_functional.owl,56910690,87535203,144445893
approximated_29a9305f-82f7-4b0f-b7c4-c04bf2aef00d_int_roller.rdf_functional.owl,105950792,5952610,111903402
bfb52dc9-3c16-463f-acb8-681fe2e8939c_classified.owl_functional.owl,179169029,227395212,406564241
c9bb968e-453e-4b8e-afb1-73096d025904_vHOG.owl2_functional.owl,142042626,97108483,239151109
approximated_0d5d8f0b-ddec-4036-a5fb-3efd03c5dc2e_lPartForNS.owl_functional.owl,4156356309,12792533294,16948889603
approximated_40b32c95-47fd-4844-9c3b-a020c2ca204b_ire_cheese.rdf_functional.owl,24576549,4806538,29383087
approximated_900f388a-a0fd-4760-bf3e-f933c6de7293_progetti.owl_functional.owl,18351935,8940035,27291970
approximated_dc1753f4-1ffe-4eb9-bd74-29a6efec3eb2_FOSCoreGeo.owl_functional.owl,12674627,4444216,17118843
approximated_c7a8779c-9256-4e14-9e67-547c77067a75_yCombinatorics_functional.owl,11158238,1718201,12876439
approximated_8a0bb9c7-049f-4056-8aab-e5e8663390c9_Floorcloth.ttl_functional.owl,17985753,3732729,21718482
approximated_483a10fd-ce0f-4b0a-9aa5-d46d27f88b83_PaulFisher.rdf_functional.owl,11489991,2922172,14412163
9397681e-d7ba-4a3f-8758-d9da06328dc5_quality.obo_functional.owl,34557170,76374793,110931963
3930133b-4a41-489c-857e-9f9e6109745d_Model.owl_functional.owl,12339850,1942058,14281908
approximated_ba2d5a4d-9731-42c0-b9e0-85740949f2ba_timeExtent.owl_functional.owl,24753071,22074332,46827403
approximated_e0326e58-7287-4240-b48f-f049b2459fc4_eReduction.owl_functional.owl,142276921,212205454,354482375
approximated_860d4d92-00bf-4ce9-86fd-92846d722457_iaoall.owl_functional.owl,22547804,13013819,35561623
approximated_147ec3aa-f37a-46b4-b1ed-d030ed6b683d_mBiolBiome.owl_functional.owl,136403277,218798438,355201715
approximated_793ed858-5be3-41cd-ba83-694820a5975a_Reibekuchen.ttl_functional.owl,18189715,3645975,21835690
approximated_a8b3bd7f-3bd8-4177-a27a-d23ee10fadb3_ing_sinker.ttl_functional.owl,12832297,4047171,16879468
approximated_kb-owl-syntax-unraveled-depth-4-cardinalities-constant-classes-value-classes.ofn_functional.owl,373931780,961660774,1335592554
approximated_1b6732f1-f58c-4a7b-bfd2-2ead8c2da95d_onto.rdf_functional.owl,18834793,4866382,23701175
efd20f6c-bf75-4329-ae3d-46719338ee19__v2.0_Lite.rdf_functional.owl,59664194,9028996,68693190
approximated_453f75f7-2b94-4b9b-9ed1-3782a456204d_Jelly_bean.rdf_functional.owl,13654456,3705122,17359578
approximated_a946ca69-0948-4785-a673-2c325cb7f8f9_chemWater.owl_functional.owl,64117289,146053535,210170824
approximated_1a25f7d6-fee0-459e-bd9b-63d9dfc21da9_OExtension.owl_functional.owl,14312774,3199363,17512137
approximated_7b274a45-fa1d-48c2-b984-e665f232a857_tification.owl_functional.owl,15729276,5070653,20799929
approximated_90f6a9f6-41be-4830-b665-489742676c1a_Bean_bag.ttl_functional.owl,17376208,6781555,24157763
ab46896d-3168-44a0-9714-a38ff0fc01f8_onto.rdf_functional.owl,15973432,1802994,17776426
approximated_864408a5-f953-476c-9ab4-eabaadc93c7f_estigation.owl_functional.owl,302675415,648127479,950802894
approximated_cde3e885-46a7-44a9-9501-8a4229c4f0a9_st_anatomy.obo_functional.owl,128997579,250649730,379647309
approximated_reto.regulation-of-transcription-ontology.2.owl.xml_functional.owl,13699512162,1.0805E+11,1.21749E+11
approximated_a74201dc-3c50-42e2-8a89-5876b71a4bee_Reblochon.rdf_functional.owl,22199364,8787162,30986526
approximated_84ba8a2b-96b1-4183-850d-ea84cdee4649_biotopcore.owl_functional.owl,20805794,19745723,40551517
approximated_4a74a4da-3c5d-4b27-bafa-84e59e8a6288_propMass.owl_functional.owl,185126147,243013531,428139678
approximated_00347.owl_functional.owl,952969696,195295421,1148265117
e99a3212-6a2d-49e3-b709-7a20e7436be7_ncbitaxon.obo_functional.owl,29049805985,59236155361,88285961346
approximated_84a1bc46-5aea-40a0-a6f7-52205cd63681_onto.rdf_functional.owl,21278003,6971826,28249829
approximated_cdd61ca7-4c7c-408e-9d4c-db5aeff2f37b_COSMOtop695.owl_functional.owl,292270166,518715180,810985346
approximated_kb-owl-syntax-coreference-IDs-km-relevant-cardinalities.ofn_functional.owl,692335439,1628335021,2320670460
approximated_2a3b611a-3087-4369-8310-e4c9db83387f_geInferred.owl_functional.owl,17457226,6520870,23978096
approximated_170968b4-fbb3-476a-8b4e-3274efc91219_codprojects.owl_functional.owl,12120677,6324539,18445216
approximated_994f6f4a-eec0-417a-958b-0a24e1410e37_bibo.xml.owl_functional.owl,14416378,6140476,20556854
iceci.international-classification-of--external-causes-of-injuries.6.owl.xml_functional.owl,232645095,148064670,380709765
approximated_46ad6807-7f43-41a8-9d6e-4ca8c3f4a610_stor_logic.rdf_functional.owl,15902731,3706011,19608742
approximated_cf8f56a3-7872-4998-aaef-8ed816de3a11_Daas.ttl_functional.owl,16472721,3724222,20196943
approximated_aebb458f-0a91-428a-bfa0-104dcf5f73c3_opPressure.owl_functional.owl,132602714,242480786,375083500
approximated_5c85b04a-3db2-4612-b503-0d2417bbab87_lifecycle.owl_functional.owl,19670033,1301801,20971834
approximated_c8f1b6d6-4c68-48b6-a094-954c94be71cb_pmltrust.owl_functional.owl,10824804,5766860,16591664
7f4b9d7a-544f-4067-84a9-bf5a911e36dc_laboration.owl_functional.owl,21673665,31233592,52907257
approximated_495968fc-a1ea-4b0a-a3c3-1d12940cec40_Behavioral.owl_functional.owl,11538113,3024392,14562505
approximated_0fd8280e-36ca-436d-bb23-e30ec8b3e0ec_ratotanker.ttl_functional.owl,15911850,3927234,19839084
approximated_1acfcb1c-58e9-463f-96de-005c21273db1_onstraints.owl_functional.owl,19898472,14210675,34109147
approximated_1865b687-4dd0-4330-9746-580771dc30ec_aching2007.owl_functional.owl,21412704,21362259,42774963
2588d1d0-2429-4c19-8bc2-2cbd0d361963_o_external.owl_functional.owl,33477507,70767721,104245228
approximated_omit.ontology-for-microrna-target-prediction.36.owl.xml_functional.owl,82707198,240734663,323441861
e51eab0d-b777-4011-93f7-8c9bc2f47332_sep.obo_functional.owl,16188515,12140698,28329213
approximated_0e841093-7784-4345-a8eb-22b899d8db68_tension_02.owl_functional.owl,86241913,125546906,211788819
approximated_kb-owl-syntax-unraveled-depth-4-km-relevant-cardinalities-triggers-constant-classes-relation-axioms-value-nominals.ofn_functional.owl,367729267,871571106,1239300373
approximated_82edd984-ed62-4de8-aa7e-41fdabff37be_Post_box.rdf_functional.owl,15524688,3652750,19177438
approximated_599cd37b-42a8-4d9e-aad5-90f174dcc0fc_Gabion.ttl_functional.owl,15700441,3749429,19449870
approximated_6bb1a5cf-d393-4da7-94c2-9fb640017c46_ogy_Ver2.1.owl_functional.owl,14929650,7560218,22489868
approximated_30e0cd0a-eb2c-4f0f-a022-c7fa606192ba_x_Slipcote.rdf_functional.owl,16801589,3859447,20661036
approximated_e2eb4462-3769-4ba8-851a-9291b88318fd_mHydroBody.owl_functional.owl,135221713,212499337,347721050
d31441b3-cff1-4d00-8182-e745c2604119_enceaxioms.obo_functional.owl,223821976,88753100,312575076
approximated_896c66df-2415-4e7a-8a3e-aed1f56be49d_ine_roller.ttl_functional.owl,15471766,3671954,19143720
approximated_f872b728-b9ad-4825-af03-2ba561a38dc7_PaulFisher.rdf_functional.owl,17162354,3196679,20359033
approximated_98ecf389-3963-4e11-98c9-16323148aa90_ading_card.rdf_functional.owl,9206796,3674710,12881506
approximated_15a2b8ca-96c2-4551-b4ac-d422911c7dec_imensional.owl_functional.owl,142937997,211224055,354162052
approximated_kb-owl-syntax-unraveled-depth-3-triggers-constant-classes-value-classes.ofn_functional.owl,404700675,953078298,1357778973
approximated_0d81873b-1e09-4a12-bee6-8a4d224193bf_Place.owl_functional.owl,14428100,10071897,24499997
approximated_c6896aeb-c555-4713-8641-17a2fbb3aa44_ectrometer.ttl_functional.owl,14067104,3736568,17803672
approximated_f4cd12a3-7a3b-4657-8da8-c7d6b2e60149_rial_thing.owl_functional.owl,19495718,14486883,33982601
approximated_ab535d22-08e3-41cd-96ee-9875bf00acee_ndaryLayer.owl_functional.owl,132406634,210688610,343095244
approximated_5a91bff0-d336-40c8-8e8a-a71ae57b72a5_ModuleType.ttl_functional.owl,38377314,24782792,63160106
f421198a-9aa0-46a6-a550-bf0aea21e5f3_fred.ttl_functional.owl,12458178,3453624,15911802
approximated_kb-owl-syntax-coreference-IDs-constant-classes-relation-axioms-value-nominals.ofn_functional.owl,609659007,1737355108,2347014115
approximated_f36d4ec6-a13c-4127-bd31-69a43b5c7665_Gear_shaper.ttl_functional.owl,14201974,3978764,18180738
approximated_9719e8d6-66f7-46c9-a9e4-7b99371917b0_eTimeCycle.owl_functional.owl,145660004,254538438,400198442
approximated_4f01a6bb-06df-4c2c-bcb8-5f6de105494d_onto.rdf_functional.owl,17402281,3732429,21134710
approximated_50cd8953-46c1-49ea-971b-c94e01d76453_envo.owl_functional.owl,50636725,116184677,166821402
approximated_e40fd5b0-e4f4-4e03-99fc-1d9da32e5576_Pentium_4.rdf_functional.owl,15628422,3697362,19325784
approximated_0b8c067e-8ee2-4613-9f0f-6dd7289a1761_onto.rdf_functional.owl,17193788,4864889,22058677
approximated_8266aead-9347-4705-b866-767ad704739a_Transistor.rdf_functional.owl,10100792,3678024,13778816
approximated_00768.owl_functional.owl,181846066,467002196,648848262
approximated_00fec224-5de9-4f5c-bd58-6fe5903fc3a0_gilcore.owl_functional.owl,15238450,5723225,20961675
approximated_991f1fd9-75dc-4e51-bc99-3455a43113c0_portal.owl_functional.owl,12428504,3905368,16333872
approximated_26c2fb29-e3ed-4e29-993a-6c8c59adaf29_Dampfnudel.rdf_functional.owl,16210400,3817962,20028362
approximated_13a9c1ef-0275-4d68-b711-6be1f2b9cf0e_LCA.owl_functional.owl,21172683,4320471,25493154
approximated_a2be798f-1785-48d4-b3a6-83ddcca53e13_dergarment.rdf_functional.owl,11804718,4049806,15854524
2b827424-99bf-4363-b9c2-57bb0d0448db_se_anatomy.owl_functional.owl,78394606,178207246,256601852
approximated_fa00daff-4134-4ab3-a650-2637ad75448d_ataService.owl_functional.owl,132240346,213917059,346157405
approximated_stato.statistics-ontology.10.owl.xml_functional.owl,39281694,71187277,110468971
f30cbd74-d9fb-45da-aca0-051bc9d941af_s_xp_chebi.obo_functional.owl,208997008,123437674,332434682
approximated_17198308-e25b-43a6-a268-b4be0be90fbd_mesur.owl_functional.owl,14073473,4019471,18092944
approximated_a120a9a3-2785-42d2-88ea-08803a1a8756_ho.owl_functional.owl,9973464,7353044,17326508
approximated_09f55a6d-f998-4d50-9dcd-9a52becf7e24_ana_Padano.rdf_functional.owl,16555227,3796246,20351473
3fb3f449-8d07-463e-94eb-e68182a27b0a_Airport.owl_functional.owl,14140064,2310068,16450132
approximated_664570f4-60f3-4d88-bda7-0cd62bc4bd82_Bath_brick.ttl_functional.owl,15632993,3720907,19353900
approximated_09914f1e-6fd5-427f-9e3f-2daca46fe40a_Air_knife.ttl_functional.owl,19598067,3798481,23396548
approximated_00676.owl_functional.owl,84530889,182201776,266732665
approximated_kb-owl-syntax-unraveled-depth-1-triggers-relation-axioms.ofn_functional.owl,437437555,1070081839,1507519394
approximated_6ae48d7c-d89e-4b52-97e2-f941154cb238_eet_potato.ttl_functional.owl,108301465,3997620,112299085
approximated_14a753bc-cdf3-4170-830d-de8f872eafef_FAO.owl_functional.owl,9550742,5099223,14649965
approximated_907e6bed-2454-4f38-9c9c-32d55f4bd2ea_paperdyne.owl_functional.owl,13221402,5108126,18329528
approximated_4415a96c-f4f0-441e-a29b-15d588c4fef1_ects_scale.rdf_functional.owl,15021578,3765758,18787336
approximated_e7166fe2-89f7-41d6-ad09-063a3ff697b8_TFSem.owl_functional.owl,9114990,2641256,11756246
ehdaa.human-developmental-anatomy-ontology-abstract-version-1.6.owl.xml_functional.owl,179862579,131970000,311832579
approximated_2d5e0d6c-02a2-4a99-abdb-85128360c56f_school.rdf_functional.owl,200283126,12104985,212388111
0dd9e56d-b675-4895-8bd6-feedbb8a8a79_to_anatomy.obo_functional.owl,273155896,149388139,422544035
approximated_3fdb6397-033d-453f-ba21-f97bc45af81b_Rivet_gun.rdf_functional.owl,112876448,4034263,116910711
approximated_5b18b5b0-4bb4-4803-84d7-148e7fd3e831_Mahimahi.ttl_functional.owl,41908057,3775287,45683344
f26dafc8-8b11-4364-adb6-ad36b1f39cb0_r_anatomy.owl2_functional.owl,93262136,41185834,134447970
approximated_ed13591f-1fc4-4efe-91f6-cf46fcd54c91_.1.1public.owl_functional.owl,124962477,21417786,146380263
approximated_f9e14cd6-1656-446a-94a3-0a38ee9f9301_PaulFisher.rdf_functional.owl,98615143,3161044,101776187
b335c79e-a2bd-4815-873f-981b8f676848_slim_yeast.obo_functional.owl,16077514,14058539,30136053
approximated_f756525d-84cc-4074-8c05-45f71d5d6f4b_rmodynamic.owl_functional.owl,243604370,252460424,496064794
approximated_kb-owl-syntax-unraveled-depth-0-disjointness-triggers-constant-classes-value-nominals.ofn_functional.owl,523513068,857273096,1380786164
approximated_639f93c2-4790-4bb8-9c48-48f9d8a1f186_Chimay.rdf_functional.owl,22186639,4801074,26987713
approximated_98837d5d-01cf-4d96-97ca-f526e8559e90_humanEnergy.owl_functional.owl,74842917,136303340,211146257
approximated_0242873d-6fd1-4915-ba36-3ce80ed8d0cb_Lebkuchen.rdf_functional.owl,24495316,5015495,29510811
approximated_6512da50-3f93-46d2-a509-7366ccdbd0be_troGeodesy.owl_functional.owl,63710611,125319797,189030408
approximated_9c964061-f137-46c6-acb9-0ece380220f2_EventMatch.owl_functional.owl,14946286,1830670,16776956
approximated_960f8c54-476a-4116-b3a9-cd40f2c59b44_Geometry3D.owl_functional.owl,138140451,245025915,383166366
3cd88744-f28c-4897-9412-3c21b68fb8c1_ballPlayer.owl_functional.owl,20454007,2488017,22942024
approximated_285084ee-f908-45da-9824-b3339dd50de8_l_anatomy.owl2_functional.owl,13617084,8619453,22236537
approximated_4baf98c2-3c91-4c13-bb50-e9b38090dcfc_mIndicator.owl_functional.owl,68018564,132545129,200563693
approximated_8b21fb83-74fe-4ae7-901a-979c396be44a_Tool_stone.ttl_functional.owl,16670891,3667653,20338544
approximated_0eb05980-521e-47a3-9f38-b555c5548e36_ndaryLayer.owl_functional.owl,135106912,210780256,345887168
approximated_01059cc1-33c1-45e9-a400-2bd097ea01fd_PPIO.owl_functional.owl,378415479,122166100,500581579
32b48965-bbc5-4d76-9396-728af3ea2366_University.owl_functional.owl,16775020,3239511,20014531
approximated_0acdf7e5-cecf-4edd-941b-a63b60285b8d_EnergyFlux.owl_functional.owl,132584901,212970706,345555607
approximated_3e79e04b-41a4-4be3-a258-a2b7c1961908_compute.owl_functional.owl,25898353,8690885,34589238
approximated_cbdccc62-17e9-4213-afaa-d6f2fc185561_aptamerbase.owl_functional.owl,11145763,5038077,16183840
approximated_d50ebc4f-490b-42d4-8d0c-deed45aca198_mathweb.owl_functional.owl,18000896,6007537,24008433
approximated_dc5f955e-2cce-4045-94e9-a005e287a311_doc15.rdf_functional.owl,25888327,18196418,44084745
approximated_a75d8e57-fe4d-4d01-9092-52a76d7dd477_onto.rdf_functional.owl,17191997,4876848,22068845
approximated_2f71498d-7620-4974-939c-37fac33bc3dc_biolEcology.owl_functional.owl,32072441,47967072,80039513
approximated_0f4e0e90-6914-428d-a375-d27028709364_Tractor.ttl_functional.owl,12094270,3711973,15806243
approximated_c49f2efd-2f40-422b-9fc8-d89b4865dc85_SoftOnto.owl_functional.owl,12702113,6449446,19151559
approximated_f32003be-efe2-4358-b1ee-8ee56c2f1608_a4Integrin.owl_functional.owl,52372425,9512561,61884986
approximated_a9fd0d61-3ac5-42fe-82fa-dedb4e3f043c_ure_switch.rdf_functional.owl,14740439,3740529,18480968
approximated_36853265-dc25-4b32-9aec-ef9314603169_smallscale.owl_functional.owl,13405594,11764464,25170058
approximated_idobru.brucellosis-ontology.41.owl.xml_functional.owl,99559044,195506125,295065169
approximated_207569ea-5ee1-409c-b66e-c85845ee84b8_Kesong_puti.rdf_functional.owl,14745885,3770844,18516729
approximated_a674bc3c-b761-415e-9413-6ee7165338f0_OPMWv2.1.owl_functional.owl,7538394,6993067,14531461
approximated_a5b6f7fd-bfe2-4289-a17e-59203a8a4c9b_use_Cheese.rdf_functional.owl,13964694,3705262,17669956
08fc4b78-455f-4ee3-a8a6-4ff94288ff40_ish_label.rdfs_functional.owl,19062709,2979412,22042121
approximated_ed9fdead-5a93-461f-8e80-cbc3d7b30df9_ecrm_111201.owl_functional.owl,22220822,20970394,43191216
approximated_ac2a136a-0372-46af-9f6f-96366e1938e1_cientifico.owl_functional.owl,20660596,8976773,29637369
approximated_c35355a2-3335-4e3f-be68-9b35db6027aa_codtools.owl_functional.owl,19661069,8798577,28459646
approximated_6a5fa684-80c8-4156-9533-8b1ecea7ddfd_Exocet.rdf_functional.owl,14924294,3753561,18677855
approximated_106077dc-cb7c-47db-ae8b-ba4aebf95bdf_onto.rdf_functional.owl,15139159,3689997,18829156
approximated_5527f5bb-712c-4bd8-90e8-a9b5c41e2390_TimeSeason.owl_functional.owl,144969530,245371820,390341350
ceea6c1c-80d7-4549-8268-140dae9d5a81_NIFQuality.owl_functional.owl,16265273,7724931,23990204
approximated_580a20b6-6bb6-4c16-a768-0a59bd931cd0__functional.owl,8584614,4255741,12840355
48efbee9-26c7-4142-8f2c-6ea556331652_ombeentrez.owl_functional.owl,178056970,118759493,296816463
approximated_kb-owl-syntax-unraveled-depth-1-disjointness-constant-classes-relation-axioms-value-classes.ofn_functional.owl,762569796,1650460303,2413030099
9719991a-1f5c-4af3-a9ad-5c1629157f56_NIFChemical.owl_functional.owl,13842888,6406686,20249574
5e6909e0-5994-40c9-afd9-af0b23e59e7f_ck_anatomy.obo_functional.owl,30858379,49194205,80052584
approximated_46767b45-e251-4e77-881c-1f30526983ee_eco.obo_functional.owl,20970794,22458856,43429650
approximated_b81f053b-a825-4176-bfd7-f8a926fa9fe8_Gobstopper.ttl_functional.owl,17107282,4089530,21196812
approximated_kb-owl-syntax-unraveled-depth-4.ofn_functional.owl,334571673,823539270,1158110943
approximated_44f045de-1a16-423d-89f9-2c95375cd38a_cdao.obo_functional.owl,10075997,8687809,18763806
9c2702c4-137e-43b2-bd55-8dca98b1c8c4_KategorieSamen_functional.owl,9662834,911868,10574702
approximated_4cdf4085-2979-461a-ad46-948482e01bfb_tprimitive.owl_functional.owl,11848799,5103839,16952638
8c007d70-27aa-4110-b1d6-6b54d35408da_mbepanther.owl_functional.owl,96767082,183233897,280000979
approximated_aa5aa000-f279-4124-92e5-f6dd95a4cbf9_deAnalysis.owl_functional.owl,33841136,41785642,75626778
approximated_4c6de755-0ef9-4289-b253-3da44d8509c1_oVAX_78032.ttl_functional.owl,10175147,3710986,13886133
approximated_71ba2fb6-7e7b-4aee-980d-074268e3886b_llusmerged.owl_functional.owl,2413539732,6257811695,8671351427
approximated_61656dce-a2a8-4db8-8ae2-a039887b1949_Stuffing.ttl_functional.owl,97357338,4542514,101899852
approximated_50b8e1ae-45b3-4692-bbfd-f192bed98cba_emoDevices.owl_functional.owl,49117976,19288479,68406455
approximated_c8463f52-c55a-4462-a2df-1af61ab0ceac_phenCycle.owl_functional.owl,143033385,245135398,388168783
approximated_2b16432f-306c-404f-98ea-9212c2c60b8b_Rebar.rdf_functional.owl,13603950,3762273,17366223
approximated_b42c4eb2-3eda-43a0-854b-72f1b4db3b3c_ataProduct.owl_functional.owl,134492637,213286947,347779584
approximated_91a63ab1-1dbb-4d9d-9b07-11d6a26102ac_foaf2lmm.owl_functional.owl,38399358,44576268,82975626
approximated_4c19259b-3cb2-4b07-b2c4-1e6034ac964b_geometry.owl_functional.owl,71001678,94064827,165066505
approximated_29d91aea-9dc9-4d98-ae33-aa89db87f997_tmo.owl_functional.owl,29595581,19242248,48837829
approximated_09e654cd-a5de-4703-a784-6e8f2ad6b833_080901_424.owl_functional.owl,30468418,21885315,52353733
approximated_00333.owl_functional.owl,9860131,5733537,15593668
approximated_3d8119af-42a6-4a2f-b9a7-53e161251efe__a_service.ttl_functional.owl,19172914,3781754,22954668
approximated_dc8919da-348e-4b43-a79d-8c9817330765_gyontology.owl_functional.owl,14060729,5477425,19538154
approximated_2bd17739-f02f-45f5-9ea1-c899569c0dbb_ment_valve.ttl_functional.owl,12056564,3826993,15883557
approximated_7ebff242-76b1-4973-8aba-141d43f52e69_I_original.owl_functional.owl,25083003,53350366,78433369
approximated_4b342740-6c1a-4d7c-96cc-7b3c289378e0_Zener_diode.rdf_functional.owl,11720522,3677462,15397984
8597cc9d-4937-4653-8ec5-619edc771a04_nnotations.owl_functional.owl,3789196306,3325106636,7114302942
approximated_8bf64e5e-ba17-4f33-be88-c38da746f3d5_eThickness.owl_functional.owl,147907808,210619139,358526947
approximated_863c7655-1bb2-4e0b-8809-1bc79945dd49_phenBiol.owl_functional.owl,127030627,212575805,339606432
approximated_2a61bd01-1ece-4645-b73b-d716937eac1d_Cheater_bar.rdf_functional.owl,11448851,4168443,15617294
0eeb885b-e5ba-4ca5-a978-387136e8582e_sCharacter.owl_functional.owl,19987133,2185357,22172490
7655d47f-0733-4adf-9b66-b58365668847_t_ontology.obo_functional.owl,64561331,129910881,194472212
approximated_5dd4521b-d200-4f2a-b86c-fd2e8f0ef2a9_is_elegans.obo_functional.owl,6203760807,11187634172,17391394979
5825782a-34f3-4b04-8776-6ea76c798da9_phOntology.rdf_functional.owl,113779003,9847257,123626260
approximated_aero.adverse-event-reporting-ontology.45.owl.xml_functional.owl,116556112,33016447,149572559
fc9d0e03-04c3-455f-b15c-90d98cf06bf0_OID_import.owl_functional.owl,108886863,9310325,118197188
approximated_e9d52528-ebdf-432c-856b-37150f9c0a9d_morphology.owl_functional.owl,220351843,245723426,466075269
approximated_afb97597-3450-4c7d-9d7e-d443c81ea413_SKOS.owl_functional.owl,15011980,3960956,18972936
approximated_3bfb45e9-05bb-427b-954d-f4e2dfa75569_ervo_valve.ttl_functional.owl,17753977,3747876,21501853
approximated_674f39d8-fe7f-4bb6-b866-bdb6abc6ae90_functionssmf_functional.owl,18282299,11814803,30097102
approximated_43d8439b-7919-41cf-b08f-ae91f9c6de05_ictablecomplex_functional.owl,15089020,20664837,35753857
14bfdf8c-dadd-47fe-8327-27bcdea45086_dantmodule.owl_functional.owl,25171327,17279246,42450573
approximated_891fa709-84fe-49c0-8fab-7dab7c4d0ad9_Alpha_21064.ttl_functional.owl,19796808,3658619,23455427
2fcb0756-c87f-4f0b-8355-8acc7cd69269_iev.owl_functional.owl,148159814,388199219,536359033
approximated_393a5581-e415-43d9-8479-cbe2588fec5f_ane_cheese.ttl_functional.owl,10307470,3997401,14304871
approximated_kb-owl-syntax-coreference-IDs-km-relevant-cardinalities-constant-classes-value-nominals.ofn_functional.owl,609281528,1679267155,2288548683
approximated_6e218716-a734-4e5b-8ed4-d07879620dd9_p_proofing.ttl_functional.owl,13557368,3712981,17270349
approximated_3d8863c0-65aa-43b1-b550-a1d217896f63_Bappir.rdf_functional.owl,12862499,3818902,16681401
approximated_ontodm-core.ontology-of-core-data-mining-entities.3.owl.xml_functional.owl,41762152,77762760,119524912
approximated_b7c19a22-c91c-4b51-894a-d8a8a3d2a7c0_cl.obo_functional.owl,305699975,793295913,1098995888
approximated_d8ddc3bb-c101-46ee-81df-3e3b9c8cf3dc_ethodology.owl_functional.owl,140134901,246209383,386344284
approximated_0a2b3ab2-770d-4c14-a82c-d5a4d6da3bdb_d_Wide_Web.ttl_functional.owl,13486735,3890622,17377357
approximated_5aefe725-3cc6-4c01-98eb-7a5f16860974_Tire_iron.rdf_functional.owl,19278496,7926354,27204850
approximated_58bd922d-e9f3-4388-8834-7e1892b021b5_Friulano.ttl_functional.owl,13463061,4542110,18005171
bno.bionutrition-ontology.2.owl.xml_functional.owl,32333288,5226162,37559450
approximated_3acaad82-84a9-414a-be12-2e5e08a0d60d_Ricotta.ttl_functional.owl,12168366,4204610,16372976
approximated_296fcd09-c2ae-4cb3-a01d-96d0e37d965b_Intel_i860.ttl_functional.owl,14532409,3772011,18304420
approximated_kb-owl-syntax-unraveled-depth-3-km-relevant-cardinalities-constant-classes-value-classes.ofn_functional.owl,378842720,944843721,1323686441
ce977bc4-162f-43f5-8d92-97ad4324beb8_us_anatomy.obo_functional.owl,125225915,254612531,379838446
approximated_00423.owl_functional.owl,34239772,66543091,100782863
approximated_01db31b0-cbc3-46d9-a834-538730e40074_units_functional.owl,14902664,4046017,18948681
a5fa762b-9cda-49df-be5b-2386ff07f807_onto.rdf_functional.owl,12479617,1701191,14180808
approximated_7d979e93-ae34-4c08-96db-8bb55509b95f_uniprotpro.owl_functional.owl,618472266,1775201394,2393673660
approximated_3380b2f9-77e3-47a0-b9eb-3c0591c691b3_ngineering.rdf_functional.owl,16926995,3765322,20692317
approximated_4dddcf90-8663-457f-8f24-0599d11f02d8_record_v11.owl_functional.owl,15783613,4586847,20370460
approximated_0f250156-cfcb-4e04-9b05-e4c660308cf5_Xeon.rdf_functional.owl,14333069,3858929,18191998
approximated_2d340673-6179-4f6f-8415-4e56c56ad05f_realm.owl_functional.owl,127804297,209485706,337290003
approximated_603934cf-3525-46e1-893c-c6c287001926_uaAirlines.owl_functional.owl,20835631,14955031,35790662
approximated_e9c27822-3ba6-4558-bb8e-0d87561f3210_ontosem.owl_functional.owl,396156855,462992607,859149462
approximated_1fc7a3d9-d4a1-4a33-acab-d31d18a467c0_Long_black.ttl_functional.owl,13410616,4042055,17452671
approximated_kb-owl-syntax-unraveled-depth-3-km-relevant-cardinalities-disjointness-constant-classes-value-classes.ofn_functional.owl,646919675,1544948799,2191868474
approximated_8ee9e142-133c-4225-9788-6913cb83ee82_Surge_tank.ttl_functional.owl,15880129,3732279,19612408
approximated_031f2799-b0c9-4822-b4d3-999886b06ed1_thRelation.owl_functional.owl,139529022,213309292,352838314
approximated_f9718cf9-3e46-45d5-a26a-3979c83525a8_ogasterMOD.obo_functional.owl,1610132722,3753266918,5363399640
cc00f2b7-029e-49bc-adc8-8fd25538b524_classes.owl_functional.owl,37444677,34142010,71586687
approximated_c2291000-2af3-4a0c-88b2-9ea30591e4ee_itt_Me_262.ttl_functional.owl,10219793,3738270,13958063
approximated_1842669d-dac1-476e-8420-1bbfcbbe8222_Telemea.rdf_functional.owl,10911792,3939092,14850884
c40d44e6-7aad-474a-b2fc-391d11f1e2d1_gyVersion2.owl_functional.owl,16544330,7223805,23768135
approximated_47368107-7c3e-4b75-b50f-e6f87f8ea622_ncbasic.owl_functional.owl,16841382,4419048,21260430
approximated_kb-owl-syntax-unraveled-depth-0-disjointness-relation-axioms.ofn_functional.owl,364467325,810109436,1174576761
approximated_31c5066a-681b-44ff-8926-248592d7aaf2_tal_camera.ttl_functional.owl,12768365,3821880,16590245
approximated_6ef4a0de-f8f3-4cb6-b2b1-e6bf13a11593_ndiesSiteA.owl_functional.owl,10049477,3744938,13794415
approximated_ado.alzheimers-disease-ontology.3.owl.xml_functional.owl,53116521,113832505,166949026
approximated_bfbc9517-dd62-4543-83e9-999f8ecbf61e_mathserve.owl_functional.owl,14742960,5837593,20580553
1967e658-3262-40ad-91d3-ba9751d10c2a_SBO_OWL.owl_functional.owl,17869734,28490131,46359865
approximated_73c6f6db-61df-4090-8cea-774ac1591950_Pollock.rdf_functional.owl,14973082,3905507,18878589
approximated_ae700783-512e-4c27-8c8e-d7793331db37_mmodore_16.rdf_functional.owl,12008942,3780599,15789541
8af73d79-ad63-41a3-bfa2-b890f45f1f92_s_musculus.owl_functional.owl,737178091,1269984904,2007162995
approximated_1e55d681-a13e-49db-b995-d1438007c648_y_taxonomy.owl_functional.owl,127026042,345870369,472896411
approximated_0ca7c39f-79f8-4e4c-b723-d5573570cf83_BILA_functional.owl,16847161,6450804,23297965
9826a540-894b-4881-aa4e-c11497212ac1_NIFQuality.owl_functional.owl,18207594,6581452,24789046
approximated_311e1ba2-5c62-4420-b580-ac349621ac99_Bebinca.rdf_functional.owl,12234186,4173287,16407473
approximated_0cf0d064-2010-4eaf-b681-52408c75f699_nd_compass.rdf_functional.owl,13086430,3660087,16746517
approximated_kb-owl-syntax-coreference-IDs-disjointness-constant-classes-value-nominals.ofn_functional.owl,923015834,2115556454,3038572288
approximated_00430.owl_functional.owl,28219681,26535834,54755515
approximated_cbo.cell-behavior-ontology.19.owl.xml_functional.owl,15914377,12378345,28292722
approximated_d8c15731-6b95-4060-a08e-56f25cec2d7d_Crossbow.rdf_functional.owl,14241871,4101350,18343221
approximated_229f3a92-f4b8-4716-a693-362c7f8533ce_mvco.owl_functional.owl,9325531,4995577,14321108
approximated_0f6d7a09-5bf1-4b93-9201-1ee965ad9a57_MPATH.owl_functional.owl,25555168,40570108,66125276
approximated_00695.owl_functional.owl,214493316,518757848,733251164
approximated_6e3b5138-367b-4f76-869a-3996c8b99676_adolena.owl_functional.owl,17657804,11493177,29150981
approximated_17b81583-6e9c-4953-b50f-28707173f341_opRotation.owl_functional.owl,134410540,210579001,344989541
approximated_kb-owl-syntax-unraveled-depth-4-cardinalities-triggers-constant-classes-value-nominals.ofn_functional.owl,383164725,931135909,1314300634
approximated_34db17d6-6655-4edf-b2f9-c77e0df82597_Telephone.ttl_functional.owl,18387324,3683194,22070518
3289239e-0506-463d-b003-1249cf0dcbae_go.obo_functional.owl,2004615178,4549032955,6553648133
approximated_genomic-cds_rules_full_demo.owl_functional.owl,3673801625,6571341803,10245143428
approximated_1ead5da3-6f7b-4032-b831-14af99931ab8_Dress_boot.rdf_functional.owl,63306150,4810638,68116788
approximated_a8cb3afb-aba4-4dd3-80fb-eb601633f567__promoters.rdf_functional.owl,196362758,27846861,224209619
approximated_31c5f3b6-d14d-4252-8141-4c19e33d8a40_lic_system.ttl_functional.owl,121981863,3673705,125655568
approximated_59709896-ede9-4d92-bc33-7ab59044fbfe_ale_cheese.ttl_functional.owl,11803792,3765475,15569267
approximated_64afedad-cac1-42a6-a3bd-e9aa5b3d5c39_Brigadeiro.ttl_functional.owl,16481535,3810083,20291618
approximated_a0894bed-76f7-44e4-a7f6-96a8a8f0ede5_nge_roughy.ttl_functional.owl,18815919,4280744,23096663
c4b23a8d-22ae-4b27-853d-17e32101b086_sh_anatomy.obo_functional.owl,670900577,548602332,1219502909
approximated_44648262-a637-4adb-b5b2-92eb310e9f3c__heat_pump.rdf_functional.owl,17950202,3642646,21592848
approximated_ea5fefc5-97af-4b48-a58a-62306ea2b3ab_reprMath.owl_functional.owl,133219667,231330459,364550126
approximated_069ccd48-4a1d-4661-9113-e79b1b723425_emillelink.rdf_functional.owl,32650729,65195992,97846721
approximated_60ca4e0a-621e-4ddf-a995-6924b6f95b46_nline_game.ttl_functional.owl,9511747,4083745,13595492
approximated_00666.owl_functional.owl,54519767,111378482,165898249
approximated_3be96473-de91-4a96-9207-51bbf92d3ed5_txa_cheese.ttl_functional.owl,14820221,3705424,18525645
approximated_00445.owl_functional.owl,29883063,66338992,96222055
approximated_5283fea6-7cab-4772-939d-66ad4b20da31_onto.rdf_functional.owl,11287052,4148433,15435485
approximated_4e7e0ba0-f565-4508-bfe5-e9c2d213ff87_Kefalotyri.ttl_functional.owl,7472636,3858495,11331131
approximated_b93606f6-11f3-429f-b291-7cc5cce403d5__dispenser.rdf_functional.owl,14485113,3701580,18186693
approximated_88ba0c56-f484-45ce-8f11-5af5217f499f_logia_nano.owl_functional.owl,17661094,17137792,34798886
approximated_00117.owl_functional.owl,120455540,295899653,416355193
approximated_00563.owl_functional.owl,29222245,51357026,80579271
approximated_edbbd162-3ec2-4c98-b42d-38c0687ab9a6__instances.owl_functional.owl,79202043,34820950,114022993
approximated_6deb0e3f-5252-48f0-a810-a30e906c14a8_Oyster.ttl_functional.owl,18492368,3737368,22229736
d031b3da-a264-4b5d-8860-8f56c3b5afbe_ogenechrom.owl_functional.owl,967285212,1998916927,2966202139
approximated_092fe55c-0dfd-492a-8a4c-53ec95b63613_Camping.ttl_functional.owl,19056112,3719997,22776109
approximated_kb-owl-syntax-unraveled-depth-0-km-relevant-cardinalities-disjointness-triggers-constant-classes-value-nominals.ofn_functional.owl,415518266,891041696,1306559962
approximated_0a2dcfe4-8eec-4d93-8c94-8a7883de2f31_notgalen.owl_functional.owl,117844148,293626812,411470960
4102e81e-32f4-449c-894b-6009d28635a0_cuspanther.owl_functional.owl,478807117,1231296157,1710103274
approximated_2fdaba14-741f-4af8-b196-b55ed54ccde8_Lamprey.rdf_functional.owl,79735758,3798060,83533818
approximated_003a9e4d-dc0d-4a9f-8629-56e88bfa49a7_prerelease.owl_functional.owl,223257822,500830157,724087979
approximated_74ea4163-7d5c-408b-806b-7d8f403334fb_Data_logger.rdf_functional.owl,21425349,3775631,25200980
approximated_490b734a-1c3a-4710-adf1-71ea4c494633_Basa_fish.ttl_functional.owl,16465250,3783719,20248969
approximated_0afc25c2-e722-43ab-94d9-4551fe4ebd40_Isinglass.rdf_functional.owl,19239205,3870494,23109699
approximated_1bd640c1-ccf5-4910-9673-9abca79febf7_cmmi_test1.owl_functional.owl,53048125,36838377,89886502
approximated_c4a7c4bc-3e08-4d0a-aaeb-24235278ee63_Mackerel.ttl_functional.owl,16407949,3805984,20213933
approximated_7823ed6f-1ff9-4848-a1bb-df442af63a41_tion_motor.rdf_functional.owl,12662261,3671820,16334081
hrdo.disease-core-ontology-applied-to-rare-diseases.2.owl.xml_functional.owl,1985267424,6436895192,8422162616
approximated_12111031-523a-4101-af43-ee4aaede6696_n_citation.owl_functional.owl,19016924,6877322,25894246
approximated_6f8d8da4-05a0-4b90-b957-0660ec81d891_HPUX.rdf_functional.owl,13461223,3774742,17235965
approximated_d478ae5f-7d24-454d-af85-f5b75ea385b2_slocations.owl_functional.owl,139857604,53895556,193753160
approximated_0fb3d336-d85f-45bf-aaec-3aa003b1ee5c_Yam_naem.ttl_functional.owl,15525002,4701701,20226703
approximated_43e2c279-1a40-41cb-94ad-881e9009dabd_dtn.rdf_functional.owl,15512564,6473163,21985727
approximated_1046ab56-bf70-408a-b602-8761d5550983_Corsned.ttl_functional.owl,17596064,3695832,21291896
mego.mobile-genetic-element-ontology.2.owl.xml_functional.owl,17348574,22452650,39801224
approximated_00038.owl_functional.owl,482733288,1266960957,1749694245
approximated_96e38005-de86-4489-abc4-fc070983264a_evisiaeMOD.obo_functional.owl,837682434,1646904337,2484586771
approximated_18299bb0-022b-4554-8444-0e36f18befb1_elay_valve.ttl_functional.owl,15617736,3814723,19432459
approximated_3e5c1d53-63e3-498e-aae9-ac7bac02a697_Zurna.rdf_functional.owl,11928997,3730616,15659613
approximated_kb-owl-syntax-unraveled-depth-3-km-relevant-cardinalities-disjointness-relation-axioms.ofn_functional.owl,627635926,1355194266,1982830192
approximated_00320.owl_functional.owl,29292388,16409508,45701896
approximated_9af620fb-9151-405b-958e-acec07aec2f6_aeo.owl_functional.owl,22254724,17543039,39797763
c764ad3a-1d14-44d2-9a0b-8d6f756d53dc_e.obo.PREVIOUS_functional.owl,202450517,551060935,753511452
approximated_0b172dda-4258-482a-8831-9e7888b9d83d_ance_meter.ttl_functional.owl,17177974,3929396,21107370
approximated_305d8dbe-9da0-4ea7-9c7f-0ce2263594be_OExtension.owl_functional.owl,10507306,3396725,13904031
approximated_f8e0fcfb-a118-4de7-a7f3-16eddbf9901b_openpolis.owl_functional.owl,14537398,13803973,28341371
approximated_2448030a-c6c4-43a4-9b0f-33fd2a4c7675_aff_cutter.ttl_functional.owl,11130989,3667922,14798911
approximated_87dc5175-6c41-4132-a9ad-f7f21c47e836_sPrincipal.owl_functional.owl,15693594,10997407,26691001
approximated_04306095-ef26-4287-9c58-a289b229217d_ose_pliers.rdf_functional.owl,13192354,3870185,17062539
a95b968c-50a5-4639-becd-6b2427de49d0_p.obo.PREVIOUS_functional.owl,52139934,100061510,152201444
approximated_c9332edd-cdd3-4948-9769-6283cb839707_sesAnatomy.owl_functional.owl,622959905,1179364130,1802324035
307b641b-02a7-4f31-a8f9-1f7fb924a998_ficeHolder.owl_functional.owl,19729252,3011709,22740961
approximated_08d80cb8-643e-46e3-a3ef-00bf731a9dda_al_process.owl_functional.owl,605026459,1697513168,2302539627
18ac135f-1808-4448-b05b-9802751af468_en_protege.owl_functional.owl,401618598,905624705,1307243303
d5934fcd-bb87-4536-95be-e43a80c71ed3_taryPerson.owl_functional.owl,10743764,909005,11652769
approximated_2f7676ef-9dca-4b07-8c1a-6f4898e887e1_Pretzel.rdf_functional.owl,13875966,4131111,18007077
approximated_a62b59f3-7f43-4ee7-a402-91d01e363f68__functional.owl,12243296,3359055,15602351
approximated_fb56662b-9c2d-437c-b77a-ad131af3984f_eAndPetsv1.owl_functional.owl,13147136,4474477,17621613
approximated_7f50b973-bdac-44e2-87de-03dd099a8d1c_Person_n.owl_functional.owl,16211229,7744836,23956065
approximated_1081a8b2-87f9-4926-bcce-b487fb51a53d_genialink.rdf_functional.owl,31751851,52113354,83865205
approximated_cheminf.chemical-information-ontology.32.owl.xml_functional.owl,68415182,52499972,120915154
approximated_8218391b-dbee-4b48-a928-6d66c6aa1f91_mets.owl_functional.owl,57671406,124661462,182332868
approximated_b3fcafc0-48c3-487e-bbab-240f1eedb1ad_modore_PET.ttl_functional.owl,15173934,3845491,19019425
approximated_00626.owl_functional.owl,49427360,110093450,159520810
approximated_063367f5-0887-4133-9d5a-ae2c9ac0e738_Derrick.rdf_functional.owl,14552548,3810243,18362791
3299a769-a614-410d-8733-5883df30fd5b_bjectsOnto.owl_functional.owl,63763619,111456242,175219861
approximated_7167b21d-ccb2-40e5-9bf8-f67088eb5ac2_Groundbait.rdf_functional.owl,12740600,3917045,16657645
approximated_13ac556f-5d0b-40b7-a304-4f0948053136_pronto.owl_functional.owl,13396575,4019005,17415580
074906cd-79f6-4a9b-8d0e-bded0ff3ca48__phenotype.obo_functional.owl,187110841,556090781,743201622
approximated_4843c595-b613-4f1c-b868-700f40ac65b0_EHDA.owl_functional.owl,267677601,488047166,755724767
9053cdbc-d96f-4276-a28c-b1ccfaa4f8ef_e.obo.PREVIOUS_functional.owl,25053472,15027211,40080683
approximated_060cbcb7-a117-4f88-98d5-000b63503952_mplegraph3.owl_functional.owl,20952385,12659947,33612332
approximated_60a1efd0-8761-4124-a065-d56a717e851d_GUM3space.owl_functional.owl,25087534,19012492,44100026
approximated_7dd539c7-51ad-442e-9032-d3ff8ce36e82_database2.rdf_functional.owl,17551698,2927159,20478857
approximated_00112.owl_functional.owl,14002769,4155503,18158272
026f5d10-35d6-4928-97bf-7e74282f3e7c_velopment.owl2_functional.owl,17123746,21151984,38275730
approximated_0b42171e-54b8-4512-a701-353e3101ef0d_ed_circuit.ttl_functional.owl,14776800,3649894,18426694
approximated_03b60c96-68bb-42b0-8169-6fa000375e38_Vegetable.ttl_functional.owl,13753119,3938087,17691206
approximated_91609b4d-5feb-4fb1-a037-e10e64f63988_ip4.owl_functional.owl,21581130,10410930,31992060
436f91d8-60bf-47f0-9e2e-7721e235d651_ype_xp_anatomy_functional.owl,23760389,6431515,30191904
approximated_a381ed62-27e0-4615-acd1-68c579a6d253_imensional.owl_functional.owl,136155874,211623944,347779818
86e821ce-40cb-4208-b4ac-1737cd386470_chebi_roles.owl_functional.owl,70145775,7965480,78111255
approximated_3fff5653-93c3-47ed-b38f-3f8d5c926052_Breaker_bar.rdf_functional.owl,76396747,3724727,80121474
approximated_296eb952-8ecc-4845-8264-9975aa50bdae_Motorboat.ttl_functional.owl,12831903,3657413,16489316
approximated_3302f11b-ee9a-4f9a-9eff-514602240b05__Americano.ttl_functional.owl,14498422,3786710,18285132
approximated_3e605f8a-3a41-4db1-8863-466230d79b85_SensoComune.owl_functional.owl,8492350,4453485,12945835
approximated_c69953dd-79a8-47ad-8c48-c3b715d92e78_opMassFlux.owl_functional.owl,192364749,253199940,445564689
ff711536-f860-47a3-b518-5866d968bbe4_NIFCell4.owl_functional.owl,117151763,12922056,130073819
approximated_4fdfb9e3-c9c0-40af-8bbe-af0762973f20_ical_watch.ttl_functional.owl,94652494,3783011,98435505
approximated_368e85c0-ce61-4394-a576-716ab5e70950_Dragon_boat.rdf_functional.owl,14632590,3720142,18352732
51f827df-dfb7-4353-902b-71fb9d0cf665_prdfschema.rdf_functional.owl,67151922,37313102,104465024
eed3f51a-1a2b-415c-be9e-ad364ee155c0_egicustype.owl_functional.owl,602863450,1605486323,2208349773
approximated_d5d38ad2-3571-4cd0-8727-5337dfd350b1_cheminfcore.owl_functional.owl,22412095,19444917,41857012
approximated_2633991b-5035-4200-b859-9d200118d290_NLexOBOUBO.owl_functional.owl,67992326,143977840,211970166
approximated_5edb1d64-dcc2-40b5-8e05-268b3342e642_ing_cheese.rdf_functional.owl,16315308,3718740,20034048
approximated_2fa2be9f-354e-480d-b5bc-f3007770ecd9_Amiga_1200.ttl_functional.owl,11124805,3725547,14850352
approximated_12efdbc6-19a2-4a26-b31a-a6bb4510047f_LG_Corp.rdf_functional.owl,11165274,3796604,14961878
approximated_464f219b-60f2-4b34-8b20-223768c7cc70_Event.owl_functional.owl,15285090,8518923,23804013
approximated_7ddebe88-f2a2-4ec2-a0b3-a80167ae689d_NCITNCBO.owl_functional.owl,7490743586,13667770736,21158514322
approximated_00647.owl_functional.owl,688125914,2018433679,2706559593
approximated_51865a57-5c2c-4406-b89f-060877f8d074_rnao.owl2_functional.owl,41132735,62076726,103209461
approximated_76369f71-4541-4741-9e66-4b21ee9b6533_Orographic.owl_functional.owl,76524407,140587992,217112399
approximated_87961035-874b-4100-92de-2d86f9b970f0_ansensembl.obo_functional.owl,4516655943,9504480599,14021136542
approximated_9536a897-2a0a-4ec9-82d8-41213e2cecfb_aching2004.owl_functional.owl,30295942,21615490,51911432
approximated_60ca0241-5214-491f-a340-b23c591fb3a5_oss_BV_141.rdf_functional.owl,14444894,3735242,18180136
approximated_dd3ca919-f140-4613-bd78-6abe9eb97d65_Bench_hook.ttl_functional.owl,12391196,3700007,16091203
approximated_7035940c-2aaf-4ca7-8680-dd4f9643e695_Flugelhorn.rdf_functional.owl,14142826,3784980,17927806
approximated_kb-owl-syntax-unraveled-depth-0-triggers.ofn_functional.owl,127398518,336070875,463469393
approximated_00499.owl_functional.owl,217709369,856145215,1073854584
approximated_847536a4-61c1-4577-a00c-1707319678ce_que_wrench.ttl_functional.owl,17759200,4207411,21966611
approximated_00436.owl_functional.owl,435740823,1305877935,1741618758
1b6ebafe-3437-42da-8650-215b938298f3_n.obo.PREVIOUS_functional.owl,1658102931,3059603396,4717706327
approximated_fcb2b0ce-1ad2-4117-9b8b-2dd22741520c_icindustry.owl_functional.owl,25373562,2516969,27890531
approximated_8ee62619-f819-4151-bd4d-ffe86b775e2e_Sweto_v2_3.rdfs_functional.owl,16061880,5686971,21748851
approximated_352e1682-f871-41e4-a154-9f78d96ac730_Tailcoat.rdf_functional.owl,12008965,4005430,16014395
approximated_2073efb5-4b66-4d19-ab44-5e908d74be41_mmodore_64.rdf_functional.owl,16897944,6450404,23348348
approximated_9fbcd7d1-d371-414b-bc36-6ab7907803f5_complex2.0.owl_functional.owl,50020011,7272404,57292415
approximated_ac9deb80-34ab-4141-bd87-092b3a17666f_nker_brick.rdf_functional.owl,10067513,3811711,13879224
approximated_5642ea72-6fb5-4169-b0e2-3568990d6342_Horse.rdf_functional.owl,14959322,3813146,18772468
approximated_5987b4e7-4f22-4210-8e55-022fef67f5c6_GO_XP_ALL_functional.owl,2818539623,7627914211,10446453834
approximated_00173.owl_functional.owl,19839538,11798547,31638085
approximated_cd54649d-ae5f-48d4-a63f-43b3049ced41_phenStar.owl_functional.owl,142960525,276663349,419623874
approximated_c8e75ef7-a9e6-4381-bb91-48ede7206bdd_grid.owl_functional.owl,22287241,12044485,34331726
4f0f12fa-8589-4df6-a5a3-72eabdb4002e_ldisjoints.obo_functional.owl,15779107,2728314,18507421
approximated_6e99a4c1-f804-4bf4-b4ef-b3ac0c2cb75d_ground.owl_functional.owl,12519284,5055620,17574904
hl7.health-level-seven-reference-implementation-model-version-3.3.owl.xml_functional.owl,154310264,424265179,578575443
approximated_1b92bc83-0e2a-4f22-881d-5ab20991ddbd_iwn3.owl_functional.owl,144127767,5156795,149284562
approximated_15ff3340-c4cf-4b7f-bdf7-7522a74b6e00_igraphexample_functional.owl,122365063,7354860,129719923
approximated_ca0a4ff2-c0ee-434b-88ae-f11346b4acea_roedit.owl_functional.owl,96247694,4865060,101112754
00052.owl_functional.owl,809216373,1572873566,2382089939
7b3eab6f-a72b-4058-8b5c-6349564edaa0_KategorieAugen_functional.owl,18049394,789420,18838814
approximated_d452725e-4ac0-4527-b38c-ff71793cd53a_Domotics.owl_functional.owl,19844004,25915240,45759244
approximated_e4ab4824-7a57-4467-9ff8-1f759b223bdc_schema.owl_functional.owl,16388385,5162772,21551157
approximated_89704d84-2f95-42df-ac37-072a5669818b_olate_chip.rdf_functional.owl,18559422,4224051,22783473
approximated_ee870fe3-0975-4a28-a3ef-84d1a7e9c153_SSONTv1.1.owl_functional.owl,20410624,9620395,30031019
approximated_18450cba-caac-4604-8808-0c14213da547_common.owl_functional.owl,6885848,2094178,8980026
approximated_d0dd39d7-120a-44d3-ab0f-d669ceee0227_onto.rdf_functional.owl,11806659,5313653,17120312
approximated_6b1081f9-daf7-4edc-82f5-c09287f46faf_y.owl.PREVIOUS_functional.owl,21996081,32822974,54819055
approximated_00082.owl_functional.owl,47667253,27306955,74974208
approximated_7e3140c5-e039-4dbc-bfa5-70f41f16a705_DataFormat.owl_functional.owl,145960040,251515371,397475411
approximated_bb75e978-f1e4-450c-8e5f-dfdec6c93fb4_complex2.0.owl_functional.owl,19172850,31527801,50700651
approximated_56d2c5d4-3df1-4d9a-b742-7a53b8fe0607_nservation.owl_functional.owl,164081629,219648025,383729654
approximated_1576cad1-5f7e-4444-add2-3f8eca588c9c_serv.owl_functional.owl,24861928,7691283,32553211
approximated_a58fe998-2df2-426b-b54b-cafd7db29737_stateTime.owl_functional.owl,160664750,218141302,378806052
approximated_11317127-8ac1-41b8-9a8e-21c7db7429e7_bonic_acid.ttl_functional.owl,13477303,4112484,17589787
approximated_16ecf50c-8c60-446a-a6a6-f3912411d6c7_meGeologic.owl_functional.owl,35763033,24001977,59765010
approximated_4885ca19-899e-4531-af0b-98d610760fcb_musictest.owl_functional.owl,16481379,3839822,20321201
approximated_4e140e29-50ab-41f1-8bfa-71b708fcce77_dtn.owl_functional.owl,13346464,7210584,20557048
approximated_3bb52e64-f92e-42a3-b154-a36b5e516a15_Teacake.rdf_functional.owl,15529125,3769387,19298512
approximated_ab36ddde-328d-48cf-b1b7-da4fbeb7d64b_matrMineral.owl_functional.owl,134257470,213996717,348254187
approximated_369384e5-4f35-44d3-9c81-92d48a551387_t_detector.ttl_functional.owl,17298653,3681242,20979895
approximated_1451076a-7d20-4f5d-92ca-792370f38d10_Thyratron.rdf_functional.owl,10516751,3704642,14221393
approximated_00464.owl_functional.owl,11110162,12696898,23807060
lhn.loggerhead-nesting-ontology.2.owl.xml_functional.owl,19114694,17451950,36566644
21b33d6a-7b2a-422f-b918-cd3226fe9a74_NIFMolecule.owl_functional.owl,354276979,675991765,1030268744
approximated_d10849c1-e461-4c7b-af5c-9e7a2e71329f_sous_Abbey.ttl_functional.owl,15642325,3834800,19477125
approximated_40ac5328-6169-4ee6-8ef0-ba1ec4fb8d3e_munication.owl_functional.owl,11600659,7765355,19366014
approximated_d32dad88-4b33-4139-a5c7-ee4485d7f804_sal_Server.rdf_functional.owl,12871535,3730326,16601861
approximated_51cbcb0c-bc52-48d7-9c7c-658ee96c04be_Sour_Punch.rdf_functional.owl,17985440,3825524,21810964
6ef69223-ca60-4e84-9f06-3fb1117dc96a_lArtsEvent.owl_functional.owl,11760976,892450,12653426
approximated_9fa5de7c-50d3-4221-977b-77cf8f88e24c_DQontology3.owl_functional.owl,16821541,4288296,21109837
approximated_7b289877-3704-4d4f-9f2f-3aa73a2727cb_on_concept.owl_functional.owl,10662488,5585300,16247788
approximated_8170869f-e4be-46f0-9415-205a7c9b8d21_atmoWave.owl_functional.owl,111852946,206932469,318785415
approximated_e9e931e7-a391-48f8-857d-8f00afcda58d_ry_storage.rdf_functional.owl,12862770,4113399,16976169
approximated_1c0f3396-eb17-4207-8316-211c7ada48d0_Hatstand.ttl_functional.owl,12224878,3842174,16067052
40c33261-65fb-42b0-b39a-3e601e821744_onto.rdf_functional.owl,19191163,603550,19794713
approximated_925c6d6a-d8d5-459e-92a8-2768bcca5793_portal2.owl_functional.owl,13626627,3854385,17481012
approximated_34cb27d2-b73c-4192-9edd-e351e44e2ace_Kassler.ttl_functional.owl,9890392,3753374,13643766
approximated_ad2ddae1-1408-41ed-900a-34ee0c82fa5a_PA7200.rdf_functional.owl,14277735,3680174,17957909
approximated_27f12a7e-0d1d-4297-889e-63960ed3f375_Luchows.ttl_functional.owl,17502258,3680264,21182522
approximated_5d2b9832-d9b9-4d43-a7b6-6bf55dc71c49_phenSystem.owl_functional.owl,139653437,248462200,388115637
approximated_dermlex.dermatology-lexicon.4.owl.xml_functional.owl,323520482,325028036,648548518
approximated_1b7eceb2-0f3c-4424-a9a1-66897ec01f80_rosetta.owl_functional.owl,10827801,5490160,16317961
approximated_cf6ecb01-eae6-4e9f-a5d2-5b079fb1df22_opFraction.owl_functional.owl,130951868,216763535,347715403
approximated_44099301-0119-49b3-954d-a16e02101154_aco.owl_functional.owl,10946548,8897575,19844123
8bb52e11-6781-4057-b205-99c8f936b658_protlabels.owl_functional.owl,447485387,1304287905,1751773292
approximated_244eae00-749c-4222-9cde-0df767c3691f_wmsAll.owl_functional.owl,16535677,2851594,19387271
4cc694e0-4438-4338-b44e-76a73ac4dcec_dontology.rdfs_functional.owl,20165237,11596078,31761315
approximated_d79bd96c-a025-41d0-ab6a-97f127e1f878_adjustlighting_functional.owl,19817921,8532878,28350799
approximated_0745991e-1c33-4117-bff0-da28063e540d_Vest.rdf_functional.owl,14536507,4279202,18815709
approximated_kb-owl-syntax-unraveled-depth-3-km-relevant-cardinalities-triggers-constant-classes-value-nominals.ofn_functional.owl,395988564,896685910,1292674474
approximated_a6715b0a-493f-4725-a279-9fc6165a0f95_ty_service.rdf_functional.owl,13504660,3807053,17311713
636b2d5e-c136-4af2-84d6-f0ccabe86bd2_EbGdrcN5Y29ycA_functional.owl,8672387,1411962,10084349
approximated_88e50cfb-6c3b-4b8b-a7f1-d3f9bb63c750_tiger.owl_functional.owl,17279723,8728197,26007920
approximated_3b41d61f-2eed-492e-b116-6ae06c543520_astic_worm.rdf_functional.owl,14526185,3670021,18196206
approximated_ce90511b-f5fc-4443-973f-0480713acde4_risdiction.owl_functional.owl,130393494,215731215,346124709
approximated_4d2558d2-5baf-4902-891b-1d97481fce85_wine.owl_functional.owl,37981450,16465632,54447082
approximated_01412b45-9f6a-40bf-bf89-603b7566cfb4_edas.owl_functional.owl,41619609,9389922,51009531
approximated_84d573d9-2ee3-4520-b4c8-dce7db6e0fce_onto.rdf_functional.owl,15187216,5115445,20302661
approximated_163998b5-bf03-4ae2-b9c6-dbbd403bcacb_ero.owl_functional.owl,67431512,149097723,216529235
760c2417-5b65-498a-9fc8-bfa1e44c69cf_SUMO.owl_functional.owl,80473779,38423982,118897761
approximated_e8dc5b73-c9fd-46d2-a08c-2c635303d104_DO_XP_ALL_functional.owl,435952644,1306262905,1742215549
approximated_1bc1994e-8f01-4309-aacf-0a2913352aad_rge_cheese.rdf_functional.owl,13151644,3779505,16931149
approximated_e598a55b-6996-44c7-b414-1437b4ce8f5c_eanCoastal.owl_functional.owl,136754916,256571141,393326057
approximated_b562a442-aee0-4cd0-a0c7-bb2a69eeee8e_tmoWeather.owl_functional.owl,138573027,246965471,385538498
approximated_bda18463-f8a3-450e-82db-485d33657af2_oceanIce.owl_functional.owl,82057328,148771928,230829256
approximated_06b62081-f061-4346-880c-f38e9750d0ca_Apple_cider.rdf_functional.owl,10258794,4485006,14743800
approximated_66baba2d-3377-4e4b-ad61-ed4f5a0d160e_erted_sink.rdf_functional.owl,13412949,4090063,17503012
18b91e23-49c5-4ee6-b957-c4255e297bbd_emap.owl2_functional.owl,399072224,876054855,1275127079
approximated_cb19da73-046f-4468-9938-32ff459d2d59_odSystems.owl_functional.owl,95666012,22554517,118220529
74e5eade-f493-4aa5-a044-607514c0eb88_orieBlC3A4tter_functional.owl,94581312,898692,95480004
approximated_c043b01d-fb5e-47f3-b8ac-9401fc584b99_onto.rdf_functional.owl,21966539,5797334,27763873
approximated_70c87d19-766d-4619-97cd-2f2ba52c0c60_mer_Klaben.rdf_functional.owl,23332951,3758719,27091670
approximated_00469.owl_functional.owl,20681604,44379444,65061048
approximated_obi.ontology-for-biomedical-investigations.22.owl.xml_functional.owl,117401816,264606908,382008724
approximated_kb-owl-syntax-coreference-IDs-km-relevant-cardinalities-constant-classes-relation-axioms-value-nominals.ofn_functional.owl,644725619,1631584369,2276309988
238ad874-dd36-443a-bf65-5f27296d0e68_Band.owl_functional.owl,45130461,2811043,47941504
approximated_51127172-1828-4caf-8200-5302432dae0c_ubset_prok.owl_functional.owl,260272165,789154287,1049426452
approximated_04927f8b-da41-4bec-a844-161ec7eef9aa_landGlacial.owl_functional.owl,77126099,142704993,219831092
00309.owl_functional.owl,97472465,3916686,101389151
approximated_29014bac-5c90-4dc4-a1ac-217673881d38_propCount.owl_functional.owl,268375491,250247078,518622569
approximated_kb-owl-syntax-coreference-IDs-relation-axioms.ofn_functional.owl,838885209,1640503484,2479388693
approximated_2e193642-44c2-4968-b048-34b5d55bdaaf_complex1.1.owl_functional.owl,17972238,6171643,24143881
approximated_18316526-0ae0-4fd0-8c26-e7d10808e86e_Morlacco.rdf_functional.owl,11729829,3830793,15560622
approximated_00648.owl_functional.owl,13329491,11704791,25034282
approximated_33bc7729-a6f1-4f7b-b867-00de0d2c899f_a_20110204.owl_functional.owl,2578042995,244631077,2822674072
approximated_a14f22f4-3de1-411d-b8f0-503dcafd71f0_BridgeOpen.owl_functional.owl,11855810,6807748,18663558
approximated_abac0e8d-6247-46f4-9d48-c8e314a5b16d_trCompound.owl_functional.owl,130798704,211440783,342239487
approximated_kb-owl-syntax-unraveled-depth-1-cardinalities-triggers-constant-classes-value-classes.ofn_functional.owl,460026325,1182168566,1642194891
approximated_kb-owl-syntax-unraveled-depth-3-km-relevant-cardinalities-disjointness-triggers.ofn_functional.owl,599256697,1375072052,1974328749
55ae0256-c547-40f2-b70f-432ac4241bb6_tology_ext.obo_functional.owl,3027312781,4626522619,7653835400
approximated_46bab67e-980c-4b7c-9f36-5fb084b6ec3c_Soup.ttl_functional.owl,13472368,4036292,17508660
3c64b8b5-cfa5-404f-b020-a6187f04b2e3_o.obo.PREVIOUS_functional.owl,105844310,92499977,198344287
approximated_904888d7-105a-40af-ac10-ce07ded9e2ae_food.owl_functional.owl,9209303,3622729,12832032
approximated_64a2891f-93b3-47b1-b673-3fc398832a52_operiodism.ttl_functional.owl,15149168,4683766,19832934
approximated_8b04a315-5089-4e8a-8b80-a44383b0f692_ch_grinder.ttl_functional.owl,16450996,3748030,20199026
1679abf2-c813-4b90-980e-6a77581b5f05_y.obo.PREVIOUS_functional.owl,129269660,344715778,473985438
approximated_kb-owl-syntax-unraveled-depth-2-disjointness-constant-classes-value-nominals.ofn_functional.owl,686209163,1576129029,2262338192
approximated_e70a3c3e-98c2-43a3-8ff2-931406a2d7fd_tambisfull.owl_functional.owl,36201556,33149884,69351440
approximated_kb-owl-syntax-unraveled-depth-2-cardinalities-constant-classes-relation-axioms-value-nominals.ofn_functional.owl,666728291,1067037568,1733765859
approximated_06898d74-7958-4cba-9ea8-eb7160d0cc74_Sirene.rdf_functional.owl,14246957,3756521,18003478
approximated_90d6d65e-d1d3-457b-bdef-8c5a2f8ee290_Atom.old.rdf_functional.owl,18099647,6779164,24878811
4c7bbfe9-dfbe-4929-ab48-45af8360ab0b_icFestival.owl_functional.owl,14504480,1815878,16320358
approximated_6e0b00fa-b300-406e-b3ee-1cc2a5a9cef2_FN1.47.owl_functional.owl,20042064,7939599,27981663
approximated_adc604e1-f267-443a-b321-b4539d798d8c_contextbroker_functional.owl,17339223,9022999,26362222
approximated_89c9ebdc-fb33-4d26-b2be-a15df719e2a4_rinustaxon.owl_functional.owl,382169152,753051385,1135220537
approximated_bacc7c4b-df00-49bb-9ef9-cc87463473d5_SAOcell.owl_functional.owl,23651025,48705302,72356327
approximated_00498.owl_functional.owl,243442387,536155864,779598251
f1a3c515-1707-4b21-80c0-0d078168e977_atomy_edit.obo_functional.owl,124997306,256962512,381959818
approximated_217259de-011b-4d2e-a58f-918e6d85f651_Environment.owl_functional.owl,18553812,15797567,34351379
kb-owl-syntax-unraveled-depth-0-km-relevant-cardinalities-disjointness-constant-classes-value-nominals.ofn_functional.owl,282212993,404040597,686253590
approximated_10baab1b-71cc-4a72-9269-8553f14af898_seegeoonto.ttl_functional.owl,13037035,5862324,18899359
approximated_a20ae2a2-58b9-4fb9-be1d-040e898ce444_gdbowlizer.owl_functional.owl,97218317,11085480,108303797
ae629bff-dc93-4b7c-8076-86454be56fe8_ACMCSS.owl_functional.owl,35240565,73104163,108344728
approximated_03e24645-993e-42b9-a052-65bcc4012e78_Garden_fork.rdf_functional.owl,73243516,3808313,77051829
1938ecb9-0963-4edc-9ee5-ea7981473ee2_NIFCell_1.owl_functional.owl,29341733,14307997,43649730
approximated_ba6cd3a7-6967-4412-b4d0-417415236a8c_IDSW.owl_functional.owl,70221918,3032225,73254143
approximated_545cf85b-267f-4ca7-8bd2-80f8282da824_8456544745.rdf_functional.owl,100927134,6373788,107300922
022cbd0a-7c5f-49a5-b294-80c3e4859d7d_classified.owl_functional.owl,103262306,16129670,119391976
approximated_1ccc6df9-c6b7-44e3-aba3-03f883e3caa8_munication.owl_functional.owl,114822544,8454781,123277325
approximated_ab800909-4401-499f-997b-391fe37a5b13_flu.obo_functional.owl,63947200,9729071,73676271
mixscv.minimal-information-about-any-sequence-mixs-controlled-vocabularies.2.owl.xml_functional.owl,81716718,26411972,108128690
approximated_7758d0f1-6464-4c4e-9a46-1e61e858bb98_swrcfoafmap.owl_functional.owl,83667889,5711220,89379109
approximated_9476f0a8-4abf-43c1-99ef-858e9c621d1f_G_voagv1.0.ttl_functional.owl,63226674,6883522,70110196
approximated_c578193c-b98a-49d0-a436-258b161963ed_DP1.30.owl_functional.owl,32079464,3614973,35694437
approximated_4ec0f112-3241-4f26-993c-87edea45082d_le_strudel.rdf_functional.owl,30083783,3667788,33751571
122f4451-34db-41f5-a4c9-724ac4a23a01_vario.obo_functional.owl,44662129,19953579,64615708
c2879801-42bd-4f8b-93c3-c44ff0b20468_cell.owl_functional.owl,28230324,60647667,88877991
approximated_216c691c-d693-4977-90cd-340e24799c94_Pacific_cod.ttl_functional.owl,13264645,3833619,17098264
approximated_cf8c4998-b83e-482c-ba9a-00dfb5e7b7f3_chemtop.owl_functional.owl,11536879,8770479,20307358
ddanat.dictyostelium-discoideum-anatomy-ontology.9.owl.xml_functional.owl,26007016,16514857,42521873
approximated_160a250e-eb8c-47d2-9809-f399e8f1f132_C3A5rdsost.rdf_functional.owl,9835545,4678340,14513885
approximated_4fa537c8-8aed-453f-9fdd-89a20d1788ec_o_14_01_10.owl_functional.owl,1114546883,3150102775,4264649658
96477e87-707d-478c-8ab2-2424b966ea8d_Software.owl_functional.owl,116940561,1564774,118505335
approximated_a7b84460-303f-454d-b871-c36870d066ce_DataFormat.owl_functional.owl,146260242,216577357,362837599
approximated_061ac8ca-5542-4610-ad64-0b21975d6fe4_enotype_xp.obo_functional.owl,531275739,834437601,1365713340
c35a3853-fc90-4435-b307-7c34619352c6__xp_chebi.owl2_functional.owl,169226145,96896820,266122965
approximated_4890d7d4-03fc-4519-93bc-e0c2fc43508a_lipid.owl_functional.owl,45668447,72511630,118180077
approximated_kb-owl-syntax-unraveled-depth-2-cardinalities.ofn_functional.owl,409235306,1020046225,1429281531
approximated_58939b72-705c-4f17-a16c-a13809d3fda3_Froe.rdf_functional.owl,11392875,3949256,15342131
approximated_029636af-7784-43b6-9aed-0a46929d5f53_roundwater.owl_functional.owl,98256817,211084398,309341215
approximated_48ffb53c-c500-4714-9fc4-8f0b41a29769_op.owl_functional.owl,22001988,16432303,38434291
approximated_c6884822-5750-4a40-8138-231908bad405_emperature.owl_functional.owl,135443691,213475736,348919427
approximated_00517.owl_functional.owl,188782757,588816349,777599106
8853fd0d-e8a1-4973-a1ae-42437e3f18ac_lackPepper.owl_functional.owl,20433202,2106789,22539991
approximated_fed53520-b638-4f9e-b9df-bcf918ceaeb3_RoleImpact.owl_functional.owl,145522808,291584330,437107138
9bf562f2-96ef-4a59-9617-371c1d90a0c8_gallustype.owl_functional.owl,350603693,997472317,1348076010
5ecc49ab-8dae-4405-aaa7-f884198967d9_i.obo.PREVIOUS_functional.owl,352684814,172691631,525376445
approximated_tok.terminological-and-ontological-knowledge-resources-ontology.3.owl.xml_functional.owl,17039471,12705320,29744791
approximated_0144510c-ba33-4385-9af3-74c8c08e94f5_onto.rdf_functional.owl,12724013,5327740,18051753
approximated_1d52231a-9360-459b-97e4-3bfe6f280fe8_Fish_trap.rdf_functional.owl,18148759,3739533,21888292
93c61f02-2394-4933-9167-2e92b91ff37b_fbdvsimple.obo_functional.owl,29221510,31338671,60560181
approximated_da419394-a064-4d26-a6ba-cc48705024ed_ies200512a.owl_functional.owl,22935640,17598937,40534577
4ba3036f-b716-4a28-aede-bbb8664be733_behavior.obo_functional.owl,36567561,61908705,98476266
approximated_f8a9cd27-16f5-46b9-b9fb-78d042dd2847_b_skeleton.rdf_functional.owl,20031486,18555401,38586887
a96e1d00-adf5-4a63-8a01-71a58a5f9878_onto.rdf_functional.owl,15620674,1852012,17472686
approximated_3b37c5aa-32d9-4651-b279-7721c603eb92_Statistics.owl_functional.owl,129279141,214480483,343759624
approximated_3a432069-4634-4322-a23b-9e4830ee4115_g_pipeline.rdf_functional.owl,15092159,3787359,18879518
approximated_0e89c1ff-a8fc-4512-9173-e8338e414178_wl.co.hasoneof_functional.owl,27953578,12427772,40381350
approximated_c65d659f-57ce-4e92-9826-b11a4f9ba0ac_swpatho1.owl_functional.owl,50595932,88701687,139297619
approximated_12b64ea0-1c6b-41ae-883e-0bc5d7cc01b6_ale_cheese.ttl_functional.owl,12725870,5693053,18418923
approximated_88a924c7-ffbd-4dc5-bd9f-0292b312c4f4_stanford.owl_functional.owl,10215420,4102767,14318187
approximated_7be878f0-bbd7-495e-9af3-6f9f1fc4de3f_cephedit.owl_functional.owl,62894454,122484984,185379438
approximated_81f73e92-981d-4ee9-8709-a094eb3844de_onto.rdf_functional.owl,13498100,5076451,18574551
approximated_5839eb82-206b-4404-915c-5eb82c2992f5_susalink.rdf_functional.owl,33785488,61436416,95221904
approximated_4548f22e-56a9-4e79-8ea1-6b29f8211a25_onto.rdf_functional.owl,12938173,5448870,18387043
a20d67df-8db5-4288-9101-33b7a441af1c_matsimple.obo_functional.owl,22225814,27773813,49999627
approximated_a9914662-abf1-46e3-8f26-ba2fbdadab8b_aise_sauce.ttl_functional.owl,13152621,3728451,16881072
approximated_561c8474-1402-4e5e-bcae-59a521273367_cientifico.owl_functional.owl,14999877,9112884,24112761
approximated_4fb548cc-3465-4f90-a357-832b8e7c4ef2_ntic_Web_topic_functional.owl,18497842,7258595,25756437
approximated_11deb920-e7a2-46a6-8163-a3436e668c46_russiaD.owl_functional.owl,19100948,9077212,28178160
approximated_8a49c902-7dc2-4119-a7c1-31f4fd12dd73_reriotaxon.owl_functional.owl,991108726,1833845189,2824953915
approximated_ccddac71-490e-457e-80e1-ff9d2542b9c5_ontology.owl_functional.owl,221374962,52983109,274358071
approximated_00356.owl_functional.owl,80992073,185844354,266836427
b332ce63-64e4-4fca-a7af-8db76bfd1f47_osimplegaf.owl_functional.owl,1956914153,4177815589,6134729742
approximated_d1f5b50d-a1b1-4a50-8451-c39cb5a67cdd_ecue_grill.ttl_functional.owl,20566193,3685197,24251390
approximated_8d0e676a-0e8d-433f-ad7d-e23ecb81faef_alMolecule.owl_functional.owl,130924505,209369872,340294377
2d09369e-392a-4ef2-a7c9-28334cbdc6f8_ddex.owl_functional.owl,42598224,49257318,91855542
approximated_46320544-5478-4ffa-83be-24503528dab9_tibet.owl_functional.owl,18738189,7819405,26557594
8064ae6e-3f15-44f2-9a15-82f154b0b4fc__pathology.obo_functional.owl,18400582,38287648,56688230
660a2d00-2683-40f4-93a4-df657353cd49_beequivmod.owl_functional.owl,245255922,183909560,429165482
8e76c14b-3245-4e4f-bc59-12fc6a62f168_ballPlayer.owl_functional.owl,22123607,2369146,24492753
approximated_897c3967-7f86-445b-901e-a28a1061f791_crimeall.owl_functional.owl,28977440,11673927,40651367
approximated_80b5734f-e9df-486c-9af0-360728072d04_Biological.owl_functional.owl,128151263,208197331,336348594
approximated_gexo.gene-expression-ontology.3.owl.xml_functional.owl,17351921972,1.64049E+11,1.81401E+11
365543b3-7c4e-4296-93f7-c44ac5c9f163_Beverage.owl_functional.owl,24904568,2105020,27009588
approximated_syn.sage-bionetworks-synapse-ontology.3.owl.xml_functional.owl,352768461,880000780,1232769241
approximated_b5c1f0ec-1786-41c9-93b8-104c0d7df3cd_Knackwurst.ttl_functional.owl,14719627,3893435,18613062
approximated_c7bec731-338c-4814-9619-7ad78b7d6272_enceSystem.owl_functional.owl,135904752,214289019,350193771
423c2a42-4cbf-467e-b2b5-ec345a19e8b8_flanzenatlas_W_functional.owl,18255216,801214,19056430
approximated_f138fe99-5d07-4230-94ff-87c79e794fc1_odWorkflows.owl_functional.owl,57758775,59445945,117204720
approximated_00764.owl_functional.owl,1333798212,4143435031,5477233243
approximated_28d340c7-b92c-408b-b634-4aa891a5e833_hing_float.ttl_functional.owl,16257563,3690291,19947854
approximated_68727015-75a6-471a-97fa-815490c65d8e_SLACKSed.owl_functional.owl,19629070,14319480,33948550
approximated_7aa8ae86-c859-4d80-b127-c5ab59dd8870_PaulFisher.rdf_functional.owl,12847473,2985636,15833109
approximated_icf.international-classification-of-functioning-disability-and-health.3.owl.xml_functional.owl,137387801,105807969,243195770
approximated_onl-dp.dataset-processing.1.owl.xml_functional.owl,43235652,55359801,98595453
approximated_7c151c7b-acfc-4cc9-b34c-ab54bf5d42b6_Tshirt.ttl_functional.owl,10246629,4116877,14363506
approximated_21d7bd7e-df34-4706-a3ae-0a21640d10cf_Database.ttl_functional.owl,17731362,3655903,21387265
approximated_0ce43e11-7c00-4efb-9e91-6e46c74562d5_Chura_kampo.rdf_functional.owl,13005748,3796986,16802734
approximated_850a3d66-6b2e-4093-ae2f-1670a7aa88e5_wines.owl_functional.owl,19438067,2881173,22319240
approximated_997abf3f-ccf0-4b24-86bd-f2ab13e2340f_enna_bread.rdf_functional.owl,15711134,4433606,20144740
approximated_ffb25aa0-b666-470d-877c-991a84b64b31_Assessment.owl_functional.owl,71756826,144599599,216356425
approximated_ontodt.ontology-of-general-purpose-datatypes.2.owl.xml_functional.owl,25817197,21755180,47572377
approximated_98057e8f-e66a-4535-b551-5189f30cbbc1_Computer.rdf_functional.owl,10340674,4596444,14937118
approximated_57492819-32d5-4a87-9b52-18e560803929_tibetlink.rdf_functional.owl,32847545,58210493,91058038
approximated_fb785d84-1c83-42e2-88f4-2e17a2534321_COSMOtop737.owl_functional.owl,312151620,551623605,863775225
approximated_3b719436-1d24-44f4-a745-1db38a42fd00_lack_dress.rdf_functional.owl,19536642,3743600,23280242
approximated_60d724ea-faf6-4086-a0dd-52e7dcb2d5ac_iabibixmod.owl_functional.owl,14487955,4536182,19024137
approximated_1911ef68-a79d-4be7-a2ca-96ab2e0eb63a_Radiator.ttl_functional.owl,9765791,3727010,13492801
approximated_325c071f-d3da-412a-ad34-7dda52fb6fdf_me_plaster.rdf_functional.owl,10581919,3747434,14329353
approximated_2a98e8ee-da83-4f98-a31f-0f0d004b59a9_nce_device.rdf_functional.owl,13568730,3678997,17247727
approximated_590948cf-ed20-40d0-8ab9-34dafd047f6e_ad_Company.rdf_functional.owl,17442550,3782257,21224807
approximated_8a0f3776-a145-498d-bff7-015edd0be169_ongkhalink.rdf_functional.owl,34007020,55965996,89973016
approximated_543bfb50-32c0-48dc-aafe-fc1108656fa4_rd_scraper.rdf_functional.owl,14086667,3667438,17754105
approximated_122d8dcf-7c3a-4b7c-86c2-1a6a2fba58d4_Microbiota.owl_functional.owl,126833446,213415078,340248524
8f1b07f9-eb69-469b-8028-ad1dd938088d_icalArtist.owl_functional.owl,24837426,3584290,28421716
approximated_6a95ec26-3b7f-4de9-ab20-2cda9d85ea54_thday_cake.ttl_functional.owl,13654629,3846851,17501480
approximated_9c44339e-f0bf-4e88-9860-618ee51262e7_Cerveau.owl_functional.owl,52694539,7902823,60597362
34dde4d5-c21b-4eee-81f2-cba77445b687_icalobject.owl_functional.owl,22327730,27297302,49625032
approximated_a49d4cea-08a9-4ed9-a108-97f2e7304102_ansportAir.owl_functional.owl,102643687,206000281,308643968
52d95ca9-bd27-4362-9711-3ec583ba250c_egenechrom.owl_functional.owl,199991322,394296915,594288237
approximated_7241c10b-f5c8-49a8-8863-6030de42cebc_to.owl_functional.owl,26667619,55998909,82666528
214c56b4-f152-4744-ab3c-c5ddd03371b8_e_ontology.obo_functional.owl,18721139,11399729,30120868
approximated_ecb4979b-478a-4e63-ab3f-05a121216418_Boat.rdf_functional.owl,9649271,4255754,13905025
ade84140-dcaa-4a24-bc20-4ed2200899b2_nt_anatomy.owl_functional.owl,15432533,3437719,18870252
0031e842-675f-4d7f-bc0c-0483801ad743_umls.owl_functional.owl,10001173,7472417,17473590
approximated_b73f31df-439c-460a-9630-bb257cdbb292_umentation.owl_functional.owl,22101033,16816406,38917439
approximated_389c090e-0ce3-4e64-955c-baac4802fb14_TRIAC.ttl_functional.owl,15012081,3661142,18673223
approximated_00760.owl_functional.owl,5189306497,12122274855,17311581352
approximated_71bd0ed1-2548-402a-9dfb-40afb1811c80_CNR.owl_functional.owl,13637881,4498221,18136102
approximated_fcb898ec-b2ad-4892-a303-86e5aca440d8_phenElecMag.owl_functional.owl,131026866,212999692,344026558
approximated_34149e5f-89c5-40bc-a9e4-f8e30b9558a1_rola_68030.ttl_functional.owl,10137359,4119946,14257305
b3685c5c-757d-49f8-8998-81511504d207_usgeneview.owl_functional.owl,17040399059,59450974181,76491373240
approximated_298ecb64-cdf6-4505-996d-4a7eef7d676a_Oltermanni.rdf_functional.owl,16512236,3757410,20269646
approximated_0b37300d-a741-4bed-996b-0ee6df83ad07_lifecycle.owl_functional.owl,19403456,1315795,20719251
approximated_18fee752-ff6b-462f-ae14-e3846cf412d2_COSMOtop983.owl_functional.owl,476146356,816200899,1292347255
approximated_8be77dce-71a2-4f02-a444-5c90ade52084_2_5_0_1_TQ.owl_functional.owl,30142951,21480153,51623104
approximated_fe3db66c-4163-465f-afe7-4d168f2dd861_rniture_v1.owl_functional.owl,18898310,17964520,36862830
approximated_bro.biomedical-resource-ontology.14.owl.xml_functional.owl,20280676,26438449,46719125
approximated_04d834ea-d416-4f0d-a705-78adb0b75817_phenEnergy.owl_functional.owl,161180389,219785212,380965601
approximated_9c5f4410-3b19-4b47-ace0-72afa39ed36d_Cointreau.ttl_functional.owl,11890308,3967819,15858127
92ec21ac-3051-4ac8-8837-9748de1e1f0e_onto.rdf_functional.owl,10725057,2178241,12903298
approximated_935b0af2-72f6-45f7-8ad7-88f1da6f26e7_bibo.n3_functional.owl,18786518,5605684,24392202
approximated_cf9aef34-ad4b-4335-b802-a83cac432b7c_NLexOBOUBO.owl_functional.owl,75772653,148204579,223977232
approximated_bd3461c9-776e-40b8-bad0-4e27168ab016_hOperation.owl_functional.owl,140943049,245191307,386134356
approximated_90c541f4-53a9-49ce-b6f2-8cce1ee27c35_factbookont.owl_functional.owl,17024409,6561483,23585892
approximated_ctcae.common-terminology-criteria-for-adverse-events.2.owl.xml_functional.owl,100600949,195162290,295763239
d879ee42-d275-467f-b52a-3861b608efef_o.obo.PREVIOUS_functional.owl,35917629,66299798,102217427
approximated_632f787d-efc4-4bc3-bbf7-8da67ffb5243_Bndictine.rdf_functional.owl,9800948,4067888,13868836
approximated_61b78353-a18a-4013-9605-e4dddf01b04a_tric_motor.ttl_functional.owl,13465998,4012623,17478621
approximated_898618e5-5896-4f35-a66f-19db0e94fa28_mergedtbox.owl_functional.owl,5701155441,14184095524,19885250965
approximated_7c6e5af5-2a85-4aff-b90b-52234f0107b5_MO_spatial.owl_functional.owl,27370225,17271894,44642119
approximated_19c96939-b7eb-420c-b1be-4a587bcb5e10_dtn.owl_functional.owl,12012759,8587842,20600601
approximated_0622306d-b199-46cf-a6da-daded8927136_PaulFisher.rdf_functional.owl,11647318,2923335,14570653
approximated_a7c202ca-1cdb-4ab8-8b56-aace7131e62c_ttage_loaf.rdf_functional.owl,16298768,3858642,20157410
approximated_6889341f-923d-4952-8f99-169cd957a495_RAMrdf.owl_functional.owl,46060372,6419794,52480166
96a48f6d-4853-49ee-a9d5-989f15421346_Colour.owl_functional.owl,17029404,1746118,18775522
approximated_0b3dc70b-705f-472b-8ade-920411b2b37d_matrIsotope.owl_functional.owl,141393797,245313462,386707259
approximated_kb-owl-syntax-unraveled-depth-1-cardinalities-disjointness-triggers-constant-classes-relation-axioms-value-nominals.ofn_functional.owl,750817785,1779962836,2530780621
approximated_03c3aa03-aae4-403c-bddf-8ed35ceaf29d_furniture.owl_functional.owl,59127628,20361629,79489257
approximated_bef8e5c6-0100-4eaa-8a53-ed0f4f9a22e2_Pinch_valve.rdf_functional.owl,16628438,6382244,23010682
approximated_1826e870-3854-44e4-8447-5b885042b434_ingContext.owl_functional.owl,9812126,5545438,15357564
approximated_USDA_sr25_NF0_25.owl_functional.owl,189708161,67715497,257423658
approximated_e751bc98-f19d-4781-bb1f-72b9351a597b_algorithms.owl_functional.owl,31742783,51735386,83478169
approximated_17faf5d1-363f-4864-b379-db9202469345_storage.owl_functional.owl,20639438,17367240,38006678
0441386e-7bc3-4e91-8ca3-4fe712bfe748_idomal.obo_functional.owl,77666695,175629738,253296433
approximated_82a41ef0-276b-4211-ae30-5967a9c8f677_Amiga_4000.ttl_functional.owl,18085346,5458216,23543562
approximated_kb-owl-syntax-coreference-IDs-km-relevant-cardinalities-disjointness.ofn_functional.owl,811762219,2181555895,2993318114
approximated_4b3e1426-4dad-42f7-b027-d23aefd71d0e_time.owl_functional.owl,8666077,1092762,9758839
approximated_c090672a-8c6f-4cd9-bfd9-00ea4322bb21_matrIsotope.owl_functional.owl,125548213,209081527,334629740
1d4c57b7-cbfb-4332-a588-7bc6c1544119_imitive1.0.owl_functional.owl,83109699,246106831,329216530
approximated_94f3dd07-1c32-4e01-9b6b-d2be29eb26b4_postcode.owl_functional.owl,14963232,6294322,21257554
f1c4f89c-8ac6-4acb-83f7-d9c5a3900e87_pienschrom.owl_functional.owl,13778291,11177977,24956268
approximated_23a49a22-4c0a-484b-a628-9306e13fe4cd_Burren_Gold.rdf_functional.owl,11521709,3962756,15484465
approximated_b69fead2-839f-4fae-b0e2-774fdaa13ce1_anMassFlux.owl_functional.owl,131434870,212315065,343749935
approximated_804b369f-eca4-4d92-b778-473c60d2317e_reprSciLaw.owl_functional.owl,125753395,210112923,335866318
approximated_517b9add-aee0-43e3-a624-116a470298a8_otrochozoa.rdf_functional.owl,22568969,5759417,28328386
approximated_346152e4-2806-4d3b-b43c-f2bdec34a25b_eDirection.owl_functional.owl,132779172,211673830,344453002
approximated_a3efc75d-1f08-4fec-aec8-fbe70bfaa5f2_em2bio2rdf.owl_functional.owl,12557706,7851299,20409005
approximated_00336.owl_functional.owl,11562783,5908899,17471682
approximated_4c28c1d4-69dc-48b1-9236-d90814e068f5_icipatemeeting_functional.owl,18835690,9709776,28545466
approximated_580730a0-501d-442c-8b93-76a95f8d624b_Billhook.ttl_functional.owl,10112339,3723135,13835474
approximated_0866c3a3-ace4-475b-8058-cc81c65201dd_orialstep2.owl_functional.owl,14730782,7730306,22461088
approximated_04af3725-ca94-4600-a682-c7b32fa0d575_hOperation.owl_functional.owl,136266648,210344568,346611216
approximated_ec617de2-7fac-4d03-b9af-dcceb8ba9c94_nstability.owl_functional.owl,138622098,245186606,383808704
b1255558-9e5c-4861-9122-b734d01cde9c_psimi25.obo_functional.owl,44083351,64812296,108895647
approximated_24d58118-70ef-4a73-9019-c7d9495d645e_ipronto.owl_functional.owl,16283716,7742381,24026097
approximated_c957f70a-b19f-4e0b-a371-a9d1b1bf4310_odProjects.owl_functional.owl,15467627,11737280,27204907
approximated_fhho.family-health-history-ontology.1.owl.xml_functional.owl,30586666,23848255,54434921
approximated_dea8a805-1870-4776-9d3c-6539e9863180_ssnenergy.owl_functional.owl,86082074,39456508,125538582
approximated_356a0e9a-204f-48c9-9450-e7a7525ef9f3_brokercomm_functional.owl,18791383,11453145,30244528
approximated_2038c0b7-8c15-4c5b-817e-8d456d941e5e_roughtest.owl_functional.owl,12941069,2087808,15028877
approximated_4b0c067a-5040-4b63-b6f1-6224f35886d3_Emery_cloth.ttl_functional.owl,14979664,3814947,18794611
approximated_7fc1ca3e-5f93-4945-a2ce-bb3bde545b7e_trait.owl_functional.owl,11915701,5179057,17094758
approximated_d4edaeb8-2c23-43e1-8b37-ab4392fe6272_cation1006.owl_functional.owl,11835701,4877700,16713401
approximated_8bd31808-36c1-47c3-8a86-c4570f46ef9f_ignaspects.owl_functional.owl,65108923,32795789,97904712
approximated_e97846c7-c6ea-4b52-9782-90bc054aba38_CategoryMockup_functional.owl,7947505,1720433,9667938
approximated_34523952-c1a8-4b75-9193-52518fb77f00_Event.rdf_functional.owl,15915713,4375317,20291030
approximated_06262795-6134-4243-b6f9-9ec35645d49c_Seafood.ttl_functional.owl,17539105,3774469,21313574
approximated_00351.owl_functional.owl,14630307,19787811,34418118
83908b3f-ff09-49e4-a85d-dac7f51e3c99_tygmlcodes.owl_functional.owl,46179481,100755536,146935017
approximated_45470f6d-f0f6-4d83-b8a7-c7da11e5091b_ving_watch.ttl_functional.owl,12641524,3768475,16409999
approximated_00118.owl_functional.owl,16824708,4008677,20833385
9b3a149f-14a0-4caf-a98a-7485fc816da9_da.obo.CURRENT_functional.owl,162407275,364826203,527233478
approximated_00391.owl_functional.owl,913350059,2833364048,3746714107
approximated_814acacf-c501-470c-bd1c-b8d8e76d11aa_elBaseline.owl_functional.owl,13257512,5807506,19065018
862ce18c-7b00-4c72-b690-cb00c77453bf_im_generic.obo_functional.owl,14566480,11087841,25654321
approximated_a7dbd416-d021-45ad-a8d1-fd34fcafa5ad_musAGsmall.owl_functional.owl,12214945,7132705,19347650
dea1d581-0262-4c19-8960-df5132b722d7_Governor.owl_functional.owl,20319872,2296072,22615944
approximated_d28c85ea-fe9d-4f92-9480-525fa55dcde6_onto.rdf_functional.owl,17866549,5091395,22957944
approximated_06ddeeb6-7d97-4bde-9c9c-4566ed618f3c_den_cheese.ttl_functional.owl,16410583,4033527,20444110
approximated_42d4f369-a308-4da9-a39e-7490fbc95b60_ening_gown.ttl_functional.owl,12018700,3873538,15892238
approximated_5e16bb8d-698f-450e-a490-d6125510edaf_nAtmoFront.owl_functional.owl,139719911,210628713,350348624
approximated_adcb2ff8-0271-42aa-a4a6-92d7ead1a2f6_annotations.owl_functional.owl,44485109,10820174,55305283
f3631bd7-265b-4bec-b954-0098e03e5a8b_Song.owl_functional.owl,11962085,1408721,13370806
approximated_071feca2-a248-4370-97da-ff1d0b83c571_logyv0.1.3.owl_functional.owl,19285555,26494672,45780227
approximated_94aa2170-c7be-433f-a094-e630259e88cc_Triplestore.ttl_functional.owl,16525580,3851802,20377382
0b3204d4-768b-4e1f-b8a6-33d629d5ae91_xaosimple.obo_functional.owl,132092775,253469255,385562030
approximated_25cbf8b0-b6b9-4727-b2b6-13a4486bea08_Bonox.rdf_functional.owl,22346506,5701532,28048038
approximated_7b72d914-fa9d-4e42-990a-31fbceeee519_Spinnerbait.rdf_functional.owl,13108147,3797827,16905974
approximated_915e4546-eb2a-4581-8a3d-e6c47864ecb3_event_functional.owl,18720303,10983835,29704138
approximated_ccont.cell-culture-ontology.2.owl.xml_functional.owl,411519732,1186275912,1597795644
approximated_0963a8d5-30f6-4149-b4a1-5c5bd9a770ed_b_applications_functional.owl,13556686,2791055,16347741
44abf405-28c2-40f6-bf5f-ed01b4405bd8_phenotype.owl2_functional.owl,17439056,13692400,31131456
approximated_afa98395-de7c-4ea7-9f75-d5894ec0cb56_Book.rdf_functional.owl,18260085,3812393,22072478
approximated_1b222aef-b11e-47a3-9890-669ac71d7b99_id_airship.ttl_functional.owl,15341108,3690883,19031991
approximated_078e998b-d45d-426e-bd56-cb33f5850404_Compass.rdf_functional.owl,11649054,3869824,15518878
approximated_4db21626-a91f-4181-b0ec-91211d548725_file.owl_functional.owl,40066893,14988542,55055435
approximated_eaf29844-6857-4773-b676-e77a2046a79b_COSMOtop877.owl_functional.owl,425774261,687759819,1113534080
approximated_e1c3c113-501d-450a-b7b8-55723d0c7227_tcodexlink.rdf_functional.owl,39777069,65411845,105188914
approximated_kb-owl-syntax-coreference-IDs-disjointness-triggers-constant-classes-value-nominals.ofn_functional.owl,884918789,2310918098,3195836887
approximated_01c64560-1e76-403a-807d-a0407e63b310_allustaxon.owl_functional.owl,530485806,1030648429,1561134235
fdd9ae77-4904-4899-8473-1229a23860c1_es_merged.rdfs_functional.owl,26496169,19956406,46452575
approximated_kb-owl-syntax-unraveled-depth-3-relation-axioms.ofn_functional.owl,355485825,902788692,1258274517
approximated_9076e49b-3dba-42b2-a988-83e1e559ce4d_prSciModel.owl_functional.owl,141538860,211292891,352831751
approximated_69e5a74b-ac74-41e0-94f0-ad3f3f67c1c0_Keychain.ttl_functional.owl,9249340,4132632,13381972
approximated_a88846e2-4510-4d94-9e73-2f65cb562f20_StarTrek.owl_functional.owl,26714937,6844260,33559197
approximated_3fa72cf6-a731-475a-981f-9e917fd38c68_roo_121016.owl_functional.owl,29105211,28499952,57605163
approximated_1e52e6be-def2-44af-9372-95c92fdff4bf_Hori_hori.rdf_functional.owl,12084810,3674767,15759577
approximated_kb-owl-syntax-unraveled-depth-1-km-relevant-cardinalities-disjointness-triggers-constant-classes-value-nominals.ofn_functional.owl,744965794,1604329622,2349295416
approximated_kb-owl-syntax-unraveled-depth-1-cardinalities-relation-axioms.ofn_functional.owl,456795750,1124193195,1580988945
approximated_045918bf-d81a-4587-836f-a4c882c4de70_odData.owl_functional.owl,28708477,32775672,61484149
approximated_8f2b327d-fde6-424e-848f-d9139b514d5c_chemElement.owl_functional.owl,39010368,31399831,70410199
approximated_37e22492-f0fa-4dfa-be3b-1a583bc028c4_Grouper.rdf_functional.owl,10629441,3759243,14388684
approximated_70896ed0-05ef-4229-8785-1179ac971435_urn_valves.ttl_functional.owl,13235074,3910344,17145418
approximated_239c43c2-9d6c-4b55-bf45-e969162768e9_classified.owl_functional.owl,3074173595,8823830135,11898003730
approximated_219b3e3a-06ab-4045-81d9-ec64edad8f08_Sensor.rdf_functional.owl,21894329,7099388,28993717
approximated_2fe90a7c-1b78-4f12-a71a-d6c14d78b431_st_extract.rdf_functional.owl,10193455,3732254,13925709
approximated_dca186b9-faaf-42ee-8223-2d37d4f1ce11_roo_120219.owl_functional.owl,31124004,28261278,59385282
approximated_1112d6f6-08e3-4cf0-a48d-7766522ef1eb_admingeo.owl_functional.owl,16246192,9763560,26009752
approximated_ccda34a8-70e9-4c9e-83d0-430b123eb0f1_sciRole.owl_functional.owl,19297419,22212908,41510327
8b232f41-3999-4fbc-a36a-ad195e5c2505_oryDraft_pages_functional.owl,11081664,916544,11998208
approximated_616b8a5b-c5c8-4fa9-b7b9-b9e074d59e28_LinkedData.owl_functional.owl,20658486,17355212,38013698
approximated_903b191b-9013-4a00-a05b-79742ad73a45_TFProp.owl_functional.owl,14976392,2495094,17471486
approximated_699a5a47-cb40-4eaa-b332-9c9cbea575ea_wn_sweeper.ttl_functional.owl,13883186,3865296,17748482
72ea2dba-9cea-4c76-adaa-fc574a7e04eb_ieIngredienzen_functional.owl,9714382,735022,10449404
approximated_d49534d2-db7b-4c9f-aba1-f007335b2d0d_COSMOtop971.owl_functional.owl,466284299,800683147,1266967446
97ed97c5-d53d-42f9-83af-740cf3afde89_lanogaster.owl_functional.owl,1204643980,1582918560,2787562540
21652974-5f67-4bda-9345-df031c1a939f_scarDriver.owl_functional.owl,17430793,1619669,19050462
approximated_cfa880a5-e229-4db9-8537-6de5d0b099b1_bibo.owl_functional.owl,20171167,5692163,25863330
approximated_58c7a8af-c8f3-4eea-a674-61ea86962c9d_geMetadata.owl_functional.owl,18636199,8389303,27025502
approximated_ab8f3afc-9763-4460-98c6-640ebe4b91e5_prov.owl_functional.owl,10529653,4279516,14809169
approximated_kb-owl-syntax-unraveled-depth-0-km-relevant-cardinalities-triggers-constant-classes-value-nominals.ofn_functional.owl,142304555,358379992,500684547
approximated_3a014173-f0ea-4239-a304-129bdfdb8d5f_low_treats.rdf_functional.owl,17530779,3652366,21183145
approximated_be155ac2-055a-444e-90f7-e8769ab9448c_ir_whistle.ttl_functional.owl,12116419,3658409,15774828
approximated_00bdad37-24cb-4bff-a36c-161b1845f8a7_Zotero.ttl_functional.owl,11429129,3667187,15096316
a45fd058-5cb5-48f7-bdad-b7a762b9b9a2_ysfunction.owl_functional.owl,21270673,16057696,37328369
approximated_7b09dd48-4e2f-4b5e-bab7-925d05e8d7d3_DataFormat.owl_functional.owl,135342478,210717756,346060234
83d9bfe4-8fff-4859-9669-8c3bb5548e8c_ezeichnungen_S_functional.owl,9362342,794611,10156953
approximated_3b02b781-b26c-4431-8019-785696ebdcef_KCO.owl_functional.owl,23458619,18738421,42197040
approximated_2a7b1899-fa7b-4c37-9d00-a6b3b5d9e115_Welding.rdf_functional.owl,12791211,3947896,16739107
1cc4cdf8-1100-46cd-a46b-9b2f000298ef_po.owl_functional.owl,68114562,140034862,208149424
approximated_10576a42-f8c3-49aa-a033-7e94b4d807b5_luepattern.owl_functional.owl,15427861,11213638,26641499
emap.mouse-gross-anatomy-and-development-ontology.6.owl.xml_functional.owl,506838406,832644509,1339482915
approximated_19209cc3-8c9b-43e3-8030-76d4ec6deec0_adult.rdf_functional.owl,21680680,7092204,28772884
approximated_40ade325-6a75-42e8-887a-cb16184bc2e6_rey_cheese.ttl_functional.owl,17516518,3841866,21358384
b8928ae3-8d3f-4f00-9d5d-454922d3a985_Currency.owl_functional.owl,16577337,1237880,17815217
approximated_198b4a89-79e8-4a2f-8b2c-5e41e16ba9f9_anical_fan.rdf_functional.owl,18390429,3619711,22010140
approximated_7be70e07-f5c3-446e-9ed7-a867712f9dd8_ance_probe.rdf_functional.owl,11217315,3639408,14856723
approximated_0662c159-e1c3-461f-9a62-cb423f76ee7a_ulusmerged.owl_functional.owl,5631461958,3110275257,8741737215
8e1dc33d-810c-4935-9008-44c4df0ba632_kupomodels.owl_functional.owl,16559654,24861632,41421286
approximated_9c4bebb5-856a-4d1f-9cc8-834dfc73ff5b_Easy_Edges.rdf_functional.owl,16207152,4479725,20686877
approximated_1abd1de2-b05f-4c77-bb68-6ca320fc2ebb_poundHalon.owl_functional.owl,32906742,41337503,74244245
01696fcb-aaae-4967-a355-6495c56d940f_ings_v3.01.rdf_functional.owl,22457289,9883245,32340534
approximated_15ad2143-fe7c-4bfd-9e36-9ab06c704bdf_ntractOntology_functional.owl,33456669,37277575,70734244
approximated_1228a056-b19f-456a-9c85-c76b73c79274_Fclamp.ttl_functional.owl,13933687,3861852,17795539
9ae37d93-4a63-4a93-8005-bc5f3a021495_luspanther.owl_functional.owl,660353574,1140504233,1800857807
approximated_34034571-1b63-40d2-a86e-445c517d40d2_eball_card.rdf_functional.owl,15625155,3737353,19362508
approximated_66246ec2-286f-4f58-9ecd-a6e521ccf9b2_richard.rdf_functional.owl,14031720,744457,14776177
approximated_37852c1e-9bc3-414e-8029-51e0bc05c330_ic_vinegar.ttl_functional.owl,8768676,3623617,12392293
approximated_5f120364-5252-4a2a-8990-d3c0816cbc92_Machine_gun.rdf_functional.owl,13220553,3946907,17167460
approximated_0718aae7-3681-48d1-8e73-ff4f2d1801b4_Dog.rdf_functional.owl,18091131,3641507,21732638
approximated_kb-owl-syntax-unraveled-depth-3-cardinalities-disjointness-triggers-constant-classes-relation-axioms-value-classes.ofn_functional.owl,684125044,1608860351,2292985395
approximated_8f8a7c43-65e6-4efc-8ef6-ddefeebf189c_fgdccsdgm.owl_functional.owl,37255744,19017671,56273415
approximated_47e1634c-0f6c-4378-9f8c-995af73857e7_example_03.owl_functional.owl,11058769,5459637,16518406
8ee45a4f-9da3-482a-acd4-dad1ba89c68f_bto.obo_functional.owl,155110009,370511664,525621673
approximated_f57610f0-888a-43cf-a51a-aee400207d09_iaomain.owl_functional.owl,13373766,11065196,24438962
approximated_05876075-0b04-4898-b38d-5a0f316afa74_SSONT.owl_functional.owl,15099259,6867129,21966388
approximated_09621e2c-e0a0-44e5-ab3d-f1d6a3770719_Pultost.rdf_functional.owl,14523559,4375418,18898977
approximated_cd2cf62d-2384-45ed-b272-727b7292a31b_IOLite.owl_functional.owl,25242329,18126381,43368710
approximated_00763.owl_functional.owl,19689391,17625582,37314973
approximated_7447614a-bbfc-46d8-8ffe-f0f9c1ee2c9c_Typewriter.ttl_functional.owl,13376696,4377154,17753850
approximated_b53aefdb-1235-4ffc-b795-d25067c9a895_ervice_bus.ttl_functional.owl,16541113,3866929,20408042
approximated_c9cfde4c-9253-4c24-9ad7-b77d48f6086f_Design.v17.owl_functional.owl,15510368,7510744,23021112
approximated_eb264056-1e9b-4c50-a63d-7aad7cfad1b6_eFrequency.owl_functional.owl,139081860,226897231,365979091
approximated_0a0e1f44-d8bb-4979-9f33-b6004957cf8d_universe.owl_functional.owl,124310391,12042777,136353168
approximated_794f9b43-2013-410f-a23e-83d4a97de42c_FRT_import.owl_functional.owl,264507210,480389877,744897087
3f884a7e-4520-49fb-b716-1f2dd2bea719_ields_Core.owl_functional.owl,119809307,7076803,126886110
approximated_775a73cb-c0c9-4219-bd8c-41967ebdad00_ng_bicycle.ttl_functional.owl,102686705,3714797,106401502
00137.owl_functional.owl,13451147,6301509,19752656
approximated_d535b5fe-7bf5-445f-a21c-93851d7fc07b_hReadiness.owl_functional.owl,217870833,250734250,468605083
approximated_8ca96447-4cd6-49a9-85de-918b00c833ae_prSciModel.owl_functional.owl,226274200,248262641,474536841
approximated_6350494b-28fa-48a5-8168-d8c7a55f5705_onto.rdf_functional.owl,104335217,4924626,109259843
approximated_b68437d5-701c-4692-b89f-7b9991bf02c3_rino_Sardo.ttl_functional.owl,16696400,3809376,20505776
ncbitaxon.national-center-for-biotechnology-information-ncbi-organismal-classification.2.owl.xml_functional.owl,23215257784,48019507580,71234765364
approximated_220bbb4d-210b-4559-a46c-44af776ee10c_Router.ttl_functional.owl,104330919,3654411,107985330
approximated_4bb6dd12-eaa5-451d-aae9-dd7208f30a4d_Ram_guard.rdf_functional.owl,27457647,3659102,31116749
9fe915d0-fb87-409f-8261-82b09b81e112_s_xp_chebi.owl_functional.owl,256388669,114139735,370528404
approximated_8386be3d-5a0a-40c9-9dd9-d2b669959937_DUUL.owl_functional.owl,104179499,5619193,109798692
approximated_688f0832-d2b0-4e26-a931-fe7d84d8c360_imeAverage.owl_functional.owl,289632616,211069361,500701977
approximated_0e8deb38-f2e2-40f2-9d28-e9fd6055e04f_UserCentric.owl_functional.owl,10587692,4298251,14885943
approximated_0b84f409-e01d-44c1-a99d-940ebea2abfa_icCompound.owl_functional.owl,129893258,209926140,339819398
approximated_22418c14-5f7a-4046-9656-772539f11c8b_cnov0_2_3.owl_functional.owl,18795043,11255073,30050116
b48c62e8-bf39-4590-999c-d4abf0d412a8_eKrankheiten_W_functional.owl,10108987,784215,10893202
approximated_gene-cds.genomic-clinical-decision-support-ontology.1.owl.xml_functional.owl,2815619795,5142261901,7957881696
approximated_610d549b-c50c-4a3b-a661-eab2f30c74cb_nlessRatio.owl_functional.owl,133160140,218623614,351783754
approximated_kb-owl-syntax-unraveled-depth-2-cardinalities-disjointness.ofn_functional.owl,650756228,1516539437,2167295665
approximated_kb-owl-syntax-unraveled-depth-2-disjointness-relation-axioms.ofn_functional.owl,689025624,1434988147,2124013771
approximated_6c861569-9500-4393-beac-719cd56a3b1e_turn_mower.ttl_functional.owl,16257691,3624951,19882642
approximated_18a36f4b-50aa-4c99-b541-572e4848f7a6_test_gcc4.owl_functional.owl,127347999,13581225,140929224
approximated_973ae743-50f9-49dc-baf4-dde4b20ee276_conditions.owl_functional.owl,13632214,4491665,18123879
5205d0ae-e7e6-4f8d-b651-d922d6f00e48_pato.owl_functional.owl,79623293,124677632,204300925
approximated_8877cee1-8cfc-4fe0-884f-295c2cb7b4f4_ceGeometry.owl_functional.owl,140676586,212713208,353389794
approximated_751733b5-5085-46e9-ac08-71cfcf0257c1_ndVolcanic.owl_functional.owl,102789135,227195909,329985044
approximated_7bdab322-6506-4ee1-9722-998a0a579438_er_speaker.ttl_functional.owl,16271466,3898004,20169470
approximated_00025.owl_functional.owl,28269482,22390928,50660410
approximated_709098b2-44b3-48e2-96cf-7860bcdc05f0_onto.rdf_functional.owl,11534270,3845689,15379959
47b42365-5784-469a-a3c6-28bfc544ad8a_OMAL_1.2.1.obo_functional.owl,70694705,159457473,230152178
approximated_1c1840b2-63ce-4122-baf7-8b96bb92dc38_ntial_sash.ttl_functional.owl,15256016,3758536,19014552
approximated_06b5dc6d-7f41-4c71-b3ae-d0475b30a086_H_Ontology.owl_functional.owl,20885604,13365509,34251113
approximated_59439ea6-b6bb-4d09-9209-44ed61e74fb3_Joystick.ttl_functional.owl,16194390,3656194,19850584
approximated_3cb4ae2a-79a3-4de2-a8c6-99fe006aa38c_oWindScale.owl_functional.owl,96157428,204896244,301053672
approximated_1e2f3797-924f-4fad-89c8-d22a2eb02523_Cookie.ttl_functional.owl,12352614,3918390,16271004
37e777cf-7092-4994-baeb-b0d28efe5f8e_sjointness.rdf_functional.owl,182260989,20753808,203014797
fb6f200b-4f5d-481e-965e-4e8130e9ffd4_classified.obo_functional.owl,22400121,36063316,58463437
approximated_ncit.national-cancer-institute-thesaurus.31.owl.xml_functional.owl,7314508864,13575931034,20890439898
approximated_kb-owl-syntax-unraveled-depth-4-cardinalities-triggers.ofn_functional.owl,366824520,897836260,1264660780
approximated_dd8e7801-65d4-4a8f-8100-fc83a9e0e089_iffusivity.owl_functional.owl,130503747,211751361,342255108
approximated_26212d1d-e8ea-4432-a5a5-f8f393d19d51_dcrlink_new.rdf_functional.owl,19990361,43458252,63448613
approximated_a46ef04a-00ad-4dbe-b49b-f3972b00be31_mozzarella.rdf_functional.owl,14613098,3775321,18388419
approximated_16a236ae-bb5b-45be-9ca5-fd03168da16d_Nightstand.rdf_functional.owl,14913812,3820440,18734252
approximated_d9bdec88-bef6-421c-9425-9d668084f577_xcellparts.owl_functional.owl,1779164583,5236571058,7015735641
approximated_kb-owl-syntax-unraveled-depth-1-km-relevant-cardinalities-disjointness-relation-axioms.ofn_functional.owl,668572662,1565366586,2233939248
approximated_caa910f7-5dda-4383-b5ee-1b046495eda4_spatial.obo_functional.owl,72809480,12679847,85489327
approximated_d3c8decc-0dad-4775-94fa-bb72a04eec06_FN1.55.owl_functional.owl,49242608,8668280,57910888
approximated_5a75e376-cd3a-4d7e-b3a0-e5ea616507ca_rness_coat.ttl_functional.owl,45803284,3708677,49511961
approximated_0fc200a7-8340-4866-80ba-d236ccc6715d_onto.rdf_functional.owl,20105398,5518467,25623865
approximated_46a08e91-3b2b-44bd-8ef8-7b8f226a82a8_dding_sari.rdf_functional.owl,88261079,4014479,92275558
approximated_ddd0406e-8208-4db8-b263-e686974b44cd_propMass.owl_functional.owl,512058290,212511566,724569856
approximated_182fc51e-fe3b-4ce5-8f8d-55bebf70c558_Tartrazine.ttl_functional.owl,137346336,3688044,141034380
approximated_kb-owl-syntax-unraveled-depth-3-disjointness-triggers-relation-axioms.ofn_functional.owl,939195509,1378935696,2318131205
87f47f77-edd3-4ad4-b19e-1e2bf296dc60_iso20022.owl_functional.owl,11954361,7204759,19159120
approximated_e9abc0b7-1082-487d-a95c-bc2455451128_opFraction.owl_functional.owl,141535182,247043625,388578807
approximated_0616ee29-bce3-4c00-9c24-94d8f5d8cc02_Stollen.rdf_functional.owl,16087942,3690284,19778226
soy.soy-ontology.2.owl.xml_functional.owl,40447745,91092069,131539814
approximated_e1c2de05-b500-4b50-9464-26447f49099f_Plans.owl_functional.owl,34625031,24707420,59332451
approximated_75a833ae-9d60-4891-8933-f70c3cadecbc_Meat_slicer.rdf_functional.owl,14051265,3822562,17873827
approximated_910f7348-a0e3-49b2-9bcc-d8619ba9ee58_tionStatus.owl_functional.owl,15164845,12190172,27355017
approximated_474208b0-dcc2-4f2a-b00e-be6941464f74_Axe.rdf_functional.owl,13820825,3759683,17580508
approximated_58b64a61-bead-4931-b23c-7d37d2070d33_lir.owl_functional.owl,12188391,3548251,15736642
approximated_bd2d3380-d6c2-4a34-848f-054ec6f4dcea_complex2.0.owl_functional.owl,18157651,7271283,25428934
9cd8077f-deae-4e18-bbf0-3c4ea89b08f7_PropertyDcdate_functional.owl,14702967,799525,15502492
approximated_rexo.regulation-of-gene-expression-ontolology.3.owl.xml_functional.owl,13833478112,1.2759E+11,1.41424E+11
approximated_fc3b7caf-04e4-4f13-9fe0-b8a8dd3a7241_itical.rdf.owl_functional.owl,67447086,4252181,71699267
approximated_a6eea863-0b31-4760-a439-d3a182ae9f58_ar_Project.owl_functional.owl,13117503,6631532,19749035
approximated_f3eca674-c224-417b-a3d3-20add1c3ea2c_matrElement.owl_functional.owl,127394049,211059323,338453372
approximated_0d4cde11-4f31-4371-8ad0-2ddac970391e_ndSediment.owl_functional.owl,70191944,190608601,260800545
523d8005-53b7-488f-8c99-4178a3fa3b5a_ehdaa.obo_functional.owl,83989448,131747461,215736909
d447124b-1716-4019-b6f3-c5ac8288d981_BrendaTissueOBO_functional.owl,161807372,366228744,528036116
approximated_591fc570-9773-41c8-83d3-7a3487d6404a_nent_xp_go.owl_functional.owl,23845287,20756130,44601417
approximated_152f2229-a1bc-45f9-9e0d-b12c2aa0a7f6_Sideboard.ttl_functional.owl,11534541,3818893,15353434
approximated_ecg.electrocardiography-ontology.11.owl.xml_functional.owl,39767834,58320339,98088173
approximated_1f8ba1ae-02c9-4092-a56c-522132622e00_logyQimage.owl_functional.owl,20084818,5062411,25147229
approximated_46a74498-def3-4f90-bf60-1deb2e4a5f09_gaz.obo_functional.owl,27085111051,60289046742,87374157793
approximated_161897b2-3680-43a8-a1b2-ce519eee996f_fety_valve.rdf_functional.owl,23161130,5980008,29141138
19a2fd77-8457-404d-95b0-a59480035bd7_envo.owl2_functional.owl,38672927,87050896,125723823
approximated_070a6d0d-2dc0-4b84-b008-4fdd6f6c64f8_OceanFloor.owl_functional.owl,221505141,211301262,432806403
approximated_f09c2121-b962-4e52-ab8f-2d59ae286bd1_FN1.43.owl_functional.owl,22437204,9229163,31666367
approximated_87623d34-faf4-4c0b-8ee4-c29b0316f883_Die_grinder.rdf_functional.owl,15428217,3683755,19111972
approximated_327ec14c-7a71-4933-b980-cd97e2784804_lubricator.rdf_functional.owl,10988755,3805278,14794033
29439325-5518-44ed-9f10-0c194b0dd7cc_vao.obo_functional.owl,20463992,19968010,40432002
approximated_d21900de-a556-4a51-8796-e7c474a3e998_siocore.owl_functional.owl,40785134,74196478,114981612
cd9cea31-52ce-4a0f-9a7d-023bcf7969f3_eKrankheiten_L_functional.owl,12433533,881804,13315337
approximated_119e2f52-5ce4-4599-bff6-db63c78df506_network.owl_functional.owl,13460111,3194649,16654760
approximated_3690347b-0d04-448c-95ba-23f97cb40d52_Relay.ttl_functional.owl,11416949,3628146,15045095
approximated_kb-owl-syntax-coreference-IDs-cardinalities-triggers-relation-axioms.ofn_functional.owl,623655784,1767467006,2391122790
5147593b-7fb3-4835-8dfe-1b0d99048a7f_ss_xp_self.owl_functional.owl,59457068,21851080,81308148
approximated_2d80e8e1-8a79-4992-a09a-49174152513b_alismerged.owl_functional.owl,2439556074,6184532858,8624088932
approximated_72c7a540-50a5-4c30-924a-a1ec947ea3d8_Button_cell.ttl_functional.owl,22505768,4697120,27202888
approximated_af87a387-e531-4169-93b0-efca296aa009_vaisalawm30.owl_functional.owl,15313277,4600313,19913590
gaz.gazetteer.13.owl.xml_functional.owl,22056835356,47724614811,69781450167
approximated_fa2ad847-9e2a-44b5-95a3-dbb49b459629_ontology.owl_functional.owl,14738062,4906184,19644246
approximated_1da60349-4393-428b-8ee2-04ce33cf85ad_ction_xp_chebi_functional.owl,267557651,621606731,889164382
approximated_03be87d8-b34c-440d-8412-357f201fb5cf_gfobiotop.owl_functional.owl,14011089,8188578,22199667
approximated_00649.owl_functional.owl,28287830,48499360,76787190
0d142dcb-3333-4781-9549-ff8da5f9da75_psimod.owl2_functional.owl,36427516,91988237,128415753
approximated_80864ca1-3e72-4a96-be2b-699f4ce85b70_Friends.ttl_functional.owl,9406119,4293670,13699789
22a218cc-14b4-4e6e-a343-aaff65b495d4_chebi.owl_functional.owl,2437953451,6522704567,8960658018
approximated_kb-owl-syntax-unraveled-depth-1-triggers-constant-classes-relation-axioms-value-nominals.ofn_functional.owl,458963729,1092866726,1551830455
approximated_ef64d0f0-cfcb-4835-9131-6293800b96b5_irculation.owl_functional.owl,81510082,159612505,241122587
approximated_00487.owl_functional.owl,1413971046,3934490918,5348461964
approximated_28799f53-d8c9-4d4f-b35c-1d141a2f2a09_onto.rdf_functional.owl,16164263,4805858,20970121
approximated_kb-owl-syntax-unraveled-depth-0-triggers-constant-classes-relation-axioms-value-nominals.ofn_functional.owl,166156008,374010661,540166669
approximated_40c84f99-6bf8-440d-902a-58e33ca77e77_onto.rdf_functional.owl,15156771,5003733,20160504
approximated_e984be5d-925a-49ba-9a7e-571102d70d09_NEMO.owl_functional.owl,81787904,134125501,215913405
approximated_d62e2709-2a1f-409e-9d73-e6a7743f57cd_limateZone.owl_functional.owl,135778078,214094044,349872122
approximated_6b651945-1003-4c27-9376-e7099b9981ef_RequestUno.owl_functional.owl,17470732,4408985,21879717
approximated_1ce9731f-2026-46d0-8ab4-724533e88e30_Hushllsost.ttl_functional.owl,18647750,3667342,22315092
approximated_b2f21a60-af34-4454-95bf-791b8f2f0f9a_Design.v10.owl_functional.owl,16452438,7712766,24165204
5bbb93a2-cfd3-4b73-ad38-947df5a7fbb6_tologyV1.1.rdf_functional.owl,25331834,10231305,35563139
approximated_0230be4c-a0af-4329-a970-fb8153a344bf_qudtspin.owl_functional.owl,20029239,23979323,44008562
7470ddd8-3423-4124-91da-08e2ddcf8dce_rm_v5.0.2.rdfs_functional.owl,23297772,6219755,29517527
approximated_7349afad-b8a5-4332-bbdf-e538a2d550ac_yaz_peynir.ttl_functional.owl,12708278,4573467,17281745
approximated_c1dcba37-12d8-4a11-b891-6a7ce271ada1_astiveLite.owl_functional.owl,18288525,33188233,51476758
approximated_8f8929a1-e865-4a3b-ae3e-e9a05b3f84a7_BSPO_functional.owl,18189713,12518893,30708606
approximated_c143fa8f-3742-43d6-844e-b43ccea64893_tegoryCcLiveCD_functional.owl,14443921,1843568,16287489
approximated_b06e6d66-526e-404b-a29f-42a718dd0ff2_onstraints.rdf_functional.owl,18508065,5484757,23992822
approximated_83334cf1-2057-4457-b101-5dc0bff3bc9d_Bradawl.rdf_functional.owl,16717856,3814254,20532110
approximated_46f2c9ab-7706-47a7-a80c-719122ab2a5b_fao.obo_functional.owl,9308630,5397873,14706503
approximated_5c340b4c-55e6-48fe-bf9c-e9c378092302_eria_mrca.owl2_functional.owl,13149304,6681010,19830314
approximated_a3b6ec37-35af-449f-ae60-ea20be293fa9_led_filter.ttl_functional.owl,13970613,4300434,18271047
4166af2f-fdf3-46ba-bf4a-c20ec2bfdf32_mao.owl2_functional.owl,11993341,8457264,20450605
approximated_1005428a-2fbc-43d4-9399-2a74966f8624_Brandy.ttl_functional.owl,12876168,5155972,18032140
approximated_00037.owl_functional.owl,452248055,1244676982,1696925037
approximated_9b995352-9cf8-4abe-8787-1f0886458cdc_nlessRatio.owl_functional.owl,138586772,246428739,385015511
127e6f24-bdf6-4c10-b6a0-e18d41c88ad0_fypo.obo_functional.owl,515411564,858239020,1373650584
63e6a5c3-25c7-437a-89e5-720b4c5f4dfa_utessimple.obo_functional.owl,103440677,287664975,391105652
approximated_2bc3982b-f26a-4e93-a5a6-f4a710a7b427_hydro.owl_functional.owl,72564618,121699555,194264173
approximated_efe1c495-9e3e-476f-a9ab-5742ff29247b_complex2.0.owl_functional.owl,28238095,13757750,41995845
approximated_19fdf8cd-402d-4871-885a-f887c1b89d10_opl.obo_functional.owl,32060119,32616898,64677017
approximated_kb-owl-syntax-unraveled-depth-2-constant-classes-value-nominals.ofn_functional.owl,431935787,961131450,1393067237
approximated_0d5857a3-e59e-4648-9efa-e40e9aa42ecc_Grounding.owl_functional.owl,19906362,12065196,31971558
e79238fa-8f1b-45d8-8305-3b3528b3075a_s_musculus.owl_functional.owl,340163993,766099247,1106263240
approximated_4e9c185b-2857-48b3-88a7-c54cd067e390_Guinness.rdf_functional.owl,7355939,3934703,11290642
approximated_a15c3d5a-3ddb-4ae5-ab89-8cf0c90234f6_sPrincipal.owl_functional.owl,22679901,10707097,33386998
approximated_2ae0d003-2a39-47c7-8d04-3251b45184d8_Main_course.rdf_functional.owl,14282264,4414657,18696921
approximated_2f8241e7-2681-4ae0-a41b-51a658424d85__locations.owl_functional.owl,28628528,6122013,34750541
approximated_350b1982-cf66-4f69-8e99-edfba697a177_iaomain.owl_functional.owl,17016065,9466653,26482718
approximated_0ccf0454-d777-4fec-b1cc-03b5a300824d_chemtop.owl_functional.owl,18233797,7675976,25909773
approximated_kb-owl-syntax-coreference-IDs-cardinalities-disjointness.ofn_functional.owl,854193593,2247370567,3101564160
approximated_cfd2ab64-684e-4657-812e-f844ec5c9116_opFunction.owl_functional.owl,144004354,243940462,387944816
approximated_b7f015e0-f2c8-477d-9436-65e7d81c06cf_4_09_17_43.owl_functional.owl,10703889,5629670,16333559
approximated_7153eb66-1776-4b1f-8794-6923eaffcc92_lusuniprot.owl_functional.owl,600424928,512702399,1113127327
approximated_c346186a-6c77-4f02-9128-4721483e1385_gfobasic.owl_functional.owl,36695947,4502988,41198935
approximated_89478caf-3fd8-45d5-a6b4-7effd7ea03af_a3_v1.owl_functional.owl,14536264,4492683,19028947
approximated_8e82fac1-558f-4037-8c9f-b328aa6e7792_testperson.owl_functional.owl,15598546,4942040,20540586
approximated_a889234c-d8d4-4255-a42a-da52583c099a__versa_new.rdf_functional.owl,20919276,31489370,52408646
approximated_4a63a1c4-4c30-46fc-bfd5-0478ce11cd59_npto.owl_functional.owl,13418735,5055923,18474658
approximated_006e2e4a-a591-4fe7-bc5c-c3c7aa334409_Kettle.ttl_functional.owl,15023097,3905361,18928458
approximated_bbde113a-a225-44bf-b281-cc2d44c9fa70_MScProgram.owl_functional.owl,17586892,6431626,24018518
approximated_kb-owl-syntax-unraveled-depth-4-km-relevant-cardinalities-disjointness-triggers-constant-classes-relation-axioms-value-nominals.ofn_functional.owl,708714897,1427527560,2136242457
approximated_06ed90ea-d471-4e7c-9eb5-edf92ac77841_transistor.rdf_functional.owl,31265504,4137955,35403459
35936f55-68ee-48e8-86be-25117b64e105_vegenomics.owl_functional.owl,14527606,1366862,15894468
approximated_e94042d2-3513-4cfd-a335-755c4ca94315_matrElement.owl_functional.owl,137393272,246086406,383479678
approximated_nifcell.neuroscience-information-framework-nif-cell-ontology.14.owl.xml_functional.owl,80800163,166651734,247451897
ef81bd3e-23ca-4e64-a01d-7d1929968ebb_KategorieArme_functional.owl,8982206,812600,9794806
ac1cc3b1-d518-47bd-ae1b-7b60982dd482_rinusensfm.owl_functional.owl,295611854,664428421,960040275
2e4ff4da-e440-4a37-9a66-f7ad39c0bed5_nverzeichnis_O_functional.owl,12717034,863749,13580783
approximated_1b3d0d10-70ae-4229-bf10-94ee52a3208e_codkernel.owl_functional.owl,13768142,5476538,19244680
160b40f0-608b-462a-bf5b-852b13a1e1b6_nnotations.owl_functional.owl,7395217449,6945032509,14340249958
34586ad8-1308-48de-aa2f-157276f2cfd6_litaryUnit.owl_functional.owl,14398581,2371491,16770072
approximated_kb-owl-syntax-coreference-IDs-km-relevant-cardinalities-triggers-constant-classes-value-classes.ofn_functional.owl,598748431,1713676967,2312425398
approximated_d8a4e012-e00b-4e09-a794-44d148dbcc29_icCompound.owl_functional.owl,132058609,211157248,343215857
approximated_aba681d0-0eb0-4c34-9a2a-bdfadf3194fe_onto.rdf_functional.owl,16915002,5015419,21930421
approximated_5e01bc1a-0856-445f-88ca-a35fa31982e7_ossAnatomy.owl_functional.owl,56777243,92016857,148794100
approximated_7d5dc985-6d23-4a29-83e6-623123780bcb_FN1.17.rdf_functional.owl,20360814,5251344,25612158
approximated_51f86d59-f63a-4c08-bccb-f555f70fe26c_ance_motor.rdf_functional.owl,13364554,3624966,16989520
approximated_5c4b9aff-8174-4201-929c-c3e5eaa1d386_domain.owl_functional.owl,17036030,11043518,28079548
approximated_kb-owl-syntax-unraveled-depth-2-cardinalities-disjointness-triggers.ofn_functional.owl,832613229,1555644652,2388257881
approximated_425c48fe-2b7c-4899-a58e-51753e9f899a_a_Types_RM.owl_functional.owl,19244744,6255316,25500060
approximated_5de33645-69d5-414b-be89-f97b3387feec_logen_lamp.ttl_functional.owl,15087789,3745972,18833761
e32b6c51-d400-4298-b88f-70692d819ba4_func.owl_functional.owl,19574389,6883859,26458248
ebe2450c-26f4-4ea6-9b23-813ad97feba6_FuGO.owl_functional.owl,9853490,4260227,14113717
fbbi.biological-imaging-methods-ontology.13.owl.xml_functional.owl,19324251,26091245,45415496
approximated_8742ada9-a2c2-4098-b3a2-684dcee22e29_EASE_functional.owl,15328644,9526819,24855463
approximated_e38eb8dc-30e0-4b6c-93ea-811430c34b56_vocabulary.owl_functional.owl,12418312,4717910,17136222
approximated_9240474a-6392-45d1-9f63-58a6c3353da7_curr.owl_functional.owl,12482154,12246231,24728385
approximated_85b0accb-f69a-4046-b346-949dc5bbbbca_mbing_shoe.rdf_functional.owl,18961563,3626215,22587778
approximated_c607fcf9-8fe8-44af-8f85-ef83afcc989f_Green_sauce.rdf_functional.owl,18712726,3693938,22406664
approximated_b49d219b-6ece-4bf7-b78d-bd7d7b04bccb_oQual.owl_functional.owl,21074594,16877764,37952358
085b1f67-63ec-4cab-95e9-3edf96c30fa1_eriofamily.owl_functional.owl,405487581,1000250352,1405737933
approximated_b7461126-8fac-4c8f-8cd8-01b11cee3fd3_graphexample1_functional.owl,18437060,7747911,26184971
96be13bb-63ca-46f1-a747-469a05169061_onLanguage.owl_functional.owl,10529244,801901,11331145
approximated_kb-owl-syntax-unraveled-depth-3-triggers-constant-classes-relation-axioms-value-nominals.ofn_functional.owl,380033979,929764172,1309798151
approximated_0d994750-6bfe-47c6-a7bf-da05e3715e27_Dibber.rdf_functional.owl,81301132,10350999,91652131
approximated_03d72568-33ff-4d54-9263-37fe0dcdfacd_pizza.owl_functional.owl,130129792,13915385,144045177
2958d6b1-c072-4abe-a1ff-fc5d3a69bcdc_pathway.owl2_functional.owl,74784525,50030908,124815433
approximated_3d079c85-a470-47c4-aea5-f32f46e7b770_har_ladder.rdf_functional.owl,73580205,3615112,77195317
approximated_1883931d-6084-4f3b-80f7-87a12489c66f_iao.owl_functional.owl,14184555,4555304,18739859
approximated_53bcedfd-f21f-494a-85c0-968c8d665814_ing_Device.rdf_functional.owl,9493639,3814725,13308364
approximated_ea2a8aa3-8934-4c4a-ab4e-1cfb24e2a8cb_alResource.owl_functional.owl,214851160,214646140,429497300
32d93cb3-cf1c-4b92-9030-4279a16d707a_pato.owl_functional.owl,42471040,70272356,112743396
approximated_kb-owl-syntax-unraveled-depth-3-cardinalities-disjointness-triggers-constant-classes-relation-axioms-value-nominals.ofn_functional.owl,700020148,1527628378,2227648526
mpath.mouse-pathology-ontology.16.owl.xml_functional.owl,36540908,45482359,82023267
approximated_0885110c-208d-454c-abe3-1073aac798b7_Cadmium.ttl_functional.owl,14346415,3862307,18208722
approximated_spo.skin-physiology-ontology.1.owl.xml_functional.owl,24939667,31887847,56827514
approximated_dad7204f-b785-44e2-88c1-24686bb986a9_universita.owl_functional.owl,16117676,11063214,27180890
approximated_3340497e-a27d-456c-aa4c-442e92cf4aac_chemistryv2.owl_functional.owl,23457654,9387303,32844957
approximated_618a70f7-74a5-4ba0-a6e1-42c61639c2db_ndVolcanic.owl_functional.owl,136836021,220764770,357600791
approximated_bf69d67b-c680-4432-b900-5babae5e047b_e_ion_trap.rdf_functional.owl,14957414,3770747,18728161
ff70435c-1e7d-4c62-abdf-ae3d57c593bc_t_trait_xp.owl_functional.owl,35836867,10820186,46657053
approximated_34d4c73a-3281-45d4-8f95-8211bc911b37_onto.rdf_functional.owl,18208276,6451264,24659540
approximated_kb-owl-syntax-unraveled-depth-2-km-relevant-cardinalities.ofn_functional.owl,388874194,1003076924,1391951118
approximated_51231366-a9f6-47bd-93e8-4ccde654e74a_onto.rdf_functional.owl,94430258,4005554,98435812
approximated_957eb477-9800-4d8f-957b-c059ece71206_Submarine.rdf_functional.owl,12206896,3792101,15998997
pae.plant-anatomy.13.owl.xml_functional.owl,55544659,116823478,172368137
approximated_04769434-d3d4-4a59-83bd-0868261b8257__and_chips.ttl_functional.owl,10590590,4194440,14785030
approximated_7af8f9fc-8b20-4e41-ae3d-32c39d4da88a_ategorical.owl_functional.owl,141954089,212592214,354546303
5f90abfd-c51c-4181-bc46-febdcf01bb86_s_musculus.owl_functional.owl,343510291,771390300,1114900591
approximated_15a0c09c-4b75-409b-88a1-c8991f10d9ae_sistent002.rdf_functional.owl,32248683,16571504,48820187
approximated_9eff1c37-8ba9-4312-9fc4-dd31a592afdb_dsolutions.owl_functional.owl,10413490,6924179,17337669
7fb1eaac-d252-45b1-83fe-bf3a4df6eb5c_quality_2.owl_functional.owl,48922739,85757200,134679939
approximated_58c5f93a-cd4d-4ea2-a093-b03506af3a88_onto.rdf_functional.owl,19375710,5276997,24652707
approximated_5194341f-60ed-4eca-a54f-09d9b1efa1a5_sulo.owl_functional.owl,18702536,10538875,29241411
dee1017d-a6e6-46d9-8e7f-454ebb8b3177_KategorieHals_functional.owl,10287150,896743,11183893
kb-owl-syntax-unraveled-depth-0-constant-classes-value-nominals.ofn_functional.owl,145514016,360652374,506166390
approximated_d0a8ecdd-1935-47f8-b930-d024448e135d_ndVolcanic.owl_functional.owl,144206716,213818008,358024724
approximated_4943657d-8383-43f7-becf-95ef094ca74d_tsverylite.owl_functional.owl,25121637,18097709,43219346
approximated_f32c1ea2-7ec2-40e7-aed1-a7c29a1bb15a_morphology.owl_functional.owl,135609863,215374456,350984319
approximated_78a8d31c-b495-4657-85ff-3a2fb26303c3_sportation.owl_functional.owl,136848591,224427731,361276322
approximated_58e89d1e-8324-4291-a160-2d09cde67b1b_F_GrossAnatomy_functional.owl,163854014,372196292,536050306
approximated_c24b2d81-70e4-43a9-a36c-83c0aff3e54c_Device.owl_functional.owl,21908366,12253038,34161404
17384600-187e-4e93-b21a-51a2bf5f99c6_fOnlineAccount_functional.owl,12697117,942517,13639634
approximated_3a3735b7-ac47-41db-916e-f3ed4b200491_ethodology.owl_functional.owl,132098606,211867198,343965804
approximated_1001d21a-d72d-46aa-9334-93e88dfdc785_owfin_tuna.ttl_functional.owl,15743785,3676477,19420262
approximated_38aac816-37ca-4141-92a4-ea5c549e7b6e_plgrid.owl_functional.owl,15280043,4477428,19757471
approximated_027c3f06-12a3-4c44-b72a-d16ad84f3fb2_omrse.owl_functional.owl,18286826,8035357,26322183
approximated_627a31a7-4298-4981-8477-15d3abb8a425_ColbyJack.ttl_functional.owl,12450583,3624267,16074850
approximated_kb-owl-syntax-unraveled-depth-3-km-relevant-cardinalities-disjointness-triggers-constant-classes-value-nominals.ofn_functional.owl,1422517185,1478851220,2901368405
approximated_00600.owl_functional.owl,52511161,105940993,158452154
approximated_982e6c34-d0a2-432f-8c41-f5e86c68593d_ray_system.rdf_functional.owl,15449369,3670144,19119513
approximated_7f8a70f4-adf9-4ddc-8e36-ca56da3baa5b_PaulFisher.rdf_functional.owl,19032208,3262916,22295124
approximated_05171728-a50a-4215-b79f-ac87d6573460_sion_valve.ttl_functional.owl,13412374,4120395,17532769
approximated_140eebe2-e7ec-4e3f-818a-6d17cb63a6e6_Design.v18.owl_functional.owl,20038850,8022674,28061524
approximated_7ab5d4e4-5f9e-4865-883d-496db148d6a6_edgeDomain.owl_functional.owl,135208776,247941632,383150408
approximated_535ea4fb-1fd6-48a0-8f8a-de4ecdd731cb_enReaction.owl_functional.owl,144375994,247827730,392203724
approximated_kb-owl-syntax-unraveled-depth-1-cardinalities-triggers-constant-classes-relation-axioms-value-nominals.ofn_functional.owl,501304414,1123511889,1624816303
approximated_58c349d2-f026-4757-8041-324a96234671_c_20090227.ttl_functional.owl,18649044,12686942,31335986
approximated_850c542b-dbfb-4efc-a836-f5f70b9d64d7_voag_functional.owl,13927606,6447884,20375490
approximated_9788b8e2-2d1b-41a0-a55c-404b7b99d167_cose.owl_functional.owl,17662862,18419680,36082542
approximated_249dc7c2-d0d5-4e12-bf9f-900fcb07a31d_mtq_100302.owl_functional.owl,24266085,21581690,45847775
tads.tick-gross-anatomy-ontology.9.owl.xml_functional.owl,35473624,48318448,83792072
approximated_39e1a33b-3300-496b-947b-4c0219deac6a_eHierarchy.owl_functional.owl,22272360,11257354,33529714
approximated_04781b68-fccd-474b-8e82-57919f0fc453_mergedtbox.owl_functional.owl,1240593436,3264840423,4505433859
approximated_3c39605e-cdc8-4a06-8a58-d96dffb19978_dMesoscale.owl_functional.owl,139578067,210771046,350349113
approximated_2555a3d6-8150-488c-a4e9-021d045f7597_Halibut.ttl_functional.owl,11980883,3947395,15928278
approximated_b4703d2b-b38e-4f43-ab76-8ae727231f4f_Abalone.rdf_functional.owl,12622166,4018679,16640845
approximated_9e92276b-c200-428e-87b0-87342e9c5b66_mbeuniprot.owl_functional.owl,195157210,153455015,348612225
approximated_b20e3b09-3338-4380-a8c5-6710afd23b74_Albacore.rdf_functional.owl,12664362,4013505,16677867
approximated_97585962-0109-4569-9640-b2ef570e6483_roPlanDMWF.owl_functional.owl,19679736,8356207,28035943
approximated_96f9e868-e40c-46eb-a737-a7037a4eb29e_esallinone.owl_functional.owl,18780647,4328998,23109645
approximated_44487e0b-5833-4d9c-8488-d3f9694b0167_ppi_cheese.ttl_functional.owl,14830869,3690850,18521719
approximated_02e1f75c-7845-4a67-ac70-b1d5e7019c9e_DUUL.owl_functional.owl,22605148,8106428,30711576
gro-cpd.cereal-plant-development-ontology.1.owl.xml_functional.owl,12155201,11210249,23365450
c3d1968e-05da-4f87-9d6f-e997a5d2e5e4_ECO.obo_functional.owl,16895219,14255429,31150648
approximated_4b6b077e-f597-451d-8f9b-8c10af255795_ctile_iron.ttl_functional.owl,18506927,6371726,24878653
approximated_c40dc958-2379-4693-993e-adb018c6dd21_matrAerosol.owl_functional.owl,129419791,209818833,339238624
approximated_407b6116-0910-4eb9-ab5a-e025ab2bba5a_Provenance.owl_functional.owl,141215940,243694385,384910325
approximated_8f22b06c-d915-4682-be62-695cdd75abf3_atomy_2010.owl_functional.owl,94486874,264235073,358721947
approximated_12d6903a-ab7d-4d2e-8a0b-c9b97efea74c_tourism4.0.owl_functional.owl,16071095,9890898,25961993
approximated_6cc9fe62-084c-4280-b815-781d2125d601_emDynamics.owl_functional.owl,20003102,24709075,44712177
approximated_kb-owl-syntax-unraveled-depth-4-cardinalities-disjointness-triggers-constant-classes-relation-axioms-value-nominals.ofn_functional.owl,725748463,1479396311,2205144774
approximated_b26f4b16-c8ca-4a93-a5a2-afb9c0fbdea7_Taximeter.rdf_functional.owl,20163190,6116449,26279639
approximated_70d403b4-2260-4155-a10e-9fbfe3e668fd_n_concrete.rdf_functional.owl,14928243,3760870,18689113
approximated_dd195e23-4188-481a-bac0-4cc7c80291c6_onto.rdf_functional.owl,16196645,4060118,20256763
approximated_2ed96c57-de69-4d4a-ad8c-1cddfdb6b368_information.owl_functional.owl,19370828,14547368,33918196
approximated_5ac4f9e9-27d7-400b-ac8a-034a9cf8b398_PaulFisher.rdf_functional.owl,17228217,2949467,20177684
approximated_6356d46d-a7de-4f64-934f-ced27ee6db0f_CategoryProject_functional.owl,10236832,1966056,12202888
approximated_306ba04f-5f44-4e6a-a863-e1521afb6bbc_Esquites.ttl_functional.owl,12968642,3706706,16675348
8b66d188-ced4-4dd6-96eb-967532065f4c_nboel.owl_functional.owl,45517808,63362232,108880040
approximated_00425.owl_functional.owl,756164502,2131450895,2887615397
approximated_114c09bc-c3e8-4003-845a-fda40d7b1837_mtq_091216.owl_functional.owl,17673957,22422158,40096115
carelex.content-archive-resource-exchange-lexicon.38.owl.xml_functional.owl,22526039,15794537,38320576
approximated_6b673c91-ba26-4ee2-af71-e466cbf101f0_Autogyro.ttl_functional.owl,16587852,3836447,20424299
approximated_00624.owl_functional.owl,24101029,45825893,69926922
approximated_596e1b3f-9e12-4e84-9358-7a8611d68b20_mboo_shoot.rdf_functional.owl,10403179,3711913,14115092
02848000-8a45-4114-a9ea-0b062dcc27b4_sh_anatomy.obo_functional.owl,272656923,523818095,796475018
approximated_6763daf9-bab0-49dc-bd74-3148e5714003_metafor.owl_functional.owl,20251432,10922218,31173650
00149.owl_functional.owl,19660858,10268883,29929741
approximated_99f284e8-dd16-4c55-beab-356c86876f76_SPATEL_OWL.owl_functional.owl,15755826,4835427,20591253
approximated_272bbe94-ce2d-4441-a87a-c1c3f30e2c70_ontinental.owl_functional.owl,128285844,211248619,339534463
approximated_205a10c4-613c-4fda-9e5c-a0c8ef9f98c1_Statistics.owl_functional.owl,129921160,210179481,340100641
approximated_187a12d6-6632-473e-9aa7-906e4412d4c7_siodev.owl_functional.owl,49734211,96593258,146327469
approximated_249c3823-e45d-4881-b9fe-6f38598c8238_inOntology.owl_functional.owl,25667152,36383803,62050955
approximated_13f8e913-fb05-443f-8952-4a27703d8f16_eSemantics.owl_functional.owl,20996760,13530586,34527346
approximated_656ae802-9d60-43ad-8b68-2ebe1537317f_rts_washer.rdf_functional.owl,16549125,3660658,20209783
approximated_3c2609a1-5c16-4fdd-b618-3da2f21e861e_Burrata.ttl_functional.owl,13782212,3662604,17444816
f2c0e1a2-ce56-4674-9931-2619c6b0c014_gleIBridge.owl_functional.owl,20269531,2769760,23039291
approximated_00158.owl_functional.owl,17245297,12601030,29846327
f8abba8e-c48c-4d28-ae15-050fb76d9ef2_wbbtmerged.owl_functional.owl,284126432,695561058,979687490
approximated_07fd60cf-95b6-4481-ac49-1911e30d1b28_Sauerbraten.rdf_functional.owl,75230848,3809376,79040224
approximated_bridg.biomedical-research-integrated-domain-group-model.1.owl.xml_functional.owl,123157656,90699387,213857043
approximated_3b4e270b-0efb-471f-b7b8-a8a4578e79ce_ter_wrench.rdf_functional.owl,21385860,3726173,25112033
approximated_03cf6bd3-992e-49ac-9c70-9819434059f9_IMR_functional.owl,344846557,556582157,901428714
approximated_58c23c9e-5d2e-4990-bbe0-0fc8c12de47f_1_20090714.owl_functional.owl,113226216,194962293,308188509
approximated_1a6cb2a3-20ee-4cae-bb82-21bfe2937597_onto.rdf_functional.owl,15039360,4877763,19917123
approximated_00463.owl_functional.owl,414453323,997583721,1412037044
46385dec-a0c9-488b-9e01-6d4ef93602df_ntic_MediaWiki_functional.owl,12233052,1354784,13587836
approximated_81219363-c5d7-4481-8e47-e7ba9246d43f_thFunction.owl_functional.owl,134217549,210090866,344308415
approximated_992c3558-9cab-4fa1-9e8e-8fe59090c0f7_food.owl_functional.owl,10593812,3870100,14463912
14233960-0c0b-4d11-a337-a1b2cafd283f_animals.rdf_functional.owl,10948705,3319365,14268070
c6907ef3-a626-4b34-a474-15a4563b7f29_ish_label.rdfs_functional.owl,23661281,6152802,29814083
approximated_355959ae-249b-41b5-abdc-98450400a847_l_detector.ttl_functional.owl,9228504,3756126,12984630
1508dd36-1e8c-4c5a-8b37-1485d72d4d4d_onto.rdf_functional.owl,14015391,1758618,15774009
approximated_8730ed08-87ab-4c67-b77e-194790ec6e1c_mplegraph4.owl_functional.owl,16247836,7854872,24102708
approximated_0b1ba529-8cbb-48cc-a7ef-4e9487f0abdc_odWorkflows.owl_functional.owl,16672045,14250945,30922990
approximated_kb-owl-syntax-unraveled-depth-0-cardinalities-disjointness-triggers-constant-classes-relation-axioms-value-classes.ofn_functional.owl,422821310,934059586,1356880896
542c3456-ee77-4d9a-8e64-0b27e3b4d07d_od.obo.CURRENT_functional.owl,65692548,163314570,229007118
approximated_00572.owl_functional.owl,2167852335,4239056986,6406909321
approximated_78451a18-f191-4d7e-b5a1-29e4122d1945_ic_wiki_engine_functional.owl,11424065,8793650,20217715
01604f5c-bb75-41a2-8535-6eb587f4ef5b_egoryRdfsClass_functional.owl,39438636,1021386,40460022
61c75996-d58f-4f38-9194-56b4eb323c91_nnotations.obo_functional.owl,50527416152,1.55711E+11,2.06238E+11
approximated_34dc44c0-4c1e-44a2-95e3-e737055799cd_algroupcomplex_functional.owl,16306646,12193857,28500503
e9d909e9-7eb0-423f-a30c-46e93f6c4fc5_Bridge.owl_functional.owl,12642421,2173975,14816396
approximated_0a180fe0-e0ae-47bd-a865-897aeacbde7b_Band_clamp.ttl_functional.owl,17184529,4182407,21366936
approximated_61fdfa0e-19fb-4532-95d7-5cf3f31bc7a8_commodule.owl_functional.owl,35015324,40187882,75203206
approximated_2bfb980f-3e77-4bf6-8bc4-c40c58b570d2_blue_brick.ttl_functional.owl,11940406,3679899,15620305
approximated_7d5eb28f-0fed-49ce-94a9-affb64592379_ossAnatomy.owl_functional.owl,168973945,104022233,272996178
approximated_0d8cf748-ea92-48b3-8f4d-e541ad0175b6_H_Ontology.owl_functional.owl,24893930,14147882,39041812
approximated_10be2e27-bf7c-45cc-95e0-a629c08154cb_paceHeight.owl_functional.owl,130980284,210540154,341520438
approximated_483b0c9f-4e51-44b9-ac74-45b98b220235_Content.owl_functional.owl,14807944,10237631,25045575
approximated_2d3fe813-bca1-4ae9-86f9-af3f657b01fc_Currywurst.rdf_functional.owl,11569973,3855193,15425166
approximated_ad59eb37-5a1c-48e8-8165-fe5a2926af37_home_care.owl_functional.owl,28021988,40779730,68801718
ada6506a-6283-425e-b6a1-66e8a96de4ba_onto.rdf_functional.owl,15332431,1928829,17261260
44330bff-39af-4502-a54b-1d284e63ce2c_L2011IJCAI.owl_functional.owl,9267308,1015263,10282571
892bd871-f78a-4256-b36a-3a48bd821b7a_pomerged.obo_functional.owl,58515261,120235585,178750846
approximated_6b13038d-c401-4fd0-a842-a57d57b30d1c_ack_cheese.rdf_functional.owl,16764788,3737238,20502026
approximated_00589.owl_functional.owl,31126092,52133997,83260089
approximated_4a257f07-8a3c-4f2d-8473-cc641ebf332f_202onto.rdf_functional.owl,13271137,5224633,18495770
approximated_81e8eb63-b9fe-4c50-b8fc-ec200fea1969_spinbox_functional.owl,15239818,4642398,19882216
approximated_3522454f-84c9-44bc-9818-fc017a5d625b_lenprotege.owl_functional.owl,1066013152,3071430490,4137443642
approximated_846b1650-0bea-4773-9cc7-209cba74e0c3_iensModIDs.obo_functional.owl,6157897679,13999301421,20157199100
approximated_e809d2cf-cae2-466d-8332-0dd4dd8a8948_roo_120730.owl_functional.owl,50734247,28153512,78887759
approximated_538312fb-d34d-425d-8089-e4376155285b_Adze.rdf_functional.owl,14302389,4211678,18514067
approximated_8c4cdea1-efc1-48f0-a6bb-853ce4584bb3_nseMapping.owl_functional.owl,31792915,23822754,55615669
approximated_c76c2bdd-aa71-43b5-82fb-b3d9339765ee_FN1.52.owl_functional.owl,22278263,7886023,30164286
approximated_kb-owl-syntax-unraveled-depth-2-km-relevant-cardinalities-disjointness-relation-axioms.ofn_functional.owl,870771328,1446220435,2316991763
approximated_a52c4dbc-1f0b-4cc6-9b2d-197999f58bb6_lmLandform.owl_functional.owl,144036458,246620321,390656779
approximated_2c877282-9a4c-42bb-8e5b-1bc1b5093595_Snickers.rdf_functional.owl,14160371,3946325,18106696
approximated_07ef0c71-e573-418c-96d2-8b0d305d185b_Tool_steel.rdf_functional.owl,12626553,3698815,16325368
aabf4d5f-4834-4bcf-b163-89e5a10af317_blinCore3b.owl_functional.owl,18514556,2163641,20678197
approximated_aec32960-eb0c-48d7-be31-9a175bf06f0e_latest.05.owl_functional.owl,2164936895,1284956230,3449893125
approximated_ffbfeeb2-6b05-445b-84e2-2342f461b5b0_blicazioni.owl_functional.owl,12547753,5702151,18249904
approximated_755639da-86d5-458d-b3cf-1d90b8bce979_concept.owl_functional.owl,12088539,12796215,24884754
approximated_8a911956-6d26-4bb5-b8ed-c595ad13a9b1_Helicopter.ttl_functional.owl,14459611,3907243,18366854
approximated_6ad726eb-5d8e-4439-b5f2-1662aece84e1_olia.owl_functional.owl,28811380,50429628,79241008
approximated_35541d57-2960-4b50-b081-4cdd1e142706_Design.v21.owl_functional.owl,16753975,9661326,26415301
approximated_83d6b78d-7f91-4710-9b23-dbe82b2e2858_Air_caster.ttl_functional.owl,9818984,3775081,13594065
800c5de6-4e11-429a-890f-c6d1bfcbd66b_6_OMNIA_v6.owl_functional.owl,30358848,37031445,67390293
approximated_dd82f90f-c96e-4a64-a322-2d3957551398_escription.owl_functional.owl,15360453,8230361,23590814
a5a02cb7-98c8-458f-9a50-8b8e6cd2a691_npddb.owl_functional.owl,44772015,31130325,75902340
approximated_52792bba-8ad8-4953-8248-365b374254f1_phenBiol.owl_functional.owl,147365201,243790235,391155436
approximated_1ab233ac-c005-476f-95fa-61c0c7515ae2_v_1_4.owl_functional.owl,11233333,8284593,19517926
approximated_4942231e-3599-48a8-8e28-4071e68e13b2_station.owl_functional.owl,15310104,14787567,30097671
approximated_3d92dd4e-809d-4c3c-8d09-099d13f8a7f6_locomotive.rdf_functional.owl,13403275,3792464,17195739
4b9cbbe9-fe50-4102-bc33-18996083982e_csontology.owl_functional.owl,17520509,5558191,23078700
approximated_kb-owl-syntax-unraveled-depth-2-cardinalities-disjointness-triggers-relation-axioms.ofn_functional.owl,646375664,1722589821,2368965485
approximated_1170809c-20e6-4ec1-a1ca-369b51903587_briole_leg.ttl_functional.owl,17407897,3653579,21061476
approximated_b349d09e-c1e1-4ec2-bc52-a3efcc8592f0_lock_valve.ttl_functional.owl,10334725,3985801,14320526
approximated_08e5998d-85af-4214-bb8b-977fffb4f9ff_gfobiometa.owl_functional.owl,19379432,18198723,37578155
approximated_b220109f-5329-4c92-9c97-7b159fbf1c48_old_1_7_13.owl_functional.owl,16670588,15906122,32576710
approximated_130ba1ab-dee1-4103-a46f-1f7d85ebfa6b_space.owl_functional.owl,89668528,165925050,255593578
approximated_06961bda-01e1-471b-849e-ffbadfcc4834_Rotor_kite.ttl_functional.owl,14359314,4173394,18532708
approximated_565a4206-e75d-4de4-a26d-bcbc0f9ba100_torDefault.owl_functional.owl,17413925,7491126,24905051
approximated_48010144-6df5-4221-b76f-bfcb30425879_nteraction.owl_functional.owl,20253784,7948334,28202118
3899158a-340c-4393-8c05-520ac6bd9520_ephenotype.owl_functional.owl,284540762,560528584,845069346
594f6064-cad9-4aa3-a8d9-8fac2d0a96b7_r_anatomy.owl2_functional.owl,26193769,41609250,67803019
approximated_dc8c05c2-5b98-4a2c-b67a-81413137d40b_IO_revised.owl_functional.owl,56185144,83373050,139558194
approximated_51ca7cf3-5fae-4397-a007-ddf7ee86e201_oilspills.owl_functional.owl,21198512,10849181,32047693
approximated_kb-owl-syntax-unraveled-depth-1-disjointness-triggers-constant-classes-value-nominals.ofn_functional.owl,720543052,1800441442,2520984494
approximated_b4f80460-412f-496b-84fd-5d3a3672dde5_ation_mark.ttl_functional.owl,129319042,4457859,133776901
49ec3026-11a9-4fa3-89ac-bfb89a5f525f_goslim_pir.obo_functional.owl,101447199,37380494,138827693
5322fe0e-6a88-4d3e-a8fe-337c2d6d8077_eKrankheiten_V_functional.owl,119747905,853236,120601141
09e56d2d-e978-40b2-ae38-7571c5bd69ae_instrument.owl_functional.owl,16446041,6329816,22775857
approximated_ontokbcf.ontological-knowledge-base-model-for-cystic-fibrosis.3.owl.xml_functional.owl,112507964,37375493,149883457
e265c5fb-b7e3-4519-9363-b04783cc3c6a_ezeichnungen_C_functional.owl,109934365,767740,110702105
approximated_c1afb247-6221-4a9a-9c21-67c4b92ea58e_ron_import.owl_functional.owl,133195120,310901884,444097004
approximated_6f660a9e-d964-4804-b2ce-1f8ff7634388_mbeergeist.rdf_functional.owl,127997855,4246222,132244077
approximated_3e71db9d-ab27-4cc8-992d-124c295205a6_lbo_cheese.rdf_functional.owl,94266697,3838536,98105233
approximated_45da5baf-f229-41ec-8cfc-cca3176a5c3c_Geospatial.owl_functional.owl,140760096,252505276,393265372
approximated_18a9a135-cd5b-4048-9ef9-3cfaeadcc1b8_Bublik.ttl_functional.owl,135994138,3643666,139637804
approximated_634a1d7f-a9f2-499a-a198-c43806b80fc6_Oscypek.ttl_functional.owl,4481949,4533004,9014953
approximated_7322892e-9cfd-45c5-abef-7f337bac26c3_Potbrood.rdf_functional.owl,46048071,3992066,50040137
055e9980-d5ac-484f-bfcc-b62b0135b80f_imr.obo_functional.owl,452062892,563744664,1015807556
approximated_3e6405ca-8f7d-467b-9783-ea83babf3691_owl22codo.owl_functional.owl,131212011,25778583,156990594
approximated_8eb6df8e-12ef-47d0-86d1-ce94b1f3bdca_Milbenkse.ttl_functional.owl,44027711,3793766,47821477
approximated_11f2e44e-1395-4ee6-8567-1079a4c85714_siocore.owl_functional.owl,42026160,59168563,101194723
approximated_6356f200-49a0-411f-9eb0-c97c2af46963__sprinkler.ttl_functional.owl,15683097,3828122,19511219
approximated_23b5dcc1-de6c-42b4-8b2c-dd93e552a9bb_Quickdraw.rdf_functional.owl,17276327,3855907,21132234
approximated_af35aaa9-7096-417d-b654-4fd7f84ddde6_Rumtopf.rdf_functional.owl,15273809,3772463,19046272
approximated_cae5a20a-41c3-4928-aa21-79786a69389f_sfb632link.rdf_functional.owl,34829238,60037948,94867186
approximated_2ad2eafd-b51f-4aac-a7df-28f0e0977b6d_PaulFisher.rdf_functional.owl,77067246,16334595,93401841
70ac7a75-12ff-4f63-a681-79baab8399c3_TopoCarto2.owl_functional.owl,30399215,38198546,68597761
approximated_7cc95e47-1688-448e-82da-fa364e336de6_Eternit.ttl_functional.owl,14587412,3798796,18386208
approximated_4adfcff0-50d9-4eea-a3da-f0131b91902a_COSMOtop991.owl_functional.owl,479076147,917831980,1396908127
approximated_6557a271-1ae9-4d61-89da-b31e6f0f7070_Conch.ttl_functional.owl,14506586,3684483,18191069
approximated_a8ccbbf6-11b0-4919-878c-bf928816a068_stateEnergy.owl_functional.owl,133949919,216179911,350129830
approximated_0997ce5e-8c09-4948-9661-862bf165398f_Olive_oil.rdf_functional.owl,17834687,3702252,21536939
c3ebb8aa-1b81-451f-bfb9-1ecc4c156660_e.obo.PREVIOUS_functional.owl,603803551,1427231146,2031034697
6a9ef59d-18fd-4086-a639-c2b23b00d083_anuary2007.rdf_functional.owl,13676583,1497600,15174183
59442193-d053-44e2-82e9-2561fa0555be_l_release.rdfs_functional.owl,14052091,6386321,20438412
approximated_de2a4f68-eef1-4a43-b633-0dcfeef5efde_Geographic.owl_functional.owl,137195183,245056755,382251938
approximated_03734053-d4a6-4f43-96bc-1d66a3ec763e_mtq_091217.owl_functional.owl,23655511,21958394,45613905
approximated_4c284651-c63f-4cc5-9ac2-eb8dc4655a80_FN1.16.rdf_functional.owl,12080894,5915716,17996610
approximated_0257b687-cee5-4e5d-a63e-014574992c3a_PaulFisher.rdf_functional.owl,16746287,2987387,19733674
approximated_16e97dae-2dea-40c4-82c1-fdf7ae270400_Galo.ttl_functional.owl,14723453,3815444,18538897
approximated_77d10aff-dc32-4635-a080-f8ba0560c871_s_odvozena.owl_functional.owl,12904059,1586768,14490827
approximated_2d3b0faa-f844-406a-ba99-57ccecf9caa7_uniprotpro.owl_functional.owl,1071240501,2504094690,3575335191
approximated_d072d130-da53-40a3-a616-59642617ccc3_M4L.owl_functional.owl,54973913,21699782,76673695
approximated_2cc0c6b4-0a07-432b-89bc-8e76b411cd2c_pture_disc.rdf_functional.owl,17171064,3707742,20878806
approximated_dc484b4f-1ff3-425c-ad45-118042b57d3d_lar_marker.ttl_functional.owl,13295214,3769483,17064697
approximated_81a38c30-8760-47b9-8363-87ea3e73ddf2_dulplus.rdf_functional.owl,23989930,26338763,50328693
76eb1013-0fc6-4d0b-9c7d-93c088b5706f_phylobase.owl_functional.owl,28391287,37570982,65962269
approximated_00515.owl_functional.owl,70117859,161019863,231137722
approximated_USDA_sr25_NF0_20.owl_functional.owl,166919583,54965178,221884761
approximated_07cb36ef-d60a-4533-a4be-a79205af776b_Microbiota.owl_functional.owl,35768689,54437063,90205752
approximated_3cf1dc73-4a16-4718-ab8a-1831cc9fe7cf_stateEnergy.owl_functional.owl,132033007,212301365,344334372
approximated_56baf981-3699-4532-b964-60238d2dbb13_cm2.owl_functional.owl,19365119,5189960,24555079
approximated_dde79c88-9924-46c0-87cd-0105b70f996c_ndaryLayer.owl_functional.owl,134409255,271643833,406053088
approximated_dcb5b759-c112-4e12-85d3-0b0c5023f4c8_de_Projeto.owl_functional.owl,26478800,33445893,59924693
ehda.human-developmental-anatomy-ontology-timed-version.6.owl.xml_functional.owl,279306772,531274479,810581251
approximated_a96f9034-eef4-425c-ad83-d30954ace75a_xd2codo.owl_functional.owl,37424580,21653967,59078547
approximated_3dffcc19-aa43-4d5f-b7c4-d87556974362_f_corretto.rdf_functional.owl,10139144,3725674,13864818
291f268e-babe-4d5e-942d-d303237603b8_mod.owl_functional.owl,63966677,165363183,229329860
approximated_9b9db4ab-8330-4d86-b62e-fb074cc72556_pingCurino.owl_functional.owl,93784587,10835048,104619635
00396.owl_functional.owl,53329647,16196676,69526323
approximated_23d1c35b-69df-435d-adc7-c0c21a79021d_Ignitron.ttl_functional.owl,11591444,4011896,15603340
approximated_7a83fc0a-214c-472c-9a8c-42796a07c007_mmer_drill.rdf_functional.owl,20703116,3752050,24455166
approximated_50e4fdc1-e860-4bde-9e48-57f9cd630ce0_Sofrito.ttl_functional.owl,13623559,3622253,17245812
approximated_9c1cae0b-5e96-47f3-8a41-8340e71a514e_PaulFisher.rdf_functional.owl,12469915,3109842,15579757
approximated_110351e7-338b-4e35-83ae-6fde2eb8c040_russia2.owl_functional.owl,19232918,12729625,31962543
approximated_f4129b0c-a25a-4522-a429-8e4fa2314a45_ativeocean.owl_functional.owl,12842726,7082318,19925044
approximated_a513e1c0-babf-4745-9c18-5055b5c3769d_Dimmer.rdf_functional.owl,20392957,4096534,24489491
approximated_db4ef685-bf8d-4997-b19a-937c6b6a4b5b_eFrequency.owl_functional.owl,136954640,216301944,353256584
approximated_3d70dac8-11e8-4612-95c5-12c7fceeca8e_Stroboscope.rdf_functional.owl,16470417,3632831,20103248
approximated_6b7a7c22-f7c0-4d88-a74b-028a0099f4fb_galen.owl_functional.owl,118567875,215409530,333977405
approximated_00629.owl_functional.owl,60847392,139472316,200319708
approximated_39dd58b3-e631-4303-9721-aded5ea26123_mond_paste.rdf_functional.owl,13580743,5437091,19017834
approximated_b2658f35-67ad-4238-94ba-b9eae3205376_composite.owl_functional.owl,19032016,5638923,24670939
approximated_1a284d14-21c0-4da4-bf17-f9b5f9b4e8b3_a_20110129.owl_functional.owl,79151664,12590262,91741926
8f3b2945-6340-4da4-a044-67b5f603b62c_balladspec.rdf_functional.owl,13345341,2764920,16110261
c2c14c7d-2246-4be9-a8bd-041317267ce0_TO_XP.obo_functional.owl,34631081,10078554,44709635
approximated_adbf8e2a-88b2-405a-a7a2-ce9a1f1045d5_cerevisiae.obo_functional.owl,1026374837,2268816141,3295190978
approximated_03e8be19-cdfb-443a-a342-6dfa831324dd_onto.rdf_functional.owl,15709872,6123807,21833679
approximated_a6198c84-103d-44c1-b351-66fe1b6dbf51_JDBC_driver.ttl_functional.owl,15936308,3788610,19724918
approximated_b358bd76-2118-49ba-b177-ae8293a89285_O.owl.PREVIOUS_functional.owl,22100198,21302489,43402687
approximated_88bfa2b6-929e-4ccb-abbb-5f7f3931c921_al_process.owl_functional.owl,959061115,2745054348,3704115463
approximated_ad58f9f2-2b3a-4fa2-8946-1d69e2c18b5c_iaomain.owl_functional.owl,19833893,11715013,31548906
approximated_4a7a517d-fee1-40d2-9c24-4d7eb7301915_to_pancake.rdf_functional.owl,15259175,3652909,18912084
approximated_0ca546cc-f222-4fa9-9881-d3e43c31816b_AA_battery.rdf_functional.owl,15297852,3754291,19052143
approximated_4cb09647-90c0-4958-8679-33282833faab_TequeC3B1o.ttl_functional.owl,12674467,3639290,16313757
45578bae-6f87-4ffc-a482-3030745d677d_WineRegion.owl_functional.owl,11339940,850671,12190611
approximated_vivo.vivo-ontology-for-researcher-discovery.2.owl.xml_functional.owl,21561032,23357881,44918913
c37a5a79-7d14-42bb-b0c6-dffa6e8612d6_p_anatomy.owl2_functional.owl,200165531,93012082,293177613
approximated_7b762ac7-dc12-43f2-bd28-a77c49257f98_trSediment.owl_functional.owl,143555340,210235082,353790422
51f7da48-e020-4fbe-812d-b084ffb96732_clbasic.obo_functional.owl,59828537,158379218,218207755
approximated_00680.owl_functional.owl,390557907,1073229444,1463787351
approximated_kb-owl-syntax-unraveled-depth-4-km-relevant-cardinalities-constant-classes-value-nominals.ofn_functional.owl,789566661,851565149,1641131810
approximated_6d467ea0-5649-4236-ac6e-9b7ff73bf108__furniture.ttl_functional.owl,20756723,4476891,25233614
approximated_0852a3a7-cc11-4cc6-8672-788301bcf8c1_e_computer.rdf_functional.owl,11868737,3868910,15737647
approximated_8d57111e-c1d1-4cd2-8820-bb9795344e49_aero.owl_functional.owl,20916195,17392390,38308585
approximated_0d728006-b856-4900-87d6-4ca8a301fa12_Couch.rdf_functional.owl,13772085,6318170,20090255
approximated_734e4a0a-70c3-4106-a20d-15a85ae5e7bf_QoSOntology.owl_functional.owl,26374791,26462522,52837313
approximated_00435.owl_functional.owl,177325210,465842043,643167253
approximated_bdbcaf71-7a7f-4b2c-95b5-433e645d87a2_database.rdf_functional.owl,18826393,4120051,22946444
approximated_00526.owl_functional.owl,32342709,25897868,58240577
approximated_108e4a2b-acc2-4ac5-aa19-5506386ffac4_Pasta.rdf_functional.owl,20163182,7931721,28094903
approximated_ced80d6b-6104-4de4-b31d-2437e71a8584_neprogetto.owl_functional.owl,23381973,11568793,34950766
approximated_kb-owl-syntax-unraveled-depth-0-disjointness-triggers-relation-axioms.ofn_functional.owl,372453684,819994969,1192448653
approximated_4866e34f-4775-4938-bd27-dcc1776168b4_phenAtmo.owl_functional.owl,141839394,210012637,351852031
057f47fd-45a4-4f88-8f5b-fad1a26b4c24_mmo.owl_functional.owl,24083143,28540973,52624116
approximated_105c9b46-149b-48d7-9d54-972676ef35ff__connector.rdf_functional.owl,11802598,3685926,15488524
approximated_027cc527-79ca-4a19-96c0-8e7f8c78e07f_oboespatial.owl_functional.owl,18352869,6587795,24940664
approximated_977dd9e9-a892-4375-97a9-07e9f96951d1_n_taxonomy.owl_functional.owl,231949542,617836174,849785716
4a22b196-9a0b-4fc8-a645-c895c1d3541e_HockeyTeam.owl_functional.owl,110640400,978636,111619036
approximated_416eff97-9628-4693-a79a-1a54e21f89de_Cupcake.ttl_functional.owl,43093759,3630988,46724747
approximated_01eeecd4-570b-4cd5-9ed5-24f6b900046d_PolicyModel.owl_functional.owl,97100358,5969613,103069971
approximated_517d7dfe-1882-44e8-bf0e-568b90c7383c_Portaledge.ttl_functional.owl,87558554,3883555,91442109
approximated_914c4ced-8eeb-4fb6-b476-cfdbb2e41252_matr.owl_functional.owl,336107152,212600804,548707956
f421229b-ef35-49f0-806b-83335f7d3a97_roel.owl_functional.owl,19190188,2705762,21895950
dac0fe4b-826c-4eeb-8a86-fd54d9b8b74e_ra_anatomy.obo_functional.owl,46517044,98954343,145471387
approximated_3995c40d-3333-4bc3-93d7-e1bbe3410c2a_AbbaZaba.ttl_functional.owl,11332628,4185586,15518214
approximated_9240cf09-fae9-40cd-a8bd-285e78f30d97_geCreation.owl_functional.owl,15635460,4427189,20062649
c003abe6-bfec-47ea-b80d-33d74dcbdfa2_ck_anatomy.obo_functional.owl,31325396,48435838,79761234
approximated_2e1adf6e-1e5b-4b0b-9f2f-ef50cfe973e7_e_stripper.rdf_functional.owl,13790609,3924082,17714691
approximated_c9411cad-c6ba-4c1f-9f18-c6409e3b7505_esg2.owl_functional.owl,66966668,18051215,85017883
03aca579-e70f-47ec-a5d4-5a80624e1ab0_1_inferred.owl_functional.owl,194625069,50768770,245393839
approximated_kb-owl-syntax-unraveled-depth-2-km-relevant-cardinalities-disjointness-triggers-constant-classes-value-classes.ofn_functional.owl,695887214,1597987881,2293875095
c4dd88ee-a40f-44ed-9ed5-3b61ba09835d_flanzenatlas_A_functional.owl,14075462,815732,14891194
approximated_012fb573-c221-414d-aca9-d85383b946e0_arb_forcer.rdf_functional.owl,15625596,3898359,19523955
mccl.cell-line-ontology-by-mahadevan.1.owl.xml_functional.owl,192220054,242767630,434987684
approximated_0c6b2602-db93-49de-a8a8-82312011cc4e_compute.rdf_functional.owl,9889525,7427853,17317378
approximated_2c7dc211-3a22-465c-86ef-ba59c709e3a0_w_ontology.owl_functional.owl,14871411,3651533,18522944
0ba9ffc7-2227-4d7e-8549-110122c9017e_PSIMOD.obo_functional.owl,60558899,164631728,225190627
50ec7747-8d72-4365-b680-5a2deb59212c_imitive2.0.owl_functional.owl,12023066,13138188,25161254
5cca276e-bfbe-4680-b464-b679d623c53c_IDOMAL.owl_functional.owl,87002341,173273910,260276251
approximated_kb-owl-syntax-unraveled-depth-2-cardinalities-disjointness-constant-classes-relation-axioms-value-classes.ofn_functional.owl,885282737,1697447815,2582730552
approximated_a6518c68-c87e-4341-8e09-d3939e153ad2_reprSpace.owl_functional.owl,142898999,245687539,388586538
approximated_dcc2e25a-d980-42d3-a2e1-afc478446175_Legal_0504.owl_functional.owl,32801498,38216933,71018431
a3052688-5243-4a2a-9638-fc393b50b43d_csontology.owl_functional.owl,15291049,5790861,21081910
approximated_835f4679-69df-480e-bdab-2f3d360dd945_rioensembl.obo_functional.owl,3306313360,7835996008,11142309368
approximated_3b6324c1-4682-42e1-b337-10a462caec6c_riouniprot.owl_functional.owl,105825152,60096874,165922026
23efc13a-666c-4501-b963-86d1e682e27a_cmo.owl_functional.owl,51359296,129593437,180952733
approximated_01d0637d-6dc0-47e0-91de-727637e94119_sit_cheese.rdf_functional.owl,17846931,4010946,21857877
approximated_79eab1a1-a17d-41b0-a817-a2eb5f0cd28a_swoogle.owl_functional.owl,11127534,3597029,14724563
approximated_60816aec-2992-4e2d-bcc5-fbaa33648d5e__Datasette.ttl_functional.owl,16361814,3652315,20014129
approximated_27a47d33-8c6a-4bf5-a85d-a3d9581974b6_Perfboard.rdf_functional.owl,18464256,3643372,22107628
f286f720-f57b-4cda-9f17-494b5ad64ea5_dreasoned.rdfs_functional.owl,25746030,33719576,59465606
bhn.biologie-hors-nomenclature.1.owl.xml_functional.owl,52130374,121025624,173155998
approximated_7a255d07-b714-4347-b56c-9db311bed23a_deprecated.owl_functional.owl,18497312,7574532,26071844
approximated_8b586584-43ec-4bc3-b88c-76fa8529685d_LMM_L1_14.owl_functional.owl,19329360,17372741,36702101
approximated_kb-owl-syntax-unraveled-depth-3-km-relevant-cardinalities-disjointness-triggers-constant-classes-value-classes.ofn_functional.owl,657765356,1528320898,2186086254
approximated_bc4bdd0a-142e-4fec-b4ca-8221dee9ad87_NTNames.owl_functional.owl,16209610,5790294,21999904
c9e5f1e0-2193-47ed-b915-3a37aafce8ea_um_anatomy.obo_functional.owl,22636592,17309496,39946088
approximated_00462.owl_functional.owl,452807896,1141602004,1594409900
ontopneumo.ontology-of-pneumology.1.owl.xml_functional.owl,29920134,55313500,85233634
0aa1fe44-aa68-4088-986b-2c97f5acd5d7_nverzeichnis_J_functional.owl,13397774,765579,14163353
1779a8c2-9250-4f50-bda3-51840cedddb3_nbo.obo_functional.owl,41722800,60000029,101722829
approximated_20a9e93f-4bb0-41f7-ac95-bcd0309d0fe1_sOntology.daml_functional.owl,11320265,5545836,16866101
approximated_151dcf31-ca77-40fa-acf7-0c7709dc1b8a_astiveFull.owl_functional.owl,16608866,4941058,21549924
a2ec6493-92ab-4113-937f-cc6b32298bf0_v_1_3.owl_functional.owl,13643626,5057392,18701018
approximated_omrse.ontology-of-medically-related-social-entities.13.owl.xml_functional.owl,10720132,6809366,17529498
approximated_0645e336-4ed9-4aa4-80b2-7f6113e50edf_ed_bicycle.rdf_functional.owl,14121640,3668740,17790380
approximated_1911642a-c7ce-4296-b89c-6607750bb07d_riopthrids.owl_functional.owl,77680131,202933152,280613283
approximated_745696ff-c8ee-445e-a771-bfcac8377419_SAO.owl_functional.owl,35513711,45455481,80969192
approximated_97feaeb5-3b63-4bb1-b6f9-9cfb1e542136_torDefault.owl_functional.owl,18113262,7575509,25688771
approximated_91ec3852-abad-4c33-9b5d-3cab6c17f816_BBC_Master.ttl_functional.owl,17802743,5658308,23461051
xao.xenopus-anatomy-and-development-ontology.21.owl.xml_functional.owl,132587576,256526428,389114004
approximated_0a7e866b-9048-43a6-92d3-357a80782d0c_lesey_Bomb.ttl_functional.owl,16637461,3765488,20402949
approximated_a16ffaaf-7d42-428a-a51a-9c936ff22dd5_tch_whisky.rdf_functional.owl,13615715,3787152,17402867
approximated_01eb52eb-c050-47e1-b9c1-c6c202a7ef9b_H_Ontology.owl_functional.owl,15977731,14092044,30069775
zea.maize-gross-anatomy-ontology.2.owl.xml_functional.owl,16962731,11888069,28850800
approximated_292ffb3f-59b1-4402-b818-760b4c5db47c_mo_sapiens.obo_functional.owl,6657422757,14008946204,20666368961
approximated_331a58a7-f39b-4553-8489-eaaa42138a26_EnzyOfull.owl_functional.owl,482454921,777100465,1259555386
approximated_9f6bd909-5bc2-49b4-b6e7-5533f83d3278_odSystems.owl_functional.owl,14504585,5235867,19740452
approximated_93dfe4f0-751c-4be4-808c-0e3cb985a588_lash_drive.ttl_functional.owl,11771942,3735699,15507641
approximated_460cbd0d-a9eb-4adf-be16-2ca4863eb7b6_HelloWorld.owl_functional.owl,20202918,20417393,40620311
approximated_014adf08-4bfe-4802-9c45-9d42e4b122a7_taxdemo.owl_functional.owl,28816811,37265877,66082688
approximated_42369122-b9d1-4b4c-84b3-2007c21f80c8_eam_engine.rdf_functional.owl,16635342,4337740,20973082
approximated_93fbad62-9af3-49af-bf0e-91dda13e48d6_semanticweb.owl_functional.owl,14943248,3875345,18818593
approximated_ba2ee880-6333-4195-b972-d72dd933aa98_pabilities.owl_functional.owl,20405431,16630166,37035597
approximated_kb-owl-syntax-coreference-IDs-disjointness-triggers-constant-classes-value-classes.ofn_functional.owl,874773953,2253399473,3128173426
approximated_3858332a-3b37-48f3-89d3-fab88354691c_urityViews.owl_functional.owl,32635066,41264367,73899433
approximated_dd9c6a1a-e698-44b7-870b-433202ba2cbd_vsto.owl_functional.owl,15294739,17696878,32991617
44a8c71d-42a0-4d16-812d-7bd8ce257d26_Album.owl_functional.owl,9289685,915659,10205344
approximated_1e5f8b8f-12f1-41f7-a238-79b06b94dd6e_Penny_bun.ttl_functional.owl,17102440,3674792,20777232
approximated_0600986c-64b3-4c51-8f04-048bab392811_plant_trait_functional.owl,28614008,65297015,93911023
approximated_649b7538-6b33-4dcd-b28d-1fd853852161_exatomicnumber_functional.owl,7484664,6319503,13804167
approximated_00411.owl_functional.owl,34031132,69607771,103638903
approximated_00640.owl_functional.owl,29875708,40990673,70866381
approximated_2f9aefe0-8d2e-4a6d-9be5-72bb3be205c3_POWER4.rdf_functional.owl,16430351,3800996,20231347
kb-owl-syntax-unraveled-depth-1-disjointness-constant-classes-value-classes.ofn_functional.owl,1029124667,829887076,1859011743
approximated_4d321332-0e0c-4283-bf31-832e2532cc51_unction.sms.n3_functional.owl,26302289,21593372,47895661
31456b3f-0369-42a7-ad8c-d91611615af7_onto.owl_functional.owl,15936475,3704708,19641183
4bede11d-c626-4f36-9b79-e92bf1ee7052_Writer.owl_functional.owl,17417301,2708329,20125630
approximated_9121f541-8565-4262-9626-9b36228e2c42_semantics.owl_functional.owl,37683912,15822297,53506209
approximated_neomark3.neomark-oral-cancer-ontology-version-3.2.owl.xml_functional.owl,29730323,12531100,42261423
approximated_1079db6c-33ec-40d5-8a21-d62645d1b14b_eers_scale.ttl_functional.owl,13023331,3722240,16745571
approximated_1cb4e455-3c0c-4117-9aa6-b40a06ccb8c3_unit.owl_functional.owl,60988158,154329026,215317184
approximated_7fb7d222-a2f2-479d-b231-45299c5d23db_uffexample.owl_functional.owl,14111191,5092234,19203425
approximated_5717725b-10cb-4c2c-9f5e-d790366f59b1_g_machines.rdf_functional.owl,14781729,3653751,18435480
approximated_6bcf8f1d-2e17-4875-bba5-015d7b0b5c77_being.owl_functional.owl,15501184,6785913,22287097
approximated_fcd60c50-d9bb-4799-b318-d804ca8685c8_onto.rdf_functional.owl,11360025,3835097,15195122
approximated_9727daf4-20ee-4f9f-849a-04a4e145ae08_Alorenzatti.owl_functional.owl,16984628,10621194,27605822
approximated_ero.eagle-i-research-resource-ontology.13.owl.xml_functional.owl,98704808,234160505,332865313
1a9e972d-621d-4c5f-a006-8a4918bb2a7c_onto.rdf_functional.owl,16250634,1781216,18031850
approximated_248fbf31-d3d6-4f66-8017-66ffab55253a_Airbrush.rdf_functional.owl,13759520,3674821,17434341
approximated_kb-owl-syntax-unraveled-depth-3-cardinalities-disjointness-triggers-relation-axioms.ofn_functional.owl,628638649,1461943359,2090582008
spto.solanaceae-phenotype-ontology.3.owl.xml_functional.owl,16449637,21222640,37672277
approximated_1e0b92e4-0249-4b5f-b588-d038c0fd02b6_Liptauer.rdf_functional.owl,9045830,3693739,12739569
approximated_20416349-9358-43ef-b27b-ac8b464f1d01_ic_barrier.rdf_functional.owl,13100989,3826389,16927378
approximated_5431ee7c-e2a6-48aa-be00-ac3cf6ad63fe_coat2codo.owl_functional.owl,21498030,16882040,38380070
approximated_00789.owl_functional.owl,56037458,86916759,142954217
approximated_5c87efb9-0cc8-447f-b419-1a8385484a0d_ale_Cheese.ttl_functional.owl,11499840,3940982,15440822
approximated_genomic-cds-demo.owl_functional.owl,3047327868,5237493216,8284821084
approximated_08c913c7-ee48-4766-a817-033ebfe65c98_phenStar.owl_functional.owl,164328999,211727343,376056342
approximated_kb-owl-syntax-unraveled-depth-3-cardinalities-disjointness-constant-classes-value-classes.ofn_functional.owl,695377678,1579933417,2275311095
approximated_00786.owl_functional.owl,5499798185,11629466743,17129264928
approximated_14711145-261b-46ae-ab25-8f7bddc8dde4_preonto.rdf_functional.owl,19815992,5102067,24918059
approximated_181e397e-f62d-492a-8d8a-2e873acc0b47_dOntology3.owl_functional.owl,16087524,7656648,23744172
c7357309-7040-4f7a-a52f-893dc0b3e903_EbGdrcN5Y29ycA_functional.owl,16809483,15631056,32440539
approximated_41eccfd0-73bd-453f-bbe9-67571346abbf_CSv0.01Lex.owl_functional.owl,40757129,81350859,122107988
approximated_a13abfe4-2652-42b5-886f-83f820f31873_rolina_rig.rdf_functional.owl,14286214,3811965,18098179
approximated_8b795d48-dd99-45e5-a479-544822333895_matrPlant.owl_functional.owl,147219747,209775174,356994921
approximated_0d616494-3565-4f23-83d2-ae5c8c5b867c_locomotive.ttl_functional.owl,16591724,3641335,20233059
15c02dc7-35fe-4219-9632-fb3cd5c991b4_Newspaper.owl_functional.owl,18394993,2332915,20727908
02ab3076-f809-4d05-9a69-773b08f2b1a6_ehdaa2.owl_functional.owl,286264035,694358716,980622751
approximated_59e18278-6186-4b6c-a352-462483b99895_TFCtry.owl_functional.owl,52113634,18839229,70952863
approximated_09d82ffc-81d3-41be-a513-d5edf387294b_Biskotso.rdf_functional.owl,15473336,3818513,19291849
approximated_c4454a08-5597-4a9d-a094-4079b0f01cbe_onto.owl_functional.owl,14871637,4762514,19634151
approximated_cdf418bd-896d-417f-91a0-c3a4c85e1d46_fdolcelite.owl_functional.owl,13220947,10337992,23558939
approximated_f2886abb-ef43-4027-b10c-0428ef3eab8a_rumVisible.owl_functional.owl,64590084,123741408,188331492
approximated_ce06130b-bf4b-48bc-bc78-438de0d42105_attachment.owl_functional.owl,22652801,17635168,40287969
a8c843bd-6dc9-4ef8-81eb-35f7060afaf2_tplushuman.obo_functional.owl,277905403,571323474,849228877
approximated_441fdaf0-b954-41e4-afb7-138a76151175_eanFeature.owl_functional.owl,139965303,246570306,386535609
approximated_fb487d8c-3ea2-44e4-9ead-dd11dcf2a2bb_halianaMOD.obo_functional.owl,4248786904,7025264043,11274050947
approximated_0e91c6b8-1080-4af3-b2dd-a6cfb499a1d1_CategoryProject_functional.owl,107293895,2020775,109314670
984c6427-4e59-45c2-adf8-52fa91276b90_nnotations.obo_functional.owl,8729049274,13959645215,22688694489
approximated_38f56a31-94c0-4e3d-83bd-982719548b34_on_turbine.ttl_functional.owl,21952684,4810241,26762925
approximated_5b583e7c-8476-4706-9496-ae08a1e0e3a8_iteseermap.owl_functional.owl,11534564,8908252,20442816
approximated_1917285a-9d42-40cb-bd11-2911ef6a915e_Varistor.rdf_functional.owl,13477019,4205836,17682855
86137784-76c2-43f6-aaa3-5af68fe5f32e_ieHeilpflanzen_functional.owl,16839943,2877594,19717537
c053ce23-c326-4da3-8ac2-09fec8e333bd_werStation.owl_functional.owl,16464092,1220427,17684519
approximated_925fed49-440b-462f-b01b-a3b0fe739bac_G7Ontology.owl_functional.owl,20180911,26166511,46347422
approximated_a52441a3-9877-4c93-bfc5-dc5f9d5434b8_functionsafn_functional.owl,17481784,9451909,26933693
approximated_856e6f8e-4efa-4fad-bee1-6a6e0972dd5f_OSOnto.owl_functional.owl,23217153,10877815,34094968
approximated_suicido.suicideo.1.owl.xml_functional.owl,20684314,13157475,33841789
approximated_83d1a75a-aa64-4e1c-9e7f-7c2f9cd77c0c_scillation.owl_functional.owl,135571285,210435039,346006324
approximated_a7834ac8-0f82-47bd-a3f3-fe147d36ff47_family.rdf.owl_functional.owl,744453329,63432272,807885601
approximated_572db493-ae77-4557-ac1b-4456ba192af9_geOntology.owl_functional.owl,14772014,4462250,19234264
approximated_375563f9-71ac-49fe-88bd-5f4fc0f8cc99_ion_sensor.ttl_functional.owl,13306500,3860900,17167400
approximated_39317f8a-38d8-4817-89d8-d8ab465ec634_Leaf_blower.rdf_functional.owl,17811552,3831106,21642658
493ce617-2620-48c0-9109-e603d261c511_o_anatomy.owl2_functional.owl,80459740,157067395,237527135
35f96c11-b590-4107-bad2-182aeb24cd5a_classified.obo_functional.owl,35080611,49997288,85077899
approximated_00167.owl_functional.owl,21381211,14404089,35785300
approximated_1d4cd46d-2b77-4e2b-9ea3-32f7b6e2b533_Building.rdf_functional.owl,11958467,3669287,15627754
approximated_2690231a-400e-4bad-998a-0cd8dc7ad086_Gelatin.rdf_functional.owl,19302138,3895262,23197400
approximated_461cd0a9-dade-46cf-ba57-c3205a1b7fd7_reprTimeDay.owl_functional.owl,134887156,246445425,381332581
approximated_kb-owl-syntax-unraveled-depth-1-cardinalities-triggers-constant-classes-relation-axioms-value-classes.ofn_functional.owl,469906203,1184005914,1653912117
approximated_17c48882-9548-42ca-9f7a-d0a0731c12f4_matrAnimal.owl_functional.owl,129918768,216113122,346031890
approximated_34d8209e-7fe2-40ce-b4b4-4e5ed204fccb_Laptop.ttl_functional.owl,18737438,3686776,22424214
approximated_kb-owl-syntax-coreference-IDs-cardinalities.ofn_functional.owl,606933266,1793188465,2400121731
13eb1f92-4f9d-48f2-93ee-4456a01da828_status.owl_functional.owl,10275526,766956,11042482
approximated_5db0b26e-f241-47fa-81b2-c65697394f8f_Behavioral.owl_functional.owl,12205472,3219868,15425340
approximated_61deb8a9-52fd-413a-928e-2c9ee425883a_ket_wrench.ttl_functional.owl,12692139,3726327,16418466
approximated_963dde7b-4499-487b-92bd-0e684383993b_biotop.owl_functional.owl,20467887,18107620,38575507
approximated_0aced593-5017-4cac-b5e8-0c48adf94a23_ura_loenpa.ttl_functional.owl,16254496,4708504,20963000
approximated_110b45e3-d4b5-4e1a-a88e-f37292b4d077_Grev.ttl_functional.owl,12714875,3684473,16399348
approximated_00447.owl_functional.owl,43398102,89530702,132928804
approximated_82120d61-cbe8-41eb-b53a-abcbdd7055df_ine_ticket.rdf_functional.owl,19104150,7648914,26753064
approximated_35e029f9-8bfa-421e-8e0c-c3cf759a1f46_hop_cheese.rdf_functional.owl,7149371,3815326,10964697
3d0adb3e-861e-418b-bb81-204f17940f28_t_xp_self.owl2_functional.owl,36304658,9917293,46221951
approximated_297cda16-73ee-4b56-8c23-cecf6b929f9c_0_20090529.owl_functional.owl,95501011,195713285,291214296
approximated_kb-owl-syntax-unraveled-depth-1-cardinalities-disjointness-constant-classes-relation-axioms-value-classes.ofn_functional.owl,742753316,1755531245,2498284561
approximated_43f7c945-1711-42b5-9363-aeb590e288c9_Logarithm.rdf_functional.owl,21007865,5418107,26425972
approximated_4504faeb-b44c-4fc6-b6a3-f1fdf7c5d4cd_dMesoscale.owl_functional.owl,94517681,202877644,297395325
approximated_f0d534ab-fd09-4b8e-b288-1f9cb521b5e6_jectOWLDL2.rdf_functional.owl,26474095,39173941,65648036
86043b90-10b0-4778-aa3e-9489d6f1999d_tegoryOwlClass_functional.owl,17901593,1153194,19054787
approximated_9d745e27-6005-418c-a96f-2e75506bb148_person.owl_functional.owl,10879554,5428536,16308090
approximated_345a9eac-24b5-4761-9a45-b98c29484458_sadiobjects.owl_functional.owl,51513984,51444418,102958402
approximated_71c2842a-621c-4390-91e7-dc0d85b63948_llo_cheese.rdf_functional.owl,11902923,4005716,15908639
approximated_418af78f-0086-4188-aed4-91fd4245421d_esg.owl_functional.owl,30979156,12524472,43503628
approximated_8d3e4685-e452-4d19-878b-cea1e73527ed_COSMOtop825.owl_functional.owl,425293820,639961560,1065255380
approximated_4faf92af-9aa1-4a02-be6c-b0c518c6449d_tification.owl_functional.owl,15877675,5184168,21061843
approximated_255cc7ce-f0e0-4ae8-8521-517088be7fe6_3B8kkelost.rdf_functional.owl,12351098,3757397,16108495
approximated_077875b6-bcaf-463f-a8f6-08f792ff103a_Salad.ttl_functional.owl,15737144,3751446,19488590
approximated_6c2f8691-9286-421a-8c6e-3241b988c478_et_waggler.ttl_functional.owl,10606615,3610590,14217205
approximated_ab6a6a31-34cd-4604-ae8b-66b4363c883f_maontrev25.owl_functional.owl,15668582,4378793,20047375
approximated_2b1137b8-5d00-4910-b0dc-428d5be3a819_NIFFunction.owl_functional.owl,15039946,8363226,23403172
14422170-38e3-416d-a3be-cfa55149c9f5_mo_sapiens.obo_functional.owl,297658699,800795854,1098454553
7909d462-f1c0-4d5f-9fbd-998ca495e034_rm_anatomy.obo_functional.owl,582477102,696729373,1279206475
approximated_490347ea-c548-4c61-a2a7-17e0b08ea64c_.iriToBIB.owl_functional.owl,111213411,6629638,117843049
43ee95af-fb0f-48f6-84ce-ec62fc0877fe_condition_2.owl_functional.owl,853989587,1597528917,2451518504
approximated_194ce15e-4799-4bb6-9e4b-e9bcbf122b40_controller.ttl_functional.owl,15116052,3682724,18798776
approximated_816aa0f6-6ccc-4ac5-8106-2038bd9b039b_specific_functional.owl,20215629,11924064,32139693
approximated_fd04ee18-a6c3-4225-95ae-bfd5f8af96ca_quality.owl_functional.owl,52313045,108416495,160729540
03450d8d-e27b-4763-b000-6129473bfff4_mp.obo_functional.owl,251441797,590878769,842320566
approximated_a5e633ef-a28a-4b02-b05d-c004c15c70b3__loaimport.owl_functional.owl,30962641,20936133,51898774
approximated_9bedc3df-9616-4b6f-acef-4b58ae05fac3_bcgo.owl_functional.owl,137472350,330569876,468042226
approximated_43c8ec17-a050-404e-aedb-f6aac5fdb8fb_Rhubarb.ttl_functional.owl,19415647,6959414,26375061
00399.owl_functional.owl,78743025,13835882,92578907
approximated_00633.owl_functional.owl,58430549,140206097,198636646
approximated_e6dfe162-b31b-40a0-ba48-e9df760114f3_phenHydro.owl_functional.owl,140595046,245650571,386245617
approximated_6c702eba-d674-47cd-9032-a5af86b3b4fd_quanMass.owl_functional.owl,129916969,212755754,342672723
approximated_0b26e560-6cff-472f-b9d7-3acbe70bcbc7_Footstool.rdf_functional.owl,8941949,4135578,13077527
approximated_213d948c-8a53-41fb-804e-f03e699d4957_Desk.rdf_functional.owl,9893971,3837807,13731778
approximated_c351d1d0-44a3-45e6-8d13-3fe77b1aeb26_phenHelio.owl_functional.owl,131279852,213032291,344312143
approximated_445e2e48-85ed-44f6-a0b9-8b43b9d81c3e_Khoa.rdf_functional.owl,13130642,4086779,17217421
approximated_998c2898-5c66-448e-9fa7-7ff6eaed7f4c_olTectonic.owl_functional.owl,130445120,212006313,342451433
approximated_632cb7b8-061d-49b8-934e-94f23eb804d5_nskisimple.owl_functional.owl,68773074,126091536,194864610
approximated_c9bdb7aa-bcf1-4a50-ad98-f05db02a8f46_que_wrench.rdf_functional.owl,15568645,3735651,19304296
approximated_79dfd15a-6fb2-44a1-8fbb-0886fd1dc6d5_RON_import.owl_functional.owl,71840551,149216188,221056739
approximated_canco.cancer-chemoprevention-ontology.3.owl.xml_functional.owl,17935122,10081210,28016332
approximated_b6007982-8ea4-48b8-91f0-dce904eec58f_XAO_functional.owl,48694088,113712472,162406560
approximated_1b618891-3867-49ae-9e8b-9bed4a8700fe_iasted.owl_functional.owl,14337546,15656573,29994119
de2fbeea-8343-417a-995d-5d3d0f838a0f_fbcvsimple.obo_functional.owl,27372682,43396667,70769349
approximated_caf16e2d-c350-4719-ba22-26591f361a97_partimento.owl_functional.owl,17912900,10406296,28319196
approximated_87127aa3-bdd6-4d4c-8350-f02fb0b2412c_esc.owl_functional.owl,38848094,10991407,49839501
peco.plant-environmental-conditions.11.owl.xml_functional.owl,21830518,26845628,48676146
approximated_140fdaef-8f4b-423c-b000-55b7c1b26dd7_Multimeter.ttl_functional.owl,13789932,3655959,17445891
d3f17a08-c1bc-4245-9b54-3170d3d29eb6_gold2008.owl_functional.owl,23785254,23603757,47389011
approximated_4188999f-5acd-4ee9-9484-8fdde7a7c1e2_ndapdap3.2.owl_functional.owl,14253152,4431894,18685046
approximated_69192f2e-b28c-4a25-b574-cf60d7513431_management.ttl_functional.owl,14916989,4301028,19218017
approximated_ddee730a-d086-4b33-9c70-5cb8e601ad7d_tOntology.daml_functional.owl,15972511,4966982,20939493
approximated_kb-owl-syntax-unraveled-depth-3-disjointness-constant-classes-relation-axioms-value-classes.ofn_functional.owl,708551153,1496412014,2204963167
approximated_b365c472-8ff1-4be3-9207-b5677129f245_onstituent.owl_functional.owl,77831799,135006132,212837931
79d082b4-ccb4-4f58-95de-3fc5a1e826dd_po_temporal.obo_functional.owl,19222437,15428940,34651377
approximated_8498e732-306c-439f-811d-f0c8cec22d41_propSpeed.owl_functional.owl,130453048,211330722,341783770
approximated_0caf41c6-6f64-42ba-912a-ebe3880b0003_Aspic.rdf_functional.owl,16983799,3824090,20807889
approximated_3b4a5f50-f4e6-4fd9-91ea-355a2854b722_ntOntology.owl_functional.owl,13554005,8464417,22018422
approximated_adw.animal-natural-history-and-life-history-ontology.2.owl.xml_functional.owl,23780278,21868983,45649261
approximated_812f72c7-46ed-488a-923a-8ac062db186f_Process.owl_functional.owl,15417038,7411588,22828626
approximated_295062bd-68c9-49ef-8a24-8030035612c0_nterface_2.rdf_functional.owl,10647126,3756814,14403940
approximated_13c49f02-7e8d-4bc6-8c7b-51c77f5bfa3b_OLE_DB.ttl_functional.owl,13830929,3862345,17693274
approximated_4caf0714-0668-4d9f-a0a5-aeb4de2c460f_Intel_8061.rdf_functional.owl,24529579,6855229,31384808
approximated_bd40e610-c152-48b7-9127-1dc0cfbfe684_Snowboard.ttl_functional.owl,15737037,3675907,19412944
approximated_ce451d6a-8f12-496f-b26c-178bb813e7d3_background.ttl_functional.owl,12682423,2278803,14961226
approximated_kb-owl-syntax-unraveled-depth-3-disjointness-constant-classes-value-nominals.ofn_functional.owl,652467315,1474681831,2127149146
1e866e79-6433-4e6f-899f-901a3598f3c0_EBI_import.owl_functional.owl,30634684,44876616,75511300
b3022c93-e826-4bc1-9b24-18e6dcc3c574_nnotations.obo_functional.owl,2308983850,4946988293,7255972143
approximated_0c4bc8dc-e139-4353-b6ae-1514032048d8_pathway.owl_functional.owl,37541197,47609045,85150242
approximated_4b3fbd59-059d-42de-a02c-c08161d8bf4d_eer_hammer.rdf_functional.owl,10854685,3755701,14610386
approximated_53eb7cd9-03a2-415c-84e9-b98053def398_Wall_chaser.ttl_functional.owl,12581132,3749209,16330341
approximated_00016.owl_functional.owl,21979809,19314037,41293846
approximated_c1c905f5-9d39-49da-b20e-b7193e283262_Mascarpone.ttl_functional.owl,9685127,3757357,13442484
1ca3442a-9259-4af9-b58b-da19097892b4_notype_xp.owl2_functional.owl,449315057,245458413,694773470
approximated_0952cf04-a577-4f30-81c0-badcd03aa60f_Streusel.ttl_functional.owl,15950118,7160879,23110997
approximated_7b53197c-7fd3-4029-a1eb-0f7d1337e38e_r_function.owl_functional.owl,209310041,606373645,815683686
4e3cd38a-310b-49db-a656-cf156714156b_penn.owl_functional.owl,13118094,3265354,16383448
approximated_46775866-c9d0-4129-b39c-616a4724bf98_commesse.owl_functional.owl,14874086,10956572,25830658
0af29ac5-5fb2-4428-8332-bdb75fab5b0c_vario.owx_functional.owl,19999358,18297040,38296398
approximated_917f205d-3638-4a13-bf0c-d72d7eaf2005_Hatchet.rdf_functional.owl,12007270,4042277,16049547
approximated_e9f06a0c-3a18-4d37-ba61-d36c84ddbf88_AC.ttl_functional.owl,4700716,3800485,8501201
ms.mass-spectrometry-ontology.89.owl.xml_functional.owl,57645694,141220775,198866469
approximated_0ad76cf9-cc08-4d87-95e6-15c8404a039b_sistent001.rdf_functional.owl,31333466,15990340,47323806
5a44cd24-3f93-4452-ab7f-58428a9ad3bc_al_gramene.obo_functional.owl,15578821,11134848,26713669
approximated_kb-owl-syntax-unraveled-depth-3-cardinalities-disjointness-constant-classes-relation-axioms-value-nominals.ofn_functional.owl,702181657,1530321760,2232503417
approximated_00079.owl_functional.owl,17600432,1875618,19476050
approximated_d151a2d8-0ed9-448b-8937-f7addd4a368d_onto.rdf_functional.owl,58114006,5379622,63493628
approximated_596449ce-1d89-437a-b79a-0be8a72c5719_iasted.owl_functional.owl,47671551,16498754,64170305
approximated_8eee0ada-ec62-4bc2-9724-fe4c0a53c304_pro_wv.obo_functional.owl,4257375666,7146709984,11404085650
a098ad73-7f2a-4b2c-b659-7cdc419d6133_y.obo.PREVIOUS_functional.owl,395048156,1016580392,1411628548
approximated_1cef2d9c-1c3d-4610-b9fc-20e70d308307_Chupa_Chups.ttl_functional.owl,16052932,5882625,21935557
approximated_734d2ce3-7504-4823-acde-695f74b39b61_prerelease.owl_functional.owl,226926055,541311856,768237911
approximated_141114a5-7716-42e2-9007-6b03e4efe0e3_relaMath.owl_functional.owl,286176426,235559222,521735648
approximated_838a719b-b576-4bce-900e-50728673dbf1_ntk2codo.owl_functional.owl,24342183,15895980,40238163
approximated_59ea1281-54a2-4d5f-8958-7f498cb86eac_topOnly615.owl_functional.owl,252095424,370273124,622368548
approximated_4feedaea-206c-425d-b934-3dc9d3307627_GeoSkills.owl_functional.owl,222183784,60935771,283119555
approximated_5f800bdc-82c5-4997-bba4-dbe055432ea5_l_trousers.ttl_functional.owl,12494932,3987634,16482566
192f7c8a-b3df-4e76-afec-9878bfda556b_velopment.owl2_functional.owl,136166643,259651916,395818559
approximated_emo.enzyme-mechanism-ontology.2.owl.xml_functional.owl,77297244,12522470,89819714
approximated_17b2cfc3-d951-448b-8baa-e074c5913810_stateTime.owl_functional.owl,243472526,214464659,457937185
approximated_kb-owl-syntax-unraveled-depth-0-km-relevant-cardinalities-constant-classes-relation-axioms-value-nominals.ofn_functional.owl,287032904,376922877,663955781
39f40dea-ee12-407c-8371-35362af85db5_D.owl_functional.owl,15140882,3953421,19094303
approximated_6161a6c4-8467-4cb9-8f3e-2ef933f040e2_IPhone.ttl_functional.owl,4227578,4397886,8625464
approximated_ino.interaction-network-ontology.13.owl.xml_functional.owl,23632051,27346868,50978919
approximated_045fb2e6-2291-464f-97d2-4e1a1f8c7945_YPO.owl_functional.owl,15057884,14020400,29078284
approximated_2f1050e9-10ca-4e36-a84b-638f256be4ef_scillation.owl_functional.owl,137684531,211042761,348727292
approximated_c298fb70-7370-4b02-accf-709687540bba_ecrm_091217.owl_functional.owl,19185544,22311883,41497427
approximated_91a4b99e-03b4-4dde-b577-477e8ba698f2_Writing.ttl_functional.owl,11502908,3882553,15385461
approximated_f48c03dc-0ce0-44e3-a137-efb086711675_properties.owl_functional.owl,14797009,1675324,16472333
approximated_9872de7b-8c52-4c5d-86d3-f26202f786f8_IAO.owl_functional.owl,15325332,7497492,22822824
approximated_47d61211-dd14-4c3e-8315-94f2b5ce0c4f_Spritzgebck.ttl_functional.owl,14630983,3767195,18398178
approximated_2342698d-4aea-4191-bcf4-a7bb99d9a4e2_Diving_mask.rdf_functional.owl,18896643,3627219,22523862
4b917dd8-b7db-4ccc-818c-a90a51353e3d_naequivmod.owl_functional.owl,1341514799,884882458,2226397257
approximated_06e042ed-6e64-4cad-9bcf-4653d5b467ba_geobase.owl_functional.owl,24044178,4058708,28102886
approximated_b380d8b7-35f6-477b-8207-57659172b222_lly_cheese.rdf_functional.owl,15662193,3720538,19382731
approximated_bao.bioassay-ontology.20.owl.xml_functional.owl,589545319,1216944457,1806489776
approximated_93545cf2-a3e6-480b-814b-8094ad48708b_emperature.owl_functional.owl,259808074,254817454,514625528
8140b384-667b-469d-9701-036c5c8524ea_ncbitaxon.owl_functional.owl,26409928406,56177667373,82587595779
approximated_09a7d076-d390-4a65-9ccd-eb6109bab65b_Gin.ttl_functional.owl,21818001,5434877,27252878
approximated_00658.owl_functional.owl,435673391,1200279378,1635952769
co-wheat.wheat-trait-ontology.1.owl.xml_functional.owl,16491598,8099866,24591464
approximated_b17ab911-fb17-4d4f-b67c-081d29087f06_onto.rdf_functional.owl,15239640,3904799,19144439
approximated_11a6e7fa-7f3d-4777-b4fc-92b9ad277962_Validation.owl_functional.owl,139722479,248173053,387895532
approximated_8329c809-bf10-4978-8d35-6a3cbbc4ab93__Chihuahua.ttl_functional.owl,11666019,4143081,15809100
466d5c18-17b0-4fe1-98e8-6e3103474148_fbdv.obo_functional.owl,23644085,19411736,43055821
approximated_36c429a5-1718-49db-89b8-ea4d6e4f2cb5_Compactor.rdf_functional.owl,13233499,3699534,16933033
approximated_kb-owl-syntax-unraveled-depth-1-cardinalities-disjointness-triggers-relation-axioms.ofn_functional.owl,720981103,1594928032,2315909135
approximated_90935815-da8c-464d-af5b-23e4dbd8cec3_ualization.owl_functional.owl,20052769,12682688,32735457
9e8cee1b-2a50-4747-85d4-1af663251692_classified.owl_functional.owl,23273762,36169609,59443371
approximated_2b330fea-4b58-44df-82e3-47871db45e81_1_odvozena.owl_functional.owl,13159358,2008021,15167379
approximated_06a69a9b-2c73-42fe-a6f9-f2c092378479_CategoryFAQ_functional.owl,9551044,1997964,11549008
028f4d47-8b9f-4408-9f32-f64909152c1c_onto.rdf_functional.owl,11712067,605554,12317621
approximated_6e41d3f4-d20e-49db-a271-9b51d1131291_BitOHoney.rdf_functional.owl,11851309,3685468,15536777
approximated_00035.owl_functional.owl,445279661,1271428066,1716707727
approximated_60d4d31e-9f8d-415a-8e53-af1fc17b3345_ick_cheese.ttl_functional.owl,17452683,3627077,21079760
approximated_4ff2e8d2-a314-49e2-bc85-23e82a6e77ff_ack_pepper.rdf_functional.owl,11938037,3687768,15625805
approximated_063e5edc-565f-4313-8f69-85466570b477_00660.owl_functional.owl,352702752,987416270,1340119022
approximated_72c8ddb6-e5a5-41a5-bbe9-a3ba3acea6aa_drelations.rdf_functional.owl,11463415,4539539,16002954
approximated_1e6722c2-e3e3-467a-bdf0-f597fc926944_Blast_valve.rdf_functional.owl,14587334,3822172,18409506
1ed0646e-3a5a-43c4-ae28-3fd51f921f9a_prsimple.obo_functional.owl,1617128013,5084039571,6701167584
approximated_0a1b40b4-1878-4b41-9d91-74b791547e65_ethernet.owl_functional.owl,11408145,6239914,17648059
approximated_4d41e787-b64f-4e20-ae1e-14662209013b_VBE_functional.owl,30103226,38200860,68304086
approximated_2e639f99-7bb0-4731-8fcd-b8533eac668c_ish_coffee.ttl_functional.owl,11942599,4034528,15977127
approximated_5d6376fa-7a08-43b6-87ca-559e20bef3c0_mato_paste.ttl_functional.owl,14424381,3801875,18226256
approximated_41e58268-569d-4063-b1ba-1b5fd9b2e316_terensembl.obo_functional.owl,1615629767,3841560886,5457190653
approximated_kb-owl-syntax-coreference-IDs-km-relevant-cardinalities-triggers-constant-classes-value-nominals.ofn_functional.owl,882041422,1731954167,2613995589
approximated_kb-owl-syntax-unraveled-depth-0-triggers-constant-classes-value-nominals.ofn_functional.owl,145956617,359300985,505257602
approximated_31e75ff1-a251-41d0-9829-3a1a02edf990_Chisel.ttl_functional.owl,16878254,3776872,20655126
approximated_32a88d98-bb99-43f8-86ed-7232885d0fc4_Best_Buy.ttl_functional.owl,9922909,3819842,13742751
approximated_kb-owl-syntax-unraveled-depth-4-km-relevant-cardinalities-constant-classes-relation-axioms-value-nominals.ofn_functional.owl,362362199,866833765,1229195964
approximated_b6f567b5-30f3-4fc9-bf43-c862eaa97eb0_sAnatomy_1.owl_functional.owl,167300112,343137511,510437623
approximated_07321a9e-0273-4612-ad18-f82ffd2bace0_transistor.rdf_functional.owl,20852741,3788623,24641364
00417.owl_functional.owl,18742004,4774189,23516193
approximated_f8d44a92-0599-446a-8b66-d3c8a035b192_quantity_functional.owl,23802369,17996587,41798956
approximated_19d65e71-0655-4641-a637-ac6aae241487_dlp.owl_functional.owl,21910466,25334697,47245163
approximated_2851c382-4848-49c5-bee1-837d488455f4_Crinoline.rdf_functional.owl,14990859,3676921,18667780
approximated_47ab6cb0-6bb8-4b5e-9644-4429089fa1b9_Slide_check.rdf_functional.owl,11718568,3669492,15388060
approximated_49b3ab49-57e1-41ca-ad26-8cd59f8d4514_Switchblade.rdf_functional.owl,14243025,3691466,17934491
approximated_e0ca0467-2df7-4eb5-a5a1-7664f8d7bacf_stateSolid.owl_functional.owl,141770813,245717662,387488475
approximated_fdca74a1-b674-436e-906a-6fcc061f7422_eryContext.owl_functional.owl,22512289,8226063,30738352
approximated_306ec987-62b2-4798-892a-a673a3bafacb_Yoga.rdf_functional.owl,16706597,3795379,20501976
approximated_53eb4504-ed1f-485c-8037-70a124aecf80_Geospatial.owl_functional.owl,132987068,217101373,350088441
approximated_1e0c88de-f171-43a3-847f-b897c4abafda_mHydroBody.owl_functional.owl,129638310,215304010,344942320
approximated_2484a3b0-6b34-43b3-884b-665d0035eb77_tourismA.owl_functional.owl,15127133,20823401,35950534
approximated_085821e4-f162-4e40-9f7c-ef6aec5ce427_bridge_Z88.rdf_functional.owl,11537804,3745975,15283779
approximated_859678f6-9479-486f-bda1-8cca879545ff_MSOntology.owl_functional.owl,23379532,18585986,41965518
approximated_5f8a05ca-968a-4e80-9d25-b7ae871efe5f_trSediment.owl_functional.owl,130240672,233113208,363353880
approximated_f6ebc09d-97f3-4343-9503-ddc45ba1b185_index.php_functional.owl,15005896,2214816,17220712
85eb4659-52d4-4b42-9c41-9379b15721e8_rssimple.obo_functional.owl,88303580,240194641,328498221
approximated_0cd2569e-7704-45cd-9d7f-e296a23da186_SMOtop1005.owl_functional.owl,484981153,834621060,1319602213
approximated_10ec29ac-47d7-4632-a54c-d54da39e98f0_wine.owl_functional.owl,35544442,17162213,52706655
approximated_e0c7c097-4a3e-4d71-840d-cb6def346ef8_spatial.owl2_functional.owl,18065697,12121406,30187103
3dd59a1d-ab19-4817-a996-8beaf292e289_onto.rdf_functional.owl,13049069,3373680,16422749
ec302da6-fa64-475f-98bd-514b4a71a5e6_s_xp_cell.owl2_functional.owl,50754397,16557845,67312242
5bc8cc63-1d4f-40c4-a97e-6f65e7faa262_Town.owl_functional.owl,20718747,2930836,23649583
approximated_890c55af-ac1b-4726-bbdd-92fa697fa8ea_Stichelton.ttl_functional.owl,15827410,3744952,19572362
approximated_3e6cc23d-0fc4-44ca-84b0-6a2524f53142_request.owl_functional.owl,10770093,5566935,16337028
approximated_2b1fa989-5571-4ac9-9116-9bdaeca28737_phenEnergy.owl_functional.owl,131930717,243774668,375705385
approximated_4f1458f1-1824-4164-b4b5-b358fa01214c_propSpace.owl_functional.owl,143939682,246632137,390571819
approximated_19a54692-1b28-40cf-b0c5-a1e216fd7236_Iron.rdf_functional.owl,12832388,3887827,16720215
approximated_79c95c5b-4ef7-42ea-9f79-24464f3b5a81_Baker_clamp.rdf_functional.owl,19504998,5656652,25161650
approximated_5098829a-fb6f-437a-990c-52c3d8274558_lusensembl.obo_functional.owl,4603604141,10952487570,15556091711
approximated_4f96f8d4-4fb2-44bc-886a-1ae4793f3cb6_ContextAll.owl_functional.owl,31927336,19289714,51217050
approximated_kb-owl-syntax-unraveled-depth-0-km-relevant-cardinalities-disjointness-constant-classes-relation-axioms-value-nominals.ofn_functional.owl,543711035,889156822,1432867857
approximated_3eea3f64-98b6-45f6-b8c1-c52e14cb7a91_er_grinder.rdf_functional.owl,22792844,3909121,26701965
164db716-211d-4fa4-a942-5446045e38d2_egulators.owl2_functional.owl,21102794,2641493,23744287
approximated_cac39fa5-f2e4-4329-99b0-b1b1eba74aec_geCreation.owl_functional.owl,18186150,10917568,29103718
approximated_380b192c-b044-4e0a-b6b3-ee528f4c2a18_2006020915.owl_functional.owl,189907588,395396110,585303698
approximated_98997056-a43e-4cc4-951d-067d1bbef4f5_Camalot.rdf_functional.owl,12947161,3794246,16741407
39853804-c63b-44e5-ab7f-b4c4fb64be95_ary_method.owl_functional.owl,15579355,12721344,28300699
approximated_00d995be-09fc-4a27-9314-e23c95005549_201onto.rdf_functional.owl,12665378,5903888,18569266
approximated_0f0a5409-74e0-4f07-9d10-876b2ba14320_Biological.owl_functional.owl,149223964,212047857,361271821
approximated_bdb55dd1-25b1-450d-ab69-aed4bd13c0a5_Hot_dog.rdf_functional.owl,11957564,3989259,15946823
approximated_1cbe45f5-9dd5-4028-a1d7-d58b6ad697bb_Bolillo.ttl_functional.owl,15774178,3753136,19527314
approximated_ba857c7f-516b-43db-afd1-5a45d8765411_ecrm_110404.owl_functional.owl,18972162,21719778,40691940
approximated_129091de-a814-44a4-8d37-fb8013b00fb1_opl.owl_functional.owl,18176204,25353469,43529673
approximated_00549.owl_functional.owl,20496999,21609305,42106304
approximated_0894f91f-c849-4fcc-bce3-53a718cf5ed1_Saw.rdf_functional.owl,8548213,3696660,12244873
approximated_d600218f-27a2-413c-af93-793709c13220_FN1.44.owl_functional.owl,26066376,7965335,34031711
approximated_00024.owl_functional.owl,31426275,34171194,65597469
035dec2d-84f6-44cd-9ea2-cc909cf701b2_p.obo.PREVIOUS_functional.owl,32990750,9989525,42980275
approximated_ea684f11-84c6-4b75-8f83-9106c2bd0c73__test_data.owl_functional.owl,29636305,12627158,42263463
approximated_441389d0-a3c0-442f-899f-4457a19c73d8_Rinquinquin.rdf_functional.owl,18751341,3733118,22484459
approximated_1db35b13-94ec-4d5b-826b-69fe1cb26c39_C3A9dictin.rdf_functional.owl,10854564,4053898,14908462
9fed2f94-b2f5-4624-9a13-25843f7d1dc1_onto.rdf_functional.owl,11310830,3449921,14760751
58f72a2c-820f-465f-8854-d26f182f69d5_rs.owl_functional.owl,87643333,243011376,330654709
approximated_8947edf9-e8fe-4164-a643-a7beb1a2030b_Design.v35.owl_functional.owl,15649994,13595432,29245426
approximated_59b2be8d-e0ea-4eb3-a8c9-c00f9f0d2faf_FN1.46.owl_functional.owl,21670808,8000231,29671039
approximated_25949751-1d83-49d6-b85c-4d134e9b1993_Country.daml_functional.owl,18144874,1509249,19654123
approximated_89078862-d6b8-430e-b990-3301a870f8ac_Ayran.ttl_functional.owl,11057667,3756301,14813968
approximated_05034fd7-8f63-4088-bf20-ce6b94ee8f3c_PaulFisher.rdf_functional.owl,11619135,2919839,14538974
e56865ff-6484-48c5-80d5-117430d8f445_fbcv.owl_functional.owl,17948398,30086784,48035182
5c1c953a-7ea3-4c9d-bd59-24e9da5e4df3_r_function.obo_functional.owl,177157624,523352214,700509838
0631b0c3-b2cf-4880-b128-dc263545fe81_eHexenprozesse_functional.owl,13037417,995626,14033043
51d2a22f-8a0f-4fcd-9398-ea22284710f7_protlabels.obo_functional.owl,372298665,1083676901,1455975566
approximated_00151.owl_functional.owl,16017163,9048323,25065486
approximated_kb-owl-syntax-unraveled-depth-4-disjointness-triggers-constant-classes-relation-axioms-value-classes.ofn_functional.owl,625269911,1460016208,2085286119
approximated_c6ba91a9-5413-4afc-bb9f-58e48d0bae3e_Convention.owl_functional.owl,11845116,2262438,14107554
approximated_7697f270-2316-4f47-88b6-42e76ace42a1_westhofrna.owl_functional.owl,19758354,22343035,42101389
approximated_00433.owl_functional.owl,17877104,18128161,36005265
16bc24e4-d921-400a-b6b7-a0482f55640f_ePflanzenatlas_functional.owl,18040717,2368876,20409593
approximated_8d1c5b3a-29f3-4822-b913-081a65de2265_topOnly641.owl_functional.owl,244601855,410526624,655128479
approximated_2e281d6e-77ba-4ccf-ac29-849436efa044_Toast.rdf_functional.owl,16891764,3803980,20695744
approximated_8c7b9e37-25a7-4c21-87e7-c95950a83338_els_cheese.ttl_functional.owl,16618215,3771852,20390067
cd7ea228-575d-42f1-8c61-12f4998ed21b_O_mappings.owl_functional.owl,34128589,9798920,43927509
approximated_a5a5bc63-58ae-4b46-96ce-25e94f0a6429_tary_valve.ttl_functional.owl,17511355,3777738,21289093
approximated_373a62c2-433f-4a82-a4c2-b3f010b9af40_Caf_au_lait.rdf_functional.owl,16336560,3854955,20191515
approximated_kb-owl-syntax-unraveled-depth-4-cardinalities-disjointness-constant-classes-value-nominals.ofn_functional.owl,690727447,1452812066,2143539513
approximated_981d9bea-fa60-4ad1-960d-7ae97f8d580b_onto.rdf_functional.owl,21908498,6873838,28782336
approximated_45da718b-9176-4d25-8f12-b53d1bc03c4f_Accordion.rdf_functional.owl,19065838,3657053,22722891
bc82a626-dc52-4fac-af49-d3bc908161f8_watqualcore.owl_functional.owl,11739024,10440405,22179429
approximated_e5a92498-1ad4-4104-9685-b5bf5ff0563e_logy3_func.owl_functional.owl,16945255,10143099,27088354
approximated_nifdys.neuroscience-information-framework-nif-dysfunction-ontlogy.13.owl.xml_functional.owl,78061460,164313878,242375338
approximated_2e2a6960-cbac-4314-b830-375a24bce6e4_Masonry.rdf_functional.owl,8694354,4228900,12923254
approximated_0952091f-65b7-4abb-88d9-589ec5d8709e_onmappings.owl_functional.owl,47826399,16613717,64440116
294b9db9-9411-4fda-8ce3-c46491117bcb_er_anatomy.obo_functional.owl,95160015,39805275,134965290
approximated_529ceda2-e728-4908-9746-06a72a81d993_sequence.owl2_functional.owl,64193931,117178386,181372317
1abb566b-bbaa-40ad-bc1e-a9518475a662_t.obo.PREVIOUS_functional.owl,15054149,16970052,32024201
37de6464-3851-4b6e-a26c-d05872e485da_Congressman.owl_functional.owl,14285558,974835,15260393
approximated_075c4b7e-0b3a-4e07-8347-dff7c759a0cb__furniture.ttl_functional.owl,14671651,3802717,18474368
approximated_00081.owl_functional.owl,24923729,22493499,47417228
approximated_a07357c0-bb9a-4d01-b895-01177c33b012_Dioptra.rdf_functional.owl,15791991,3739186,19531177
approximated_1eb89a31-01ef-4235-bd64-81b3c0615502_phen.owl_functional.owl,133128524,209753492,342882016
840564bd-f957-4841-8aed-f1927214d6a1_nfo_demo_pages_functional.owl,13195045,818286,14013331
approximated_47166f7e-80cc-44b1-83a3-6779e9d9d9cf_dy_Buttons.rdf_functional.owl,10112395,4228557,14340952
approximated_1cf42173-419d-4450-bc0b-656b1fc2f417_Sukhoi_Su27.ttl_functional.owl,10754577,4036871,14791448
approximated_579161b7-b8f4-47c0-968c-e7d2b6f3e063_Rusk.rdf_functional.owl,12569728,4310424,16880152
5a84343f-4ad6-42e6-b497-136563317fed_sbosimple.obo_functional.owl,28922314,29994116,58916430
approximated_0c7a8e6c-56af-461d-98e5-6c475710d63f_lly_Kettle.rdf_functional.owl,11708287,3686352,15394639
approximated_af95d27f-2e76-4ac3-9a65-83cac53c2fa5_logylatest.owl_functional.owl,10981024,5618552,16599576
4dbb2c36-7e5c-4e41-b892-2fa84063f012_gansfamily.owl_functional.owl,279371492,705445587,984817079
approximated_74f0f32d-0d2f-4032-8d41-fdf6c9e3bc64_eam_boiler.ttl_functional.owl,16154260,3707721,19861981
fd5d2b14-046d-4696-8149-275ab6c7cf0d_taryPerson.owl_functional.owl,15985563,2553170,18538733
approximated_faf8ef6b-c1b3-4c9b-be5b-973b47851153_reExamples.owl_functional.owl,15287298,4256727,19544025
approximated_d5d7a77f-d9fe-4eac-96e9-579f6957b33f_OBI.owl_functional.owl,11703854,10811628,22515482
approximated_5d0647d0-c96d-4f65-90f6-e3c5b4884292_relontosx.owl_functional.owl,19936964,7235471,27172435
approximated_1112d809-4b27-4aa1-8a66-a03e1be89659_Kilt.ttl_functional.owl,13590430,3873708,17464138
approximated_15ca6132-4037-4b34-ab30-374f81e877e3_or_network.owl_functional.owl,25542448,36717781,62260229
approximated_dd430e36-07ca-4571-86f0-067ef37fe428_plant_trait.owl_functional.owl,24877907,56607689,81485596
13a74419-fef5-4ced-afc6-265b308c54f1_onto.rdf_functional.owl,13044022,1752954,14796976
approximated_9613218b-caf8-4e25-89ac-5fc861ea56a2_Ear_pick.rdf_functional.owl,16082884,3860626,19943510
approximated_618f8fe4-92e4-4d1f-97cb-cdbc1cfbaec6_nductivity.owl_functional.owl,131661819,211218157,342879976
approximated_029cbda6-3e01-471f-a361-5611a052a683_iley_valve.ttl_functional.owl,8911932,3929452,12841384
approximated_4841a154-4a99-4d34-9e99-43c78137a881_Automobile.rdf_functional.owl,12160965,3911502,16072467
kb-owl-syntax-unraveled-depth-1-disjointness-constant-classes-value-nominals.ofn_functional.owl,1022220577,727784010,1750004587
approximated_cd390691-f610-427c-b546-524e58f8f472_ctionsLite.owl_functional.owl,40690446,11071663,51762109
00539.owl_functional.owl,51923786,2476293,54400079
approximated_20a3e360-7d28-45a7-b46e-3ec0151abd94_nberg_cake.rdf_functional.owl,69307906,3545213,72853119
approximated_8ea9ff7e-512b-47e1-855f-c20fb0019360_Staple_gun.ttl_functional.owl,11432581,3667063,15099644
approximated_33c42c6a-7821-46bd-87b5-a494a5db5126_ss_trumpet.rdf_functional.owl,23563000,3714590,27277590
approximated_0ff9edc8-9c38-4043-902e-b25e67433087_dgets_v0.1.owl_functional.owl,30548084,10052089,40600173
approximated_25f98d29-bf5b-478c-b62f-b166c538197e_Petit_four.rdf_functional.owl,42307997,3754622,46062619
18620dde-7c82-4858-83b4-80bededf1750_vsaosimple.obo_functional.owl,21142135,12778584,33920719
approximated_5ca81933-d8db-4044-9be7-07ff6a204b3f_ten_cheese.rdf_functional.owl,53731529,6222736,59954265
approximated_39fe7348-562d-4121-8365-6ac23424cb7c_genpol.owl_functional.owl,57312897,13604471,70917368
13f18767-78c8-4d48-9852-07f58ac44fd4_goslim_pir.obo_functional.owl,90562143,39440274,130002417
approximated_ebc92bd6-86cf-440a-be5e-34b6db08a0d2_sonMapping.owl_functional.owl,82862420,9144716,92007136
approximated_kb-owl-syntax-unraveled-depth-2-km-relevant-cardinalities-disjointness-constant-classes-relation-axioms-value-nominals.ofn_functional.owl,1423761744,1563930293,2987692037
approximated_b821a9c0-184a-453f-b08c-b8f6dda8d368_plosimeter.ttl_functional.owl,113366956,3753305,117120261
approximated_b150b3b4-9c56-4e1f-8ead-b90803b518c9_loskeletal.owl_functional.owl,179490839,449731013,629221852
c447cc9e-2fc7-4afb-b4b0-38f1db7fb64a_aceMission.owl_functional.owl,19758313,1424733,21183046
approximated_3a725368-a56b-40e5-b2fa-3317b288387b_London.ttl_functional.owl,9765850,3830342,13596192
approximated_00553.owl_functional.owl,3641889696,7664602634,11306492330
approximated_8385a310-f6bd-486f-b558-96b3c177e2dc_Eierpunsch.rdf_functional.owl,21043070,5419472,26462542
approximated_0d67909c-5e1d-4c73-9c9b-7f425d28dde6_onto.rdf_functional.owl,74151125,7058261,81209386
c6a85b6a-e05b-467e-a201-b3f3468a79e8_Property.rdf_functional.owl,70941563,6115092,77056655
approximated_1fa66cc1-a3a7-4cab-9b27-893c2fcdc553_Antibody.rdf_functional.owl,63529482,3800856,67330338
approximated_96a591ed-fa4f-49bf-9550-db54be9241dc_figure7.owl_functional.owl,23123382,18810882,41934264
approximated_96859279-23d5-473c-9886-f63177596fee_landSoil.owl_functional.owl,114169907,128723799,242893706
approximated_8c8cb9d0-3cac-4fc6-9d73-f9df60a28913_thSolution.owl_functional.owl,96650732,25456960,122107692
442b3f6b-0ae6-46b9-943a-1e1aa9b77876_bilasimple.obo_functional.owl,16327163,5803412,22130575
approximated_5ca6e196-b183-44e6-8fa6-18f8afa47f31_o_complete.owl_functional.owl,578460993,1219259641,1797720634
approximated_0930a763-1671-495d-9c4d-3e378a3127b5_Pecorino.ttl_functional.owl,14811474,3697980,18509454
approximated_90945e26-e504-44b6-8568-586ff0701c0f_urdulink.rdf_functional.owl,31864377,55022452,86886829
e52f3dcc-6331-4cc4-a4c1-abeaf93f81d1_m_anatomy.owl2_functional.owl,15333656,20030701,35364357
approximated_1f34c5ee-ad79-4c51-bc1c-5172a8bf011d_sette_deck.ttl_functional.owl,15805785,3746205,19551990
192ab848-6820-47e7-97a7-497247da7e74_ephenotype.obo_functional.owl,272718071,536124735,808842806
165a2aee-874a-4538-bfdc-9a91879bcff5_DDANAT.obo_functional.owl,17059519,19455453,36514972
approximated_c24e875f-10ff-4761-8223-bf61948f1b1e_101onto.rdf_functional.owl,18533192,5907918,24441110
approximated_079ae0e1-d0bb-41c4-9c15-7b65eb5d7780_Pommeau.rdf_functional.owl,15211523,3669810,18881333
approximated_ab5d79ef-dd20-41bc-9994-827779923116_onto.rdf_functional.owl,15011812,6669175,21680987
approximated_3e069ba5-7b5e-44ae-bb1d-bd734c6c40a1_Moral_panic.ttl_functional.owl,15579861,4004174,19584035
approximated_7403311b-71f3-4367-bb0e-dcef6f2e235b_reen_wiper.rdf_functional.owl,12607018,3671327,16278345
approximated_e837a859-1f5f-428c-a78e-3c04a31f17df_Paragliding.rdf_functional.owl,19682279,4562634,24244913
approximated_cca58b06-774c-4b2c-9e97-998c039b9f5c_dence_code.owl_functional.owl,14278342,7113697,21392039
fe8f773d-9bd8-493d-b6fa-ea49da224575_TADS.obo_functional.owl,32973797,49092068,82065865
approximated_3c9e1ea1-b4f9-47b9-af99-cba364d768c2_Butterbrot.rdf_functional.owl,13450776,3797334,17248110
approximated_92351058-adb2-4c86-8632-5081c60ad024_Fill_dirt.rdf_functional.owl,17456117,3802050,21258167
approximated_7dc57fc7-66b7-48fd-b68c-75d2b11d21b0_Gas_turbine.rdf_functional.owl,16254497,3651297,19905794
approximated_00415.owl_functional.owl,921515258,2509818030,3431333288
approximated_4884b17a-ebb9-4419-890e-d50fc76b030b_ura_Red_AC.ttl_functional.owl,15331554,3833904,19165458
approximated_6b37f3bb-86ed-4b2e-8d4b-6093fbef1fb3_Acorn_Atom.rdf_functional.owl,22518403,6054596,28572999
approximated_06c3d283-9910-439e-846e-ad277fb09409_protein.owl_functional.owl,606676344,1721421558,2328097902
approximated_ab791860-3c31-407e-a2e7-6537e3717707_unsyn_v7.2.owl_functional.owl,1803059050,3512312183,5315371233
approximated_712e60d4-0a8b-4dab-803a-b7f16e4acc4c_Geofoam.rdf_functional.owl,15402303,4881906,20284209
approximated_4e976040-4ed8-4c2c-9d35-043d52cf76ba_attachment.owl_functional.owl,29048604,45557362,74605966
approximated_6347be6f-3e3f-4e67-9164-5bcbc935d5ed_mplegraph1.owl_functional.owl,16727213,8186111,24913324
approximated_8d27ac70-9cb2-4004-a6e1-47ccce347b2e_my.obo.CURRENT_functional.owl,9429763,4956845,14386608
approximated_79367f53-d6fb-4bff-aaff-19b046c72c55__food_cake.rdf_functional.owl,8534503,3827564,12362067
5b89cfaa-cefb-4e1d-b7c8-cd7a4998604f_classified.owl_functional.owl,683592099,1383049034,2066641133
9af7b659-707b-4e86-93fc-bd82e132d4b8_eKrankheiten_K_functional.owl,13016705,2246095,15262800
1d09cdf9-0579-496d-b402-c0e6f3c966b6_onto.rdf_functional.owl,14751137,4414597,19165734
approximated_62ef08ed-fc2f-4d4f-b99b-162f63326523_ensuniprot.owl_functional.owl,840072200,1771731658,2611803858
approximated_183b0579-10f4-4745-a361-fb92a1192246_RequestTre.owl_functional.owl,20602832,5844358,26447190
approximated_1e43ac64-dd99-4a4c-852c-80235a5fa85b_t_cleaning.rdf_functional.owl,14554351,3970007,18524358
e0784f3e-503c-4204-bea2-be584b5a2122_apiensexpr.obo_functional.owl,14850433006,25837644306,40688077312
approximated_f2faf58c-9bb8-41e0-acc1-f7a6833be1cf_meGeologic.owl_functional.owl,47751707,30623039,78374746
approximated_4dc4c3b5-6f9b-414d-825d-a21731e4f830_nt_asphalt.rdf_functional.owl,12786239,4172226,16958465
approximated_kb-owl-syntax-coreference-IDs-cardinalities-disjointness-constant-classes-relation-axioms-value-classes.ofn_functional.owl,914552453,2429634437,3344186890
approximated_kb-owl-syntax-unraveled-depth-1-disjointness-triggers-constant-classes-relation-axioms-value-nominals.ofn_functional.owl,763901515,1670582198,2434483713
approximated_1e32802c-f906-4304-80bc-01d1c6681590_ader_valve.ttl_functional.owl,17093965,3660966,20754931
157347ea-7f9d-40dd-b635-a3b83274df87_4802s1s2s1.owl_functional.owl,105618607,45104851,150723458
b3cf5de9-d697-40b3-b0e0-9d7e6be920df_c_DAG_0_99.owl_functional.owl,309432442,846817188,1156249630
c877f9a5-afa5-4602-ac65-8b2c15385625_im_candida.obo_functional.owl,14171713,6084954,20256667
approximated_1680e2f2-08ea-4594-9571-81bc71606dc8_ExtendedDnS.owl_functional.owl,26751651,44801033,71552684
7e6ea386-35a9-4885-aab1-e74e1d2511fb_Restaurant.owl_functional.owl,16733758,1417600,18151358
approximated_124ef3b2-ef86-4a8d-840c-1b02a91041e2_index.php_functional.owl,16903452,1790760,18694212
approximated_40c6e9b2-7b63-43e9-b3ee-707a42e804d0_Nougat.ttl_functional.owl,11891497,3758432,15649929
approximated_11ecc1e7-f350-4c63-92cd-e6a27f1f68a4_Patio.ttl_functional.owl,10548544,3768575,14317119
approximated_ab6d4c4d-66d2-422f-8e7a-6ed0280c0b76_ian_cheese.rdf_functional.owl,15638262,3626291,19264553
approximated_c0929547-f830-47e0-b79e-9235bb7a6728_realmAtmo.owl_functional.owl,136063019,211442559,347505578
approximated_1d01a7d1-79cf-41c2-b424-69d227f44d8c_na_sausage.ttl_functional.owl,13958559,3766996,17725555
approximated_3c0c6a73-429e-4195-a1e6-b629f596d351_Boxspring.rdf_functional.owl,8191280,4649283,12840563
approximated_8de57176-3a41-4750-83fe-e7c4f151c35f_BDO.owl_functional.owl,327595497,977868542,1305464039
approximated_1301d093-66ae-480c-b6d3-0920b04b2b83_Kvass.rdf_functional.owl,14888620,3824864,18713484
dba3f924-7913-4470-8536-0fe9a57793ca_ysfunction.obo_functional.owl,16146221,16974415,33120636
approximated_a6dde5c4-9037-4abc-a984-dc03009e5852_Profile.owl_functional.owl,11555769,7714856,19270625
approximated_4b6b78d5-c869-4600-b4ec-44ddece634e0_lief_valve.rdf_functional.owl,14906964,4266493,19173457
approximated_00303.owl_functional.owl,19389544,18580234,37969778
approximated_f7c365f2-8343-4a9d-9b1c-b1c84f5697db_sleedslink.rdf_functional.owl,28746860,54101339,82848199
9015554b-1e25-4c3d-9cb8-99f7ba6c1dc8_plant_trait.obo_functional.owl,30334549,57489294,87823843
approximated_8770ebfa-b229-4ed8-a2f7-eb67e45128cc_NIFOrganism.owl_functional.owl,38472254,39832963,78305217
8552c586-d505-4d5b-9bc4-d9a5fe16883f_Airline.owl_functional.owl,17132109,1992383,19124492
approximated_b8459d8f-8b9e-4d17-877c-5666aaf5370a_ceAnalysis.owl_functional.owl,152545095,212277914,364823009
11bcd0a4-1a0c-4138-a717-b922463c8ae5_rser_functions_functional.owl,12014674,1179916,13194590
approximated_59b007f8-0625-4c51-bd70-c63f7b58ec30_Pixar.rdf_functional.owl,12882876,4572035,17454911
approximated_dbba4bc5-a82f-43f3-be36-411e5805a80d_lex_owl_dl.owl_functional.owl,282744494,636417294,919161788
approximated_79a8a5ff-531f-4b05-aaf0-de8ceb68977e_ecrm.owl_functional.owl,24336454,21233954,45570408
approximated_f3488d00-fae9-46f0-a4e4-2439cb892c37_RXNO_OWL.owl_functional.owl,15876320,14067590,29943910
approximated_5cc5f64b-eb27-4be2-b1bc-981f25f25208_Visiting.owl_functional.owl,48471119,17040306,65511425
approximated_9815995e-52b0-4ca9-b369-7e116b0067f3_mplegraph3.owl_functional.owl,19490093,8339717,27829810
approximated_c3d12510-27dc-42c7-8303-ba2343986121_TADS_functional.owl,35279867,49017606,84297473
approximated_034e892f-5c19-4cca-8858-4bb8a3b8a6d1_sio.owl_functional.owl,46015839,92331322,138347161
ccdedd92-e383-4a16-baa5-847ad1dfccb0_CL_functional.owl,10092158,1842647,11934805
approximated_00427.owl_functional.owl,31424885,42845083,74269968
approximated_0d12d021-c569-4b17-a939-00c4117ccb9b_09protege3.owl_functional.owl,11576494,5801805,17378299
approximated_4503f947-2545-47ca-b436-a52b29efdbd0_ng_machine.ttl_functional.owl,9564618,3655621,13220239
approximated_09a747bc-6003-43b5-8321-3b099302be23__rectifier.rdf_functional.owl,17469996,3707198,21177194
approximated_4f93aad6-2909-497b-a637-d92a3dfbf9a2_odAnalysis.owl_functional.owl,9546380,4482902,14029282
approximated_42aea549-cd03-4658-b46b-948b901c9e60_xsd2owl.owl_functional.owl,15106356,2251778,17358134
approximated_a4a22ba9-0a80-49f4-8bf8-2a2504036f7c_Snow_chains.ttl_functional.owl,14688819,3954370,18643189
approximated_kb-owl-syntax-unraveled-depth-2-cardinalities-triggers-constant-classes-value-nominals.ofn_functional.owl,427312919,1067905961,1495218880
approximated_17c314cd-d9d4-467e-8034-313200d06697_modore_128.ttl_functional.owl,17077722,3764277,20841999
approximated_c26f5a93-80af-4209-aade-e1e78119f5e2_phenHydro.owl_functional.owl,135490945,210497249,345988194
approximated_822bcaf6-d83a-4f7e-b53d-d8fafcf2213e_IAO_import.owl_functional.owl,4242508,6030922,10273430
approximated_2f5a69fa-fbc0-4d14-8c69-4981642a4328_logy.0.1.2.owl_functional.owl,9220230,2883548,12103778
approximated_8f8ab8d4-8bda-4c2a-9cfa-43110f74ed61_mergedtbox.owl_functional.owl,86142608187,3.12576E+11,3.98719E+11
349c9bb8-09db-469e-ab4d-b108d579f545_tianBishop.owl_functional.owl,21809035,1478886,23287921
approximated_42beab1d-b1b4-45ed-bf39-34a98d3548ef_envo_xp.owl_functional.owl,44180200,105910175,150090375
091e00db-b909-4856-a8e6-b37221827fd2_ss_xp_self.obo_functional.owl,43053245,11220644,54273889
26fa7c73-aeb4-42b9-b2dd-54fdd4450819_fbbt.obo_functional.owl,543908161,1181846665,1725754826
approximated_hpio.host-pathogen-interactions-ontology.2.owl.xml_functional.owl,22933437,14307843,37241280
83b79a18-1279-47b4-be00-cd987908fcbb_dantmodule.owl_functional.owl,103397461,135457963,238855424
approximated_55fb9d69-92f3-4a18-a9f7-b6b0825945b9_Ammeter.rdf_functional.owl,10198063,4092667,14290730
approximated_544da58e-ea8b-4526-90ef-8278242d0437_ian_marble.ttl_functional.owl,9619297,4387819,14007116
miro.mosquito-insecticide-resistance-ontology.1149.owl.xml_functional.owl,90572261,223049125,313621386
approximated_2400ea14-3351-4b19-b22f-f2b93053542a_lexicon.owl_functional.owl,19482235,13300665,32782900
approximated_34a44aa8-e4bd-49c2-9438-94c341ece48b_ZX_Spectrum.ttl_functional.owl,9978292,3708857,13687149
a0d8a9a9-8931-4191-96d6-09cfa754432c_nsc.rdfxml.owl_functional.owl,24956276,31319528,56275804
a6e31b27-2a8e-479f-ba61-9ed72be02a4c_naics.owl_functional.owl,38076715,63121490,101198205
approximated_6293270f-6355-43e7-a95d-c1f59b5b9b04_TravelCNO.owl_functional.owl,151134794,38738263,189873057
approximated_710c2b5f-b4a6-4fe3-bb2a-79b35c209b23__F15_Eagle.ttl_functional.owl,15078149,3755650,18833799
approximated_kb-owl-syntax-unraveled-depth-2-constant-classes-relation-axioms-value-nominals.ofn_functional.owl,427942558,1021895128,1449837686
approximated_f85b75ba-751e-4295-9747-e82442b1487a_keontology.owl_functional.owl,179929443,90257843,270187286
approximated_e3c030ab-0455-4f84-8327-21d43c0a74e6_listssnip3.ttl_functional.owl,99175190,22762182,121937372
approximated_40c9c44c-e0a2-4546-bb12-42f0c416b1f7_Jet_engine.rdf_functional.owl,90073238,3773200,93846438
900d40b6-c097-415f-9299-70dc467222f8_Comedian.owl_functional.owl,14277601,1873094,16150695
approximated_00384.owl_functional.owl,30718468,106846232,137564700
approximated_8bc9c84c-faf5-4eba-bc88-8b761b9906b9_exOBOUBO_1.owl_functional.owl,83939158,146934439,230873597
approximated_2352e3d3-d957-407d-939e-6661bbc33b40_Vise.rdf_functional.owl,133887524,3654356,137541880
approximated_538cc295-6088-4d4e-8ed3-9234d341df41__WordNet30.owl_functional.owl,19223708537,3871459611,23095168148
approximated_8c1a5485-dc97-41c3-b9d4-72b13fe37afb_classified.owl_functional.owl,240140219,572764530,812904749
approximated_8c002954-aaed-4b3e-abc6-899743a18035_Reputation.rdf_functional.owl,15900228,3658663,19558891
48476a63-f6b3-43ed-b11f-629d69986f45_po_anatomy.owl2_functional.owl,35166597,62766535,97933132
approximated_965820fb-88b7-4a60-9e60-e924771b86ce_cmo.owl_functional.owl,18811971,11571188,30383159
57c29d56-7906-4b75-b44c-2a5a74715d7a_GO_import.owl_functional.owl,55188010,80429737,135617747
approximated_999a02d4-e1eb-460c-a5e8-6857eec26f7d_nd_cutting.ttl_functional.owl,17689247,3660511,21349758
0cec5da9-f8b6-46ca-bfea-d7480197c791_earthrealm.rdf_functional.owl,19265930,6036627,25302557
approximated_67d0ca23-2031-444a-bf38-4f6b542f2a82_ategorical.owl_functional.owl,153245667,249288431,402534098
66747b68-3c6c-47b3-ab71-a2d99bfa16c0_spdmerged.obo_functional.owl,30831582,40343470,71175052
approximated_kb-owl-syntax-unraveled-depth-4-km-relevant-cardinalities-disjointness-triggers.ofn_functional.owl,713853298,1325672864,2039526162
approximated_46e68c0b-ebcf-43d5-b3b5-a29baf2238aa_odore_1541.ttl_functional.owl,17735513,3788586,21524099
approximated_455f85b7-53da-4214-a340-9eee86f85612_al_tartufo.ttl_functional.owl,9999447,3650107,13649554
210a3813-6f8e-46f4-95ff-4ba88c15d8e4_ldisjoints.owl_functional.owl,17530172,2810806,20340978
approximated_90c310e7-e0ad-4070-a66f-10e8c0e11c92_y_Odd_Jobs.ttl_functional.owl,13737701,3698753,17436454
approximated_00489.owl_functional.owl,1127476401,3081252627,4208729028
approximated_8a44393a-fa78-4c61-9056-43beaee93b23_txn.owl_functional.owl,18896732,4978357,23875089
approximated_3ac99b78-35bd-436f-830b-9b5cc7ccfe0f__del_Casar.ttl_functional.owl,18677919,3802141,22480060
approximated_6a44c502-dc82-4329-8744-93dff7d62007_to_anatomy.owl_functional.owl,65026293,144547276,209573569
43fcb822-c164-4c3e-bddb-6c3e1d7d6968_sculustype.obo_functional.owl,738753117,2117836579,2856589696
approximated_bec48263-4ad4-4c00-b8bd-84f5648191b9_phenSolid.owl_functional.owl,196598922,209618127,406217049
535ee6ca-1d21-49ed-b743-c18ee4b1b14d_urbaen.owl_functional.owl,104052561,192139914,296192475
approximated_kb-owl-syntax-unraveled-depth-4-constant-classes-value-nominals.ofn_functional.owl,350494491,861750650,1212245141
approximated_8b31fb14-9744-4154-a0b8-900be9b47a1e_core.owl_functional.owl,25338566,24772899,50111465
approximated_0bf6b64a-17dd-4d11-97c3-6b366b9ce376_cfg1.0.owl_functional.owl,10985970,7460400,18446370
approximated_17d4ac0d-6171-4dd0-836a-7c689eb63a2d_veillance2.owl_functional.owl,13444921,6365533,19810454
approximated_a0199d4f-f800-4dbf-8fa1-2429e8f7e23c_Amul.ttl_functional.owl,9760957,3786689,13547646
approximated_8b81a043-e6b9-47da-8070-1c698e86c46d_ent_Bridge.owl_functional.owl,87117325,170282912,257400237
648489fa-be89-4555-8241-df333c9cfdbb_erontlocal.owl_functional.owl,11813250,6072221,17885471
4af450fe-97df-4461-8515-cb056b677dfb_icBuilding.owl_functional.owl,17391829,1829654,19221483
57137591-6d45-48e4-a584-e4bec0fc98e5_onto.rdf_functional.owl,9306916,3270711,12577627
approximated_2aa5ab38-e35a-46a1-8cbf-f1df4ad3a91c_Jig_grinder.ttl_functional.owl,12469381,4258674,16728055
approximated_0420188c-4672-401c-bc7d-3515515e86cc_fsm.owl_functional.owl,17467947,1878103,19346050
approximated_3483a703-bc67-4df3-8103-7fa51a20d017__connector.rdf_functional.owl,15493414,3637034,19130448
approximated_9248b3ee-cdbf-440a-9bb4-a92d434d7897_Medovukha.ttl_functional.owl,14439289,3685521,18124810
approximated_0699670d-2ca9-4a15-860a-d5b40466a595_Drawknife.rdf_functional.owl,16842850,3864678,20707528
approximated_00153.owl_functional.owl,17674510,7372099,25046609
approximated_0d05f77e-c3ae-4d88-a19d-9caf558f5156_reprTime.owl_functional.owl,139961698,211227625,351189323
approximated_a191242a-556f-457b-adfa-c2917b57f219_UNo_Bar.ttl_functional.owl,8438149,3947618,12385767
approximated_645b919e-f911-4026-a3ed-77df0519d8c0_bile_phone.rdf_functional.owl,17227454,3796011,21023465
approximated_494ad8e4-af66-4bdd-adcd-c0a1e015ef91_elay_valve.rdf_functional.owl,13947641,3641173,17588814
approximated_58bf3257-9cfb-484b-88ac-3770c2b9a7b1_coat2codoOR.owl_functional.owl,28223994,16111558,44335552
approximated_0fa8fa37-f92e-4369-9f13-33c1bebca610_onto.rdf_functional.owl,15712092,5136209,20848301
approximated_928cea39-e250-4901-ad4f-8933a6458141_reidslives.owl_functional.owl,1.20911E+11,8844186992,1.29756E+11
cb277231-6f9a-49e9-a7bf-64580a14bf71_Weapon.owl_functional.owl,18217305,2130753,20348058
approximated_kb-owl-syntax-unraveled-depth-1-disjointness-triggers-relation-axioms.ofn_functional.owl,677527568,1591560384,2269087952
approximated_f2babe5c-6e4f-48ca-92f6-381a41d36082_risdiction.owl_functional.owl,135464369,252964889,388429258
8a80769b-833e-450c-9928-093dee4355e3_litaryUnit.owl_functional.owl,12035850,1039431,13075281
approximated_5ae31e8c-92fa-481b-b324-78b7c7779954_rMathGraph.owl_functional.owl,140315664,251399953,391715617
9b23c14a-b049-4912-83b0-a4fc867153d0_lmFestival.owl_functional.owl,17648732,1249790,18898522
approximated_18024ef4-6040-47ca-bc9b-023f13927f17__fullscale.owl_functional.owl,23134811,31531863,54666674
approximated_852efd42-d414-4dbf-bd0d-67bd4d419d8f_skio3.owl_functional.owl,29176952,34367094,63544046
aeo.anatomical-entity-ontology.6.owl.xml_functional.owl,28016469,17669878,45686347
approximated_064b8645-ed7f-4c98-8e3c-bd2535ff52ee_pizza.owl_functional.owl,14485151,13463556,27948707
approximated_14e074f3-0bb0-4512-9e4f-8c23d296cf9a_hweinshaxe.ttl_functional.owl,12021607,4872952,16894559
approximated_6549322f-75ed-40f3-b888-29ac40494ccc_statistics.owl_functional.owl,16812439,7611752,24424191
approximated_ac9d8ad3-1d36-4aa9-bcc8-5088a84485be_hitney_GG4.ttl_functional.owl,18661000,3808431,22469431
26d641a4-8790-4bec-842a-fcc32ea98d4f_sgenechrom.owl_functional.owl,471903391,965869664,1437773055
72690f9c-cc7d-4ad3-b2ec-4e28a76ffc17_references.owl_functional.owl,28705768,29257486,57963254
approximated_00596.owl_functional.owl,54748942,112162819,166911761
approximated_52eb08f8-6346-4020-a735-593f8bf1d3da_COSMOtop731.owl_functional.owl,316671402,558174723,874846125
approximated_0f2d27c1-77cd-4986-9490-de0102d071b6_mond_blade.rdf_functional.owl,11416025,4077816,15493841
approximated_b546570d-8204-480e-b501-66405be6a159_le_manager.ttl_functional.owl,10483173,4602107,15085280
approximated_14f3c29b-3fef-4314-8e72-fbbd3c0a3b27_ext.obo_functional.owl,706147778,1989381142,2695528920
approximated_cno.computational-neuroscience-ontology.6.owl.xml_functional.owl,17604742,23229005,40833747
approximated_e41bed88-8811-4070-b1b2-c6d91228b9de_terey_Jack.rdf_functional.owl,14614993,4036210,18651203
approximated_6fc3eee8-ddf4-4d52-a23c-c1d6c4c4bab2_Web_server.ttl_functional.owl,14926480,3714570,18641050
5b92eec2-0336-43d1-9b83-9021b6c25ad7_lca.owl_functional.owl,12983782,1872759,14856541
approximated_9fc828f9-4b48-455e-928b-b6db41cbbc00_esta_valve.ttl_functional.owl,14362414,3848174,18210588
approximated_28a344d0-277b-4c4a-a2c0-33bc8885d51b_Sardo.rdf_functional.owl,15975145,4054400,20029545
approximated_48169ef7-6d4d-4e35-b1b0-3bfe8c0f8010_Scampi.ttl_functional.owl,13594936,3812076,17407012
2aed1f60-77ab-496e-b30f-fd4185b6b9b7_imdb.rdf_functional.owl,26764119,7004849,33768968
approximated_kb-owl-syntax-unraveled-depth-4-cardinalities-disjointness-triggers-constant-classes-value-nominals.ofn_functional.owl,751856035,1486267668,2238123703
approximated_ca31e0dc-bec6-4dcc-ac56-458cc111a734_bao_core.owl_functional.owl,559840795,1145878220,1705719015
approximated_2e54ed01-c483-4acc-8224-c302d2d233ba_Butter.rdf_functional.owl,16988082,3855846,20843928
approximated_0f79cf72-c4eb-488a-8e14-830cf8fdbf14_IBM.rdf_functional.owl,9483311,3814092,13297403
approximated_d8b59ae0-f846-4a28-ae57-2ee85b917e48_onto.rdf_functional.owl,20941010,6385992,27327002
approximated_hivo004.hivontologymainowl.4.owl.xml_functional.owl,21942485,21910401,43852886
approximated_17ef81df-3ac6-4e0e-a134-7428376eda5a_COSMO.owl_functional.owl,222719956,363389836,586109792
approximated_00546.owl_functional.owl,74546682,149657354,224204036
approximated_c605aff2-c517-4427-894b-247bcfb87131_actfactory.owl_functional.owl,17578936,5228338,22807274
1f5edafb-1f70-473e-b834-8a4d70a11362_ezeichnungen_G_functional.owl,14078058,767295,14845353
45ffd849-1b5e-469d-9b8a-5ea7cc9d5342_ontology_28.owl_functional.owl,14916122,2704525,17620647
approximated_00468.owl_functional.owl,21789724,35960344,57750068
7102c305-adbc-4a7f-9cc7-ce5354c1b98c_cyc.xml_functional.owl,792330633,493878221,1286208854
approximated_7eb4da3b-9764-4eda-a010-ab4b286bb868_eRoleTrust.owl_functional.owl,139467967,217463436,356931403
aec045a4-676e-444e-b520-36a57ce1feba_onto.rdf_functional.owl,16688326,3371354,20059680
approximated_1ff1b1dc-c9cf-433f-86f6-4aabc8bcfc4b_latemethod.owl_functional.owl,18465022,5381583,23846605
approximated_8e9994d0-53b5-46d9-ad1b-99e04b13abb9_instrument.owl_functional.owl,23133680,10759422,33893102
approximated_7c82e7e7-6276-4d11-8465-2a923fa59c68_ology_v3.1.rdf_functional.owl,32086978,5413249,37500227
approximated_0bd66107-ce44-4047-928e-268d8eff8aa1_h_dressing.rdf_functional.owl,16691035,3948521,20639556
157b84b3-05c5-449c-8d1e-6d35baf46b0f_lgcs.rdfs_functional.owl,24845710,41481922,66327632
approximated_777b3e5c-fe89-45c3-8a1d-902701adb359_transistor.ttl_functional.owl,13206096,3741516,16947612
7501c498-0fc3-4963-9e5d-bc6bb921ff3d_pride_cv.obo_functional.owl,19600527,23496389,43096916
approximated_c855c735-eb51-4dbe-b4fb-65eff162766a_heritage.owl_functional.owl,15189613,7393594,22583207
approximated_0915e04b-b1f5-4324-99f0-786ff1529057_TRS80.ttl_functional.owl,18318537,3734371,22052908
approximated_DCHARS.owl_functional.owl,82233270,87461636,169694906
b965242b-d6db-4ade-8dbc-9aaefc18cc1c_po_import.owl_functional.owl,20822032,19868337,40690369
approximated_f9996b7d-c664-4914-b3d0-2a51dd9b8b28_COSMOtop681.owl_functional.owl,283464723,495520113,778984836
approximated_1cce70fb-0fb0-4d35-a778-e74b6039362a_Cultivator.ttl_functional.owl,16932922,3738581,20671503
approximated_0c0e567e-deb2-4b83-a400-5aea7304b8d4_Doctorate.rdf_functional.owl,15576737,3777399,19354136
c342980b-bc1d-477c-9884-4b32ac96c1a2_psims.obo_functional.owl,49673199,92168333,141841532
approximated_50c9ffca-2132-4434-afab-d4ce20cc2714_SUMOLite.owl_functional.owl,63480681,48801974,112282655
approximated_1604aad3-1238-4567-8ba2-fb36c04e0365_Classifier.owl_functional.owl,12080828,8079390,20160218
approximated_5b712a8e-cdb3-4b7e-b48e-235a007d9aae_Lenovo.rdf_functional.owl,15194274,3886911,19081185
approximated_neomark4.neomark-oral-cancer-ontology-version-4.1.owl.xml_functional.owl,19128878,17891919,37020797
approximated_d4799c9a-726e-4e62-bd24-d6265f8cf06e_rcular_saw.ttl_functional.owl,9876036,3926438,13802474
approximated_7bccc24e-ab45-4d38-be9a-91adeb0128c4_vation_v11.owl_functional.owl,14294737,5826300,20121037
approximated_8af1dc88-dc4b-45e4-91ac-30a16778e92c_lidFailure.owl_functional.owl,64691397,130017795,194709192
approximated_06720855-d478-4422-9ecd-6b5251c81822_OWLPathS.owl_functional.owl,14872256,4025913,18898169
approximated_68a9df6e-3ff0-4120-82f8-8e38b45b6f21_Schwenker.ttl_functional.owl,20961743,3841965,24803708
approximated_06ec8f23-ec49-47ae-a6b9-479d6722ea40_SnC3B8frisk.rdf_functional.owl,13676397,3987951,17664348
approximated_0d6b495c-6764-4eee-bdcc-b1589580fcda_om_divider.ttl_functional.owl,17337221,3741771,21078992
approximated_00488.owl_functional.owl,899976953,2929525105,3829502058
approximated_genomic-cds_rules.owl_functional.owl,3762628287,6830350819,10592979106
approximated_c288b46f-8821-4d07-a89e-e1dad3a85092_Instrument.owl_functional.owl,141826676,232811658,374638334
3bf7a723-62bb-46ff-9b45-cf196d6af91d_ality_edit.obo_functional.owl,160613386,93241580,253854966
95bdc821-3519-405f-884c-13ae3319b996_rtchaininv.obo_functional.owl,110883350,8670095,119553445
approximated_0655a1d4-9c76-4d81-abd7-168f79dd55a5_Landjger.ttl_functional.owl,78186116,3730207,81916323
approximated_eef9e8b9-84a4-4b53-b962-60ce32739d94_OWLFull.owl_functional.owl,22899959,7297430,30197389
approximated_6661ada3-0cc1-432e-b7f2-14da3b1d481c_uberon.owl_functional.owl,268973808,602208701,871182509
approximated_1c209f66-1cbc-432e-9a87-899b58cec461_obi.owl_functional.owl,114610802,265852350,380463152
approximated_178a2a5a-4c99-43df-8310-a3a484600901_ly_Rancher.ttl_functional.owl,13444232,4003209,17447441
approximated_c4f560e3-9d78-4e8a-be85-c21ebec4ebd4_IPR.owl_functional.owl,14085820,6350012,20435832
approximated_15e52261-c5a1-4c35-aa4c-e52bbe75ce36_netClimate.owl_functional.owl,136753329,219074274,355827603
approximated_0f3593a9-9add-449b-a08a-957ff8249c9b_gilaco.owl_functional.owl,18524302,9224358,27748660
approximated_00472.owl_functional.owl,3074690399,12971721879,16046412278
approximated_5fe13b48-2a2b-43c2-81b7-694102b5ed17_Bicycle.rdf_functional.owl,19152363,3705209,22857572
approximated_e716c47b-1af2-469f-bfde-4f4bc06dcd5b_mAstroBody.owl_functional.owl,134328094,251022075,385350169
approximated_85ec5832-ee7f-4ddc-bd9d-f5c2725cc7b5_astroStar.owl_functional.owl,49291648,69717764,119009412
approximated_561b752b-5d04-485b-9e9e-161c91b8bd4a_NLexOBOUBO.owl_functional.owl,55073241,117281338,172354579
approximated_06125746-db7a-461f-84c9-e676cd890a18__gallusMOD.obo_functional.owl,2044760220,4754919654,6799679874
approximated_5d91c1ca-967e-46cf-bf2f-46fb85087700_acteristic.owl_functional.owl,18486110,4999367,23485477
ontoma.ontology-of-alternative-medicine-french.1.owl.xml_functional.owl,23863431,19393786,43257217
approximated_1d235bfb-2df4-4b87-8290-15c149c4eb76_protontop_functional.owl,16157617,4317612,20475229
approximated_b1a2b46a-c828-4e71-a4aa-e4c80fb83241_zfasimple.obo_functional.owl,116949329,286899916,403849245
approximated_envo.environment-ontology.27.owl.xml_functional.owl,41431994,99315368,140747362
approximated_20cf01e1-6931-40f3-8ae2-dfd150033aea_logyv0.1.1.owl_functional.owl,17332718,10293124,27625842
1d730b42-a4c4-4c1d-b31a-fcab6477d8cd_actpathway.owl_functional.owl,475125199,907965339,1383090538
approximated_93b71cab-d82a-4db2-a5e1-d29ab2aaa515_spatial.owl_functional.owl,18702675,13306944,32009619
approximated_3950dfbe-70c4-46d2-a2bc-ddae82dc5f27_st_cricket.rdf_functional.owl,18484607,5617543,24102150
approximated_b862f674-9f60-4d67-b1c6-d851770a31bb_NEMO_ERP.owl_functional.owl,18141081,7778032,25919113
approximated_kb-owl-syntax-unraveled-depth-1-disjointness-triggers-constant-classes-value-classes.ofn_functional.owl,731524578,1715439432,2446964010
approximated_suicideo.suicideonto.1.owl.xml_functional.owl,20409339,17468657,37877996
approximated_kb-owl-syntax-unraveled-depth-1-triggers-constant-classes-relation-axioms-value-classes.ofn_functional.owl,459139035,1167126975,1626266010
approximated_7af16117-edbb-400b-9367-4bedd80d5887_egoryCommunity_functional.owl,22169374,4833983,27003357
approximated_7dea6e1d-3c97-4c6f-8331-f4e8cabd427d_Dolabra.ttl_functional.owl,10330158,3779464,14109622
approximated_cf6f1172-ebdd-45db-8515-fbb79740be9b_0Litev3owl.owl_functional.owl,10685421,6791180,17476601
approximated_317ee586-babb-445c-b96d-5738b4e2fb91_toff_valve.ttl_functional.owl,10687656,3885824,14573480
91f7c4be-63b5-430b-b479-f35271f362f4_it.obo.CURRENT_functional.owl,13078236,18983979,32062215
approximated_5844b967-a8bd-4f04-bdab-9d0570fb6546_ced_coffee.rdf_functional.owl,14291758,3810194,18101952
approximated_2e4b126f-2c15-4c8e-9984-6a93d4be2d02_Kunai.rdf_functional.owl,16390774,3782649,20173423
0b5efdd0-bef2-4f27-a031-8e791655a953_psims.obo_functional.owl,58108652,145001179,203109831
approximated_f34f57f4-b3d0-459c-8012-31df155d057a_gy_engineering_functional.owl,10243373,3082229,13325602
approximated_5bc62186-e4e8-4513-a4cd-2cbb3b5f3b32_ecomEntity.owl_functional.owl,11330328,5163757,16494085
approximated_125170f2-d6fd-49e6-b572-c5132bb616ab_ole_digger.ttl_functional.owl,10993874,3780673,14774547
approximated_03e7478a-1ce2-48b3-936b-8ed98901f5b2_biotopcore.owl_functional.owl,12920365,18984652,31905017
approximated_07950c24-0549-4376-a098-8e1102f9fa47_Statistics.owl_functional.owl,147453055,261661103,409114158
approximated_074464ff-b331-4a4c-93eb-bd39463e2b3b_map_CLEMAPA.owl_functional.owl,253747289,690038249,943785538
approximated_kb-owl-syntax-unraveled-depth-2-relation-axioms.ofn_functional.owl,400340584,1007228228,1407568812
0e07c427-d82e-4fab-a4c4-c66dcff9bea2_to_anatomy.obo_functional.owl,75356181,150857620,226213801
approximated_06d05491-f515-43b2-bfcb-17f0127017c1_IP_camera.ttl_functional.owl,16735202,3869154,20604356
e08840ce-9b69-4ab8-83df-d775c985701c_SUMO.owl_functional.owl,127942329,140329916,268272245
approximated_8c4d8437-9c0e-46ac-ba21-4298a1e19972_p.obo.PREVIOUS_functional.owl,240690371,552848472,793538843
approximated_0cc8f9f6-a79e-4f9a-bf19-c82abb22119b_ESG_test_3.owl_functional.owl,73415908,5548826,78964734
approximated_0166625a-79da-4c0b-b81e-f4def34514b0_edia_3.5.1.owl_functional.owl,120517830,63404865,183922695
approximated_11607552-21d7-4b4c-a134-ecdc8c344b58_Folar.rdf_functional.owl,89886575,3745159,93631734
approximated_c0411cda-9628-4e34-8e80-16bfe0ba26ef_sampleds.owl_functional.owl,12326182,4605183,16931365
approximated_ca54de57-8d28-4357-ab77-c6b0bca32460_natomy_xp.owl2_functional.owl,461015928,740464539,1201480467
b7925e15-27e0-46f4-b422-2ce385f9a436_ulusentrez.owl_functional.owl,802809123,615673178,1418482301
approximated_kb-owl-syntax-unraveled-depth-4-km-relevant-cardinalities-disjointness-relation-axioms.ofn_functional.owl,594321075,1398562741,1992883816
approximated_4d1f59b4-f507-4518-9eb1-04ed41b56c08_.dlhomes.owl_functional.owl,31734955,7404563,39139518
approximated_8ef191be-4538-42b3-ba19-1c9be9492c59_realmGeol.owl_functional.owl,132677622,214976578,347654200
approximated_kb-owl-syntax-unraveled-depth-3-cardinalities-disjointness.ofn_functional.owl,634973362,1466673714,2101647076
197238bf-04f0-4d6f-b053-2787e5b5492a_y.obo.PREVIOUS_functional.owl,18771345,30548416,49319761
approximated_0452f0eb-374b-4b53-aa1c-32ad595933d7_noturbella.rdf_functional.owl,10968441,4103798,15072239
8c97aa04-c027-4119-bf3d-a0d0f13211c4_KategorieBrust_functional.owl,15323610,732704,16056314
approximated_374fc6ee-44dd-486e-b0ca-12dbd76a705d_ic_sanddab.rdf_functional.owl,16219419,3739047,19958466
approximated_00383.owl_functional.owl,1393771072,4091026256,5484797328
approximated_51a99c70-a982-4515-8ee7-1c6f9187e8a8_food.owl_functional.owl,19299325,3733047,23032372
approximated_8050c34e-98fa-409a-9027-0cda86e70b57_taosimple.owl_functional.owl,93763074,208713605,302476679
approximated_hino.human-interaction-network-ontology.5.owl.xml_functional.owl,3295539641,9927417440,13222957081
approximated_187f0d06-043e-4d8a-82a7-f5a2d020ec79_pmbok4.owl_functional.owl,55052683,79800478,134853161
approximated_00674.owl_functional.owl,48722562,116391296,165113858
98344088-a968-40ac-b0ff-bb0acebee4b7_pathway.owl2_functional.owl,25821845,49385073,75206918
approximated_kb-owl-syntax-coreference-IDs-km-relevant-cardinalities-constant-classes-value-classes.ofn_functional.owl,713052493,1674431193,2387483686
47d90165-631c-4248-a984-3a28830f5073_protlabels.owl_functional.owl,59341545,150079391,209420936
approximated_b637fd6f-6845-4a14-b57b-bce27c8784c8_quanTime.owl_functional.owl,128060817,216927243,344988060
approximated_74e34afb-d86a-45bd-a0c8-cd32808d666c_Ladder.ttl_functional.owl,11666443,4015869,15682312
5a91f92a-1c6b-4253-bb0d-43606ccd2b2c_Road.owl_functional.owl,17212971,2288600,19501571
approximated_6f0fe24e-97bc-4dec-8a91-178e82a373d6_matrPlant.owl_functional.owl,134077826,223671759,357749585
approximated_01a277b7-b086-4048-86c3-fea10ddfaf25_esc.owl_functional.owl,182932960,11949106,194882066
approximated_4135285b-738c-4a37-b77a-52db98a448bb_Air_blaster.ttl_functional.owl,78661095,4092956,82754051
approximated_ccf91190-f5a0-491a-9113-0b3e607ec6ea_PaulFisher.rdf_functional.owl,49492642,5417127,54909769
a853f4f3-d051-4cdf-b588-1a83aeca0acb_s_xp_self.owl2_functional.owl,64267225,25791011,90058236
approximated_c5a5ae0f-18d0-422f-9819-927a046b1ad5_ENLmodel.owl_functional.owl,17011037,3136676,20147713
approximated_4c545d16-4347-40e5-b054-f181c7b7c9d4_e_spreader.rdf_functional.owl,9975555,3748467,13724022
approximated_20a5ea94-c542-4d59-95e1-b6aca01289f2_bejna.rdf_functional.owl,13410246,3852273,17262519
approximated_c3ace09a-6819-49c2-aefc-4888eb9beb2b_Autos.owl_functional.owl,28590840,11036521,39627361
approximated_23357ef6-7441-44fc-a637-f5e6ac3f3f89_lsi_cheese.rdf_functional.owl,12629879,4281731,16911610
approximated_22886788-061b-45d4-ad4c-b757c2ad7d81_Perry.rdf_functional.owl,10265357,3806714,14072071
approximated_35fb5010-b0f6-42a5-9305-d1b6baa0a707_e_Rathgore.ttl_functional.owl,10740129,3797174,14537303
1ab70d12-c7fc-4fb6-a8da-45224d349bca_onto.rdf_functional.owl,16559404,3394065,19953469
d04bc379-6c2d-44e1-8dcf-37c1bd603d00_fypo.owl_functional.owl,506912694,881428491,1388341185
approximated_79115278-1b41-44f6-92de-beae523fb210_NIFOrganism.owl_functional.owl,47461815,42350270,89812085
c7f1a3bd-6b19-4ddc-a177-28ead5f6ad3d_rieUnpublished_functional.owl,9835591,746861,10582452
approximated_327d9610-ae2f-447b-85b4-bd69edd82d49_alie_bread.ttl_functional.owl,11128462,3735480,14863942
approximated_0b33c9d0-245c-4854-9393-4288353ff52e_Anchovy.ttl_functional.owl,9140534,4501286,13641820
approximated_d7f1f8db-ae09-4157-b45e-4ce98a1af067_dworkflows.owl_functional.owl,21818722,6362410,28181132
approximated_sdo.sleep-domain-ontology.3.owl.xml_functional.owl,64897026,137152029,202049055
approximated_964325ce-18c4-4277-a100-6fe02e9a0d14_esmeta_1.2.owl_functional.owl,28806190,41508679,70314869
approximated_3dd944dd-c768-4b48-b583-4f85866e1a6b_gansmerged.owl_functional.owl,5750142281,1903913138,7654055419
approximated_9fe3b5e3-484f-409f-a9c1-64c0c9979b7a_matrEnergy.owl_functional.owl,258441206,234556444,492997650
approximated_24617762-d541-4a30-97a1-c4d7fae41069_Wetsuit.ttl_functional.owl,110487298,3839312,114326610
approximated_88f737c1-1d19-4542-b652-3342805ebf50_ero.owl_functional.owl,95917409,245258819,341176228
approximated_kb-owl-syntax-coreference-IDs-disjointness.ofn_functional.owl,1308550431,2245809376,3554359807
approximated_0d2d631b-5908-4309-8069-e78c1568295c_people.owl_functional.owl,13457918,4085469,17543387
approximated_cadb9542-063f-4eef-bd5c-3c3389a0dc01_dbpedia_3.4.owl_functional.owl,84279321,119379822,203659143
chebi.chemical-entities-of-biological-interest-ontology.82.owl.xml_functional.owl,3512953771,6827814219,10340767990
approximated_6503c015-6685-494c-a198-65c9cd02717f_nas_cheese.rdf_functional.owl,48667248,3847801,52515049
approximated_892df542-6b84-4543-89b4-647eff79ef86_ryOrganization_functional.owl,14581417,1919914,16501331
approximated_gfo-bio.general-formal-ontology-for-biology.1.owl.xml_functional.owl,13671221,16638543,30309764
approximated_00017.owl_functional.owl,30069200,22129994,52199194
approximated_2db8b409-710c-41b3-8a36-963e889d901b_nsfer_unit.ttl_functional.owl,11962615,3794236,15756851
914b19db-9f30-43ea-a622-1a8413082774_le_biology.owl_functional.owl,17589115,23960840,41549955
661f5c50-8690-4175-8293-19e2f18446e7_ecomerged.owl_functional.owl,23500939,14982066,38483005
approximated_ca55f25f-2b80-4b5c-bae8-db7207517ae7_StrongARM.rdf_functional.owl,15422998,3947975,19370973
6d2d3293-5d88-4568-909f-bd7dd0b303d3_Award.owl_functional.owl,21458918,2392721,23851639
approximated_4238d49e-518f-4074-a1ec-91f997db56e1_Didgeridoo.rdf_functional.owl,17101296,3942106,21043402
approximated_00020.owl_functional.owl,29777672,26368347,56146019
approximated_0755d8e7-ccc9-44d2-bc9f-e4999c4c3fd6_Crowdie.rdf_functional.owl,9845766,4006628,13852394
approximated_2c8248e1-f2ab-4fcd-9d64-c8f7b2292a2a_Seismometer.ttl_functional.owl,15541775,4136654,19678429
530f80c8-cdfb-47c1-a1be-1a2d0abee680_nnotations.owl_functional.owl,35307913748,32081268911,67389182659
approximated_534f19d0-08a1-4495-bc63-86fb09392ae1_VoIP_phone.ttl_functional.owl,118207220,3812781,122020001
approximated_00562.owl_functional.owl,25987336,38899158,64886494
approximated_5e8e66b7-8213-4fa7-9260-02afccee3b04_tePhysical.owl_functional.owl,220584330,255294542,475878872
approximated_da361508-7250-43ae-a80b-1f5a63104aa5_Egg_wash.rdf_functional.owl,13012242,3931540,16943782
approximated_ogdi.ontology-for-genetic-disease-investigations.3.owl.xml_functional.owl,39739868,29181058,68920926
dbd8425a-6fc1-4d71-86e6-f63df9512381_sculustype.owl_functional.owl,804583215,1949567349,2754150564
approximated_7bf9f5b0-ee0d-4587-af7c-dfcd9d97341f_ticnetwork.owl_functional.owl,12824830,7444453,20269283
approximated_08700ca3-c320-431d-9539-6f017f2615f0_tigerlink.rdf_functional.owl,36728378,65344161,102072539
approximated_6ee47539-dd74-44a8-a876-53d95a7ca57d_trust2codo.owl_functional.owl,23564161,17127886,40692047
approximated_8aa1f8f0-b37d-443a-a8a7-79a0345bcf51_bpmn.owl_functional.owl,14182378,6633406,20815784
approximated_bd39a481-618f-4615-9b58-d2b6052f7de4_gistration.owl_functional.owl,19205232,5092517,24297749
approximated_0be6e094-35da-4097-a6e8-6d500cccb5d1_rret_lathe.ttl_functional.owl,14020522,4011520,18032042
32a9dfb3-7b19-4e74-81bb-122828d6980f_instrument.owl_functional.owl,26891609,43651204,70542813
approximated_e416edfe-5645-4c82-b6d1-aeddfa610fd3_rmodynamic.owl_functional.owl,136689543,215261316,351950859
e3fc5540-c436-4e5e-8865-3ae0795837f2_usequivmod.owl_functional.owl,664416658,537408756,1201825414
approximated_85e91f54-4322-4b9e-9c3c-0584e7f9aee1_codtools.owl_functional.owl,13956094,8821632,22777726
82c16c8f-33a6-4a2e-9134-27633fa79727_icalArtist.owl_functional.owl,10936924,1094731,12031655
approximated_19d5a281-6a6f-4e2a-a384-9e077831799d_drelations.owl_functional.owl,13963904,3836361,17800265
approximated_18850644-67d9-45b8-8676-80c0bcde9bac_qudt.owl_functional.owl,16951093,11129863,28080956
approximated_501137ad-3b3a-449a-8421-1d15c9f08fc4_e_test_car.ttl_functional.owl,16775705,3948693,20724398
approximated_c887daff-8b30-4653-bd00-50276c35f35c_relontomx.owl_functional.owl,14307149,8384922,22692071
ato.amphibian-taxonomy-ontology.2.owl.xml_functional.owl,297166526,594785693,891952219
approximated_45fe7d04-848d-459a-9686-608f7d9a09a8_OMRSE_functional.owl,22577464,7957296,30534760
approximated_0ef5a082-0ebd-42ee-a7ff-e1ae3e2094e3_vaccine.owl_functional.owl,223762930,573066792,796829722
approximated_06c02df2-a91d-48a6-ac25-24f8f490c44f_codolight.owl_functional.owl,20951120,16081340,37032460
b2ba4ee2-0c8b-4362-9044-756640c3288c_SkiArea.owl_functional.owl,13958683,1052853,15011536
approximated_f3ded3b4-bd3f-4970-9943-3f1bb6a39adf_onto.rdf_functional.owl,13238986,4989194,18228180
fc72e51b-9051-4208-a904-86a785f15dd1_eKrankheiten_D_functional.owl,14799539,843980,15643519
approximated_sao.subcellular-anatomy-ontology.1.owl.xml_functional.owl,26846442,50275790,77122232
approximated_229e085a-35af-4e7c-b9ed-e02a45af5099_COSMOr585.owl_functional.owl,207205043,349278906,556483949
approximated_296bfc72-2998-420f-a258-157b234e63f5_chemAcidity.owl_functional.owl,70762077,127626145,198388222
approximated_077bfedc-cae7-4647-9a95-08c8a449e781_r_detector.rdf_functional.owl,10288561,4204010,14492571
approximated_76ba7ae5-c714-4dd7-b60a-bd03d684dc71_Situation3.owl_functional.owl,13221378,4795027,18016405
approximated_549339e0-58ec-4cc6-b5dd-f26daf3280a0_Big_Hunk.rdf_functional.owl,4697720,3961801,8659521
59c70386-4f50-4cbf-b878-789752b64a32_y.obo.PREVIOUS_functional.owl,92218501,202697260,294915761
approximated_c88f69c1-5230-4637-a2fe-d478b7183f8b_s_pombeMOD.obo_functional.owl,850359845,1952389830,2802749675
approximated_77bee893-3fad-4727-ad08-6d78adc33e07_Liqueur.rdf_functional.owl,17395259,3861493,21256752
approximated_00497.owl_functional.owl,237088529,528054759,765143288
approximated_6b939a8e-b8c3-4da3-92a9-a3b4552cb9a7_physGravity.owl_functional.owl,28626023,38469808,67095831
approximated_5bda015b-8db9-46a2-b177-4fc34436a259_c_cylinder.ttl_functional.owl,15011214,3882968,18894182
approximated_92909328-10ac-443a-a51d-2cf5a7e7c7e8_partimenti.owl_functional.owl,17602567,8997813,26600380
approximated_d30ce37e-c0ba-4596-9652-5c34dd2d9a95_onto.rdf_functional.owl,17746559,5431356,23177915
approximated_87538db5-47d2-4273-a59b-ff1205faca1c_figure5.owl_functional.owl,22350664,18815566,41166230
approximated_73b7d9ea-c8ee-4951-ba0d-da23a2c33bb9_IAO.owl_functional.owl,14726113,6908563,21634676
approximated_6e16c559-666e-44f0-879c-555b53f02b0b_ciFunction.owl_functional.owl,146018836,215493125,361511961
bef56442-09e0-4ed6-bb3b-4930f49453a3_Mollusca.owl_functional.owl,13366258,1332490,14698748
approximated_80d6299f-77a9-4640-94b7-dab503cfb0be_po_anatomy.owl_functional.owl,39179640,67340273,106519913
approximated_02e44f52-c4ca-4e19-8719-5da95de47519_Rope.ttl_functional.owl,6469983,3731393,10201376
4cac69cd-31cc-49ae-9fcc-440bed12a52d_KategorieGiftig_functional.owl,12710419,823022,13533441
approximated_52a7d595-f6fa-4490-b3e8-ba3f3a94d47f_eryContext.owl_functional.owl,18213785,10295070,28508855
approximated_00348.owl_functional.owl,10138124,5821209,15959333
cafebca9-cd6f-4dfb-a03b-cbd36bcf70fe_ology_v1.2.rdf_functional.owl,45173398,8558157,53731555
50006c8a-cc47-4baf-8cb6-a309fdb6a1cb_culuschrom.owl_functional.owl,21454616,10240395,31695011
b9ab031b-9103-4e43-b8d1-61a3c9268552__phenotype.obo_functional.owl,155007752,472367757,627375509
approximated_b514d1fe-29f8-416c-a2dc-b400b39f014a_Dinner.ttl_functional.owl,16740161,3786583,20526744
approximated_d4e3a00a-494b-4f7b-8c63-7eacf1f27263_Functional.owl_functional.owl,10809532,5759119,16568651
approximated_0d4cd993-db43-4a54-8410-a21809321e08_Lanark_Blue.ttl_functional.owl,10505472,3859184,14364656
approximated_028b497d-05e5-4726-9ddb-13b48976c180_food.rdf_functional.owl,28524432,17361561,45885993
approximated_e4f4010d-c6a2-4fbb-b76d-3b75f3f0ba00_all.rdf_functional.owl,13499374,3790391,17289765
approximated_d05558a4-a66e-41b9-9442-7c2793be8f5b_cedar.owl_functional.owl,47092019,24533699,71625718
approximated_66365b50-b8e1-4f9b-817e-43317e586d95_cmmi_inst15.owl_functional.owl,16725238,12660831,29386069
5ddf3fcb-55c0-4830-a8bf-5d4065d082be_wbbtmerged.obo_functional.owl,310197476,708145584,1018343060
approximated_219bcfbb-bfa2-4084-a4f7-0e0ab0c8372b_reGradient.owl_functional.owl,162754357,222509730,385264087
approximated_00597.owl_functional.owl,58201227,144879343,203080570
approximated_66f319c4-9c54-4d3e-906c-d7eb3123f4f5_k_printing.rdf_functional.owl,14209122,3794991,18004113
approximated_11d89450-eabb-4a4c-9992-4b6a6a95aa26_ationNoInd.owl_functional.owl,17426669,6155309,23581978
approximated_04b51bd7-a951-42b5-be77-8bce9b428ac1_SAO.owl_functional.owl,26563456,44994867,71558323
approximated_bfbf8119-a013-4282-8d8e-4d7f86d4cdb1_o.owl.PREVIOUS_functional.owl,20618243,38593801,59212044
07e9ab44-2a8a-4515-8de8-db2dd70302d8_go.obo.CURRENT_functional.owl,37989423,10190940,48180363
approximated_00536.owl_functional.owl,805232356,2414760609,3219992965
approximated_debdcdb3-95d8-425d-9ca2-f640741aed5f_bokqueries.owl_functional.owl,54243944,92389958,146633902
approximated_75f3ae30-b35f-4007-8d43-e3ae19cb6a77_lmLandform.owl_functional.owl,145468533,220461102,365929635
approximated_5bf69d0a-da6f-47ce-8829-b7dc07082d48_Zara_spook.ttl_functional.owl,14741885,3867585,18609470
approximated_27ed8ac0-cb8b-4bca-8a07-130144ee5adb_onstituent.owl_functional.owl,127727821,216179679,343907500
approximated_6a275e02-919b-40c3-9442-148970d32799_chemistryv1.owl_functional.owl,14089813,7636430,21726243
5ae65184-e285-42a3-93ba-def9d8c074c6_tionBridge.owl_functional.owl,19428616,11223568,30652184
approximated_75f739f8-18ab-48d9-976c-1c348b420058_lpdeskOnto.owl_functional.owl,24003042,18436067,42439109
078c8a5e-888d-43f8-974c-07fa5824676d_FBbt.obo_functional.owl,421895911,1041310241,1463206152
approximated_132a25be-f8f0-4bfe-8efa-0e65ab3259e1_Batten.ttl_functional.owl,38100624,3778762,41879386
approximated_78b82cdd-99e9-47d9-a4b2-f5de8e67bcc1_phenRecycle.owl_functional.owl,133130217,217840841,350971058
approximated_6993151e-6867-4558-ad48-301e79c51847_muneSyntax.owl_functional.owl,14293995,12013596,26307591
approximated_f7d8b613-d4de-4b98-8a5f-b1a957eea355_biotopcore.owl_functional.owl,17459667,19936194,37395861
approximated_OLD_fhkb.owl_functional.owl,751407348,75057061,826464409
approximated_c00c5b93-2350-4c59-a04c-637fd0634201_EnergyFlux.owl_functional.owl,144483207,214356518,358839725
approximated_1ba80777-0ea3-4628-97f8-fd2448923418_Scratch_awl.ttl_functional.owl,13913518,4073252,17986770
approximated_1401cfd8-b741-4913-a834-dc144bb61d99_ure_washer.rdf_functional.owl,15075128,3836865,18911993
approximated_00243.owl_functional.owl,40162807,8867078,49029885
approximated_38359aff-c44f-40d2-9a26-c3633691bcfc_itude_gate.ttl_functional.owl,11480585,3912983,15393568
approximated_e2b121c3-b59f-45d2-8e44-ced60f084a8d_mAstroStar.owl_functional.owl,142655856,255627031,398282887
approximated_d3bbc7f2-a6cc-4733-9246-05342d2c1002_ativeocean.owl_functional.owl,19236085,8472389,27708474
e4cd41e7-b714-4a56-8213-ae55bf1f9885_rminology.owl2_functional.owl,22244074,28035092,50279166
d4aa6ab9-bfb4-4e8e-bd5f-f49820209748_aeo.owl_functional.owl,17118143,18766673,35884816
approximated_4d981026-224e-4d14-b5a3-9f70b8482d1c_Carabiner.ttl_functional.owl,15714457,4067414,19781871
approximated_e33043eb-5bf2-4bb4-b811-b8527ad084d6_intact.owl_functional.owl,23403077,5847471,29250548
approximated_e0f117c2-6b6e-49b7-aa9d-1e3258473eb2_xchemical.owl_functional.owl,308539442,725610729,1034150171
948f29f1-d3ac-4d73-ba09-106a9750af99_tagenomics.obo_functional.owl,9216090,9304096,18520186
approximated_6cb479d4-f4d1-4068-b5a0-ba70be82e009_pdes.owl_functional.owl,11116239,6389448,17505687
approximated_c75294d8-3b15-47c0-a511-032915e97e8d_antic_free.rdf_functional.owl,16472821,3652773,20125594
approximated_f97c8359-2567-420a-bba2-6428f98c5d77_roo_120131.owl_functional.owl,25814144,28744702,54558846
approximated_5caaee29-77a5-413f-9667-ed986e8de413_ing_boiler.ttl_functional.owl,11211203,3721612,14932815
approximated_bbbe5073-35c0-4dd2-b6d8-9141580d957b_200602137.owl_functional.owl,188560090,385612096,574172186
approximated_e82977a6-5338-4a22-b433-10495a8ee286_matrIon.owl_functional.owl,140758286,252331970,393090256
3df911fc-e169-4df0-93a7-80b558690805_gosimple.obo_functional.owl,1500544443,4572084085,6072628528
approximated_12f10742-6886-4cf0-82c5-1185f6dd2fd7_Landscaping.ttl_functional.owl,16863783,3756009,20619792
approximated_ntdo.neglected-tropical-disease-ontology.1.owl.xml_functional.owl,20939032,12056175,32995207
approximated_2711fb6f-d04a-472e-9945-178fa5686496_erOntology.owl_functional.owl,14240589,10074493,24315082
approximated_9b651940-0337-47f0-9822-3ad32c708cd9_lexicon.owl_functional.owl,26057771,13121558,39179329
approximated_e5aee397-3bf5-414e-b06c-a9fe26ff06a5_mo_sapiens.obo_functional.owl,6571299204,14014082804,20585382008
ff5266b2-48fe-454e-8336-6ae2b6971c08_inc.rdfxml.owl_functional.owl,27478221,24567398,52045619
approximated_16d73539-0658-4881-83f4-bcc769b778ab_GO.owl_functional.owl,733179299,2338431686,3071610985
approximated_25e9a935-f69b-4b9e-bcfe-be9b2c31de87_aca_cheese.rdf_functional.owl,10390874,4397718,14788592
approximated_196c959d-2d8d-4f47-8829-b058b8566d62_NIFQuality.owl_functional.owl,334856115,687155211,1022011326
approximated_07bcc4b2-da57-4a61-8581-49c307036077_Frappuccino.rdf_functional.owl,124808040,3770168,128578208
approximated_4c3a56fb-e965-4fb6-bfe3-4250dcd7bcd0_management.rdf_functional.owl,16141422,3769900,19911322
approximated_206910c8-9e9f-443d-a3dd-700abec07633_ontoutf8.rdf_functional.owl,20926152,5128968,26055120
503370fa-5000-40af-992f-df05e035de31_ishRoyalty.owl_functional.owl,144242485,667306,144909791
approximated_1500ec67-68ae-4fac-8a37-5a099fc9ccf5_no_imports.owl_functional.owl,197437841,7771020,205208861
approximated_518f60a3-f92f-43e1-9539-fb70443cad8e_rod_tapers.rdf_functional.owl,99636836,8757400,108394236
approximated_a34892c5-a900-45ed-be1e-fc100b1bac30_VAST2009UNA.owl_functional.owl,1310002044,79829428,1389831472
approximated_kb-owl-syntax-unraveled-depth-0-km-relevant-cardinalities-disjointness-triggers-relation-axioms.ofn_functional.owl,425841594,844762094,1270603688
approximated_50a5297c-5725-411c-a1a9-37f1053f2fd5_her_duster.ttl_functional.owl,18943314,3954998,22898312
fd6cd100-6a8c-44bf-a199-bba4e9988890_Protein.owl_functional.owl,13185021,791860,13976881
approximated_72c4196c-140c-4648-be13-363c13052a04_pdatamodel.owl_functional.owl,17727943,2885323,20613266
approximated_6229f4b0-ec5f-4f65-b61e-0d6428a1fbc4_Campsite.ttl_functional.owl,13488984,3928338,17417322
approximated_f716fb06-60dd-4d6f-8406-b2e98f123a60_FN1.45.owl_functional.owl,28314543,8071021,36385564
581bec72-4cc1-47ce-b351-47c1374f794f_Saint.owl_functional.owl,20330466,1878374,22208840
approximated_3832b79d-3b65-4f6f-a5e3-4a13a83b7857_ing_shears.rdf_functional.owl,14976686,3684118,18660804
ad2331a0-2bda-4e15-96ca-61a3e2442e55_classified.owl_functional.owl,67475760,172805600,240281360
d1a8a37c-0f2d-4069-a6e8-dfd39b1a0968_classified.owl_functional.owl,86916121,272391481,359307602
approximated_863b49e5-b79b-412b-9c8b-b50909efff0f_ing_cheese.ttl_functional.owl,13610613,3885665,17496278
approximated_19ed706b-5329-4a22-a92a-39e955c401da_ca_Kosteli.ttl_functional.owl,14896062,3857698,18753760
96978e77-9030-4f9c-84ce-c63a7cb34225__pombetype.owl_functional.owl,146793316,372584800,519378116
approximated_1315c56e-e731-4516-a177-aac3f4e41e75_ontopic_v15.owl_functional.owl,27507231,24136592,51643823
approximated_0a458c00-cbdb-4193-8efe-b0bed8fdd5fa_ulic_press.rdf_functional.owl,13638588,3875890,17514478
approximated_ff7db7f4-2561-452d-8d8b-aa8d3da6e6f8_stateRole.owl_functional.owl,134389193,217653137,352042330
771800ff-fc77-49fe-b020-27a2bbd93118_posimple.owl_functional.owl,60240963,146117361,206358324
approximated_5bf2878f-0c7c-403c-ad60-814f8cafc1c4_Amiga_1000.rdf_functional.owl,14427324,3769035,18196359
approximated_c699a583-c2ee-465e-9be7-96bd167e8249_crime.owl_functional.owl,42128919,13017383,55146302
approximated_c0556ee0-f598-4bcd-9599-913c9a517b1e_bspo.obo_functional.owl,20946181,17826491,38772672
approximated_7a787ff8-1fe2-4f4b-bddd-4b26cfe136c5__dblp_foaf.owl_functional.owl,14284587,5590923,19875510
approximated_4ca0feb5-39ca-460e-94f1-fa83dff3f57f_to.owl_functional.owl,35118601,73487150,108605751
approximated_854d174e-d84a-4477-b3ca-c140762933f9_httpheaders.rdf_functional.owl,12452404,1409025,13861429
26790474-2bd5-45a8-85e5-0377bd4a6dfa_alisentrez.owl_functional.owl,509430104,387723405,897153509
approximated_bddfd841-92ee-402e-8748-6d7f11a110bc_reprTime.owl_functional.owl,135274524,222442754,357717278
976e894e-7251-4bc3-904f-b0d2ae78538a_rveranstaltung_functional.owl,9576622,1061254,10637876
approximated_7aa3a361-7507-425e-bde8-f638f7cf408c_Sop.ttl_functional.owl,14448744,4598491,19047235
approximated_kb-owl-syntax-unraveled-depth-1-triggers-constant-classes-value-nominals.ofn_functional.owl,448507267,1116046511,1564553778
b18e3c55-dcb8-4c05-8890-f68d092fbaa9_se_anatomy.obo_functional.owl,123208392,215310116,338518508
approximated_539d4c6e-b3b8-43f4-a356-96696049cfb4_onto.rdf_functional.owl,16061796,5618242,21680038
approximated_b4f7ca19-7709-4047-a12d-de952963de90_al_process.owl_functional.owl,578495889,1809829956,2388325845
approximated_bd11d664-5f7d-4b58-b0b6-020388fd37c4_bcncongress.rdf_functional.owl,85955252,25505116,111460368
approximated_c19e9dd0-d7d2-4201-8f54-fabe580094a2_classified.owl_functional.owl,8413321066,14574750520,22988071586
approximated_4671bc70-e4cb-41b3-9bbe-4d82ecbd2210_onto.rdf_functional.owl,14140777,5045744,19186521
approximated_efc9f05a-9952-4145-906a-fe3b7747d61b_quanSpace.owl_functional.owl,140374051,218820528,359194579
e8295f2b-c561-4670-b961-db663b69a4c2_nnotations.owl_functional.owl,34786045150,29588418553,64374463703
approximated_707ec5b1-2564-40b2-8637-b204c3142ad1_andFluvial.owl_functional.owl,144820491,252009237,396829728
9c3e6961-f19c-4ce2-ac4f-a3f6573a8c91_fbbtsimple.obo_functional.owl,495240281,1336908485,1832148766
cfa28b5f-0dcc-42d9-ae7d-9f79bb3bd48d_t_anatomy.owl2_functional.owl,20741255,3543831,24285086
approximated_a51eea4a-0e01-4f39-ab51-46e9e7e12f83_classified.obo_functional.owl,241823947,565301215,807125162
approximated_9323a963-e957-40e7-938d-211ca0fd1cbd_logsna2codo.owl_functional.owl,20654208,17359112,38013320
approximated_00537.owl_functional.owl,1134834065,3534146666,4668980731
approximated_0275803e-43a8-4889-90db-a4d02a453541_epublic1.2.owl_functional.owl,59906038,22103679,82009717
approximated_kb-owl-syntax-unraveled-depth-0-cardinalities-disjointness-triggers-constant-classes-value-nominals.ofn_functional.owl,417379420,925099676,1342479096
approximated_0bbea70a-4a80-4d8e-8f13-174f40a20915_EnzyO.owl_functional.owl,204200954,457891046,662092000
approximated_82efe03e-e1fd-4e44-aea2-9624241c2cc3_dibert.rdf_functional.owl,11846957,3324145,15171102
approximated_kb-owl-syntax-unraveled-depth-2-cardinalities-disjointness-constant-classes-relation-axioms-value-nominals.ofn_functional.owl,731412813,1682642503,2414055316
approximated_3cb81d2d-e323-4419-98b3-a918919c96d6_Brathering.ttl_functional.owl,14764910,3969499,18734409
approximated_4b914d8c-db0d-458e-820b-40948ca12e12_connexor.owl_functional.owl,12271039,3659905,15930944
3921ed64-a861-4a7d-8198-9ad7e8d4daab_b.obo.PREVIOUS_functional.owl,20382629,32570674,52953303
approximated_0d4534a6-6e56-4e68-bbfa-cb0ef246fa52_universita.owl_functional.owl,13009253,7691576,20700829
f07ff4e6-e178-4ad2-8f96-f524452ed26f_mdplatform.owl_functional.owl,18498057,20948050,39446107
approximated_5a8117b0-41ba-44a3-9dbf-de8d6df86616_Pitot_tube.ttl_functional.owl,11936474,4464089,16400563
approximated_0512b2c1-665d-4a72-8f15-adcdd60ddfc7_Tiger_bread.rdf_functional.owl,12049219,3845497,15894716
078c7631-2408-417a-97da-4de176307c68_n_xp_chebi.obo_functional.owl,385884020,163379966,549263986
approximated_0bafde4f-41db-4a7b-bc12-1ef8039f16ff_NIFBACKEND.owl_functional.owl,61136835,121129118,182265953
approximated_00478.owl_functional.owl,25944629,47106576,73051205
approximated_329c52b4-b3c9-4098-8609-ed05ccd5ac95_Bandsaw.ttl_functional.owl,33468293,3983512,37451805
approximated_3755a349-2eff-40a3-8cec-59bd5cebcc00_facecustom.owl_functional.owl,74448724,36042291,110491015
approximated_869086c2-97e8-40c3-aff0-182ac681b75a_eeping_bag.ttl_functional.owl,20089715,7898510,27988225
approximated_kb-owl-syntax-unraveled-depth-3-disjointness.ofn_functional.owl,614245057,1409137757,2023382814
approximated_fc843f79-a493-478a-b9e4-5a078e4737cd_EGFR1.owl_functional.owl,197252539,27777505,225030044
approximated_c8badd1e-b860-4517-a951-b4dd6dc42d5d_anCapacity.owl_functional.owl,136607936,216448044,353055980
approximated_c1e3310a-ff5d-43fa-bf3c-4ae4353de98b_ityClasses.owl_functional.owl,16216602,12134442,28351044
approximated_5fe247b2-0de3-4d7f-bbd8-33ad34b56a34_Chhena.rdf_functional.owl,15140870,3907396,19048266
approximated_528c3790-5efc-4ffd-aed3-88b7280e534c_PaulFisher.rdf_functional.owl,12353148,3803401,16156549
approximated_00879216-3040-49ef-b5b5-7e4d287be376_cusensembl.obo_functional.owl,3340987576,7764122523,11105110099
approximated_2346df22-8fe2-440d-a015-9f28386c929a_a_provider.rdf_functional.owl,14949230,3861711,18810941
00053.owl_functional.owl,48776638,8695324,57471962
approximated_00506.owl_functional.owl,70587737,37216660,107804397
tron.tribolium-ontology.2.owl.xml_functional.owl,46791835,101657353,148449188
approximated_630fa2a3-0b5d-4c50-830f-b580c9e1f81c_Hand_fan.rdf_functional.owl,15644906,3924694,19569600
approximated_d35d4638-ea2f-4601-9888-3273fef2a6be_esg.owl_functional.owl,11228645,9031853,20260498
approximated_3f032306-ec78-4a94-a39c-311a09d635d5_Head_cheese.ttl_functional.owl,9569399,3856750,13426149
approximated_41dd6d42-2893-4159-ba39-40a01d17aa17_Sky_Bar.ttl_functional.owl,15383312,3859473,19242785
approximated_34c4b644-061b-444d-938d-2ddb04fda828_Edger.rdf_functional.owl,12238011,3792366,16030377
approximated_965fb1e8-0946-493c-8c2b-7030ac27cbe0_ow_limiter.ttl_functional.owl,11065541,3816005,14881546
approximated_61505041-7d74-4a3d-8766-28ac63d86838_thes_dryer.rdf_functional.owl,9933068,3724179,13657247
c73d0cdf-0795-4458-b04c-96b9f17ed178_flow.owl_functional.owl,14937166,6428791,21365957
7a76d06e-6d2d-47dc-b5bc-9a1335dad695_FRBR1.0.1.rdfs_functional.owl,17416504,3040787,20457291
approximated_5a1daccb-1d97-4e57-bd55-fe2d2fa480c2_EnergyFlux.owl_functional.owl,132181591,220833864,353015455
approximated_kb-owl-syntax-unraveled-depth-2-disjointness-triggers-relation-axioms.ofn_functional.owl,647282682,1514749548,2162032230
approximated_150e29bf-c9aa-41c2-95cd-798cc9b1272a_TF.owl_functional.owl,51552007,6001915,57553922
4c01c467-3ccc-47c6-bc4f-1fdb5afbf988_luspanther.owl_functional.owl,317315808,817786375,1135102183
approximated_eedb206b-339c-473d-bd73-12b3005d58db_iaomain.owl_functional.owl,13668377,9405416,23073793
29ec7b48-01e8-4d7a-8ec2-643f6ac00eac_calisensfm.owl_functional.owl,515247373,1213368023,1728615396
29a51ebc-a11c-48ad-bddb-47022107a2e0_p.obo.PREVIOUS_functional.owl,95155148,29687844,124842992
approximated_15d2f7b1-f04b-4820-a39b-1c20d8cc902d_Tia_Maria.rdf_functional.owl,16384660,3726229,20110889
1384ca89-943a-4604-9fb7-db9ab3cbc4cf_tplushuman.owl_functional.owl,118106156,129102762,247208918
approximated_44c64646-8a55-4e8a-98ae-95326590c86c_nderThreat.owl_functional.owl,13775465,6156847,19932312
approximated_1d849d6e-3e9f-468f-8464-f9d5d2906c8e_c_cylinder.ttl_functional.owl,16829417,3753250,20582667
approximated_6e3e9d28-cd99-4925-a376-85f30998644a_qtaglink.rdf_functional.owl,34168798,56428486,90597284
approximated_kb-owl-syntax-coreference-IDs-disjointness-triggers.ofn_functional.owl,1656792067,2206917047,3863709114
d6506312-380b-4591-b7e6-70acaea84672_ryConflict.owl_functional.owl,20919023,2203039,23122062
approximated_1d9d06d7-03f5-43cc-810d-3842f4544278_sequence_xp.owl_functional.owl,59445402,142530580,201975982
approximated_94cf0f8c-9609-47b4-acef-d208aef37631_AERO_functional.owl,9726413,21495451,31221864
approximated_18bbba6c-da49-4aec-80a5-f35d8b1e2c0a_Clam_liquor.ttl_functional.owl,12932618,3712715,16645333
approximated_b97e6c80-0e4a-4911-a6e4-9216ff9ea17b_sudoku9cx.owl_functional.owl,13071967,7145369,20217336
approximated_ad1b7037-da51-4ee1-8f14-e4f83c381601_ock_Device.rdf_functional.owl,19165438,3970903,23136341
approximated_72ac9260-f9e6-4d4e-9311-ce66ed170327_rus_cheese.ttl_functional.owl,13982814,3766607,17749421
approximated_77bf6765-ad5a-493c-8dcc-7a0cc7969616_harry2.rdf_functional.owl,13364248,1878108,15242356
approximated_aba-amb.allen-brain-atlas-aba-adult-mouse-brain-ontology.1.owl.xml_functional.owl,27987253,44848070,72835323
approximated_147c4b3e-668a-404b-8d89-9d5e2e13a9b3_Contrastive.owl_functional.owl,16230487,5081352,21311839
approximated_3cc213d3-344c-4bfa-b5f7-9aa93914a10e_ern_cheese.ttl_functional.owl,8694976,3921448,12616424
approximated_c9679e40-2d6c-4b4e-b882-8767b8514e97_ro.obo_functional.owl,15043444,3206221,18249665
approximated_51796b8e-cb41-4bb2-9041-f542f0b474d5__20Dec2007.owl_functional.owl,26259103,39824694,66083797
approximated_55104741-5de4-4c7f-a1bb-8ff7286f3564_entiometer.ttl_functional.owl,15979565,4052471,20032036
approximated_onl-mr-da.magnetic-resonance-dataset-acquisition-ontology.1.owl.xml_functional.owl,47957059,76939221,124896280
approximated_552b1865-6c60-433e-927d-6a3db786664d_onto.rdf_functional.owl,12715672,6691827,19407499
fadeb4a7-67d7-4c18-9652-a9f362cf0f69_EbGdrcN5Y29ycA_functional.owl,14038354,4999342,19037696
approximated_4fc1ef71-afb9-4112-91ba-5bd44b91f90a_iffusivity.owl_functional.owl,131809333,232310628,364119961
approximated_69d74339-2afe-47d2-975d-ad7d1b45110c_Roulade.rdf_functional.owl,11794104,5954892,17748996
approximated_0f3bbba6-2a18-4578-be03-6be7f6624093_stic_robot.ttl_functional.owl,14399102,3743990,18143092
approximated_37ad7d61-d570-4d67-a631-3ff31544046c_ralogGroup.owl_functional.owl,19229575,11244073,30473648
approximated_66af1f46-0300-44bb-a82a-84598eacd41a_y_doughnut.ttl_functional.owl,16876242,3807615,20683857
approximated_7753e292-a84a-4875-99c2-b69e2419c46a_prowl.owl_functional.owl,10883154,6302964,17186118
approximated_d4b815e4-f562-4a4a-a8be-e8f2558eeebb_r_of_Rajya.rdf_functional.owl,80259066,3771060,84030126
approximated_55df5b82-2be6-4e15-85d8-0869e5c3fd90_podstopic.owl_functional.owl,65681699,8374680,74056379
9074435c-12d9-4f24-bb8e-c1759a8f4d77_CategoryCity_functional.owl,77509089,1026365,78535454
8e74263b-511f-4fcd-9c7b-67d74e896f99_viorsimple.owl_functional.owl,25467007,44237305,69704312
approximated_301a43e3-58f4-4821-b80e-e5fb251d8736_Crucolo.rdf_functional.owl,12484774,3797145,16281919
approximated_d8a4a0f7-0f55-4d22-80c9-9ceecdff1962_foaf.rdf_functional.owl,12156876,1026985,13183861
approximated_kb-owl-syntax-unraveled-depth-1-cardinalities-disjointness-triggers.ofn_functional.owl,699895028,1637066419,2336961447
approximated_25dfa937-48f1-413d-95bd-eaf9e8d798e5_emperature.owl_functional.owl,150933513,251250264,402183777
approximated_d22fdf45-5486-48c2-abc2-cc662049a8b1_risdiction.owl_functional.owl,139738835,217955724,357694559
approximated_25ccf176-b37f-4544-ab00-57f3834ca503_Amiga_3000.ttl_functional.owl,15467417,3853001,19320418
approximated_7116d8fc-0b69-44d8-9f1b-ed2c6d8cc572_pr.owl_functional.owl,786821696,2016526248,2803347944
approximated_96fa6e93-8194-4179-87a9-4b40cfbd7c61_tegoryBirthday_functional.owl,14325251,2021433,16346684
approximated_47c03392-e8bc-4702-80fc-51ba78c1caf9_photograph_functional.owl,19656826,5284569,24941395
approximated_25b46cbc-138e-435b-8a67-e8850852a04c_ersection2.owl_functional.owl,26680976,35871719,62552695
approximated_3dd99522-c4a8-441b-bb38-95281b91c76c_Sponge.rdf_functional.owl,4717879,3980984,8698863
approximated_04655fd8-40b2-4821-a3c9-93ddf575f988_onto.rdf_functional.owl,13918221,5852866,19771087
16bf6a7d-5fa0-4b9c-b279-eef4fa50808c_a_ontology.obo_functional.owl,149292921,267286645,416579566
approximated_06610200-102a-4a37-807b-9e278c430f0a_topOnly623.owl_functional.owl,264517829,390516605,655034434
approximated_e0abb008-cef9-46bf-a4b4-64ae7d853edf_mGeolBasin.owl_functional.owl,130129272,215596581,345725853
approximated_0ffd9a0c-b017-4163-b058-618773342a40_ll_trestle.rdf_functional.owl,14856606,3750110,18606716
approximated_004f2bfd-1121-45c5-b10c-ec43f7d7473b_ce_missile.ttl_functional.owl,9050400,4120543,13170943
approximated_1aa5b2d1-a2ca-47e6-a3ef-9938911b6fdc_ddle_valve.ttl_functional.owl,13110984,3859848,16970832
approximated_32000001-093a-45ef-9be1-8b9ca8a16425_ERO.obo_functional.owl,66571375,144567075,211138450
approximated_15af2b34-ce84-434f-b354-5f7c338589f5_Swirl_valve.rdf_functional.owl,11861849,4105780,15967629
approximated_70b70aa2-8b93-4efa-b8c3-c77bba03b9f2_Maillon.ttl_functional.owl,9584026,4644581,14228607
approximated_d18b35a7-5dbf-44d3-ad7e-905af755c730_ocPhysical.owl_functional.owl,141063220,253242349,394305569
approximated_9586a6a7-19dc-4b46-aaa8-2c6b7b8c68e0_premises204_functional.owl,17507123,6620227,24127350
approximated_4051b9cf-f4a7-449a-a1bd-cfad3fee359d_Salmon.rdf_functional.owl,15135069,3782021,18917090
approximated_2ffbd00c-6fdb-4baf-8191-0ff47dc82b31_Bush_bread.rdf_functional.owl,11660249,3889342,15549591
approximated_94496fde-07ad-4c01-8e5e-02f16741f895_enceaxioms.obo_functional.owl,491018949,1098940327,1589959276
approximated_8e374944-1fb8-4cee-bfa2-c577d03728e7_dkernel_v1.owl_functional.owl,12082916,5082771,17165687
approximated_712b1598-e0ce-4a7d-afe2-ed25484f815e_figure6.owl_functional.owl,19245364,17467502,36712866
e88b0784-1b3b-48b6-ba0f-2c29699e5d95_cule_role.owl2_functional.owl,330651032,621505575,952156607
approximated_0cb718ad-c5b6-4ead-85d3-7a2fbb64a843_miapa.owl_functional.owl,126798808,21597560,148396368
approximated_25992877-cd31-429a-8567-036093f255b6_ourne_Blue.rdf_functional.owl,107517392,3861967,111379359
approximated_00032.owl_functional.owl,235106870,247898090,483004960
approximated_2c5709b2-f79b-4e86-a4a8-9836fbc73706_elerometer.rdf_functional.owl,101086244,5162495,106248739
approximated_2b481ba0-3476-4f14-8f04-c4bdd626f02a_Spud_bar.rdf_functional.owl,118490881,3984187,122475068
a2743e3a-e9c6-43f4-ac85-16a320fd71d1_nent_xp_go.owl_functional.owl,32418505,5862260,38280765
approximated_2910b72d-c753-41d6-806f-9672c2de1d85_n_dressing.ttl_functional.owl,99913994,3876466,103790460
approximated_cd0ea0ad-0d39-4c16-b001-4dd74dca3bec_quality.owl_functional.owl,63886256,122396615,186282871
56ee16af-621c-47ec-9e66-17cd1f4c2776_zdm.rdf_functional.owl,83561814,5776478,89338292
approximated_00353.owl_functional.owl,123280017,172681707,295961724
approximated_kb-owl-syntax-coreference-IDs-cardinalities-disjointness-constant-classes-value-nominals.ofn_functional.owl,977981892,2449518898,3427500790
approximated_3611069f-4489-4e63-ae00-d5345ce8c1df_ole_es_cat.owl_functional.owl,12662036,5992874,18654910
approximated_1016b091-6848-40e1-8feb-369c36bd5fe1_ring_steel.rdf_functional.owl,9867664,4114753,13982417
approximated_6dc21f10-e513-4d7d-ba3e-6e8156879f80_lRelations.owl_functional.owl,17961283,7366369,25327652
approximated_5bf98f52-248f-4f0a-982e-65f94046f0f1_Cornett.rdf_functional.owl,10694605,3813214,14507819
approximated_00594.owl_functional.owl,48565078,108154564,156719642
approximated_c2cfbc17-4f7f-4775-8e35-5636f57bdf62_Hammer.rdf_functional.owl,11214368,4325660,15540028
approximated_d0ded12f-0a03-4c16-9784-39f0ae56e7ff_kyamk.owl_functional.owl,62885818,29030188,91916006
e970dc88-37d5-401d-af2d-6b59976fc8cc_AdultActor.owl_functional.owl,19291440,1957797,21249237
approximated_2daf855e-56bd-481e-b94a-dd0db3f4e727_ui_functional.owl,14138631,12573267,26711898
cbe9094c-bbf6-4e66-915a-40bd1ad94a9a_chebi.owl_functional.owl,2316929899,6427979423,8744909322
approximated_2fde8f44-3c1f-4951-b95a-c2f80e6099c0_Bleach.rdf_functional.owl,20836340,6308826,27145166
5753ed22-ce01-45d1-a808-8c9fcde491e1_notype_xp.owl2_functional.owl,81025295,29245204,110270499
approximated_kb-owl-syntax-unraveled-depth-0-km-relevant-cardinalities-disjointness-constant-classes-relation-axioms-value-classes.ofn_functional.owl,433593057,964687919,1398280976
approximated_68a4eac8-5e42-44aa-8302-c9e06e152e59_Deluge_gun.rdf_functional.owl,13497430,3943518,17440948
approximated_30ae6484-0fde-4731-aebd-3027d4b5fb75_calization.owl_functional.owl,29449956,49243756,78693712
approximated_kb-owl-syntax-unraveled-depth-3-cardinalities-relation-axioms.ofn_functional.owl,390001136,995708786,1385709922
approximated_a43cfc56-14a1-41f4-8197-b76b98da055e_evmingraph.obo_functional.owl,2412138891,6954587059,9366725950
approximated_31f46ecb-2add-4d12-bf48-9f0c3d0dd094_testrdfxml.owl_functional.owl,39151630,28709532,67861162
approximated_76380fae-b906-47ba-b2cb-24a16459899c_rTimeScale.owl_functional.owl,140134353,215859607,355993960
approximated_52216166-279c-4b4a-9572-3e938d2a219d_rol_valves.ttl_functional.owl,11382916,3949778,15332694
approximated_2fdc1558-a988-4c66-ac88-8aa0d2e52731_XScale.rdf_functional.owl,12297013,3962875,16259888
approximated_0c1ac51f-eb7f-42a9-8478-b44738ae90bb_IPhone_4.ttl_functional.owl,14732729,3743801,18476530
approximated_00ef905b-7914-4f8e-9b2e-6e5f4220b2e7_utessimple.owl_functional.owl,115142314,316617088,431759402
approximated_84c20b20-9e36-416e-af6f-ffa8b6b7b81a_onto.rdf_functional.owl,12266277,7067594,19333871
approximated_e5075199-9ff2-4cf0-90f1-d83cd78e2de3_prerelease.owl_functional.owl,42991920,91373554,134365474
approximated_3e34f34f-3834-4949-88c1-52c657683860_phenOcean.owl_functional.owl,142721065,251564761,394285826
approximated_5a6bbfb9-4065-41ef-b319-50cea1a4dece_MaHCO.owl_functional.owl,268234631,756870199,1025104830
approximated_0ed0e07a-fb59-45f3-913f-c1f98177236d_ZFA_functional.owl,214033889,537837759,751871648
approximated_4a8c6f9b-cc9b-48a9-a686-f82c37ef5504_ng_harness.ttl_functional.owl,13556637,3862825,17419462
approximated_a0ddb102-fce7-428d-9ecb-2d484e2e98db_ETPtourism.owl_functional.owl,16980941,12675756,29656697
approximated_7fed3558-4383-4835-b555-cce6cde4e508_sampleds2.owl_functional.owl,13811076,4574017,18385093
approximated_7ae37439-39c3-4a2c-b65c-3a885c1c2b7e_Coleopter.rdf_functional.owl,15199651,3706126,18905777
approximated_00282.owl_functional.owl,20651126,17779880,38431006
approximated_00592.owl_functional.owl,62827473,173645557,236473030
approximated_b358513f-0c5b-456e-8244-d256049b9533_eolOceanic.owl_functional.owl,213593047,219666563,433259610
approximated_kb-owl-syntax-unraveled-depth-0-cardinalities-triggers-constant-classes-value-nominals.ofn_functional.owl,152026124,368353497,520379621
approximated_538220a1-8a46-42ba-bc09-b8763f04c81e_WBPhenotype.owl_functional.owl,48888697,116516314,165405011
approximated_b06923db-e10a-4a6a-9a53-3beec1bf4b09_azoanbasic.obo_functional.owl,2324202366,6490811346,8815013712
6ffcd778-b9c9-4305-b06a-fc0c55b198a9_nverzeichnis_D_functional.owl,15406698,852817,16259515
42b54620-6ea6-4751-9938-5c4090770371_ifiedBases.owl_functional.owl,17707790,3163262,20871052
fccf3b9b-9316-41b0-a2d1-19288bcc0f4b_nop.rdfs_functional.owl,21161474,10158468,31319942
approximated_72d23c0b-fec1-4ee9-bb0f-f636c89283fd_core_fixed.owl_functional.owl,15291226,9343687,24634913
approximated_5a57ffe1-53ef-4dae-84c7-05a18ba2ed7d_Trade.owl_functional.owl,22995592,14299594,37295186
approximated_252907d8-169c-4175-b61f-e362b9cdc47d_onto.rdf_functional.owl,130629993,3921821,134551814
approximated_9735df63-2032-4062-bd8d-5c0cb1dcbb7b_stateWave.owl_functional.owl,284609030,219359670,503968700
approximated_55cf17e6-2a7b-4880-a565-d62100789957_Function_1.owl_functional.owl,118894290,7455691,126349981
approximated_bd6931d2-4a22-40f9-929f-6d0680a3117f_ecrm_110224.owl_functional.owl,116924303,22464343,139388646
approximated_3c86c2b4-962f-40a0-af88-c75afcfaaa92_Alpha_21364.ttl_functional.owl,107053304,3700997,110754301
621303c6-c403-4fe4-b534-f59932ac8083_piensensfm.owl_functional.owl,885208459,1363618495,2248826954
approximated_kb-owl-syntax-unraveled-depth-3-cardinalities.ofn_functional.owl,386825593,1048344744,1435170337
approximated_82988d77-9944-4bdf-a45d-90255dce9fc1_from_oiled.owl_functional.owl,24650242,22218661,46868903
approximated_45be572e-04c1-4498-b38d-9db698247b03_nut_butter.rdf_functional.owl,15936969,4015865,19952834
approximated_231f1865-7b2e-4f40-a094-46a0d4387a3d_PaulFisher.rdf_functional.owl,11303564,3057730,14361294
approximated_bd534643-243f-4803-8368-30ea9a0105d9_y_version2.owl_functional.owl,12381433,8093737,20475170
approximated_00560.owl_functional.owl,10844082,6529664,17373746
approximated_73bdbf7d-eb93-4b89-8875-d7b6e34b2355_ERCOT1_6OWL.owl_functional.owl,81226173,109468573,190694746
approximated_6c997ea1-da1f-4a17-8c22-d95a4c29ca9c_s_detector.rdf_functional.owl,12196268,4075274,16271542
approximated_0c7a420a-33d0-4e63-8875-7f75a645de5d_cvdo.owl_functional.owl,32278939,52310472,84589411
approximated_1a86c5b1-22ca-4621-87b7-c4825a7ff5e0_prerelease.owl_functional.owl,1450628424,3830764707,5281393131
approximated_0741e54b-15a4-4783-aa3d-fe69e777f589_complex2.1.owl_functional.owl,101300702,23999039,125299741
approximated_4731ae11-eb19-4f89-9f60-e0b033a07d66_Intel_MCS96.ttl_functional.owl,110260728,3810641,114071369
approximated_81b5b937-87af-4fda-8819-ad33ca776308_pulsall.owl_functional.owl,419253027,181307640,600560667
approximated_12cd129b-9152-4299-98e1-62acfb5ffcc5_umlssn.owl_functional.owl,122499472,7698121,130197593
approximated_73ea1989-e8e3-4675-8065-27652bf534f6_harmgkbmap.owl_functional.owl,110999940,7172746,118172686
approximated_ac7bd1e8-78ba-4614-8bcc-acf7d04fcc14_ddiv2.owl_functional.owl,136615260,100876156,237491416
3ba1f6e8-c96e-47e7-87d0-d4be2fe13c30_event.obo_functional.owl,253770962,370071313,623842275
approximated_e4c03868-d76d-4ed8-b759-7d04262bfdc1_html_functional.owl,23465672,22870914,46336586
approximated_141eb30f-ad0c-4196-9ee0-011c03c8ed8c_Roast_goose.rdf_functional.owl,10208226,4391103,14599329
5d070f34-5632-4779-88e9-6d9dc61b7acf_patosimple.owl_functional.owl,55724919,100944467,156669386
approximated_a8074a0c-4f22-4f4d-b47d-17af99df9246_exporttest.owl_functional.owl,51702836,11712110,63414946
9694c357-eaba-4fd1-934c-ca0fd1e073f1_anatmerged.owl_functional.owl,17328319,20222088,37550407
approximated_efcfeb5e-e807-463f-938c-33548acc2502_v1.owl_functional.owl,20668168,9956380,30624548
approximated_c0ebb075-69a6-4001-9cf5-4b42262788b7_ing_device.rdf_functional.owl,13378550,3720867,17099417
3f1ced30-9d74-4312-9912-33faea982172_imitive2.0.owl_functional.owl,12601847,5477749,18079596
approximated_fb96e85e-c4d2-4498-9f04-97a9f8c5d6b4_nsverylite.owl_functional.owl,27146093,17433195,44579288
approximated_12c7558e-fdd1-4496-9ab3-10831105c5e4_enomicscomplex_functional.owl,18448638,13442892,31891530
approximated_7f89b14e-ea30-47e9-ba29-8efddc258db4_Design.v23.owl_functional.owl,15951515,9678506,25630021
approximated_080f64b8-6949-4e2d-aae1-8e0a2dc59e01_event_functional.owl,157175327,377808661,534983988
approximated_70e6b77e-078a-44df-bb64-c49b352b184c_al_process.owl_functional.owl,736774083,2296406896,3033180979
approximated_1dff947c-de55-4ec7-88a0-7ac52b33d570_Frock_coat.rdf_functional.owl,11375722,4154712,15530434
approximated_kb-owl-syntax-unraveled-depth-0-cardinalities-triggers.ofn_functional.owl,133174467,368360178,501534645
approximated_59174627-1be6-49f9-995c-ba39f81037a6_te_brownie.ttl_functional.owl,14748701,3983076,18731777
approximated_35d6809e-31e4-41ff-aaf7-ef702a246ef6_key_wrench.ttl_functional.owl,11986017,4076063,16062080
approximated_kb-owl-syntax-unraveled-depth-1-km-relevant-cardinalities-constant-classes-value-nominals.ofn_functional.owl,450367083,1109292376,1559659459
approximated_0f3ebb81-0d1f-4d3a-bbc3-bb2f7fac1165_imensional.owl_functional.owl,154357783,253592193,407949976
approximated_1700b657-c48d-4033-ac5c-2e2e57c304ad_pizza.owl_functional.owl,16779079,14425321,31204400
approximated_d16c1d82-a7d2-49c2-8083-37b48bdf2454_onto.rdf_functional.owl,10107346,4752793,14860139
approximated_194904ea-bb76-43a2-b5f8-57c374145216_less_dress.ttl_functional.owl,11392034,4681756,16073790
approximated_ogi.ontology-for-genetic-interval.17.owl.xml_functional.owl,18886309,20329711,39216020
approximated_3d398d06-ae38-4603-9e10-92026d793acc_erry_sauce.rdf_functional.owl,22521725,4539237,27060962
approximated_c2bf2e34-1b69-483e-aa19-4c4403c56113_aphcomplex.owl_functional.owl,9269527,5258018,14527545
approximated_60aaa2e7-ca27-47d6-a783-14cae9bba260__de_visite.ttl_functional.owl,13758532,4237453,17995985
approximated_63ff03b2-4b46-43e0-a13c-20293e3192f3_ngConcepts.owl_functional.owl,20470646,14545712,35016358
approximated_0f3a9eb4-eee9-4c87-b458-9b680680b2e9_common.owl_functional.owl,13752482,2114257,15866739
approximated_09c8f543-cc04-4b9e-956b-b64e50fbd414_Beer.rdf_functional.owl,14257966,3955755,18213721
approximated_239a5d01-8f2b-436b-af24-199eb493e698__gallusMOD.obo_functional.owl,1935677998,4613792745,6549470743
approximated_4be46b7b-c6e1-4fac-bec6-b34cd146493b_ology_6502.rdf_functional.owl,114668383,3808218,118476601
2b0c13c3-77ba-4c11-aa5a-b9e4cb6cb618_tosimple.obo_functional.owl,34281752,72854672,107136424
approximated_966f888b-a462-44f7-8e8a-6d5c28c73966_Brunost.rdf_functional.owl,211227351,4067041,215294392
approximated_0464c799-ec9e-4df5-aec6-62944a889b3b_enotype_xp.obo_functional.owl,576052092,988366827,1564418919
approximated_1493b175-3da8-4eee-948e-df5b908b90ef_le_protege.owl_functional.owl,137616281,220591591,358207872
approximated_dd043aeb-5b9f-453e-9159-e4b4d1095b34_bfowine.owl_functional.owl,22041267,15320757,37362024
approximated_36aa54b8-1b3e-4db7-917e-60b5dae66e7f_istryfinal.owl_functional.owl,17482952,9358409,26841361
approximated_34180450-4d2c-4019-bcca-d073592cee69_Heckler.rdf_functional.owl,16056831,3748808,19805639
approximated_3e8eb89d-ea50-4c45-af7e-1e60c0d0b904_Pencil.ttl_functional.owl,11655435,3908303,15563738
approximated_ec09fbd9-58ba-41a3-9c84-368d91118936_OBIMay2008.owl_functional.owl,9975008,6454052,16429060
approximated_1fe96e17-f729-4b41-a063-a32b026c14c0_onto.rdf_functional.owl,17164389,5514960,22679349
aed74dc6-146f-4c1c-8787-326d8d09111d_imagingMS.obo_functional.owl,15040961,5743178,20784139
approximated_644356e7-d943-407a-8f82-dc36816cd023_DP1.26.owl_functional.owl,18132784,3348808,21481592
approximated_85f2dc4c-5336-44d5-ab3d-030a383e8f1e_complex1.0.owl_functional.owl,19733838,27446535,47180373
approximated_b5ef5a0d-b6a1-4ecb-9838-569e3c6e0459_art200602d.owl_functional.owl,16295038,4735404,21030442
approximated_f0203f35-c445-4cb6-bf99-d6d64b372c5b_ndVolcanic.owl_functional.owl,137951195,258975887,396927082
approximated_64658b9b-d97b-4404-beb2-46213ddd3bd5_Parameters.owl_functional.owl,18285225,7866728,26151953
approximated_kb-owl-syntax-unraveled-depth-3-cardinalities-triggers-constant-classes-relation-axioms-value-classes.ofn_functional.owl,417490704,1066756346,1484247050
approximated_0a266ee4-3020-479c-bcd6-ef3bc048dcc7_Tool_bit.rdf_functional.owl,14190008,3789533,17979541
approximated_01fb90a8-f64b-4016-a6c5-4580d31d46f0_Watercraft.ttl_functional.owl,15498803,3723424,19222227
approximated_a2389b2f-f6a8-48ce-9f3f-19edef8b2959_webarchowl.rdf_functional.owl,18318214,4649738,22967952
approximated_9cba936e-0207-41cf-93d2-5b72aa1f932e_codprojects.owl_functional.owl,16679822,6455108,23134930
approximated_683f3c96-b1f1-40cf-9066-1cb4c2b4b66a_Piton.ttl_functional.owl,15104902,4071244,19176146
approximated_1a070fd1-ce64-44c6-8752-ae6257642a26_Monks_bench.rdf_functional.owl,9983206,3911448,13894654
approximated_1937347d-7595-4592-9f48-9d424508acbc_Caulking.rdf_functional.owl,13512053,3843722,17355775
approximated_a2c54ec3-99ff-41ae-b2b7-33f3a3572767_ESG1.1.owl_functional.owl,9268149,4024579,13292728
approximated_312dd161-738f-4839-bc54-e44ee9f82e63_annotation.owl_functional.owl,19393301,17230900,36624201
approximated_b8eb221e-8232-4565-9481-d8eb6e795250_niotebasic.owl_functional.owl,859237844,2475794605,3335032449
approximated_2dc000aa-ae60-4f50-a15f-b3d46d252cbf_matrMineral.owl_functional.owl,145312502,253396191,398708693
approximated_464e4880-a2c9-4b5c-a8e7-7acfe6a78f85_tambisfull.owl_functional.owl,42512659,32931045,75443704
approximated_72a7400e-d121-4749-9c26-e1f44f7855fb_Cardamom.rdf_functional.owl,9159786,3725789,12885575
approximated_58197550-a9dd-4328-9ea0-9f26169c8e22_NIFMolecule.owl_functional.owl,392638943,795258429,1187897372
approximated_ebe8c484-2839-4bbd-926e-91c34d2ac1e6__regulator.ttl_functional.owl,13535157,3876105,17411262
approximated_8ce4e829-3e72-408b-b6a3-b3f8ec6257bf_onto.rdf_functional.owl,15689011,5127102,20816113
approximated_c791ff29-5641-4862-964f-0b08d3aac17c_clbasic.owl_functional.owl,64183426,162946639,227130065
approximated_28ebfeee-0aa6-4412-b22d-040d969fe205_omplexdisjoint_functional.owl,16951342,6089633,23040975
approximated_435135ca-3f44-4601-89ad-af0afe5612d0_pco.owl_functional.owl,46784568,113930538,160715106
approximated_kb-owl-syntax-unraveled-depth-1-km-relevant-cardinalities-disjointness-triggers-constant-classes-relation-axioms-value-classes.ofn_functional.owl,775934403,1807900973,2583835376
approximated_4e08adae-44a8-4a80-a544-810504168c16_space.owl_functional.owl,35170599,3137173,38307772
4068b334-3b74-426d-a8ab-c2739fc07ce2_pato.obo_functional.owl,57343742,103139076,160482818
approximated_dceb900c-f772-4c90-a0d1-a5aad57bcf89_Jaguar.ttl_functional.owl,12182171,3948874,16131045
approximated_00387.owl_functional.owl,1066564346,3162437822,4229002168
227b0141-9524-4328-b956-b289a42467a3_usequivmod.owl_functional.owl,491417502,428242456,919659958
approximated_genomic-cds_rules_demo.owl_functional.owl,3536572112,6872400026,10408972138
approximated_31e6def4-0387-4abe-bb47-e6d85eafb8da_Apple_sauce.ttl_functional.owl,13149270,3889688,17038958
493d9e7d-a6d4-4c4b-8e34-be19f249f290_Artist.owl_functional.owl,29835074,8473427,38308501
4438acd5-e2e7-4e18-a0b3-cd1f07d136c2_po_temporal.obo_functional.owl,11131261,11077208,22208469
dcc6c90d-ca2d-4dfe-bb28-0ca00e238dcd_atherontt2.owl_functional.owl,17279779,6270894,23550673
approximated_16ad608c-4451-4588-8e19-58f33a5962fe_Blade.rdf_functional.owl,12630828,3727318,16358146
approximated_93035443-ad7d-45c7-b7c3-9f3bb009385a_hdq.owl_functional.owl,22308372,12143344,34451716
approximated_013229b4-7cbd-40b6-8bb2-58877ee7cb90_Bread_sauce.rdf_functional.owl,15687156,3809663,19496819
approximated_23721525-9a69-4acb-b423-71f9da448d54_Cheez_Whiz.rdf_functional.owl,15792744,3767912,19560656
approximated_61ad5ed6-fab2-4e5b-a161-6032e704f773_er_network.ttl_functional.owl,14517964,3841129,18359093
approximated_27c97a5b-2ee7-466a-8ef0-56000a657588_Denailer.rdf_functional.owl,13444016,3866236,17310252
approximated_00459.owl_functional.owl,222319785,584598029,806917814
approximated_1df2eed5-8300-47c6-9267-674cc0326754_Apple_Inc..rdf_functional.owl,14974705,3824970,18799675
approximated_0a96f2f6-3ed4-4314-bf07-7b5c73834cdd_ll.owl.CURRENT_functional.owl,80505390,173716808,254222198
approximated_4354c345-c92a-4ca9-b0ab-1d1c6153178d_PATO.owl_functional.owl,58230191,123129398,181359589
approximated_3b9b68b1-20ca-41fa-932f-12ab92587485_Webcam.ttl_functional.owl,14105085,3829594,17934679
f8c8c059-6850-4ecc-8025-6e0a06cf0a95_onto.rdf_functional.owl,14633830,3471670,18105500
approximated_83121b99-6314-47b1-b297-47638f5ca33a_anDecision.owl_functional.owl,136654666,249039917,385694583
approximated_56b5b842-d560-4464-a4fd-9f4580e650e6_Grasshopper.ttl_functional.owl,17213523,8224944,25438467
approximated_8878cd04-8eb8-4f65-bbb8-e18382b98a0d_ion_system.rdf_functional.owl,14063951,6536580,20600531
approximated_0e1df1f3-f80f-4f16-969a-bcaf3affef4c__regulator.rdf_functional.owl,17007030,4024691,21031721
ece63562-acf1-43ec-9a20-d798b9ec6c72_i_organism.obo_functional.owl,18067063,21836923,39903986
approximated_5aaca176-8d4b-4589-a5b7-930067985190_onto.rdf_functional.owl,20361927,4288265,24650192
approximated_ffc1e43a-d3ec-4880-87c5-5ab9ad8e1c1a_FOSCoreTech.owl_functional.owl,18346385,19403998,37750383
approximated_99a401e4-1083-4c74-a6d1-b8a5593deada_ontinental.owl_functional.owl,155941384,255028253,410969637
approximated_3a12e957-d7e8-4528-a56b-7af7460db2a7_man_cement.rdf_functional.owl,12263434,4555062,16818496
approximated_16bd1f75-b06c-4074-a1ae-88cb68e0eb21_opRotation.owl_functional.owl,221473202,244472855,465946057
approximated_93217afb-fc93-4a07-90e1-1a86745fed12_Cleanroom.ttl_functional.owl,17902191,3807418,21709609
05e21cac-d2a1-467c-bbe9-97c568663d68_10090.rdf_functional.owl,15843158,1091678,16934836
approximated_bb44d9a6-a59e-4962-8d40-5a9f620e8f3f_roPlanDMWF.owl_functional.owl,13617403,11721465,25338868
0721d520-f07e-45cf-8585-5ec1737e60ba_onto.rdf_functional.owl,12223803,3610357,15834160
approximated_5b4f8e72-8ae8-45b0-bb23-cf97c1b22511_ale_cheese.rdf_functional.owl,14827318,4018486,18845804
approximated_kb-owl-syntax-unraveled-depth-1-cardinalities-triggers-constant-classes-value-nominals.ofn_functional.owl,466754216,1159530235,1626284451
approximated_915a0649-ccab-415e-98c9-81011a566706_COSMOtop673.owl_functional.owl,264491181,468700700,733191881
approximated_26f334e4-bf88-437c-9e13-f7bffca53222_realmOcean.owl_functional.owl,140276098,248807594,389083692
approximated_1d0294d3-733e-4e41-9c97-2993ce990548_cal_cheese.rdf_functional.owl,14232320,3801897,18034217
approximated_5b77b5d6-77a4-4cea-a23b-f8ee0c90d9af_paintbrush.rdf_functional.owl,16794282,3812379,20606661
approximated_9b333982-6740-4235-8b60-9c6c28124e42_crimeXY.owl_functional.owl,35028167,12670687,47698854
approximated_4cf7b373-babb-431a-adc3-6e2a90b05ae0_mplegraph2.owl_functional.owl,18965002,8387154,27352156
09d2807f-d8a1-4e15-8fbe-d15627f469e7_a_symptom.owl2_functional.owl,22401629,41760686,64162315
approximated_49213f67-21fd-45fb-80ef-5b213ff4a71a_13complete.rdf_functional.owl,19596399,3891558,23487957
approximated_7ed7cad9-d827-4e91-9440-b85369c9eace_TMVersion4.owl_functional.owl,10902907,6136655,17039562
approximated_95aead1d-85c3-4f8b-be52-1f08473090a8_virControl.owl_functional.owl,84276189,162457008,246733197
approximated_c6b143a3-b2ff-4a9c-8982-06fe1455323c_ofilograph.ttl_functional.owl,13263881,3827000,17090881
approximated_2e82eca7-f137-4818-971d-a9c0dd4ca30b_tateChange.owl_functional.owl,140696790,252482795,393179585
12e6b366-f34b-436e-b1ce-9546bc85d136_se2rdftest.xml_functional.owl,30158856,6044647,36203503
approximated_3d44db11-58c4-4575-9814-7898ba35cebf_Ont_schema.owl_functional.owl,12130493,3366763,15497256
approximated_5329fb26-10ec-4f02-8247-104bd6193ad9_nservation.owl_functional.owl,145663202,232315349,377978551
approximated_1fdfb0ed-7b71-4515-bf0f-384a3f32a682_matrRock.owl_functional.owl,131781616,215685097,347466713
approximated_27589d67-648d-48be-ad76-e8d451ffa621_Chvre_noir.ttl_functional.owl,102215564,3717735,105933299
approximated_00570.owl_functional.owl,29010610,56799974,85810584
approximated_1e3e3866-6c74-45a0-9466-084114b99078_Top3_units.owl_functional.owl,411508884,452484166,863993050
0549632b-d4db-47ad-a816-fe960fbab57d_Cardinal.owl_functional.owl,19573494,1285605,20859099
approximated_8afa45fe-33cc-4781-8d68-ccca2cb38d75_Lungo.rdf_functional.owl,15891793,4032568,19924361
approximated_87ab9bbd-d23d-4ae9-9324-ef337b982afa_myfamily.rdf_functional.owl,13062296,4312725,17375021
approximated_464f5889-3ca0-41d4-89ec-3d2b9c91057b_onto.rdf_functional.owl,13528385,5131947,18660332
approximated_0f5f1857-5373-44f5-bbdf-4e16845bd6e7_crimeXold.owl_functional.owl,40888964,13492142,54381106
approximated_1149aaf5-3c4b-407a-814c-9474d55b153e_preonto.rdf_functional.owl,16073638,5271387,21345025
approximated_d4e7e983-6c42-4c62-b17d-07a9890ce0f7_confious.owl_functional.owl,14626892,8672725,23299617
approximated_kb-owl-syntax-unraveled-depth-0-relation-axioms.ofn_functional.owl,184287445,369756951,554044396
approximated_091ce799-79ee-4f97-9184-bf80afc2aa7f_ysParticle.owl_functional.owl,41422532,57616462,99038994
approximated_d44438ee-6f1b-4663-bfab-a405d0a8edbf_Jameed.rdf_functional.owl,17030062,3880963,20911025
approximated_dff35d02-c1e3-4233-bcfd-e23cca20abae_FN1.49.owl_functional.owl,25409732,8083774,33493506
approximated_11322155-1505-40cf-ae38-9bea9cf9a39b_vidont.rdf_functional.owl,17155636,8153233,25308869
5bd7c44c-5581-45c7-88cf-fe98f844053d_classified.obo_functional.owl,456203382,866674479,1322877861
rex.physico-chemical-process.6.owl.xml_functional.owl,25513091,37311314,62824405
approximated_a2b81b8e-7f08-4538-a5a4-b32b3e5b3768_spatial.owl2_functional.owl,16247661,12527087,28774748
approximated_00636.owl_functional.owl,48819877,92857479,141677356
approximated_a5085976-eab0-43ab-bc84-f3f7e3b96649_ionofdolce.owl_functional.owl,31222795,24403636,55626431
approximated_00531.owl_functional.owl,203691477,618379249,822070726
approximated_2f8ec7ae-f350-4972-8281-b78d2608ee1e_Army_knife.ttl_functional.owl,13074916,3799211,16874127
approximated_00458.owl_functional.owl,34300166,80629259,114929425
approximated_00691.owl_functional.owl,25506018,16582650,42088668
approximated_kb-owl-syntax-unraveled-depth-4-km-relevant-cardinalities-disjointness-constant-classes-value-classes.ofn_functional.owl,696658021,1462563380,2159221401
approximated_50afc362-0e2b-4eb6-a1b7-00913933ad43_Scalpel.rdf_functional.owl,20671916,3782118,24454034
approximated_7cdc0e8b-5a0c-438f-aac0-5a8e8e4fac10__machinery.rdf_functional.owl,16735612,3902484,20638096
approximated_75a610e0-dc4e-4493-a35c-858a5c406106__functional.owl,18879337,21374652,40253989
02026428-5edc-4e90-aa69-6e841e891c69_d_nesting.owl2_functional.owl,19228803,17022323,36251126
approximated_7fb853b7-e280-48ec-9210-69f4d0e0791a_Platypus.rdf_functional.owl,11056473,3922766,14979239
approximated_612262db-ca9a-4c47-9688-6f9fc89e272d_fipaagent_functional.owl,20889594,9709173,30598767
approximated_c9f51085-fb11-4916-af61-b34e21c66717_Roles.owl_functional.owl,17317100,18078726,35395826
approximated_00460.owl_functional.owl,396886451,1085319992,1482206443
56934b44-7d10-4762-ab3c-1f849716a465_emap.obo_functional.owl,694066718,1478376602,2172443320
approximated_sse.surgical-secondary-events.2.owl.xml_functional.owl,152325882,20124952,172450834
37e67326-c921-46b9-9dc5-831c483b8e6e_Outline.owl_functional.owl,101653915,8878755,110532670
approximated_5cb4549e-7393-47d4-bacf-0641b08e10e6_BabyTaonew.owl_functional.owl,21979737,26822878,48802615
approximated_cfd6fa54-2a25-42bc-bbc8-5e25ebbb1df4_Endling.rdf_functional.owl,10596560,3815662,14412222
approximated_6045159d-5335-4ba1-981b-29c8b177545f_Mayonnaise.ttl_functional.owl,15299301,3738369,19037670
approximated_08daa055-8c38-4509-923d-dfe1a5e9c8e0_opCapacity.owl_functional.owl,143907849,251191453,395099302
00031.owl_functional.owl,201147025,244097382,445244407
approximated_00dcdb60-5ca1-4aa0-989a-3336283ca261_ICODMOPINF.owl_functional.owl,52112021,45627673,97739694
approximated_kb-owl-syntax-unraveled-depth-1-km-relevant-cardinalities-disjointness-constant-classes-value-classes.ofn_functional.owl,736593236,1745673536,2482266772
approximated_9716a444-746e-4c26-a911-1fe79b4220f0_fly_anatomy.owl_functional.owl,289756359,775892032,1065648391
approximated_05cef0ca-8f79-453a-90f8-6267336b6cca__phenotype.owl_functional.owl,129675717,16863096,146538813
52a0bb31-6242-4244-b306-10ec2cc4f851_eringPlant.owl_functional.owl,71680465,1296481,72976946
approximated_0ecffa0a-4dca-4a45-8370-51991f253530_ge_trimmer.rdf_functional.owl,28991172,3936507,32927679
approximated_dad5c4d9-caa5-4a81-a735-ade0b6ec0223_sistent_v2.owl_functional.owl,69467332,18150714,87618046
0683ced9-e79f-4bc7-a75a-b2c425cdae5d_go.obo_functional.owl,3303167422,4808261092,8111428514
approximated_030a2d27-324e-4ca3-a103-30174890fb72_v1.owl_functional.owl,15298972,3842239,19141211
approximated_00402.owl_functional.owl,93884205,205853520,299737725
71278021-2b7a-406d-9486-73f0367f4517_ha_1_final.rdf_functional.owl,26409992,5335705,31745697
6a36660e-6bf0-4014-a2cd-d40a04d10e98_Cave.owl_functional.owl,11761595,1044816,12806411
69e464dc-5b77-4ef1-b8b7-bf6d93ee7c26_mpsimple.owl_functional.owl,205153381,634925499,840078880
c2d3e237-1f5f-45c7-8299-f7f4b64cde1e_20060921.rdf_functional.owl,14226181,3961364,18187545
approximated_96de4023-8e46-48c9-ae42-1a67b75ba9a1_peoplepets.rdf_functional.owl,9529785,4259974,13789759
approximated_2a105f15-cfa6-40f4-a2eb-90bc1ee7ec6e_bill_valve.ttl_functional.owl,15981506,3797271,19778777
approximated_080536e6-efc2-456a-a1eb-c23b2e88799f_ano_cheese.rdf_functional.owl,9089681,3940929,13030610
approximated_24631e48-2514-44c6-a516-69b803d2d352_onto.rdf_functional.owl,10299337,6687985,16987322
approximated_ad295ab9-3cb0-48cf-b442-f8da8f912209_Frangipane.rdf_functional.owl,11059037,3960744,15019781
approximated_e198102c-a6f5-4df7-898b-9bb759712ac3_DynaLearn.owl_functional.owl,14359140,5627717,19986857
ec3dd9d0-f38c-4c2e-ad96-1f00365e9b6c_ganisation.owl_functional.owl,49398221,16021903,65420124
approximated_8444dd02-beda-4cc0-a385-e065298e3721_sed_cheese.ttl_functional.owl,13647289,3774646,17421935
cd88e7bf-a1a2-4c51-b931-c5648d9df88e_nriaBibTex.owl_functional.owl,15902358,2569602,18471960
5d9cd9d6-b29f-455e-9f49-bb39de2f9295_ckeyPlayer.owl_functional.owl,17662354,2109191,19771545
8a707c21-9784-4524-b8f7-8f27f66b0dd5_localumls.owl_functional.owl,13683835,6722799,20406634
55e90a6a-209a-4a60-8a4a-83d55023bd57_s_musculus.obo_functional.owl,832645427,1438555361,2271200788
c8c9ccf9-1d12-45fa-b8e6-d82097fadff7_na_symptom.obo_functional.owl,30280439,37249520,67529959
approximated_15b113db-3b63-4d5c-9ae6-1c094a09651d_ano_tuning.rdf_functional.owl,14819221,3881633,18700854
approximated_08c7f3ca-7e26-4083-8063-4b90e4944e2c_siodev.owl_functional.owl,51308182,101396399,152704581
approximated_11e827e9-d8ba-4e9f-820c-a026bc9c4cb1_nd_sockets.rdf_functional.owl,11997671,3977128,15974799
approximated_00c82799-bb79-4159-bb73-13a474594a2c_TSv0.9Lite.owl_functional.owl,24991698,18556055,43547753
approximated_19b107c2-6e7f-4543-8039-4b6cc19df559_ead_crumbs.ttl_functional.owl,16143408,3766081,19909489
approximated_19eb1bf5-5af7-41bc-bac4-4cf6ed600fd0_trSediment.owl_functional.owl,138569661,249032004,387601665
541cbf98-8b6f-46d3-b744-be7cc242dfcf_riePublikation_functional.owl,16133664,2093373,18227037
approximated_23f77c84-9f02-48b8-ae8c-4b028ac4e4c5_onto.rdf_functional.owl,11489287,6992909,18482196
0463b024-7835-4951-b38d-8c1883a37aa3_Governor.owl_functional.owl,15501634,1038565,16540199
approximated_747b9ea8-ce38-498a-990d-7ce0d933d604_ContextAll.owl_functional.owl,28108920,20068965,48177885
d0660e1e-0715-404f-b499-def0166bc37d_NIFCell.owl_functional.owl,14117038,19076742,33193780
53fd02c1-1a08-4bd0-865c-d5efe872821b_IDOMAL_1.1.obo_functional.owl,67937442,158027250,225964692
approximated_3e77c9b9-ca65-4aad-be5c-0083271b3aeb_lanogaster.obo_functional.owl,1673319569,4151253611,5824573180
approximated_53ea5a09-de2e-4816-89f3-b721047c86ec_complex1.0.owl_functional.owl,22246143,23695582,45941725
227a375e-fc73-44ba-b71b-2e931be0b4e1_dantmodule.owl_functional.owl,63627100,133844403,197471503
approximated_fao.fungal-gross-anatomy-ontology.20.owl.xml_functional.owl,16345623,5523633,21869256
approximated_968b3f3d-a1b5-4b55-8cd3-d0b77a64a43f_cbimqe.owl_functional.owl,12042730,4035390,16078120
approximated_c2477408-ee2d-45f8-ad4c-07703048ced2_sequence.owl_functional.owl,47676917,114543365,162220282
223ff3ec-7856-45a3-af1f-0fae83bd60fe_a_ontology.obo_functional.owl,74904183,159530024,234434207
approximated_b38cccd1-ec41-421f-94f4-c11462770ca1_prerelease.owl_functional.owl,33298934,68256967,101555901
approximated_300a1956-48cf-427d-8445-e00fe53cffcc_wing_board.ttl_functional.owl,15882556,3757031,19639587
approximated_406284c6-e9b4-41c0-b032-9c6855f42622_GRO_v1.5.owl_functional.owl,16085765,12961741,29047506
approximated_bca0f476-ae17-4932-b5f3-2974e3add82c_ilk_cheese.rdf_functional.owl,15696560,3797464,19494024
approximated_2dbdd771-4851-4b28-9f7e-dc401469c7b1_rm_anatomy.owl_functional.owl,284914606,739050253,1023964859
approximated_38315f6b-262f-47ca-b581-9e8ce8f98da8_e.owl.PREVIOUS_functional.owl,73329789,6882428,80212217
approximated_03abb48d-18cf-4ed2-9fa3-e12a8a7c63db_d0.owl_functional.owl,33682549,26764469,60447018
approximated_f8fca035-1a4b-4f3e-8472-35f7bfa4276a_ethernet.owl_functional.owl,17762412,5623919,23386331
approximated_6c8a8ad3-8a22-40d6-bdf3-33ee58fd4980_rt.owl.new.owl_functional.owl,52334134,8361836,60695970
11955c28-e73b-4cc9-9261-ca08f2bfe208_ddanat.obo_functional.owl,35074599,17992757,53067356
approximated_53b73856-7f46-431c-9216-af6b02762bfa_onstituent.owl_functional.owl,195414758,220207228,415621986
approximated_2dafde3a-50cd-4da8-aab4-5eaef8d8dd25_Chronograph.ttl_functional.owl,19143398,3744482,22887880
approximated_35dd8ebe-41de-4b9b-a186-79838dc2a175_place_functional.owl,16461976,9199449,25661425
approximated_31cbbac4-15f0-40a3-a9c6-9faef9c5aaac_Knife.ttl_functional.owl,16052947,3779387,19832334
approximated_06a23d92-adfc-4e2d-a7e3-92ea3096f84d_pathway_functional.owl,21961865,51729826,73691691
approximated_2805e39c-035b-4123-a77e-4d61dd5c8624_ceLocation.owl_functional.owl,142121371,250414580,392535951
psds.plant-structure-development-stage.6.owl.xml_functional.owl,15905652,15664943,31570595
98b7f627-dcef-4a7c-9f15-a2e5db6ffea2_arinustype.owl_functional.owl,304663849,669581503,974245352
approximated_4d9b8529-5660-4313-a354-68d3e28589a1_.ENLiri.owl_functional.owl,23124558,9763279,32887837
approximated_664bb8ee-3af3-4a74-b751-94868d9d5294_rve_cheese.ttl_functional.owl,18154004,6307173,24461177
approximated_247ab8d2-1ed7-4f18-b952-db6c2fae2b33_ithaddress.owl_functional.owl,14397033,5709215,20106248
approximated_4d571d62-046b-4796-8cbb-af7dc92c5d8d_swrc_functional.owl,8581701,4865393,13447094
approximated_f0e166a1-300f-46e3-853d-c3698288e803_n_citation.owl_functional.owl,17041267,8060218,25101485
approximated_16fdce37-6a99-44d4-81fe-ee881b5bfc95_IBM_RS64.ttl_functional.owl,11398565,4290421,15688986
16e10006-745f-4e77-bdf9-27dd640ac68f_echromtbox.owl_functional.owl,1857045461,3764312924,5621358385
18d3d0c3-c495-4f57-ab99-8e5537fd8d51_m_anatomy.owl2_functional.owl,290709676,716885361,1007595037
4b87b312-912e-4c37-a07d-1f06121c68a3_csontology.owl_functional.owl,15672961,6240227,21913188
approximated_2a99a594-d5d0-486b-a1d2-83ffe224c402_PARISC.ttl_functional.owl,6877105,4374094,11251199
approximated_dc6e438f-f007-4311-ae31-39ced0415b18_ngExamples.owl_functional.owl,26792391,19933093,46725484
approximated_04207e21-89bb-4f8e-944e-74f3e5e06c92_HP_FOCUS.rdf_functional.owl,13870612,4232108,18102720
approximated_c4d4885e-5121-4af6-98ae-6cf2ed7ccc91_PaulFisher.rdf_functional.owl,15663397,3065878,18729275
approximated_MSC_classes.owl_functional.owl,6511867859,7387712982,13899580841
approximated_94ed6c9d-040d-4223-8c6d-d7c18b045a1e_he_British.rdf_functional.owl,25480845,5371742,30852587
55aec0de-f319-483e-bf36-5e0e6e65c251_fyposimple.obo_functional.owl,108597787,248489894,357087681
approximated_kb-owl-syntax-unraveled-depth-2-km-relevant-cardinalities-triggers-constant-classes-value-classes.ofn_functional.owl,419527650,1047250840,1466778490
approximated_00032029-378f-4e16-83de-4c46f097ff97_BCR.owl_functional.owl,182525772,21119511,203645283
approximated_a0c4a068-adcd-4280-a345-0aba731a9e34_ring_clamp.rdf_functional.owl,112756040,3739217,116495257
approximated_291d132a-10f5-4aec-b8ee-6c786e313fb7_ryUntranslated_functional.owl,14887926,1720966,16608892
approximated_kb-owl-syntax-unraveled-depth-3-km-relevant-cardinalities-disjointness-triggers-relation-axioms.ofn_functional.owl,935075926,1390297888,2325373814
approximated_2730d3b9-c7bb-422f-a9d8-0a4838307349_Citavi.ttl_functional.owl,24911039,5509333,30420372
approximated_kb-owl-syntax-coreference-IDs-km-relevant-cardinalities-triggers.ofn_functional.owl,593497171,1729790654,2323287825
e3008e4f-08cd-4e56-b0ef-a5212f7df534_uo.owl_functional.owl,16232001,15736766,31968767
approximated_ad212343-640c-47f4-9dd1-8625db109085_lusuniprot.owl_functional.owl,773264566,1362887533,2136152099
approximated_f5974f7e-eea7-4653-965f-fb5ac137df85_Intel_80486.rdf_functional.owl,22821168,6612683,29433851
approximated_00555.owl_functional.owl,24720703,51460336,76181039
approximated_7df755c0-9189-41f0-9c42-130be6de128d_Coffee.rdf_functional.owl,13827294,3817384,17644678
approximated_7351eb40-b5ea-4f6d-b6b5-3d6f0bc30a8c_ductionOld.owl_functional.owl,19538238,3893337,23431575
approximated_031f40c1-5d36-45f7-ae09-eed52122addb_preonto.rdf_functional.owl,18833205,7601463,26434668
approximated_00628.owl_functional.owl,52259643,116003508,168263151
approximated_348b605a-b8d6-443e-b342-63117a4cea6b_onto.rdf_functional.owl,13362850,4128199,17491049
approximated_2ca77e8e-3b7b-468c-a051-763d875cbfb2_sequence.owl_functional.owl,55262501,131701407,186963908
ee53f8d2-7ee4-4e37-8b7f-cf16164dc8c0_onto.rdf_functional.owl,15708575,1887409,17595984
approximated_9ed3a80f-f6f5-49be-89a7-54cbd45dac72_phenMixing.owl_functional.owl,142806734,253846019,396652753
approximated_00394.owl_functional.owl,761086184,2240789712,3001875896
approximated_kb-owl-syntax-coreference-IDs-km-relevant-cardinalities-disjointness-triggers-constant-classes-relation-axioms-value-nominals.ofn_functional.owl,1475814036,2214737607,3690551643
approximated_kb-owl-syntax-coreference-IDs-triggers-relation-axioms.ofn_functional.owl,615420492,1748441096,2363861588
approximated_6717a2a3-beb2-4f3f-846a-9372dcfdd2ed_Tic_Tac.ttl_functional.owl,20937503,3816062,24753565
approximated_1fcef593-a90f-456b-8aba-3eab11c65372_Foundation.owl_functional.owl,14374509,5296401,19670910
approximated_4d65e414-b851-48a2-b165-41ebe80761a7_ent_system.ttl_functional.owl,15223694,4665213,19888907
approximated_a9da4e39-c67d-4085-b7ca-0c114bd0df39_Dodol.rdf_functional.owl,12640409,3841736,16482145
approximated_143caa7c-2611-4fba-af8b-fa080e112733_Bromine.ttl_functional.owl,12311361,4355892,16667253
approximated_34b4dbd4-2432-4c65-9132-57a31ca9696f_ron_import.owl_functional.owl,126120281,308095784,434216065
approximated_c9ace0fe-9823-4e60-954a-958794c3d088_Easy_Cheese.ttl_functional.owl,6499770,3714529,10214299
approximated_10e49329-f732-47f1-a1a1-0ecfff78e25d_SUMO.owl_functional.owl,3039472819,967627758,4007100577
approximated_5c5448d6-2614-4b4e-b2e9-c8d32d29a5e2_enReaction.owl_functional.owl,129949397,216362662,346312059
approximated_df58e429-fed3-4b0d-89ac-79fc144b3428_tateChange.owl_functional.owl,128814383,215050254,343864637
approximated_c6eb71a8-a52f-41aa-b78d-013db436f17e_atic_watch.ttl_functional.owl,13280623,3775901,17056524
approximated_42e5d4dd-9164-4e47-90f7-4cbedd984434_Cummerbund.rdf_functional.owl,10168102,4045895,14213997
approximated_kb-owl-syntax-coreference-IDs-km-relevant-cardinalities-disjointness-constant-classes-relation-axioms-value-classes.ofn_functional.owl,879904901,2417153569,3297058470
approximated_5bb11bfa-24b4-420e-a129-8de1a044de9e_4A.rdf_functional.owl,11438603,4070634,15509237
approximated_1e606ac8-76f1-479a-aa2c-9f5f20db0ebf_rman_clamp.rdf_functional.owl,5739103,3799910,9539013
approximated_e27dba96-d02c-4f65-8b71-f9f72ffb4f86_Orographic.owl_functional.owl,130624072,218290344,348914416
approximated_3301ada6-3da3-4bc7-9f8d-59d688449d28_Purlin.rdf_functional.owl,14150213,3894006,18044219
approximated_077d2c31-3f97-417b-974d-2ae69be6edfb_olian_harp.ttl_functional.owl,13016307,3772538,16788845
approximated_e66cf28e-1264-4436-9844-d79d53a7df68_llaricerca.owl_functional.owl,16936381,8303058,25239439
approximated_1b2f8ac7-f905-4bd8-8b33-d23e4422820e_Lye_roll.ttl_functional.owl,13404272,3872363,17276635
approximated_8d274935-82be-4ef0-a5c0-5967fd20013d_ino_Romano.rdf_functional.owl,18843932,3975061,22818993
approximated_00521.owl_functional.owl,258531480,689201822,947733302
approximated_kb-owl-syntax-unraveled-depth-4-cardinalities-disjointness-constant-classes-value-classes.ofn_functional.owl,672814187,1563095756,2235909943
approximated_kb-owl-syntax-unraveled-depth-3-disjointness-relation-axioms.ofn_functional.owl,638480603,1387707193,2026187796
approximated_7ad14f19-788f-445c-bc90-7d17d4e5c8af_OpenToxOntology_functional.owl,18242399,5909558,24151957
approximated_9430d81b-de1d-4999-8836-26adea13192b_TimeSeason.owl_functional.owl,144345604,215296689,359642293
approximated_3dc8c36f-74c9-4ca9-bad3-d92ecdbdcc4e_mantics_v3.owl_functional.owl,27966722,22677131,50643853
approximated_993ea318-8a44-4db4-8122-67c8d8fcf20f_cto.owl_functional.owl,22838812,14915595,37754407
approximated_00022.owl_functional.owl,11792481,6940911,18733392
4498b86c-14ba-4f84-bc34-0982551b4958_KategorieAtmung_functional.owl,10037798,891727,10929525
approximated_0ed2a34f-e908-4dd0-9188-1343a624bcad_Vodka.rdf_functional.owl,16440531,3834906,20275437
approximated_107b3d41-1458-4d46-ae69-d1ba712085a2_EnzyO061606.owl_functional.owl,229584580,459666055,689250635
approximated_c9cd7334-1c49-4909-8c82-c8f9727064c5_icrosswalk.owl_functional.owl,13308094,2171109,15479203
approximated_865505e9-df76-46f9-bd24-1e6db2716a6d_onto.rdf_functional.owl,15855775,5534769,21390544
58296df4-ebd3-44ac-bb20-f4dfa2434c8f_pato.owl_functional.owl,27496423,32428046,59924469
approximated_3a0f5105-f618-4b41-aecb-862cda98f32e_C5A1ki_sir.ttl_functional.owl,16299794,8210080,24509874
ae9fb993-34ce-475f-ba37-cf68085c39a4_lgtl.rdfs_functional.owl,13459334,6342304,19801638
approximated_8ca87523-2941-4e7b-85eb-f31c55626c7b_properties.owl_functional.owl,15619362,1730206,17349568
approximated_4bf81491-e076-4392-ae22-dd1e7b108957_e_compiler.ttl_functional.owl,17928110,3750753,21678863
approximated_ecc54058-9232-4f4c-bbb3-598e191fd3d6_onto.rdf_functional.owl,11501957,5359731,16861688
approximated_b19f0d48-cf64-4616-b95d-26d6e6a05be5_person.owl_functional.owl,18153644,7512248,25665892
approximated_ee8142d8-363b-43e5-b098-04ae98473ab0_mptionTest.owl_functional.owl,22571664,6620137,29191801
approximated_eb259c60-6107-441f-9497-defd7b15ed9a_MyAutohaus.owl_functional.owl,16985804,3910528,20896332
approximated_855a3833-3186-403d-9435-864b79f50c9f_gibleThing.owl_functional.owl,14604787,8485952,23090739
approximated_6ca9d8e4-0673-445b-9f36-c5a7e6b2ddb3_onto.rdf_functional.owl,15792880,5053665,20846545
8bdbdcc6-2c79-48af-8157-66abf593a8f2_classified.owl_functional.owl,52541406,121209647,173751053
2c66e915-9742-4be0-9901-8c99f806ef2b_MaHCO_HLA.owl_functional.owl,250363467,730670966,981034433
approximated_1a6cb89a-2c0d-4312-9d12-de7432da7de8_Sago.ttl_functional.owl,16659477,3795179,20454656
approximated_8835254a-d48c-4484-9c53-743e5b468051_y_anatomy.owl2_functional.owl,287736929,764877992,1052614921
approximated_2ae4c01d-9eee-47ac-9a3f-7b4e9732196c_alogAction.owl_functional.owl,21226497,12563787,33790284
approximated_00412.owl_functional.owl,109998769,213773905,323772674
approximated_00290.owl_functional.owl,122607434,6014007,128621441
approximated_2401b923-6f17-47a2-8602-5011c4bb27ad_yces_pombe.obo_functional.owl,1206439401,1900726933,3107166334
cmo.clinical-measurement-ontology.62.owl.xml_functional.owl,64526215,147577855,212104070
approximated_1c0efde0-5fdf-44a5-81ee-a4ec0f85b33c_le_systems.rdf_functional.owl,18266567,7949751,26216318
approximated_c8c3c75b-ea78-410d-bbb5-e8d3f433e50f_Bonifaz.ttl_functional.owl,17683890,3768948,21452838
approximated_5bdce687-de12-4e27-8e1b-286cd33c696e_Chalk_line.rdf_functional.owl,15178080,3914132,19092212
approximated_089eca65-5578-4060-bfd8-f7ffcef69986_Cake.ttl_functional.owl,14767257,3840383,18607640
approximated_d53aaa52-caba-4cca-8436-5b0e0f1d5015_alResource.owl_functional.owl,147950094,250494133,398444227
approximated_20b1f6c4-5c2a-4248-b6b7-9b5942dd6de5_Bread.rdf_functional.owl,12554094,3988977,16543071
approximated_a0a531aa-f892-4b45-8022-ac8dc6001ab2_so.owl_functional.owl,50300964,116369800,166670764
approximated_00446.owl_functional.owl,48480445,89155877,137636322
approximated_kb-owl-syntax-unraveled-depth-1-cardinalities-triggers.ofn_functional.owl,483369806,1116334238,1599704044
approximated_fa57f422-d4a6-4b01-bd80-af8f44cd9481_nAtmoFront.owl_functional.owl,135959616,214279527,350239143
approximated_31751ba0-6a59-4dee-9243-70a1ec90bf49_erFinalOWL.owl_functional.owl,17167078,4207958,21375036
approximated_81ccf70e-b4cd-493d-8478-a780ac42ac27_ecg.owl_functional.owl,9410765,6813715,16224480
approximated_4501adbb-127a-409f-9e10-cb84ae5e2e29_Ice_scraper.rdf_functional.owl,9937575,3792803,13730378
0c593ec0-1894-4be9-9277-02fe59d42a49_mod.obo_functional.owl,65893717,170740700,236634417
approximated_7de2e54f-8b2f-46b3-89d3-6206aff37749_physEnergy.owl_functional.owl,27117424,37798373,64915797
approximated_0abccd8e-2b19-4af2-a0b8-0548d21854b2_dataset.owl_functional.owl,37739582,48314483,86054065
1da6f83f-8270-4280-beda-3f377ea15685_aprimitive.owl_functional.owl,10341848,8914364,19256212
35c12d3e-b4e6-4615-b86e-59068de2eebc_onto.owl_functional.owl,12476910,3206578,15683488
approximated_9413a25f-fca6-496e-a121-bbb548504579_skeleton.owl_functional.owl,8342177,10195365,18537542
approximated_4bfd6c03-5835-42d7-902d-dd28a8635114_FN1.1.rdf_functional.owl,12241910,2054903,14296813
approximated_1ebee42e-44e9-4497-862d-1c5e5012b634_Pez.ttl_functional.owl,18188656,3814392,22003048
5864c686-5ad1-4379-97c6-81451d133c9f_p_anatomy.owl2_functional.owl,28835190,5899814,34735004
approximated_38ac6b6a-f06c-44b0-9cc9-68eaa90428b1_PaulFisher.rdf_functional.owl,13212970,3590338,16803308
approximated_5a122dfc-2433-44fb-93b2-1093bcfec164_Hip_boot.ttl_functional.owl,11644558,3718970,15363528
approximated_e021b7c2-e947-429b-bb23-e6b11e309fd7_alignment.owl_functional.owl,17172417,4279479,21451896
approximated_beacb7c2-e0e5-4ca7-90fb-bbd5a0adef73_matrWater.owl_functional.owl,140702234,252057264,392759498
approximated_51f0b1e7-8c80-4154-8baf-afd494621359_Raejuusto.ttl_functional.owl,15518065,3868064,19386129
approximated_e5bc6295-4306-45d1-b93d-6f85ac4e1937_complex1.0.owl_functional.owl,13798144,9962642,23760786
approximated_5f2b6e58-6c76-49e8-9ab5-c91adc81633e_Cuba_cheese.ttl_functional.owl,18099857,5869402,23969259
approximated_50ab3c45-612a-41aa-ace9-5fa7c489bf22_Lobster.rdf_functional.owl,10154403,3677084,13831487
approximated_224f6cd2-8179-4424-8589-594c837b1afd_ralogActor.owl_functional.owl,12820003,10745793,23565796
approximated_f3f99738-aa89-4a6b-b560-3fd2ff0de3f6_us1gov_functional.owl,19144349,15542183,34686532
spd.spider-ontology.21.owl.xml_functional.owl,31117226,44037582,75154808
approximated_8a2ad4e0-258e-4d8f-8bc7-0e9651fb4893_cedar.owl_functional.owl,41845523,25095199,66940722
approximated_7911695d-790e-4503-b90c-8ca9b16e2905_wine.owl_functional.owl,38064905,16994941,55059846
approximated_19d2d4a2-3610-4681-88f1-5d5616f011af_gnetometer.ttl_functional.owl,11205690,3801696,15007386
approximated_00018.owl_functional.owl,24959191,24025552,48984743
approximated_2f124dd5-9aae-427f-96fa-0464d5abcd5f_History.owl_functional.owl,26499487,20057075,46556562
approximated_kb-owl-syntax-unraveled-depth-1-cardinalities-disjointness-triggers-constant-classes-value-nominals.ofn_functional.owl,750427924,1792542817,2542970741
80bf8685-0e15-4780-8e61-7130e4e777c6_00Ontology.owl_functional.owl,214458874,22208237,236667111
approximated_d878e341-1206-4c50-9a40-52bb2e978fa8_KCO_dlp.owl_functional.owl,121938690,20430890,142369580
approximated_0cbfc84a-c109-4750-ad33-8fac54c69a7b_IPod.ttl_functional.owl,112272598,3841959,116114557
approximated_1b406a3c-58b5-4325-8a21-f72158f55c11_e.obo.PREVIOUS_functional.owl,1968917152,2097312051,4066229203
131cc380-4c47-49e4-ab2a-732a56a158bf_FBbt_XP.obo_functional.owl,416175298,829691098,1245866396
approximated_1e6dbf1b-c7d6-45f8-a6cd-d3e765afcaa1_stateSystem.owl_functional.owl,137920785,214796724,352717509
85c3f1fc-9f27-43c8-9c76-109a3c844774_Animal.owl_functional.owl,18829633,3800316,22629949
approximated_3d732777-0ae6-436b-a856-8d2a99dadfc1_Pentium_II.ttl_functional.owl,16765003,3961128,20726131
approximated_e36758bf-c2af-4529-ac3c-355f1ad87ff7_Bluray_Disc.ttl_functional.owl,34329673,3824135,38153808
approximated_6942f2b2-bfbc-41c3-b747-663c02a9fe55_ties200512.owl_functional.owl,17976635,16058059,34034694
approximated_0d5bcc5a-8863-4917-9ea3-c4b94cf0054b_face_water.owl_functional.owl,18685341,1987451,20672792
approximated_486299da-47ba-4f26-9b7b-b6ce718c4ed8_Pita.rdf_functional.owl,16908965,3718109,20627074
approximated_3163886e-c6f2-4e5d-a042-6f7352586600_Tea_set.rdf_functional.owl,13284404,3779450,17063854
388c39d6-8712-4e1e-b74f-b1f3fb3c0382_onto.rdf_functional.owl,12556335,3336947,15893282
462874ff-75f3-459e-8b82-256358577fdf_alianatype.owl_functional.owl,579163565,1629977509,2209141074
630748b0-bfe8-4c1d-b0be-d464209a3c76_eKrankheiten_Z_functional.owl,9779959,822932,10602891
approximated_22f1b747-591b-4280-9caf-4612f13073e6_an_sausage.rdf_functional.owl,15033279,4452361,19485640
97091fce-4a28-4f82-a662-201df6c66259_ecoForVariO.owl_functional.owl,15987572,7776624,23764196
approximated_ef6480e1-8fbd-4f93-acd8-dee4e7d1a710_Pin.rdf_functional.owl,11295940,4054610,15350550
approximated_ogms.ontology-for-general-medical-science.8.owl.xml_functional.owl,16923819,10793035,27716854
approximated_kb-owl-syntax-unraveled-depth-2-km-relevant-cardinalities-constant-classes-relation-axioms-value-nominals.ofn_functional.owl,422250526,1037813536,1460064062
0552ebca-2b2f-4d14-af4a-9ffaac6a5159_HAO_functional.owl,191572487,233050906,424623393
6241f7dc-d77b-4589-a411-6a6a2e1faf34_onto.rdf_functional.owl,88516350,669946,89186296
approximated_857e6dd9-d531-4c49-95db-4d43cc97f61c_ontinental.owl_functional.owl,144429653,217653103,362082756
approximated_00453.owl_functional.owl,18980535,7388865,26369400
approximated_570d94a7-ca42-4f6d-a22d-1e7bf90e34cc_ll030210RL.owl_functional.owl,58784184,15467631,74251815
approximated_530c73f7-7653-47d1-8207-08dba7bcd5df_Archimedes.rdf_functional.owl,14333287,3897561,18230848
approximated_dd1ba0ea-4a33-4219-a560-56e190c20448_Service.owl_functional.owl,18182526,10663911,28846437
approximated_eda88f7a-1896-4529-aae4-460d1acfb2cd_notenskalen.owl_functional.owl,16250206,11895919,28146125
approximated_b347242a-d2e4-4eea-a2c6-79e750275ef6_ter_hammer.ttl_functional.owl,21521067,3812878,25333945
approximated_02b96981-3422-4e43-9af7-bc9f64e35632_esTresviso.rdf_functional.owl,10902824,3785490,14688314
approximated_12ef49dc-1f5f-4768-9442-7f738f366765_TRAIL.owl_functional.owl,55172890,9608571,64781461
c3b123e3-92ae-4144-ac56-1ae5cb36c3ed_nnotations.obo_functional.owl,18120846792,43219970735,61340817527
259cd8e6-6069-49db-b971-3d342a604c57_Building.owl_functional.owl,32349365,5691344,38040709
approximated_3afdb1ad-2b1d-49f6-a588-fa860f3f74ca_request.owl_functional.owl,11150935,5224370,16375305
approximated_f55af61b-54c4-4715-8412-fba11c3f6d30_ockIgneous.owl_functional.owl,143870753,315953420,459824173
30db90fc-6d0c-48c3-a027-53492a644cea_College.owl_functional.owl,16676541,851385,17527926
3b5e14cc-06e0-498d-9054-4ab85a6cb18b_classified.obo_functional.owl,147488116,264462320,411950436
approximated_36c7a54c-67d6-4681-a461-ab13426c7e66_Rice_Candy.rdf_functional.owl,21545799,5802142,27347941
approximated_ba124800-7f8a-47be-bafd-2992d356e4c5_chemProcess.owl_functional.owl,31281987,44788439,76070426
approximated_f882cdd1-fb60-424c-9ab6-e991d94a9db1_inOntology.owl_functional.owl,10293140,3496032,13789172
efdc2a3d-b99d-4695-9d86-c000183b0c47_emapmerged.obo_functional.owl,464830336,886328901,1351159237
approximated_48550a9c-4a75-4e8c-b9b2-acda06f624ce_Pippo_Baudo.ttl_functional.owl,12720212,3820438,16540650
approximated_62ed5c86-bf8c-4b52-ab76-c45e9b94a7cb_mBiolBiome.owl_functional.owl,144082438,255365319,399447757
c66c3e01-27f7-4fd2-9a38-b235bada5183_ntainRange.owl_functional.owl,16542909,1532590,18075499
approximated_99d33d70-3ac4-4379-bde9-df7fce86f0f0_p.obo.PREVIOUS_functional.owl,64142169,134053577,198195746
approximated_00475.owl_functional.owl,10630821,5494550,16125371
approximated_ff6eae64-1331-4d3a-a7e8-63fda72fc572_dProtected.owl_functional.owl,137277293,221098225,358375518
approximated_kb-owl-syntax-coreference-IDs-km-relevant-cardinalities-disjointness-triggers-constant-classes-relation-axioms-value-classes.ofn_functional.owl,900010980,2319849360,3219860340
approximated_04473fad-b0c8-4e6a-bc17-bfb9e47867cf_moPressure.owl_functional.owl,245213387,217341267,462554654
0707be50-bd13-400e-9664-5a058bfeac93_umls.owl_functional.owl,92193525,6990873,99184398
approximated_kb-owl-syntax-unraveled-depth-0-km-relevant-cardinalities-disjointness-triggers-constant-classes-relation-axioms-value-classes.ofn_functional.owl,552248861,973738565,1525987426
approximated_ogsf.ontology-for-genetic-susceptibility-factor.8.owl.xml_functional.owl,87347347,36246606,123593953
approximated_bd4a4bf7-94a4-4711-9081-c4da23e7f3fe_Solar_panel.ttl_functional.owl,131032119,3826619,134858738
approximated_00769.owl_functional.owl,127627825,302193454,429821279
approximated_9fc3a460-e47a-4bad-b99e-7f4c2a49b38a_onto.rdf_functional.owl,132385095,5561019,137946114
approximated_046b927a-8ad5-4078-a70f-8bfdfa4a4339_nt_xp_self.owl_functional.owl,159353489,43551451,202904940
approximated_f44c972a-392a-40ce-9c07-0b149ecda607_GUM3.owl_functional.owl,121194935,12328261,133523196
approximated_kb-owl-syntax-unraveled-depth-3-triggers-constant-classes-relation-axioms-value-classes.ofn_functional.owl,568738565,1041299282,1610037847
approximated_0ad7499f-300b-461b-93ea-223aec64f71f_chemistryv8.owl_functional.owl,16865430,7778702,24644132
1968b1db-9ffd-45af-96e6-96b343536f1e_egoryDeveloper_functional.owl,11716236,761557,12477793
17ec95e7-c695-4991-a777-417404863792_Heilpflanzen_A_functional.owl,10153272,707317,10860589
approximated_ffb1103e-378b-4566-96ec-1254e3e5f9da_combinator.owl_functional.owl,20939162,8924140,29863302
approximated_38144779-b4a5-4c10-80f6-521f8bab21b4_IPad.ttl_functional.owl,15430528,4273768,19704296
c5168110-6bea-4951-9a9b-6fd7d1377d00_flanzenatlas_E_functional.owl,13719734,733938,14453672
approximated_5c54d9f1-7a00-4df2-884d-50c9a8ebc4d7_Piston_pump.ttl_functional.owl,11595696,4556887,16152583
approximated_380432c6-efde-4642-b74c-5eab39b7d7db_InspireTN.owl_functional.owl,15578458,5362127,20940585
356d962d-4302-443a-beca-84a2574f46ef_xamplefull.rdf_functional.owl,15247498,1400628,16648126
88570258-0cfa-4dc0-972e-f9033c908348__documentation_functional.owl,9607543,758571,10366114
4154ae8a-1450-4a62-9234-5596fc7f7d5d_Olympics.owl_functional.owl,16559857,1320235,17880092
approximated_2d66630d-5034-4a21-9470-8b2b0e2ce521_phenAtmo.owl_functional.owl,141132200,221747102,362879302
approximated_c53cfd13-426e-4816-b24e-1a543085cc70_matrRock.owl_functional.owl,140934596,253224247,394158843
approximated_4818c781-8a1c-4362-84b3-ee0ab2556f44_compute.owl_functional.owl,14580159,7967963,22548122
approximated_6223947e-54bc-4384-bd37-7cae5693f0bd_wineshort.owl_functional.owl,18525539,3989542,22515081
approximated_1ad584e5-ca51-4bd9-bc6c-c5baef4e4c84_ofntb_v1.owl_functional.owl,14736569,5538091,20274660
approximated_08dd1e87-a0b2-4c0a-8a49-c622a9c9ca1f_kel_He_178.rdf_functional.owl,14563916,3738370,18302286
approximated_87abf9c6-f535-4ae5-b413-ca733d2be23e_vation_v14.owl_functional.owl,12847092,6463491,19310583
e5a89a48-7c48-48ab-8e64-bfdfb3e62e8b_tegorySMW_site_functional.owl,18221660,1685697,19907357
approximated_kb-owl-syntax-unraveled-depth-3-disjointness-triggers-constant-classes-relation-axioms-value-nominals.ofn_functional.owl,674511498,1546636555,2221148053
approximated_8b8536de-1fa8-43ca-af4f-3a79ed962379_nic_Cheese.rdf_functional.owl,16109590,3777662,19887252
approximated_1a063c66-cce1-42a3-b6cc-14e8cb62716c_Pantysgawn.ttl_functional.owl,10450811,3835198,14286009
4af2cc4d-c110-4edd-8577-ececc6ed466d_classified.owl_functional.owl,24276581,47400921,71677502
approximated_7153640a-2069-4d94-b910-9fefe470d3d6_sbpax2.owl_functional.owl,13157521,10032709,23190230
approximated_a808e8be-d410-4e04-886d-04f51ed33722_onto.rdf_functional.owl,9557140,4837005,14394145
approximated_00694.owl_functional.owl,162187930,397561269,559749199
approximated_004bcac9-cc85-49ce-b887-95ef9d6f7f0d_Validation.owl_functional.owl,131727422,219244154,350971576
approximated_379c8d82-b2cb-4598-a878-1dad8290017f_ary_cutter.ttl_functional.owl,16896249,3854557,20750806
approximated_kb-owl-syntax-unraveled-depth-2-cardinalities-relation-axioms.ofn_functional.owl,459481595,1061851865,1521333460
approximated_f847c2df-01de-44f7-bc4e-8ab565fe5836_90121_5_TQ.owl_functional.owl,28001319,22243371,50244690
approximated_2ea0bd1b-fe42-4600-b5ca-bbb260e24a1a_PaulFisher.rdf_functional.owl,15827484,2919018,18746502
1867ad39-0316-48f6-b525-4f61dfcd70d9_t.obo.PREVIOUS_functional.owl,26442162,21632642,48074804
approximated_9826340a-70f1-4e9d-8f8d-bc5de99ff668_bstractbio.owl_functional.owl,15442954,17104729,32547683
approximated_87525e27-1cf5-4f43-856f-0275c21cf7bc_opendaprdf.xml_functional.owl,22496097,4543790,27039887
approximated_371fe108-1eb5-4856-a1e3-5187fbc1e22e_EndNote.rdf_functional.owl,11594431,3808149,15402580
061c8c2c-c09b-4496-9ffb-16118b5507f7_Aircraft.owl_functional.owl,16912014,1969879,18881893
57acf32e-7c2e-42e9-811a-e81884e69f51_hp.owl_functional.owl,232110784,730272796,962383580
approximated_058cece0-8d18-43ff-94f7-42c44c9ac3e1_esg.owl_functional.owl,96235093,26672921,122908014
approximated_8cd43f9d-a801-4810-b206-5c4648809839_chemtopcore.owl_functional.owl,14925868,7868240,22794108
approximated_a53cade5-cd71-4383-87ac-a1769c449c6a_opPressure.owl_functional.owl,138984853,216706649,355691502
approximated_03898ebd-78bc-41f7-ae80-bcb3172df6e4_Twoman_saw.ttl_functional.owl,10247058,4484304,14731362
1087ecda-74d6-4676-99c1-ae4157e4cc8d_classified.obo_functional.owl,236264890,733726933,969991823
b15cb30c-4105-40e4-ad76-15d36c9a3dfc_stimulus.owl_functional.owl,15280788,17435000,32715788
de8de576-ae9c-4150-bde9-521013df6ba5_MI.obo_functional.owl,42581858,117626484,160208342
approximated_0fd75b6f-4fc6-4495-9ddc-eebc3f65fdd1_dublincore.owl_functional.owl,20951185,19530333,40481518
f64c043f-ba70-4d39-9326-c79f5f67b9cd_classified.obo_functional.owl,123377372,264276147,387653519
approximated_4ea74a4b-193f-4835-a6c5-2081d1091ba7_eOntology.daml_functional.owl,11996266,5359573,17355839
approximated_00009.owl_functional.owl,19483388,5447476,24930864
d3c3db45-6e64-4114-9407-1e277dc86862_PGDSO.obo_functional.owl,13470729,14069927,27540656
approximated_12f36632-5e47-4afc-b9a2-c26f389217c1_crime8.owl_functional.owl,24989890,11207812,36197702
approximated_f76c2d04-123f-4321-a815-f25bbd4b2dec_ossAnatomy.owl_functional.owl,166065202,350258332,516323534
approximated_1dead87e-a09d-4701-a762-5126010c7b4c_Stevedore.rdf_functional.owl,15592487,3879109,19471596
approximated_99b53125-2382-4241-a828-558d255acda0_Lap_desk.ttl_functional.owl,12769827,3752972,16522799
approximated_aed287be-cc9a-478f-bce9-6d5659e2e6bb_WindGlobal.owl_functional.owl,101827431,214410254,316237685
approximated_7407e96a-be14-487c-a01a-3594df24e36c_yDocumentation_functional.owl,15508622,2018356,17526978
approximated_6b102094-efed-4d26-8733-fafde02c9597_CategoryPlugin_functional.owl,19270627,2958398,22229025
b5053c8c-4458-4659-9229-6b18b1fbcd41_Astronaut.owl_functional.owl,20535219,1696752,22231971
e45323ce-3eaf-4d88-a3fb-4636b5cf4257_figorg.owl_functional.owl,332636149,678479595,1011115744
approximated_c4137b4c-34dd-43e9-bca5-0d454e2ba8b2_topology.owl_functional.owl,17520503,4813073,22333576
approximated_4a1d331a-38bb-46ed-88e4-51a530a822f4_MK14.rdf_functional.owl,13116380,3965771,17082151
approximated_08dd7c7e-bd29-4ae4-8dc4-84be3a73f55f_Hoop_skirt.rdf_functional.owl,10974994,3865543,14840537
43221dae-c7fb-4cb9-99a3-a1b286645dae_CategorySMWCon_functional.owl,15759938,1784074,17544012
approximated_6a8f0423-9f32-4baf-bb61-098baa909de1_atmoSky.owl_functional.owl,102781759,208586723,311368482
approximated_kb-owl-syntax-unraveled-depth-0-cardinalities-disjointness-triggers.ofn_functional.owl,365825778,821638886,1187464664
approximated_fa94b62b-484e-4ab8-abb6-1ab9407d41a1_egypt.owl_functional.owl,18922918,4710390,23633308
approximated_00630.owl_functional.owl,62351164,113248116,175599280
approximated_2bb8fc52-a2a1-4d53-94e7-fc069e42e313_aminoacid.owl_functional.owl,15254100,8265959,23520059
approximated_00345.owl_functional.owl,32269524,17745011,50014535
approximated_00591.owl_functional.owl,50711139,126045646,176756785
57dc1631-dc30-4405-8c59-c6af4b1e4221_gaz.obo_functional.owl,27051260506,47835907697,74887168203
approximated_59d31aa2-5d97-4940-9eb1-0da54a258a72_uomeCore.owl_functional.owl,30279831,8902724,39182555
approximated_6c7f1cf5-6e8b-41df-a26a-07252efe8278_tegoryOwlThing_functional.owl,11000572,2148471,13149043
approximated_533e5c9b-2b41-408e-9009-5f35429a9fa5_tingPlaces.owl_functional.owl,16442137,10950984,27393121
8a0c3f0a-41c0-434e-9119-d0cc03f387d9__v5.0.2__.rdfs_functional.owl,23715682,6446309,30161991
approximated_a348491b-e27e-4e9d-af46-120e5824de7d_eam_cheese.ttl_functional.owl,19208404,4092847,23301251
approximated_c51645d9-42a2-441d-8576-8e988683c508_ontoutf.rdf_functional.owl,19012218,5171721,24183939
approximated_f9fca5ec-77a7-4dd6-a04f-f585ed3d61a7_Hedgehog.owl_functional.owl,30289673,7849498,38139171
approximated_0c33cfee-74c1-480d-bb37-5182de8c1217_ll.obo.CURRENT_functional.owl,297111623,557607956,854719579
approximated_USDA_sr25_NF0_10.owl_functional.owl,77448872,18528918,95977790
approximated_0b47829b-9fdd-4d82-86de-7a134feca500_OGMS.owl_functional.owl,15479634,6339618,21819252
approximated_ee844417-b0ca-4f33-9671-157bd414b08a_lca0.owl_functional.owl,17567626,3592651,21160277
be16e248-6e34-4cd9-9091-2c94c4a1e0e9_ccerLeague.owl_functional.owl,18019807,1820510,19840317
approximated_5b70d6a8-8c28-4891-82c7-5811635ad1fd_iaeensembl.obo_functional.owl,966638704,2353746805,3320385509
approximated_4d300490-0c5f-4770-a5af-f35679cf763a_appy_Hippo.rdf_functional.owl,17245960,3736036,20981996
approximated_fe3ad35b-eba7-4bc8-a828-eeb8ad84ecce_IOLite_v17.owl_functional.owl,21082094,16389333,37471427
approximated_db5c53ed-d86f-4959-a8dd-65ac340817da_lmm1.owl_functional.owl,18755206,18219423,36974629
approximated_uberon.uber-anatomy-ontology.210.owl.xml_functional.owl,814366284,2159776027,2974142311
f2aabc0c-17fc-4f9b-ac0f-db6cdc846a1b_Valley.owl_functional.owl,20878734,1931514,22810248
02b17082-5f51-41ee-8750-74f7c79c3026_Actor.owl_functional.owl,13391327,1313364,14704691
facb5031-ccc3-4361-8838-448bc5c2370f_ecosimple.obo_functional.owl,18499294,22700839,41200133
approximated_9a7e01b0-32e5-4fe5-bd23-50c8541cb2e9_stateSystem.owl_functional.owl,134726825,215534250,350261075
approximated_6df72770-9844-420a-9c37-5f14d3d7ae67_scienceOWLq.owl_functional.owl,44860338,14516059,59376397
approximated_668adf7f-3cfb-4ba8-b903-8786a91dd4d6_IPR.owl_functional.owl,15402221,8784983,24187204
approximated_897ee834-b0d1-499b-8bff-5826d7c005f9__II_series.rdf_functional.owl,13128724,4011807,17140531
approximated_d43f8ad4-20db-48e9-a656-9ea474502c3d_104onto.rdf_functional.owl,15911101,5294572,21205673
approximated_cd0a8135-bb47-4f36-b702-3cbb973e0cc5_ntOntology.owl_functional.owl,15819880,6303882,22123762
approximated_5052db14-73cb-4b58-a6ae-358ae703393d_hom_rev.owl_functional.owl,86480096358,3.06837E+11,3.93317E+11
434bb2e8-cd81-46f0-a987-ffd759457597_prerelease.obo_functional.owl,1076062290,3098641868,4174704158
approximated_cf577f56-208e-479d-8aef-6d979ad707dd_PlansLite.owl_functional.owl,19105272,16798077,35903349
approximated_169a7b10-d9ac-4a8b-817e-2f5a11b2310a_eryContext.owl_functional.owl,12333654,4938636,17272290
approximated_e767b141-3587-4b82-b70d-fd99edb05a4a_Danio_rerio.obo_functional.owl,3504323146,8010707701,11515030847
approximated_0507d1c6-5536-41fd-b717-a51a3f5cbf4f_PD.owl_functional.owl,77807070,87427723,165234793
fa0944c1-0b34-4388-9ae0-82937546a70a_SUMO.owl_functional.owl,65681631,41355217,107036848
approximated_kb-owl-syntax-coreference-IDs-km-relevant-cardinalities-triggers-relation-axioms.ofn_functional.owl,746283779,1723259859,2469543638
approximated_0a4d615a-c4fa-4824-bb65-55d96ecfd8ed_Corinth.ttl_functional.owl,17308839,3833819,21142658
approximated_df25eea7-56b1-44e5-9360-934faff9d936_Ponceau_4R.rdf_functional.owl,16106532,3775730,19882262
approximated_6e0146dc-dc66-43b9-abf3-ab629bba1ea1_Pliers.ttl_functional.owl,12235691,3945047,16180738
1e6a2a96-fb28-4083-8bde-1bce0fb07c40_ms.owl_functional.owl,54048454,129031613,183080067
approximated_d9fe555b-a491-4f92-8a94-54396c264e15_onto.rdf_functional.owl,12362846,5130594,17493440
approximated_kb-owl-syntax-unraveled-depth-4-km-relevant-cardinalities-relation-axioms.ofn_functional.owl,354150954,872838318,1226989272
approximated_8e15a194-d74c-4ab7-9493-cf7cd507fafb_zedneweb.rdf_functional.owl,9368427,4457371,13825798
approximated_15003dd8-c454-4d57-9f1a-16704597d97c_edElements.owl_functional.owl,18271645,6937022,25208667
approximated_d497586d-fca3-47ad-8f01-75b46a738364_eolVolcano.owl_functional.owl,133843811,219521532,353365343
approximated_2f07617c-68bb-46d3-ab83-eb005a760e94_onMarathon.owl_functional.owl,18041371,6389728,24431099
approximated_b57ac414-a41e-4cd0-9b7c-6979607c515c_tourismB.owl_functional.owl,19376800,29331278,48708078
approximated_213ff15b-9cd2-4e79-ae93-facf6449281e_ire_cheese.rdf_functional.owl,14613704,3856606,18470310
approximated_b2b3b1dc-3663-469a-b5f4-f08fc3f6a007_.rdf_functional.owl,13757172,7203839,20961011
approximated_987033c1-a245-4fdd-a1af-c8aadffadf62_phenSolid.owl_functional.owl,137703769,250110734,387814503
approximated_2288fd48-f982-4827-b07c-dd46fd6053c4_itionGroup.owl_functional.owl,20945463,11358477,32303940
approximated_407ab8bf-6178-48ec-b4bd-b686f51cdb04_ero.obo_functional.owl,65932259,142372838,208305097
0533595c-ead5-40f5-a57d-39f8bfd69a04_KategorieNerven_functional.owl,11245602,817755,12063357
approximated_cb43df96-d97e-409c-92a2-48948a77f1d4_Athlon_II.rdf_functional.owl,11885548,4053988,15939536
go-ext.gene-ontology-extension.2.owl.xml_functional.owl,1598155291,3541097023,5139252314
1d400aee-3cbf-49dd-a937-4efb91f65c2d_emapa.owl_functional.owl,484473256,928674084,1413147340
approximated_cd8c5bf7-5c0b-4d05-b453-8b4999616316_onExamples.owl_functional.owl,18643988,4466472,23110460
approximated_77c0992e-a919-444f-95c1-082da549ce77_Aluminium.rdf_functional.owl,10774859,3917462,14692321
1578c4c7-2fda-4345-9e86-a5dcc5d62fea_allusensfm.owl_functional.owl,495492860,1097585499,1593078359
approximated_kb-owl-syntax-unraveled-depth-0-cardinalities-disjointness-triggers-constant-classes-relation-axioms-value-nominals.ofn_functional.owl,429396670,929306613,1358703283
approximated_293eea63-ad92-4398-a28d-12af00526bbc_c_pipework.rdf_functional.owl,11829458,4019879,15849337
approximated_zfa.zebrafish-anatomy-and-development-ontology.36.owl.xml_functional.owl,245127320,572644236,817771556
approximated_a296d5d9-7a9d-471c-9e6f-7130d624dae5_ho2.owl_functional.owl,9239246,7939802,17179048
approximated_844cdbf2-dc80-4f98-a8cb-9b0033c14c8f_foot.owl_functional.owl,21262882,13481909,34744791
approximated_6338a2ad-d196-4c6f-97e7-211a3194c8b2_Acetone.rdf_functional.owl,18714600,3783957,22498557
approximated_e3865e6b-5812-4821-b993-bbe5c9d287aa_phenWave.owl_functional.owl,132534791,217764572,350299363
approximated_e2ea3f60-7908-444d-887f-12c542b5a858_ssOntology.owl_functional.owl,20115299,3709175,23824474
approximated_5a2e30bf-e243-4d86-bb4a-849a0d00cfe2_Antidoron.rdf_functional.owl,13134257,3938035,17072292
approximated_44c070f6-9795-4cd1-94fd-74d061816277_properties.owl_functional.owl,16043364,1191874,17235238
9cb5f78a-6d8b-4c1f-b9bb-60aeb7fe1553_NIF_Cell.owl_functional.owl,15357899,17760507,33118406
approximated_48e59368-d026-4018-ba3f-fff45809f1be_ro.owl_functional.owl,12952894,5081887,18034781
approximated_070cf5de-2d18-4c0e-a6bb-5cb35bde2043_action_functional.owl,19020158,9209823,28229981
approximated_ngsonto.ngs-ontology.21.owl.xml_functional.owl,17333876,10397737,27731613
approximated_1c0a729d-02dc-4789-8b49-b5a7679c9ff1_gyVersion3.owl_functional.owl,15170757,7617818,22788575
approximated_af1aaeba-21f0-4368-ad0d-69d34223d776_partimenti.owl_functional.owl,18093241,10045279,28138520
approximated_779c6780-83ae-46d5-93a7-4c772e4aa38a_core_subset.owl_functional.owl,26131326,35306250,61437576
approximated_450dab4b-06e0-47e6-ad6b-95782c3d4850_les_cheese.rdf_functional.owl,95097467,3968716,99066183
approximated_0178f9d7-734b-4a2d-9102-6bc23e102a6c_rtbouillon.rdf_functional.owl,18317656,3986912,22304568
approximated_f0be0f6e-b9f3-4947-bcd7-6c24299be333_sigma.owl_functional.owl,49020950,57854328,106875278
approximated_a126e40a-23a0-4aa4-b380-4375eab8b92c_Tollatsch.rdf_functional.owl,92178157,3721654,95899811
approximated_82fc6e84-7c98-4eac-baa5-db7a161565e0_Worm.ttl_functional.owl,22546584,3958840,26505424
approximated_104924f7-0a72-47fb-b9c5-2d672c9c7773_mergedtbox.owl_functional.owl,5879186262,13876112758,19755299020
approximated_61a30661-23e2-415f-b470-cb2fa033359d_eSituation.owl_functional.owl,47272344,5274474,52546818
approximated_748a78a6-ef2a-4a8e-a145-e8b827ea0b46_5_Maverick.ttl_functional.owl,10986504,3878009,14864513
approximated_8799de7b-9928-4b5f-80dd-00a77832fe9c_griculture.owl_functional.owl,140468314,258958126,399426440
approximated_bc3ffb56-bdc7-4d18-b305-018c39bb1b70_tegoryMetadata_functional.owl,86907097,2114890,89021987
approximated_389dc2d1-fb9c-46fd-8c05-c3cb293d9edd_andFluvial.owl_functional.owl,260870505,220645901,481516406
approximated_9c2b9cf9-4d6b-45ae-8adc-83c966bf02ec__phenotype.owl_functional.owl,504148248,487796156,991944404
approximated_2d1192ce-4260-4993-89ab-9c4510967e68_machine_v2.owl_functional.owl,20948919,12105392,33054311
approximated_530266ef-e6a5-46ec-b4cb-fed21fdcb5b2_Hair_dryer.ttl_functional.owl,20354177,3812363,24166540
approximated_6bdb9f1f-4f08-4731-9624-5354d2aec0c2_Tail_lift.rdf_functional.owl,35258899,4532473,39791372
approximated_ec538584-6161-4b45-9681-6cdd210213ff_biobridge.owl_functional.owl,43983151,5006082,48989233
833d20be-879d-4801-93b5-6c3d05c7ef67_ve_biology.obo_functional.owl,39915937,44059094,83975031
approximated_04ebd5c9-543e-449a-9eea-35a806e9dfbd_nch_shield.rdf_functional.owl,12238459,3985869,16224328
approximated_5758bcce-e925-417f-86c6-29d1f8721dd1_Radiata.rdf_functional.owl,9920928,4387253,14308181
approximated_91386747-1edf-47ff-a382-8f18e663255e_NIFFunction.owl_functional.owl,8619857,7221991,15841848
bd06c332-9f2f-4bff-977d-2bfe09b9cb6e_Conifer.owl_functional.owl,15046995,973231,16020226
4d4e32df-26e5-4020-b802-be1f3205a038_ls_DAG_1_3.owl_functional.owl,21602614,50624832,72227446
dec31969-74ab-4636-b9e3-2f673cc7b83a_sumonew.owl_functional.owl,38803130,36453376,75256506
approximated_8fd77ae1-8f38-4cb2-a0ff-bd12804a0f13_wineCR.rdf_functional.owl,47277614,30347816,77625430
approximated_014b7ef5-e7a8-44b1-b487-098954ed6c2e_go_xp_all.owl_functional.owl,1989051055,5532450534,7521501589
approximated_8ba23d71-02a4-41c6-8781-7df92b01b326_partimenti.owl_functional.owl,40389134,5775742,46164876
529b5f82-8af0-44cf-a6cf-8c480f875457_behaviorel.obo_functional.owl,29611280,57874319,87485599
approximated_kb-owl-syntax-unraveled-depth-1-cardinalities-disjointness-triggers-constant-classes-value-classes.ofn_functional.owl,786338038,1775667923,2562005961
62ee4103-ff49-48e1-af67-929cd52803c0_sgenechrom.owl_functional.owl,1884514865,2324911520,4209426385
cabb0653-dfc8-4006-80f9-5b17cb17a814_envo_xp.owl2_functional.owl,47702466,102640994,150343460
4ecbd33e-2619-4493-a74c-0ac462792457_classified.obo_functional.owl,5475911,12584554,18060465
approximated_3b3054be-0d78-4a53-aabe-89fdbcbb8eb5_Fire_brick.rdf_functional.owl,10767470,4204623,14972093
approximated_61c63a71-31bc-4eb8-92b1-e777e5b7f461_ish_coffee.ttl_functional.owl,16701893,3806430,20508323
approximated_e2d645f4-6515-49f7-a5b6-5b2422314de5_landCoastal.owl_functional.owl,85348687,177504818,262853505
approximated_080a0405-7304-4120-bba4-e1bd322402e6__component.owl_functional.owl,82081421,218741798,300823219
approximated_kb-owl-syntax-coreference-IDs-cardinalities-triggers-constant-classes-relation-axioms-value-classes.ofn_functional.owl,639903297,1840611977,2480515274
approximated_00366.owl_functional.owl,43031645,6741091,49772736
approximated_60b2b488-5daa-4181-9a58-7bd4bfcbabba_NEMO.owl_functional.owl,69996745,134606251,204602996
approximated_bcb593a2-748d-44c8-a696-bca2acbf08b2_rn_battery.rdf_functional.owl,16925518,3838535,20764053
approximated_5a50ada9-ee41-427c-a956-2776e745a1b3_Salt.ttl_functional.owl,16533592,3810969,20344561
086afcb9-d836-44bf-8a44-1c999b2ebdc0_spergillus.obo_functional.owl,15263696,6973319,22237015
approximated_phylont.phylogenetic-ontology.7.owl.xml_functional.owl,16053316,10707360,26760676
approximated_kb-owl-syntax-unraveled-depth-4-relation-axioms.ofn_functional.owl,348995811,887234895,1236230706
approximated_818f63e2-8d91-42f8-82bf-27e7bd486398_Offthegrid.rdf_functional.owl,16071272,3755611,19826883
approximated_cba32f7d-15e3-4264-bfbe-efdf5f03e87e_spaceExtent.owl_functional.owl,21945766,26244499,48190265
approximated_af42e584-66e2-472b-a3be-f6c792fbcb53_less_bread.rdf_functional.owl,13511218,3763521,17274739
approximated_86e44d80-d919-4f90-ba96-fb7b25d5815a_ano_cheese.ttl_functional.owl,10962321,3878235,14840556
approximated_a8c5b180-a972-44bd-9530-46513934b461_rEquipment.owl_functional.owl,134699949,248851478,383551427
43f48c78-f914-4c8d-a2b5-8b8af76efa8f_mpathmerged.owl_functional.owl,25154917,38996424,64151341
d334f00e-4890-498d-84b4-80c6b647ed9c_Stadium.owl_functional.owl,24574139,2962177,27536316
cfc2636e-d853-4543-a263-9838d8db3712_nverzeichnis_N_functional.owl,16207518,737526,16945044
approximated_591df79e-ef73-44df-b00c-d1f531af2139_4_09_16_20.owl_functional.owl,67594366,34072761,101667127
2c240a7f-228a-46ec-a0e6-2a03dd6d4adf_KategorieKopf_functional.owl,14132777,927563,15060340
29797625-923b-499f-ab03-18ac5b175bec_ontology.owl_functional.owl,26341852,36210211,62552063
approximated_f89796a3-403e-4bd9-ac34-89f1d13854be_escription.owl_functional.owl,11637821,8533766,20171587
approximated_00547.owl_functional.owl,65754991,150505450,216260441
06cc1275-8160-4da6-966f-a2b135d920f9_hp.obo_functional.owl,235158365,716974515,952132880
approximated_a401897e-d689-43f5-b02e-06b572dad803_EhC3A9catl.rdf_functional.owl,12685151,3908567,16593718
42798633-322c-492e-be30-26e904920b7b_NIFCell.owl_functional.owl,19548874,12155596,31704470
approximated_54ffe66c-7b38-48b8-b987-75d30d91aa7c_cerevisiae.obo_functional.owl,768744884,1870461121,2639206005
approximated_66b3c619-b98c-4b92-879a-d2a417958fe7_protogeni.owl_functional.owl,26242300,20911678,47153978
7314452f-f5ad-4b89-8b8c-c4d771ddba6c_anatmerged.obo_functional.owl,21203803,18554589,39758392
approximated_6edb1f6f-17f3-40c5-984a-8ea20d1cda90_taosimple.obo_functional.owl,103412112,209970998,313383110
approximated_1e07fb8c-b97b-4920-83d6-ed106364b183_Danio_rerio.obo_functional.owl,4043320430,8413982575,12457303005
approximated_0ecd9763-2a0d-48b2-a6ca-9533c8168e02_MyReview.owl_functional.owl,15764788,5489941,21254729
approximated_1ce7d1d6-d67d-4933-a9c1-519a164d41ab_eservative.rdf_functional.owl,18768448,3709588,22478036
approximated_546bb76e-9663-4727-9a87-027850c702e9_hsine_acid.rdf_functional.owl,15813388,4608367,20421755
approximated_f9fc0b36-909c-4dd2-be4c-de5910c531f4_chitecture.owl_functional.owl,18732937,5831846,24564783
approximated_kb-owl-syntax-unraveled-depth-1-km-relevant-cardinalities-disjointness.ofn_functional.owl,680258394,1650398439,2330656833
approximated_55646890-8fc8-44d5-a92c-92eb0dffdeb3_bfo.owl_functional.owl,12174733,4027816,16202549
approximated_0c4f42b8-5ad3-4724-89fa-0c4f059d1af4_PaulFisher.rdf_functional.owl,11725139,3504042,15229181
approximated_8bb539eb-321a-4f74-bf4b-64923acb4840_rela.owl_functional.owl,135960335,255761811,391722146
approximated_4e17c89d-7822-472e-b2de-4f7864da79bc_chemIsotope.owl_functional.owl,110842129,62638605,173480734
approximated_724efad5-eb55-43ff-bf0f-0065abcd8bcf__apartment.rdf_functional.owl,19297216,3873177,23170393
approximated_c9422304-a4fb-40e4-9d0f-81bdea1cd50b_l.obo.PREVIOUS_functional.owl,214492449,544446249,758938698
approximated_061b5e6f-6296-41e0-9629-3c0304cc985e_ange_juice.rdf_functional.owl,14663070,3880339,18543409
approximated_kb-owl-syntax-unraveled-depth-2-triggers-constant-classes-relation-axioms-value-classes.ofn_functional.owl,415392418,1055879800,1471272218
approximated_d28c4a60-3143-4fab-ac63-eadc65621753_minstances.owl_functional.owl,213544229,19065932,232610161
approximated_98456548-5cc2-4ecb-a8b7-a8da439b6bfc_Ontology.ttl_functional.owl,12625236,3753325,16378561
approximated_af6fbd9c-ad35-45ca-ab84-069b449c1679_Sturgeon.ttl_functional.owl,13896522,3807931,17704453
5930ffa2-dcc9-49b2-82b0-581509fe1d33_ant_trait.owl2_functional.owl,25549305,57788028,83337333
0edc7fed-a5da-49fa-878f-1854501a1f1e_prerelease.obo_functional.owl,243518947,534140339,777659286
approximated_b9bdc964-ed47-4f77-84c8-8a9b6b7185f7_concept.owl_functional.owl,15529758,15032346,30562104
35e784c7-4812-4c9c-a948-4927e4b49c36_e_ontology.obo_functional.owl,1459629976,4478766132,5938396108
33e9258d-121e-4356-9c6e-37248efea559_A_twodigit.owl_functional.owl,223824789,621353848,845178637
approximated_37d6fe54-c709-4fdc-9987-d3882b2cea40_p_ontology.owl_functional.owl,78140007,9306485,87446492
approximated_da07e43c-4737-4deb-aece-e401d8a3ee2c_GPCROKB_2.owl_functional.owl,74921484,6206237,81127721
approximated_4d290206-63fd-4c01-b425-25f095495c9a_onto.rdf_functional.owl,67892019,4948091,72840110
approximated_06702f28-8bd8-469c-857d-9c8ae01a1e32_Genre.rdf_functional.owl,45815128,3827312,49642440
approximated_94be4801-107d-445c-9a1b-86bbc7d81e34_owave_oven.rdf_functional.owl,25983372,3856603,29839975
4df9ba20-c495-4631-86cc-fb9c590a27c7_Planet.owl_functional.owl,19903095,1662604,21565699
approximated_0eeff220-b6f6-4675-86ae-a648b1ffd9fa_Categories.owl_functional.owl,19893060,3526087,23419147
approximated_8572072a-9b72-4e86-9308-f4cf2238d149_matrBiomass.owl_functional.owl,156747307,251158931,407906238
approximated_06c61e03-6efa-46f4-a04a-7f7929b2e364_cexamplegraph2_functional.owl,20268639,14043689,34312328
approximated_b57c86e9-551a-4307-b3c0-2e9adac3569d_al_grinder.ttl_functional.owl,11845363,3791034,15636397
9f90c468-a43f-4551-b9ab-1421344f1557_temp.owl_functional.owl,26337239,13150522,39487761
773613fd-b35c-4cab-b87b-2b970dc9862f_sculusexpr.obo_functional.owl,4142413082,9314594248,13457007330
9b40d0ff-8d60-4124-97df-445db4b492db_envo_xp.obo_functional.owl,49292736,102206213,151498949
approximated_9de67f85-93ff-4187-b4f5-9f8b1bbb86e2_tmoWeather.owl_functional.owl,134353998,218446184,352800182
approximated_5a2d1ab5-2e27-4948-871f-60561624f601_Spike_maul.ttl_functional.owl,18749064,3736641,22485705
approximated_a99f3bdd-1220-4247-b798-0587678e3431_geo.owl_functional.owl,20940160,5071536,26011696
chmo.chemical-methods-ontology.6.owl.xml_functional.owl,66678771,156812684,223491455
ppio.protein-protein-interaction-ontology.5.owl.xml_functional.owl,59499191,146002060,205501251
approximated_1e91ffe0-85f6-4532-bb5b-8e1c65f25af7_physSolid.owl_functional.owl,73430556,128645299,202075855
approximated_c3b19107-7a99-42e7-b660-f0966f1cbfc0_havioredit.owl_functional.owl,5355277889,14543214139,19898492028
approximated_2aef7e92-538f-43c7-90b1-fe1035a9762a_Bundt_cake.ttl_functional.owl,120813344,3738812,124552156
approximated_70f5f802-892c-411f-8c39-3445e2ca6b51_OpenConf.owl_functional.owl,24502726,7245535,31748261
approximated_f90b5da6-5209-4d15-8d26-c3c3a266c8c9_sequence_xp.obo_functional.owl,145954463,122763093,268717556
ef021099-0adc-40d8-94d0-01f1b8afe042_ph_protege.rdf_functional.owl,290438502,37693831,328132333
approximated_6b2ed6dd-be9f-4b6d-b3aa-d94ad1445513_TFSProp.owl_functional.owl,109720611,2548482,112269093
approximated_46bb8166-7f78-4f2e-9b61-5d3b96472a86_prerelease.obo_functional.owl,1304283734,2034485018,3338768752
approximated_a469abcc-5892-4898-89ae-f91a1a4a50d0_Schnapps.rdf_functional.owl,11493030,3713354,15206384
approximated_kb-owl-syntax-unraveled-depth-1-km-relevant-cardinalities-triggers-constant-classes-relation-axioms-value-nominals.ofn_functional.owl,459209267,1122694921,1581904188
approximated_00449.owl_functional.owl,44159429,108141942,152301371
approximated_00042.owl_functional.owl,1501851251,4283622106,5785473357
c36448f8-2390-4453-8afd-9ea1a7498e59_y.obo.PREVIOUS_functional.owl,120566360,20847227,141413587
approximated_01e12784-2878-4a68-8104-1939b8fbe4a4_FMA.owl_functional.owl,3984682914,7284421896,11269104810
approximated_0928a4e6-b4e8-4103-8663-ae7498ee0486_Snail.ttl_functional.owl,27302149,5438966,32741115
approximated_8829e85b-9f08-4074-9d72-529ad034db14_biotopcore.owl_functional.owl,14326081,19880060,34206141
approximated_546a79a0-846f-4939-bbc1-b09a46182a47_IAO.owl_functional.owl,13729182,4588232,18317414
approximated_df241ef5-d0de-48a9-b45e-a1cf70dfcfca_promoters1.rdf_functional.owl,75892234,27469534,103361768
approximated_9e93ebc9-daf0-4646-8d40-b83b1d5bc5c0_Camcorder.rdf_functional.owl,20495029,5013151,25508180
approximated_42abe225-4601-4763-a18a-b564dc1ee706_Oka_cheese.rdf_functional.owl,10114406,3797929,13912335
24254b04-9e07-4aea-b4c7-e037130f974b_dence_code.obo_functional.owl,12265441,7316918,19582359
a9ca49bd-1bf5-4156-995b-f544be415648_tcorecobra.owl_functional.owl,12269578,4761946,17031524
approximated_f9ec269f-ec9b-4266-a9dd-e93147339d02_chemistryv7.owl_functional.owl,11049326,7997679,19047005
approximated_51bb7cb2-e990-4a5b-bc9c-743ef7081e15__phenotype.owl_functional.owl,12116251,16034188,28150439
approximated_80ba3adf-079e-4ec6-9c20-8573070460d4_bfo_2.owl_functional.owl,16588128,5589751,22177879
approximated_b1b69a59-e22e-4ec9-b606-1acca18b746a_ethernet.owl_functional.owl,14285821,5576256,19862077
approximated_9829daf3-483e-48f6-94b5-3986fcd35145_codarg.owl_functional.owl,13335100,6587136,19922236
approximated_6d9067ff-9b73-49cc-bf88-21314e0c202e_ct_vehicle.rdf_functional.owl,16365021,4061562,20426583
approximated_92d24bb4-2005-403f-bcfb-50c81f36fc27_Sinclair_QL.rdf_functional.owl,16054596,3703958,19758554
approximated_4b73e0ca-471b-4576-94d5-e52a208e7f72_provenance.obo_functional.owl,22974785,22633623,45608408
approximated_396a39bb-8aba-41b6-8637-5541a6534e59_stateSpace.owl_functional.owl,136372997,217523687,353896684
approximated_6fd2fe50-6a87-4463-ae9c-45cc14347b80_oTransport.owl_functional.owl,135450716,253491712,388942428
approximated_9b354ea5-0750-46e6-93a3-24875d05e325_onto.rdf_functional.owl,10718572,5341863,16060435
approximated_b900e80d-0d2e-45b7-aeb0-2c96d3deffdc_ink_tubing.rdf_functional.owl,17348878,3726784,21075662
approximated_kb-owl-syntax-unraveled-depth-1-cardinalities.ofn_functional.owl,458582892,1202171316,1660754208
approximated_e8e21cf0-f086-42d1-af7d-41478f976c67_Samovar.ttl_functional.owl,13133641,3744937,16878578
approximated_79d64254-fb31-4a2d-9586-6c28b1ba92cf_TramGodis.owl_functional.owl,16335900,5354487,21690387
approximated_f5ed6864-20eb-4906-9eba-6e94216825eb_relaSci.owl_functional.owl,138369952,251940178,390310130
approximated_1adb0316-7fd5-4a60-8e36-062fa07f2d0f_units.owl_functional.owl,17931102,1597537,19528639
approximated_kb-owl-syntax-unraveled-depth-2-km-relevant-cardinalities-disjointness.ofn_functional.owl,646627063,1489706611,2136333674
approximated_2860f2a6-73b2-48d5-a11c-97082cbb06c0_o_rerioMOD.obo_functional.owl,2873690449,6998090995,9871781444
approximated_00532.owl_functional.owl,998218594,2923459621,3921678215
approximated_017583af-b800-4fb9-bed8-b9ff82e81c8b_nGeolFault.owl_functional.owl,137547933,220879893,358427826
approximated_53d67348-e274-4083-ab4d-e56cac40fdc9_singleton.owl_functional.owl,15494427,4943280,20437707
approximated_d4e4f23e-3d59-429e-8111-8e3a4cf17fc1_PaulFisher.rdf_functional.owl,11854883,3064676,14919559
approximated_00561.owl_functional.owl,23760175,26135305,49895480
approximated_95619746-4c8d-4401-ba40-c42237b03372_Tool.ttl_functional.owl,15678455,3752975,19431430
approximated_kb-owl-syntax-unraveled-depth-4-disjointness-triggers-constant-classes-relation-axioms-value-nominals.ofn_functional.owl,642034905,1471818049,2113852954
approximated_65a4f85c-c693-48a4-a61d-1fa2e041f81c_classified.owl_functional.owl,9978882,5901373,15880255
approximated_00554.owl_functional.owl,6954617232,11534888896,18489506128
approximated_38915e33-6b44-4d41-9bb8-f7cf4f808074_Girandole.ttl_functional.owl,18963124,7076442,26039566
approximated_e1404a38-2d70-4173-8c02-6b6fac85cf32_DOLCELite.owl_functional.owl,13807669,6287176,20094845
40aa897c-51b6-430e-b3c0-b1e866f0a626_phylobase.owl_functional.owl,24864107,30317811,55181918
approximated_4cdfd06c-a1ba-423a-99d9-3da051a0d831_unications.owl_functional.owl,20796860,23359740,44156600
approximated_038cd3a6-5cb5-40f5-b7e7-33e77e6045ce_provenance.owl_functional.owl,18815655,24288400,43104055
approximated_37aef8c5-e669-40ad-8dda-c3d19ef0dfdd_cating_saw.ttl_functional.owl,17702450,3730817,21433267
approximated_cbf51049-1548-499b-8a43-0fd87218db7b_iw.owl_functional.owl,10087641,5056862,15144503
approximated_214d8d14-be33-4b63-96f1-8163f8b34773_Cloak.ttl_functional.owl,16033718,3777384,19811102
approximated_9c70bb3a-36a6-4514-bd82-cf7768c2a1b9_ewell_tart.ttl_functional.owl,14561124,4438647,18999771
approximated_00027.owl_functional.owl,1160491841,3046559856,4207051697
approximated_2445e055-6dd4-4787-ba1e-0e20739a30e4_LUMO.owl_functional.owl,38480516,42982544,81463060
00140.owl_functional.owl,31160510,22647633,53808143
approximated_b47b480b-54d0-4919-9d57-7f5b100ab06d_Shovel.rdf_functional.owl,8615803,3787982,12403785
approximated_2d7f322a-44a4-4eaa-8be7-41ca504a1432_valcomplex.owl_functional.owl,16794849,5231063,22025912
approximated_06942028-e2d4-4435-bd88-3d918b44cc95_PiedDeVent.ttl_functional.owl,9732837,3755706,13488543
approximated_d118f435-8920-4e8c-81b3-fb572717cfec_NIFFunction.owl_functional.owl,11295355,7804962,19100317
approximated_dd23a477-c7d2-4dbf-9827-3fb0ff440b6a_a.owl_functional.owl,30501699,9256063,39757762
approximated_3bc44ee5-440a-421a-ae35-0f9811adf907_Snubber.ttl_functional.owl,12438968,4570969,17009937
approximated_9c27ad44-788a-46a9-b1cf-cccb4c51bc8a_centration.owl_functional.owl,63486402,126063210,189549612
4ac9c3b9-d364-4eb9-a14a-0c338e8897c2_meMinister.owl_functional.owl,16467574,778330,17245904
b1e7d208-8560-49fa-b216-724b3ff84105_NIFChemical.owl_functional.owl,17749552,10389650,28139202
08978b2b-04da-4d85-bf76-32127e4ea6e1_animals.owl_functional.owl,9723397,3592816,13316213
approximated_1f6df56d-fe3f-45b3-87e3-da79b8886651_tt_trigger.rdf_functional.owl,11667624,3917254,15584878
78d49df6-aeb8-4342-b569-03a6c25fe019_oryRdfsLiteral_functional.owl,13052778,1003164,14055942
1be1759d-b81a-4b57-84da-0169a7f3df40_y03.09dnew.owl_functional.owl,1221798340,2585609124,3807407464
approximated_34fa7cb2-38f2-4937-a773-90af06057e9e_ure_sensor.rdf_functional.owl,22771540,4093737,26865277
approximated_5e4de526-a54d-4da0-9407-3e089bf121d2_onto.rdf_functional.owl,10258536,4828744,15087280
approximated_a883dc64-d830-4f88-bf02-3ce2644fec78_software.owl_functional.owl,17276875,5358623,22635498
approximated_e832f5d2-5523-486a-ba06-ea4b1726d2a9_toplankton.owl_functional.owl,29748796,4473323,34222119
approximated_66d2a476-fabe-4faa-8905-c11908e0ef89_propCharge.owl_functional.owl,141558604,217185049,358743653
approximated_vo.vaccine-ontology.182.owl.xml_functional.owl,269094918,628146488,897241406
approximated_4584317e-f691-4c92-a282-1c73b834e8d0_physicscomplex_functional.owl,14595984,8718341,23314325
cd993bd4-a3ec-45c4-b8f4-e1dfce21b42c_icusentrez.owl_functional.owl,697004951,620016859,1317021810
approximated_a3aef80f-4383-4dfb-82a8-6cb2f611c29b_ersections.owl_functional.owl,14882506290,16663252032,31545758322
approximated_49d680c2-95e2-4492-b403-f7b450dbfd74_xbfo.owl_functional.owl,3995966324,5153070219,9149036543
approximated_985f6803-290c-4670-a543-91d82b01873d_isiaetaxon.owl_functional.owl,210875739,406271863,617147602
approximated_00699.owl_functional.owl,52455436095,1.93235E+11,2.45691E+11
approximated_7382295a-242d-43fd-83c0-397ca0a4912e_prowl.owl_functional.owl,19448023,7811541,27259564
approximated_13efb19e-14d6-44c3-940d-8b966a600a6f_web.owl_functional.owl,9169090,2366391,11535481
approximated_11e063b2-3dff-4efd-b598-ca7e4d11dd88_Policy.owl_functional.owl,19131744,11063299,30195043
17f60e2b-4c54-4d5f-8e19-56ce5366933d_AEO.obo_functional.owl,19433982,18308459,37742441
approximated_986cb384-f53b-4de6-862d-c9dc1ac1ea1b_Sabiki.ttl_functional.owl,12940629,3838811,16779440
approximated_20a88a24-e163-432d-9f8a-e17570d327e7_Faldstool.ttl_functional.owl,14993721,3850246,18843967
approximated_05701c02-1bc6-439d-9f41-248078b8c4c6_Kashkaval.rdf_functional.owl,14255599,4214395,18469994
approximated_bc2ae69d-3052-4d00-bde2-2a8901b4c4b0_ensuniprot.owl_functional.owl,37287538,11565978,48853516
578afe61-b0d6-45fb-a418-a2c553052fe5_rieKrankheiten_functional.owl,13595470,3105873,16701343
approximated_7dee39ef-1a0d-4ccc-a911-9ec2e3435e97_AstroHelio.owl_functional.owl,149693285,218936438,368629723
approximated_1645b401-0120-4b64-8267-16a3a3d30da6_reath_Blue.rdf_functional.owl,16691504,3732501,20424005
approximated_0fbe29ff-8c97-433c-beb2-4a55cd9c07f9_Atom.owl_functional.owl,16362063,7152634,23514697
approximated_093d55a1-713a-4aac-9350-b95a9216b55f_Sonometer.rdf_functional.owl,13447487,3989010,17436497
approximated_528b1eb3-11ce-4ea6-a8ad-d1535023f332_LMM_L1_v16.owl_functional.owl,19973153,19659466,39632619
approximated_1926f433-a5ed-454b-a05e-46cf1cee9d75_el_display.rdf_functional.owl,20391075,3958283,24349358
d46fa651-98ee-44c8-8fdf-d5c1bf66b736_River.owl_functional.owl,14334041,2203970,16538011
approximated_14238b66-0a0b-4b84-b8d3-7d4bf6bff234_lcoleModel.owl_functional.owl,11889792,10741732,22631524
approximated_kb-owl-syntax-unraveled-depth-4-constant-classes-relation-axioms-value-nominals.ofn_functional.owl,355930634,971792124,1327722758
approximated_33806dc1-6c50-4ee4-8858-0e4612814d45_Process.owl_functional.owl,17958477,5816762,23775239
approximated_d55596e0-507a-4824-bb1f-7d431def120b_eReduction.owl_functional.owl,138918115,218207528,357125643
d314978b-522f-4d70-a829-40583ee41a85_classified.owl_functional.owl,32589930,65058194,97648124
3ff6a8f3-3277-4369-ad8b-bc3a9d0e7757_erioentrez.owl_functional.owl,789358403,605692172,1395050575
approximated_d40e3db6-6283-4703-8610-a9589a54b337_amo3.owl_functional.owl,15629471,6666917,22296388
approximated_4795a514-58f0-4f58-8650-6c3ce32f18cc_Chain_tool.rdf_functional.owl,17435253,3835956,21271209
approximated_4e9d0953-95d5-4d86-b64b-5216b14823ed_Video_game.rdf_functional.owl,12178325,4002044,16180369
approximated_kb-owl-syntax-unraveled-depth-0-constant-classes-relation-axioms-value-classes.ofn_functional.owl,160359029,417459645,577818674
approximated_2e04d88e-9ea4-42f5-96bf-3893c0bd1271_Spudger.rdf_functional.owl,12130941,3995942,16126883
approximated_490c0242-1ca2-4bd6-b8d3-52e0601893cf_storage.owl_functional.owl,24837860,17043499,41881359
approximated_9b90f0c9-61ee-42ff-ae4a-9b967b1c845b_S0toS1.owl_functional.owl,14676206,3936653,18612859
approximated_9294c118-4e6d-4a1b-a575-14b5e571694e_tion_clock.ttl_functional.owl,12976890,3770577,16747467
approximated_1d447ee8-3cfc-43bc-9d27-9991b913471d_Butterfat.rdf_functional.owl,11232959,3913757,15146716
approximated_00448.owl_functional.owl,1614674880,4183379584,5798054464
approximated_0f951a57-94e9-4087-aa28-a86fbd466c72_corine.owl_functional.owl,219846924,24759240,244606164
532b0cec-b686-4e06-8039-d107dfda9358_hybrid.rdf_functional.owl,72540181,2476681,75016862
approximated_6b2d1ac5-a572-4da5-ac60-e4c7319b7c68_phenGeol.owl_functional.owl,145140386,218930250,364070636
e8637f06-c9df-4572-ad81-4ede6928d061_attributes.obo_functional.owl,367719102,437710931,805430033
52e9f490-43a2-4aa9-8dbb-735f1d97235c_President.owl_functional.owl,14732487,2363242,17095729
approximated_e69ea2b2-b602-4428-b311-9e26767415bc_Toma_cheese.ttl_functional.owl,14570244,3821811,18392055
approximated_82a2b4c8-e8c8-4a2c-970a-9352ebb0591c_taontology.owl_functional.owl,12160543,6221648,18382191
approximated_kb-owl-syntax-unraveled-depth-2-km-relevant-cardinalities-constant-classes-value-classes.ofn_functional.owl,421124963,1055143317,1476268280
approximated_ec70e52d-8c70-46e1-a631-7bc8b6dfb100_storage.owl_functional.owl,24408272,18158335,42566607
approximated_46a08f7a-b858-450f-9107-59f3c412f476_Pig_scalder.ttl_functional.owl,19303104,3912148,23215252
approximated_0380cb4f-84df-4cdf-a1cb-3a60480f285d_Mohnnudel.rdf_functional.owl,23726404,4525459,28251863
249e527a-6a7a-43ff-8509-f978b62fe78a_classified.owl_functional.owl,82334640,155791173,238125813
approximated_012a4ab4-8592-4cb8-8178-ebbab63d29d3__functional.owl,33455202,46135907,79591109
approximated_7bedf68f-eaec-4f9b-ab7c-3ebf27d04818_photography.owl_functional.owl,20666325,13265950,33932275
approximated_11a8aa38-64f5-4a1f-b4d4-663d58ebfdaa__mouse_anatomy_functional.owl,84759616,200202088,284961704
05d1a3f4-fee8-4bfb-8324-c32403f9fbb4_Band.owl_functional.owl,15101164,1083851,16185015
approximated_6642f295-f0a7-4803-93c9-4d2fd9f5dd82_rial_thing.owl_functional.owl,16768619,13483247,30251866
approximated_697ed12c-3ec9-4379-8406-2d7f0a2c5953_ifugal_fan.rdf_functional.owl,12181748,4706461,16888209
approximated_opl.ontology-for-parasite-lifecycle.5.owl.xml_functional.owl,20174867,27225252,47400119
ecbecbe2-eba5-4d95-aa33-13956f2fbd2b_IDO.obo_functional.owl,22347992,16235782,38583774
approximated_da5d77db-6f7f-4f3d-a7cd-7dd8c4a3f834_so.obo_functional.owl,54277295,126058120,180335415
approximated_25ec044a-93c2-4880-b5ac-c0fab9d1a664_people.owl_functional.owl,14692971,4190475,18883446
approximated_94247517-4627-401a-8b5e-a394c146588f_nservation.owl_functional.owl,141804544,251739837,393544381
approximated_00379.owl_functional.owl,2595935871,7332738422,9928674293
approximated_4910021c-3f8f-4058-92a2-12229e1120f7_Bakery_mix.ttl_functional.owl,19563563,6980703,26544266
approximated_82c2c5f8-3d76-4618-a59d-ebefd9c28298_pizza.owl_functional.owl,27621411,14077920,41699331
approximated_7b74ff63-891a-431b-b89e-01b8aaf01794_FN1.80.owl_functional.owl,24613820,9819701,34433521
approximated_0ab7d676-42da-48ee-a729-15c1f4aeb9e6_Paneer.ttl_functional.owl,12491410,3798875,16290285
approximated_7337899d-dc8c-408c-b14d-072a642fa5fc__guideboat.rdf_functional.owl,14885425,4521582,19407007
approximated_48086d34-a89a-480e-98d7-81b9823ab534_Reverso.rdf_functional.owl,13083026,3737570,16820596
approximated_53a8509d-2393-4fa6-923d-77ee7897359b_Teapot.rdf_functional.owl,16765413,3865250,20630663
approximated_e56a67bd-9010-4690-9cc9-ba2ff6a506c5_onto.rdf_functional.owl,12980503,5019237,17999740
approximated_5643db3d-0ba1-4b36-933b-a14ec1dddda5_Auger.ttl_functional.owl,16042718,3711480,19754198
75780f46-f6d9-4746-af71-b8b71db905bd_hom.owl_functional.owl,90595741478,3.05731E+11,3.96327E+11
approximated_00370.owl_functional.owl,1231508153,3940039282,5171547435
approximated_e967ceff-cf08-4aee-a93f-46bfe341ed45_tigersyntax.owl_functional.owl,14638690,1522999,16161689
approximated_4d45b0bf-4bbb-494b-a2df-5eb59df7aef5_Action_film.ttl_functional.owl,15436050,3772500,19208550
approximated_83ea152b-1087-4e58-b22c-3da54c459b6b_aero.owl_functional.owl,24223329,19133569,43356898
approximated_01c4de7d-b880-4c91-a4dd-90082028f179_Hershey_bar.rdf_functional.owl,9290961,3796827,13087788
approximated_10a8e59f-78f9-4d24-9de9-9c630353db28_tionmodule.owl_functional.owl,33766968,39355454,73122422
approximated_24f71616-1c6b-4f33-933f-2f63eddd74f1_core.obo_functional.owl,589009343,1494771210,2083780553
approximated_2dce8064-69b8-4990-9d56-6aa47bd4be78_Hair_iron.rdf_functional.owl,17679763,3821604,21501367
approximated_31661035-9adf-4ae8-adf3-9a9ace58ea16_Casu_marzu.ttl_functional.owl,11852745,3742047,15594792
approximated_ccb848d2-009a-4be5-b53e-0bac286780ac_opChemical.owl_functional.owl,141694955,252901521,394596476
approximated_89400dba-77f8-444e-94d8-998c78140591_kisao.owl_functional.owl,21571376,27218253,48789629
approximated_7647fbae-2c45-4fa2-9cc7-52ac618b6654_figure4.owl_functional.owl,18137792,11379637,29517429
4d99e241-deca-4901-a073-567a3dfa4513_exo.obo_functional.owl,10846723,5508126,16354849
approximated_5c7cb3eb-bb0d-4bd6-9093-455baf565f99_paperdyne.owl_functional.owl,11890541,5024976,16915517
approximated_51ea88d6-9735-4fe4-84ca-cf425f04f8e2_es20120118.owl_functional.owl,34856362,6733562,41589924
approximated_c3604559-527d-4fd1-94c4-72f50f84cefe_tivityType.owl_functional.owl,14273840,5938708,20212548
approximated_0f3f8613-079e-4f77-8c6b-11a095ff63c0_onto.rdf_functional.owl,16711933,6370623,23082556
approximated_12d491a2-9ad7-4676-a5de-4d9d154dabf3_id3.owl_functional.owl,28817175,34587565,63404740
approximated_bao-gpcr.g-protein-coupled-receptor-bioassays-ontology.23.owl.xml_functional.owl,31343605,52725436,84069041
approximated_687f5a5d-0742-4b3c-9205-135003d6bc9f_pentax.owl_functional.owl,20603427,18642061,39245488
approximated_c1e556d7-2c6d-41a8-a44e-6baa8fe1b499_ology1.2.0.owl_functional.owl,37646267,27010421,64656688
a90801f3-9b9e-49b0-abc6-aa733394c68e_e.obo.PREVIOUS_functional.owl,1320229467,3622412948,4942642415
approximated_00541.owl_functional.owl,648630297,1951491090,2600121387
approximated_5cc04e47-6a08-4d82-ad66-fc770841ad46_ngontology.owl_functional.owl,18380690,9805960,28186650
approximated_e16c487c-3d2a-44e6-acb8-23440ffbf787_nco_cheese.ttl_functional.owl,13706379,4079049,17785428
approximated_b3e89463-21f2-472e-97e6-e75eb242794b_ancorralink.rdf_functional.owl,27626718,55349387,82976105
approximated_c43198c7-9ed8-4a14-b036-ff23a9cdc3b8_onut_cream.rdf_functional.owl,16211095,3952893,20163988
approximated_172efe6a-cae1-44ba-afad-29469441e9aa_lectronics.owl_functional.owl,18802631,12617800,31420431
approximated_00479.owl_functional.owl,29086936,40718761,69805697
approximated_2c2f4142-0da3-49d5-8594-9b29ad40c8f2_Twybil.rdf_functional.owl,11781991,3810920,15592911
approximated_368e45c1-63ae-4757-9a13-ddc2c2e0ac65_ensensembl.obo_functional.owl,6046004314,14492027134,20538031448
approximated_81f5aa50-2562-41b0-a29c-b9e1d495d796_appingShen.owl_functional.owl,110779029,10925474,121704503
approximated_f3a132cc-d44e-4e69-9cc9-6e452ec03184_onto.rdf_functional.owl,18314852,5431804,23746656
approximated_dedcff40-e8a4-4222-b495-105ede33e3cd_o_reasoned.obo_functional.owl,3651314523,9361801932,13013116455
approximated_00791.owl_functional.owl,977246821,2510539088,3487785909
approximated_22f917a7-a952-4242-a666-1a34d588d3b8_Antonov_A1.rdf_functional.owl,12578882,3967377,16546259
approximated_67025c56-64e4-40dd-bdde-cef9d31557d8_anCommerce.owl_functional.owl,137429684,230699305,368128989
approximated_22536e03-6935-4cd0-bdd7-57aca41636e0_CHEBI.owl_functional.owl,612688716,1652546552,2265235268
approximated_kb-owl-syntax-unraveled-depth-1-km-relevant-cardinalities.ofn_functional.owl,434496121,1083033783,1517529904
approximated_487e1166-fe3c-469d-9081-e3285bebdfb8_JC3IEDMBase.owl_functional.owl,83826416,139193727,223020143
approximated_kb-owl-syntax-unraveled-depth-1-cardinalities-disjointness-relation-axioms.ofn_functional.owl,754862352,1616160952,2371023304
4f0f60fe-0332-4051-92fb-41357633b17f_r_function.obo_functional.owl,201917064,572153138,774070202
approximated_0d6a0d29-a525-4c38-b734-63eccd84c7b2_SO_functional.owl,55758836,143018298,198777134
approximated_69836b3a-f927-4e5d-a316-aa76e8eb420b_reprTime.owl_functional.owl,138422264,253079116,391501380
approximated_394f0de1-92f0-4a6c-a832-09147aabdf9d_Rindswurst.ttl_functional.owl,17305939,3948448,21254387
approximated_4ae895cb-c4dc-4063-9094-ad1c5c293170__phenotype.owl_functional.owl,14888470,14083104,28971574
23272be0-db72-4582-8cdb-8ade600ffa2c_e_anatomy.owl2_functional.owl,94633098,209238665,303871763
approximated_8c81468b-d00e-496c-bb8e-6f357f2a0a0b_4.ttl_functional.owl,16254742,3755635,20010377
approximated_1cecf3e4-bbc8-4731-9a6f-dc7d2d38c064_Phenol.ttl_functional.owl,10508462,3923661,14432123
approximated_4ded3c93-c18b-466a-8f14-fbd5ba23ec6e_Bow_drill.rdf_functional.owl,10917025,3866035,14783060
93521946-57bb-4b08-a4bd-169f89f6c017_etballTeam.owl_functional.owl,16168191,1290661,17458852
approximated_77af02d9-169a-4074-83f3-b4e89d13bdc5_galen.owl_functional.owl,100005442,220260076,320265518
849e74d6-f5a5-4827-99a3-9fd53b3cf50b_phenotype.owl2_functional.owl,164534098,467859906,632394004
approximated_d6f2c750-3684-4cb8-8c8a-435006991818_anCommerce.owl_functional.owl,21197735,22301938,43499673
approximated_4e23608d-b462-499e-a6b3-f861608b28f8_uma_shears.ttl_functional.owl,10301606,3856895,14158501
approximated_496a05f9-9d34-4fb6-8ad2-d47c4e730571_oLightning.owl_functional.owl,128938463,217586053,346524516
approximated_a560eb63-c14a-43b2-bc38-faa0b69ade7b_SUMO.owl_functional.owl,722432598,420991350,1143423948
approximated_00514.owl_functional.owl,16773071,18394540,35167611
086bc8fe-9648-4f9c-973e-88f33d5392a1_gastertype.owl_functional.owl,285728915,805732515,1091461430
approximated_8ad5af8f-65ea-4069-bef9-3dd771cab25a_go.owl_functional.owl,1589354250,5057484765,6646839015
approximated_c0ec5d5c-94ce-4e66-a7c6-7285d1fec73f_ijo_coalho.rdf_functional.owl,14334722,3915997,18250719
1a3080c0-d71e-42c4-920b-91176a1797a3_mfosimple.owl_functional.owl,132530848,262858453,395389301
approximated_284a3901-9c56-4df4-a3cf-406cf4baa3c1_Intel_i960.rdf_functional.owl,16588604,3849606,20438210
approximated_b599b68d-53b4-4f7e-b534-d75fcc8a8820_onto.rdf_functional.owl,16721813,5162122,21883935
approximated_ceddd05d-6123-48e6-abda-e5cbacf6d9e8_.rdf.bibix.owl_functional.owl,9284448,5385447,14669895
approximated_a6cb59ac-e479-4dc5-bbbf-625b6d91fe58_mo.rdf_functional.owl,20448270,19767924,40216194
approximated_57c02374-4628-4621-b2b0-e2b9fbb8d50e_ciFunction.owl_functional.owl,140467348,251335900,391803248
approximated_0ecabfc6-dc3e-4c72-af91-61ff7037b305_Vlaskaas.ttl_functional.owl,13119345,3818838,16938183
approximated_9a1c269c-f20e-400d-bdc4-e379c28b1e4e_cedar.owl_functional.owl,39328910,25096438,64425348
2a7131af-1db7-4fe2-93d2-d5fa5f721622_GOCCBridge.owl_functional.owl,23356318,4240435,27596753
approximated_330bb501-bd8c-4e55-97ce-7b7decc555ce_es20110411.owl_functional.owl,16530041,8831424,25361465
approximated_00638.owl_functional.owl,17112843,13296106,30408949
approximated_bcc7bb54-d90e-4892-9bb2-62ebbda9fb48_ns.owl_functional.owl,16984628,4856818,21841446
approximated_2472ab8a-14fe-44c2-94c0-333210f19dda_vek_Import.owl_functional.owl,28207277,49323104,77530381
approximated_7cea0431-a5fc-4965-a107-0bd3e11b6e0c_Bienenstich.ttl_functional.owl,11651774,4037823,15689597
22603362-d400-4306-8b6b-b742cb9df2f6_ysfunction.owl_functional.owl,21570610,16986584,38557194
approximated_774b7c0d-89b4-4097-a592-9e2bc3428946_uantity2.0.owl_functional.owl,13882674,4311491,18194165
approximated_0b4dc7bf-1fe4-4b3c-9991-3804d56a959c_ang_glider.rdf_functional.owl,10977540,3938351,14915891
96ea97d4-1aa6-40c8-be57-272051b9db05_onto.rdf_functional.owl,11707897,1785726,13493623
approximated_93dbaa56-cbf8-4eda-98cd-94226ea88667_istituti.owl_functional.owl,17006927,11310212,28317139
approximated_kb-owl-syntax-unraveled-depth-2-disjointness-constant-classes-relation-axioms-value-classes.ofn_functional.owl,704850732,1633221947,2338072679
52aecfef-da97-46f1-9a64-80f56d52165a_aeo.obo_functional.owl,20881000,19303139,40184139
688aa480-d630-4d41-91d3-1b78a7b98916_y.owl.PREVIOUS_functional.owl,165085050,217484941,382569991
approximated_28622bc7-cb98-4f2e-a426-d9635cfc44b5_yrightonto.owl_functional.owl,18277588,10668979,28946567
26897d80-79f5-4393-bfe8-280eabe1f710__march2007.rdf_functional.owl,11945892,1639664,13585556
18980a83-8b08-4a65-8db9-b2d8e805de09_mpath.obo_functional.owl,36605903,45239598,81845501
approximated_92fa8dc5-f1e1-41a8-824c-1f3660dfc5f5_oReduction.owl_functional.owl,23318993,33483710,56802703
approximated_8ad12c88-5058-4a76-a0b3-4a380974341c_biotop.owl_functional.owl,19120905,23115311,42236216
approximated_46de5483-ba2b-490e-ba2a-1a00e2a86bea_Thermistor.ttl_functional.owl,16681881,3737266,20419147
approximated_eb185baa-7385-4933-9ae5-686199ea8e3c_SwTO.owl_functional.owl,13999187,9236124,23235311
approximated_d957afe9-1131-456c-96be-f3a4c3c4f857_OExtension.owl_functional.owl,12002109,3109722,15111831
approximated_c5fa1600-3560-45ee-ab0a-e25da51dd5b6__Ontologie.owl_functional.owl,207657229,32530852,240188081
approximated_idqa.image-and-data-quality-assessment-ontology.8.owl.xml_functional.owl,16206695,13079742,29286437
41ce0d64-4b1d-4803-b6d5-0b03f536adbb_hao.owl_functional.owl,85606851,202149158,287756009
approximated_ce42f3d2-7f3d-45cc-a7c9-27f09449df65_edElements.owl_functional.owl,12006288,6344254,18350542
approximated_genomic-cds_rules_full.owl_functional.owl,3724704789,6921949895,10646654684
approximated_55b94b12-da5f-4c43-9a41-b8332c72b8be_umlssn.owl_functional.owl,19645706,9686307,29332013
approximated_d57f3a03-cb35-4e6b-b8a5-88adf841e112_phenAtmoSky.owl_functional.owl,265815656,278308298,544123954
approximated_bbf8bf85-d523-457d-9d6d-7bc77f2a14fb_o.owl.PREVIOUS_functional.owl,24189768,28306492,52496260
approximated_58ae1ea7-98a4-41e9-b8ac-8954fcdf5d4d_umentation.owl_functional.owl,63216737,73258812,136475549
approximated_93dc286c-c206-47a3-be36-c6b2d3fc0b39_ering_iron.ttl_functional.owl,12524881,4156851,16681732
approximated_1c8f3bf8-b5ac-428b-9ef4-1174e7e446b4_prerelease.obo_functional.owl,220501022,570472412,790973434
5ae4876a-8eb8-4588-a601-36e05462411d_nverzeichnis_T_functional.owl,14119041,871877,14990918
cc26ba5f-6218-4c8b-b8b7-324a55bd78cd_ATO.obo_functional.owl,275766883,653700332,929467215
approximated_055f620d-9a09-4e52-b3af-b345fb04f61e_Supplements.owl_functional.owl,16787551,12771690,29559241
approximated_8822c90c-1600-484a-8165-4a7fa3c4cc75_siaeModIDs.obo_functional.owl,993898618,2498634856,3492533474
approximated_62e5d462-9a6a-4505-853d-5b3eb2493328_3_20100614.owl_functional.owl,104092341,202102211,306194552
83b5f8b2-fe4a-4359-bda2-952e81670265_ephenotype.obo_functional.owl,929997094,2242223377,3172220471
approximated_00544.owl_functional.owl,254258200,540984166,795242366
approximated_00279.owl_functional.owl,111499486,4282787,115782273
approximated_a2256f9d-c923-4a40-a68e-e775d2949c8e_events.owl_functional.owl,26703561,10481985,37185546
approximated_2bb710b1-fabf-4b78-8aef-8833e5abf0e2_adpresentation_functional.owl,115455622,9438464,124894086
approximated_185b32f5-bc67-4ac2-ac51-ce01fcb0f859_ivacy_port.owl_functional.owl,104651188,3068983,107720171
approximated_ctx.cerebrotendinous-xanthomatosis-ontology.1.owl.xml_functional.owl,240817322,18577454,259394776
approximated_105b9e75-b4bc-4e4f-86eb-50a3086726ab_raamplan.owl_functional.owl,138291012,51628873,189919885
approximated_07eb103b-7996-4b33-9716-c316314e302c_BAO_v09b558.owl_functional.owl,145976327,29517736,175494063
approximated_15a16883-1d27-4e28-9b7b-e9041606088b_Location.owl_functional.owl,13699150,1632357,15331507
approximated_03554b1a-3f4c-4eaf-a6bc-b1ef483dc74d_act_driver.rdf_functional.owl,15562188,3788563,19350751
approximated_184e8ad6-6150-4736-9680-65519e3eb8ca_McDonald27s.rdf_functional.owl,16146012,3758148,19904160
approximated_d1c7527f-ae7b-4bbc-9b5a-456999489111_PaulFisher.rdf_functional.owl,15748459,2898890,18647349
approximated_kb-owl-syntax-unraveled-depth-1-km-relevant-cardinalities-constant-classes-relation-axioms-value-nominals.ofn_functional.owl,457087190,1127907326,1584994516
approximated_e0c729ab-587d-4618-a3e1-29fb1ab901e4_um_cleaner.rdf_functional.owl,13467489,3845508,17312997
approximated_00550.owl_functional.owl,27944731,41384020,69328751
approximated_kb-owl-syntax-unraveled-depth-2-disjointness-triggers-constant-classes-value-nominals.ofn_functional.owl,696612587,1603089054,2299701641
approximated_b488cbce-e728-4eea-8f8e-186e61b87f3c_Technology.owl_functional.owl,24730388,24567966,49298354
f248f15a-b996-4ac7-ad65-c4c07a3aab3f_tissueinfo.owl_functional.owl,15044534,25137791,40182325
approximated_kb-owl-syntax-unraveled-depth-0-cardinalities-disjointness-triggers-relation-axioms.ofn_functional.owl,390355872,810556856,1200912728
approximated_310a78be-8d32-4ae0-87b8-a1e2953b0969_Fixed_rope.ttl_functional.owl,10287284,4289747,14577031
approximated_9083e138-06f7-4aef-b62b-b29a59cf1af7_Pipe_wrench.rdf_functional.owl,15843255,3966473,19809728
approximated_kb-owl-syntax-unraveled-depth-1-km-relevant-cardinalities-triggers-constant-classes-value-classes.ofn_functional.owl,450733325,1131724291,1582457616
approximated_c55e68e3-2673-4567-a9b4-2c3fb19b4641_Content.owl_functional.owl,16839219,4742950,21582169
90cc715d-ed54-45f5-b266-2e806fb2b97a_amf.rdf_functional.owl,12672180,835453,13507633
034c7b8c-06dd-4c6f-b1b4-1ce3e84c9b07_PW.obo_functional.owl,23518742,50737733,74256475
approximated_60b9ceb6-bc88-4a31-9682-022bc0611c70_bulary_tac.rdf_functional.owl,21610927,6517257,28128184
approximated_kb-owl-syntax-unraveled-depth-4-cardinalities-constant-classes-relation-axioms-value-classes.ofn_functional.owl,390162067,1009381145,1399543212
approximated_5c1eab19-811a-43b5-9807-76b3ac1c08f4_r_function.owl_functional.owl,267345284,584253758,851599042
approximated_cd0a1fec-4b85-4a79-bb9b-4ac7c655ce12_oClean_example_functional.owl,119511365,2144823,121656188
approximated_2a164057-3010-4ef7-aeaa-460507ed087d_Smartphone.owl_functional.owl,31394900,11089655,42484555
f7937997-ac84-413f-aced-a7d0571391fa_psims.owl2_functional.owl,133414539,121706664,255121203
1f853c87-59ec-4258-a230-0db909147213_csontology.owl_functional.owl,127705956,6301534,134007490
approximated_76aa0daf-538d-4aba-a84e-1946539d9964_andGlacial.owl_functional.owl,214129787,259042892,473172679
205fd91f-d1fc-4853-992d-43c7e5b35693_A4uterapotheke_functional.owl,135106335,853438,135959773
0c756021-1e52-4a68-9a35-9da860bd0b85_Language.owl_functional.owl,12091333,1628300,13719633
1ff241a4-3d38-4961-b88c-5c9da7c7b292_cerManager.owl_functional.owl,13681173,2197868,15879041
approximated_69770d6c-5534-43e9-9032-ab9a0702b960_n.owl.PREVIOUS_functional.owl,590799914,1207669690,1798469604
approximated_kb-owl-syntax-unraveled-depth-4-triggers-constant-classes-value-nominals.ofn_functional.owl,354600419,880590121,1235190540
approximated_99a96eaf-e131-4285-a04a-0c1842f4cf0c_POWER6.ttl_functional.owl,11750486,4037277,15787763
approximated_a5abf9cb-7bb2-4d58-9967-d4f2deff1c6d_person.owl_functional.owl,11822963,6241769,18064732
00030.owl_functional.owl,200528693,242345919,442874612
32bd69fb-38b6-48a9-83a0-e229b6ae3928_abstract2.owl2_functional.owl,295546577,718255813,1013802390
5a86d8ef-073f-4690-8330-cc5afc20bb0d_unitxp.obo_functional.owl,12547682,3596103,16143785
approximated_60bac925-236d-46d4-8aaa-a3b96f2aec1d_hOperation.owl_functional.owl,143806327,207294219,351100546
approximated_c706b478-486d-48d1-b18e-bddfb25937f9_graphic_RM.owl_functional.owl,14439444,12933479,27372923
ccfa33e7-f5f2-4404-a096-34492755e4c8_Country.owl_functional.owl,21647951,2452723,24100674
approximated_04e28aa9-604d-4782-9fd6-3ba1465d29a6_quanCharge.owl_functional.owl,135070148,217589041,352659189
approximated_c9fd83a9-f0d8-487b-acc5-18e9b6ff15e6_Cream.ttl_functional.owl,13783183,3789532,17572715
approximated_7308728f-3851-4a48-84ee-630cc4ac201e_Robot.rdf_functional.owl,16722117,3900058,20622175
approximated_756a7d78-1836-4da2-a9fe-e2b7bf7d9e52_e42_atwork.rdf_functional.owl,12379244,2955575,15334819
pato.phenotypic-quality-ontology.162.owl.xml_functional.owl,54330887,93749120,148080007
approximated_29a867f9-d489-4127-be03-20320d3ac3eb_thetometer.rdf_functional.owl,12169154,4139074,16308228
approximated_a9092f75-21ac-4900-a14f-3f5d82729771_olTectonic.owl_functional.owl,135606736,251542519,387149255
approximated_a081ac62-8573-40c3-8e60-d87d7c79819e_Loudspeaker.ttl_functional.owl,17664008,3749290,21413298
approximated_7d4c9905-e86c-45d9-a15b-646bdf934b8b_swpatho2.owl_functional.owl,26816857,45320422,72137279
approximated_00359.owl_functional.owl,29011777,38113246,67125023
approximated_50ccb65e-2232-4be6-baa8-1aecbce98232_TO_XP.owl_functional.owl,29978607,46706090,76684697
approximated_5d581452-b35d-4cf5-a7bb-da6d3be46764_E2.0Litev5.owl_functional.owl,10474276,7032610,17506886
1b99efff-7fdf-4fb3-8b01-9d8ab2efc8f1_3702.rdf_functional.owl,22567567,2034982,24602549
approximated_a3c0e2f5-0593-4071-bfe3-85c892887d42_ecrm_111122.owl_functional.owl,25230732,21870297,47101029
approximated_564fbe9d-50fb-4749-af2a-7ad7e89a57f4_nWaveNoise.owl_functional.owl,137849662,254317209,392166871
approximated_14980344-3e02-4323-a05f-e1697a27f833_biotop.owl_functional.owl,16967967,20112636,37080603
approximated_275cfc9a-3fb1-4e8f-bcbf-003f09671928_Swimbait.ttl_functional.owl,12403225,3884319,16287544
approximated_47fa2193-b71b-423e-9ed6-81b7e0adb1cc_onto.rdf_functional.owl,14148449,4905264,19053713
approximated_410dd4ac-bf2b-47ff-ba36-fc6f9d1c2486_Skate.ttl_functional.owl,13648924,3762440,17411364
approximated_497726bf-d222-4d34-bca7-cf90594e1f99_NIF_Dysfunction_functional.owl,88062334,168594428,256656762
approximated_kb-owl-syntax-coreference-IDs-km-relevant-cardinalities-disjointness-constant-classes-value-nominals.ofn_functional.owl,878680764,2329141106,3207821870
approximated_kb-owl-syntax-unraveled-depth-0-cardinalities-triggers-constant-classes-relation-axioms-value-nominals.ofn_functional.owl,152063060,382321648,534384708
00138.owl_functional.owl,21434035,11827595,33261630
82bbbe24-8593-4c74-b17e-4d6e5f45659b_Website.owl_functional.owl,25747783,3090519,28838302
approximated_63c86308-ee29-4a2c-8043-3233116e4795_se_anatomy.owl_functional.owl,90420376,201458084,291878460
approximated_171c0b68-5c7a-404b-9c3e-535959dc051c_ng_trimmer.ttl_functional.owl,15841188,3817944,19659132
approximated_3a1b2628-8c08-460e-8368-673e5b331cc8_Heat_gun.rdf_functional.owl,17120686,3902319,21023005
approximated_f2385330-02bf-41db-8aa6-73b0fcffcba5_Fretsaw.ttl_functional.owl,9637089,3816903,13453992
approximated_07e69a69-26d3-4655-8e28-b978b8b6ea46_Brush_hook.ttl_functional.owl,15128459,3922047,19050506
approximated_4059d7b6-d333-4266-82e1-74e56f760ac5_iting_desk.rdf_functional.owl,13736743,3754108,17490851
approximated_01f0c2d3-7480-48d6-bd7f-27b8e8b74065_Saumagen.rdf_functional.owl,10749208,3837497,14586705
approximated_95e93e67-0968-4169-8e57-c3645ef119b7_Dryer_ball.rdf_functional.owl,14563243,3913265,18476508
approximated_8b056def-133b-4f3d-8342-4aa45fede850_on.obo.CURRENT_functional.owl,356687215,995291745,1351978960
0dd76a43-d53e-4e3f-95c3-0bf86478ad5f_classified.owl_functional.owl,132765786,349891449,482657235
approximated_33ef5eb5-89e6-4cb5-be90-46a5ee5c0e20_ssiondaily.rdf_functional.owl,30287334,30128868,60416202
approximated_85e86651-001c-4e50-bc27-de464e8be209_edgeDomain.owl_functional.owl,129857904,239700188,369558092
approximated_4907f5f7-6fb8-49a4-8f69-33907519ca4e_bio2rdf.owl_functional.owl,28607903,24100251,52708154
approximated_799937b8-380f-41a9-a6f6-901c2b23e3f2_Bar_stool.ttl_functional.owl,20475908,3703331,24179239
approximated_kb-owl-syntax-coreference-IDs-triggers.ofn_functional.owl,956528210,1761753668,2718281878
approximated_77634d14-33fb-4973-9ccf-835ce5af15d9_Trowel.ttl_functional.owl,16040054,3721145,19761199
approximated_6922fbe0-29f6-43da-9657-d04535e8b9b4_Steam_box.ttl_functional.owl,10328161,3950507,14278668
approximated_1daf246d-481e-46d7-97d6-4195f7c0bf53_lusensembl.obo_functional.owl,1935883179,4901939863,6837823042
approximated_c128a6aa-ad8c-424b-a4e4-8358034daee7_compute.owl_functional.owl,17409860,8035743,25445603
approximated_03935f93-d508-4667-b6e0-80a7a7187eb8_oceanevents.owl_functional.owl,15391949,3593951,18985900
approximated_6852ec9c-f026-4bbe-9373-7112947d003f_realmCryo.owl_functional.owl,132594088,215985788,348579876
25dd3bc2-2d6f-4599-b1e6-78fffc8efde2_hema_Bilal.rdf_functional.owl,26795134,9163236,35958370
approximated_4bfef320-2419-4ba3-a0aa-60d87378c172_andAeolian.owl_functional.owl,212366762,218464477,430831239
961fafb9-60d7-481b-8b78-73ab49ca5bfc_iaepanther.owl_functional.owl,323897372,209763463,533660835
approximated_a8064db8-3a38-49e9-bbe2-e513562a72d1_Instrument.owl_functional.owl,142885355,227213921,370099276
ifar.fanconi-anemia-ontology.5.owl.xml_functional.owl,109080454,259007433,368087887
approximated_f547c4c5-1c09-45e2-adb1-e545222262a3_ndardmodel.owl_functional.owl,16090353,16172471,32262824
approximated_2e5361f8-34f7-4f3a-b9d7-463908044ec1_ting_board.rdf_functional.owl,14952064,3714990,18667054
approximated_8d32770b-62b4-4abe-90c8-44770a1c51fc_som2codo.owl_functional.owl,22704181,17030735,39734916
approximated_1d35b4fa-9812-44d0-adf9-68cde31d8273_SYMP_functional.owl,22449060,45832012,68281072
approximated_d1a9fd10-2cbd-4adf-bef8-e153ca6e873d_S0.owl_functional.owl,16181072,4151412,20332484
approximated_3a3b88b3-6a6b-4ed4-a7ee-04d682520f22_scriptions.owl_functional.owl,28936070,20345770,49281840
approximated_f3defe0f-ce09-42c2-9292-3120cf679497_225onto.rdf_functional.owl,12257765,4020763,16278528
approximated_6d2c9559-c779-4709-a397-d43307f630bb_concept.owl_functional.owl,15088125,11078314,26166439
approximated_e44a672c-c8b3-48d5-b352-f8327347700f_4_09_17_44.owl_functional.owl,58318422,32405694,90724116
approximated_20892525-5521-4f2f-b9c9-9122ca8251e1_Crampons.ttl_functional.owl,13322180,3795582,17117762
approximated_4a72d18f-e846-42d4-947d-14fd805fbe93_raptest.owl_functional.owl,27671618,8957588,36629206
approximated_370a4b49-a6ed-4864-8eb3-471e41312f7d_Prstost.rdf_functional.owl,12060390,3872242,15932632
143888a0-8276-420d-84fd-4cfe10824018_ng.obo.CURRENT_functional.owl,14684900,17367226,32052126
ddd6d023-65dd-429a-a01f-2784c1d61f65_WNAffect.owl_functional.owl,13585511,5362480,18947991
approximated_1221efd2-4e6d-4fb6-8dc6-ffdf97fb48a7_core.n3_functional.owl,18446944,10615634,29062578
0fe50fe9-b828-43b6-bbf6-1d0c64e3c2b7_nciOntology.owl_functional.owl,1217465824,2633027119,3850492943
approximated_4fdff6d7-eaf3-4360-8d17-e13a8e888f66_Block_plane.rdf_functional.owl,13632061,3848550,17480611
approximated_8a62b6d4-d424-4b64-b9f7-efd2c1c82d18_ofn2lmm.owl_functional.owl,28642584,27702987,56345571
approximated_3790bf2d-66c8-4fe5-98b8-8bf00d6f10d6_shing_line.rdf_functional.owl,13384212,3734917,17119129
62b298ee-043e-4868-81c3-e5cea01ce7fe_Eukaryote.owl_functional.owl,19509426,9042884,28552310
approximated_124a3d0f-56ea-4d92-a67d-48c826fb4128_iew_screen.ttl_functional.owl,11009261,4101365,15110626
approximated_733093c6-d54f-4403-af25-f5860dd12b6a_Quadracycle.ttl_functional.owl,14120719,3839525,17960244
approximated_debc1f89-53f3-48f7-a8fc-38db277e47ce_rDataModel.owl_functional.owl,138464951,216104843,354569794
09e75e49-a3b6-4326-b42b-15b53069176c_ezeichnungen_P_functional.owl,8447387,801554,9248941
approximated_f5a5cf4d-c97a-4309-8b39-5610cb7b9dc0_H_Ontology.owl_functional.owl,18092330,7033612,25125942
approximated_f396bcf2-274c-4c9b-b57d-423a0c492ab9_ext.owl_functional.owl,898615293,2766062717,3664678010
approximated_c7cf068a-2694-42bb-8996-9a68a9bdfba8_topOnly613.owl_functional.owl,418267360,376800378,795067738
approximated_b9a0e692-a54c-4c47-aec9-ecae65daebc6_realmHydro.owl_functional.owl,144833792,214422636,359256428
approximated_056d71e7-0892-41a6-b455-612f81f80de9_Cast_iron.ttl_functional.owl,14571215,3812554,18383769
approximated_0178f4af-9daa-46ce-b19e-935dfa9736d8__sharpener.rdf_functional.owl,17371668,3733271,21104939
approximated_101878dc-d4e6-438e-9751-36076fd23640_onto.rdf_functional.owl,14181341,5544843,19726184
approximated_1230ad04-0fe8-4831-8a71-20ee3639bce1_Honey.rdf_functional.owl,12853129,3867495,16720624
approximated_cf0e4300-1025-41d8-9041-3b5a1129a021_estigation.owl_functional.owl,26690762,26297285,52988047
approximated_kb-owl-syntax-unraveled-depth-0-cardinalities-triggers-relation-axioms.ofn_functional.owl,146864714,362428392,509293106
approximated_22cbecd4-3367-4d63-b457-69e4ed584abc_phenSystem.owl_functional.owl,135845864,215962506,351808370
approximated_52a27f94-8030-4710-9c32-82926fe8df2c_nkey_bread.rdf_functional.owl,15512736,3870304,19383040
approximated_0b24372f-7712-45cf-bd82-745f31080eb7_IAO.owl_functional.owl,9680635,4464750,14145385
approximated_a9e3953d-5a63-439f-bfd8-c7b7a7a317c8_rolNotamsP.owl_functional.owl,25594702,41830926,67425628
approximated_1005c853-dc47-483d-a607-f3e8b6961b3e_topOnly609.owl_functional.owl,224679699,363560319,588240018
approximated_genomic-cds.owl_functional.owl,2790680999,5247074276,8037755275
approximated_1cb774b6-ad95-4e1c-b419-f34f6e591ce1_ttle_valve.rdf_functional.owl,29674045,3969892,33643937
approximated_00110.owl_functional.owl,48354849,24698655,73053504
approximated_mf.mental-functioning-ontology.12.owl.xml_functional.owl,35159929,42266090,77426019
approximated_2d6d6c2f-ad4c-468e-8094-2cf5cd6f681b_WNDefs.owl_functional.owl,201696498,25926078,227622576
approximated_168cc67e-ff5b-4b6a-9346-66a7579c1cce_er_heating.rdf_functional.owl,24522366,4063011,28585377
approximated_3a13f394-00cb-489d-a0c8-882611cd4afb_BATutorial.owl_functional.owl,22607318,9778469,32385787
approximated_89bfb04f-7c13-427c-bbd8-ad1b580df4b5_abulary_wi.rdf_functional.owl,24914135,7654150,32568285
approximated_8501829a-ef0b-4fbe-b952-e002cb09e1fc_laptops.owl_functional.owl,14822718,6694641,21517359
approximated_ddac5182-315f-4fce-a711-3f9e4d1d01ac_phistolink.rdf_functional.owl,36367741,142872951,179240692
approximated_8ff61c22-45d7-4ca2-9463-8add8d7d5514_cmoc.owl_functional.owl,16397520,13015343,29412863
approximated_obi_bcgo.beta-cell-genomics-ontology.9.owl.xml_functional.owl,75840885,170084555,245925440
approximated_07d71d21-07d8-4007-8bf6-313170b22b72_alcomplete.owl_functional.owl,15476162,7724581,23200743
approximated_479d0fc3-2eef-4155-bbad-be33f539e7df_Common_RM.owl_functional.owl,12721064,8769988,21491052
approximated_7e74de42-a28b-4a49-a7f2-ebf47b564d65_nderbraten.rdf_functional.owl,17036076,4034765,21070841
approximated_00690.owl_functional.owl,53780776,115940832,169721608
approximated_3498a00e-2450-4195-b1dc-44f41c6dc239_cillograph.rdf_functional.owl,15414052,3829081,19243133
approximated_4c37c947-0edb-4e65-be1d-af5e62ada614_reprSpace.owl_functional.owl,129025367,217957734,346983101
approximated_e188a9a1-104e-4050-aa56-95c87561b655_morphisto.owl_functional.owl,8775837,3157202,11933039
approximated_52afd264-ef33-4daf-ba39-28d88e5401ab_ton_cheese.ttl_functional.owl,15020087,4412564,19432651
approximated_kb-owl-syntax-unraveled-depth-3-km-relevant-cardinalities-disjointness-constant-classes-relation-axioms-value-classes.ofn_functional.owl,672258295,1564051044,2236309339
approximated_648cdc4c-92a8-4838-912e-fbc7fbc91625_jet_cutter.ttl_functional.owl,16000558,3936017,19936575
approximated_0820d6a0-d596-48a0-88dd-f08a4f21eeca_Rationales.owl_functional.owl,19944085,16849709,36793794
approximated_00781.owl_functional.owl,31521276,17344258,48865534
approximated_0f88403b-27b1-4c15-8862-c7e85ce0ec55_ExtendedDnS.owl_functional.owl,22234690,20666697,42901387
approximated_c2abef0f-3619-4589-860a-22821e5142ac_ntology_xp.obo_functional.owl,271128831,644048765,915177596
approximated_bdab17c9-38a8-468c-ad6b-edf96334cb15_nTransport.owl_functional.owl,124418531,40976553,165395084
approximated_7ab2b759-f452-411b-acec-ff844c527c94_Pyranometer.rdf_functional.owl,92828851,3936512,96765363
approximated_a5dff68e-fd35-49a0-b9ff-e8761d735ae6_biolProcess.owl_functional.owl,63282039,33373970,96656009
approximated_0f6d6b44-975b-4aad-b441-73164ba93859_Amigo.owl_functional.owl,130775061,12160740,142935801
approximated_d6a35b67-abae-4e1f-b9cb-27c4ae8acff2_onto.rdf_functional.owl,103351440,5211142,108562582
approximated_7fa9c540-3c8c-4ea6-9188-78cd69283470_ching_tool.ttl_functional.owl,10437084,3876851,14313935
approximated_2976729e-9e90-4690-89c7-7d3bb709d75e_istituti.owl_functional.owl,44479020,11948359,56427379
approximated_4d15609b-7129-4bd9-a018-285f8f402c89_xd2codo.owl_functional.owl,80846150,22334237,103180387
approximated_0bcb9c24-1bfc-4380-a47c-d035c809b9fa_herry_soup.rdf_functional.owl,117388752,3738401,121127153
approximated_10023d99-ff0c-4600-8566-f71fea0ced10_biotopcore.owl_functional.owl,17517090,20024177,37541267
approximated_74c5ff5f-81bd-4070-bd5c-fa1a532dc537_Smint.rdf_functional.owl,117673682,3857139,121530821
approximated_e1ae8537-d1c7-4503-8e59-5211f757270c_omalsimple.owl_functional.owl,48731583,103403927,152135510
approximated_bd029434-02c3-427c-a85c-c6e5f7a0de1f_reprTimeDay.owl_functional.owl,314337872,208337633,522675505
approximated_00505.owl_functional.owl,12294946,7834101,20129047
approximated_916ed9cb-a10a-49d7-bbc1-61d9595794b2_PaulFisher.rdf_functional.owl,12606276,3053113,15659389
approximated_2a360b56-cf00-4b38-b3d7-390330daf063_Blachindla.rdf_functional.owl,13399397,3719128,17118525
approximated_c326f1cc-b243-424d-9cea-82f42a419812_epontology.owl_functional.owl,15946623,6766869,22713492
approximated_92fb5d2f-754b-4d0b-925e-6c49d01d6242_ant_coffee.rdf_functional.owl,4520510,3700236,8220746
approximated_38ff03b8-917e-4b0a-a160-2d26157ea4ed_ction_seat.rdf_functional.owl,10355344,4338740,14694084
07fccd6f-2fdc-4c5f-aee6-1edd6611d2d5_EbGdrcN5Y29ycA_functional.owl,58170889,117104825,175275714
approximated_e686d148-d088-4023-ac37-b22ed59054d8_netcdf3.owl_functional.owl,12206430,2938217,15144647
approximated_b545b71a-2659-40bf-9445-3363f1ba664e_iComponent.owl_functional.owl,140805178,215572730,356377908
approximated_000625f4-66a1-4f5a-8513-24d547cdb5cb_nvirImpact.owl_functional.owl,132223295,213481257,345704552
approximated_096e5dcc-b8b5-40c5-82f4-2c00eed01ae4_ding_dress.rdf_functional.owl,17801585,3917460,21719045
approximated_21bf1dd2-e131-4a5b-86ee-3084782bd546_merged.owl_functional.owl,889463540,2711304098,3600767638
approximated_d1f30083-aa94-4745-a45c-4f5d60fadd8c_Vicon.owl_functional.owl,29533801,6703138,36236939
approximated_a085debd-ca56-457f-b403-b9938f6f43b1_core.owl_functional.owl,730823971,2176295737,2907119708
approximated_c1e214a0-37d4-4cd2-8868-10743fafff20_neistituto.owl_functional.owl,15612490,12167511,27780001
approximated_2a5cafb9-87c3-4776-900a-ac5cb5196348_Hex_key.ttl_functional.owl,10391279,3788015,14179294
approximated_00477.owl_functional.owl,6352924840,10570147119,16923071959
approximated_1f8b0a10-be30-44b9-a02c-f7d6eecd673a_tail_dress.rdf_functional.owl,19952122,5702053,25654175
approximated_kb-owl-syntax-unraveled-depth-0-km-relevant-cardinalities-disjointness-triggers-constant-classes-value-classes.ofn_functional.owl,430453292,947959837,1378413129
approximated_916b0ecb-7569-4797-9535-63efbfe840b8_onto.rdf_functional.owl,25425299,5582114,31007413
approximated_42546a60-b76f-4eb7-a1b2-511aa6403b09__interface.ttl_functional.owl,11834566,3789981,15624547
approximated_56bfc13a-df7a-4bb8-8c6f-c15d1c96d9cb_Salpicon.ttl_functional.owl,16822028,4023699,20845727
ba4089c6-1a4a-443d-a899-0db878457501_BRInferred.owl_functional.owl,16076414,5297304,21373718
approximated_0ee21d9f-074e-41fe-9802-93934a10da46_visitor.owl_functional.owl,13038523,5529387,18567910
approximated_12336be9-e5c6-428c-a2ea-248dbf46d6f8_vsto.owl_functional.owl,16171580,10052379,26223959
8014c327-948b-42ed-865e-f2f546ee15d8_classified.obo_functional.owl,30423398,58702231,89125629
approximated_5db4d34a-be91-434b-a961-cb1db44e07c9_Van.rdf_functional.owl,17695133,3726501,21421634
approximated_16389419-2fd9-4b49-abe9-ee2659d190fb_adjustments.owl_functional.owl,24374296,22076913,46451209
approximated_00513.owl_functional.owl,84383055,22561652,106944707
approximated_cb7248c9-4a13-4e6f-be2b-d6d5eda233e1_tologyV2.0.owl_functional.owl,30397046,35748259,66145305
approximated_kb-owl-syntax-unraveled-depth-1-disjointness-relation-axioms.ofn_functional.owl,685650150,1605197254,2290847404
approximated_84814296-56e5-429c-81cf-da91b895205e_urdu.owl_functional.owl,12782820,3834608,16617428
44716794-d43a-4e55-97bb-ca6c0d2d8a01_wbbt.obo_functional.owl,381686868,724315122,1106001990
807889f1-dc9e-4c0a-84d1-a119276e0d06_regulators.obo_functional.owl,52922142,2660497,55582639
approximated_5342ed42-7637-4712-9e5e-b54f1d9ca075_Affogato.ttl_functional.owl,28764880,3816520,32581400
approximated_270cff5d-67f4-4521-9a61-104a2206450f_Shaper.ttl_functional.owl,29874046,3747987,33622033
approximated_00420.owl_functional.owl,153009828,323970756,476980584
f01166a0-9a6f-421f-b380-a85f66db4be2_GrandPrix.owl_functional.owl,21166443,895552,22061995
08308ae2-7078-45f8-8553-d3be59a03175_ratebridge.owl_functional.owl,266468736,260021639,526490375
approximated_1c6fa4e4-6445-4f97-8cb6-d29abbb098f8__component.owl_functional.owl,126326012,169782437,296108449
approximated_1c638dd6-b4f8-4e00-9c20-97a79e6c8b9b_gd2rServer.owl_functional.owl,98767622,10945816,109713438
approximated_174665ca-f7b7-4317-8ed3-5ecc29a278a5_owl10b2lmm.owl_functional.owl,36747629,45609286,82356915
approximated_be5e0b83-621a-4163-b810-010238ba71ba_dOntology2.owl_functional.owl,18414364,7452273,25866637
approximated_15b50ba3-e082-44e9-8480-2d80ce08c4b1_lla_cheese.rdf_functional.owl,10526742,3798769,14325511
approximated_212e0a70-5fce-4f53-ac2a-88d54380ac89_Saloio.rdf_functional.owl,10323173,3749813,14072986
approximated_37ec504c-2262-4e75-ae16-ac1dbbf8e839_lRelations.owl_functional.owl,12969472,7211628,20181100
17ca5ff0-3d29-45e6-9f80-c1ff6c41a18e_onto.owl_functional.owl,10925087,3143055,14068142
approximated_c0093cdb-d3ad-493a-933b-ae121eb751ee_testRes.owl_functional.owl,11015775,1983702,12999477
779ef1e1-acf5-4a43-8c9f-1be6d5099194_viorsimple.obo_functional.owl,23130134,44692017,67822151
rh-mesh.robert-hoehndorf-version-of-mesh.3.owl.xml_functional.owl,10548926688,24188455799,34737382487
c87825a8-ced4-4d6d-8cd3-ee2da2e82c68_bodyobject.owl_functional.owl,117049919,8810953,125860872
approximated_00340.owl_functional.owl,105866272,6018890,111885162
approximated_86d53811-cc46-450c-8845-b8d286e9462e_Rectiformer.rdf_functional.owl,116270395,3759228,120029623
495ad0f9-f7a6-424e-8778-28f12182d6c1_ss_xp_cell.owl_functional.owl,54669326,19180278,73849604
0145c9fc-5708-4517-a909-1e574b4c39db_nboel.obo_functional.owl,256062255,62652161,318714416
approximated_0872ce09-5943-4f1c-a191-58d36679f4e3_lexicon.owl_functional.owl,193668847,13208988,206877835
approximated_69c07f76-4b61-4534-9927-31ec4d8f5038_AAkeysv1.0.n3_functional.owl,251128905,34173320,285302225
approximated_426785fa-25bf-492a-93bd-ec2607ec7098_clinometer.rdf_functional.owl,105033163,3739672,108772835
approximated_21d2e946-18c6-4cb3-bae0-5a9c2f03ad25_Babysitting.rdf_functional.owl,59590828,3982307,63573135
7a528067-4cef-44d4-8b92-d0850cbf5189_fbcv.obo_functional.owl,21077551,32652543,53730094
approximated_kb-owl-syntax-unraveled-depth-4-km-relevant-cardinalities.ofn_functional.owl,523099473,865302392,1388401865
1b0f7276-4481-4ccd-a269-56d1edc49c3b_ianaentrez.owl_functional.owl,3033747216,879316898,3913064114
c669669d-7a04-410c-9474-1f6e46230556_BioLinks.owl_functional.owl,45731027,11232258,56963285
approximated_2fe73174-55da-465e-87c0-0c6682bb3fd4_ngineering.rdf_functional.owl,8675984,3755525,12431509
approximated_3d1c5660-5e27-4439-9c4c-5e6a73e0bad6_Beef_tongue.rdf_functional.owl,8854280,3733674,12587954
approximated_168f552a-9fa8-4009-a32d-03d4aef08a39_ceDistance.owl_functional.owl,133786303,220621736,354408039
approximated_58cdd616-9f8f-4956-a0f1-acc56d9a9936_Microbiota.owl_functional.owl,141581115,251603625,393184740
approximated_c06f618d-66a7-432e-890e-d2592d17bb7d_009UNAeasy.owl_functional.owl,770940064,72358986,843299050
approximated_94f1b84d-205d-4de0-810a-6ec2a9f08695_sio.obo_functional.owl,35392587,73616585,109009172
approximated_2c74dd6c-05e9-441a-9893-93be451430e7_Saffron_bun.ttl_functional.owl,9325076,4108915,13433991
approximated_pdo.pathogenic-disease-ontology.3.owl.xml_functional.owl,11870256,14499679,26369935
approximated_e1634697-665f-487d-a985-7135bd1fa0a8_rbon_steel.rdf_functional.owl,11319291,3873457,15192748
approximated_8ff9cc67-bd62-455c-9573-999224b512c7_onstituent.owl_functional.owl,141988969,251816536,393805505
approximated_1a037ae1-e3ff-4564-a364-4397e736f319_lisensembl.obo_functional.owl,1447427642,3331932125,4779359767
approximated_2f79d508-b59e-45a8-a477-e32320b2933f_Valve.rdf_functional.owl,17636236,4270668,21906904
approximated_kb-owl-syntax-unraveled-depth-3-km-relevant-cardinalities-relation-axioms.ofn_functional.owl,361383765,950052452,1311436217
approximated_48b31924-6ad5-4b16-9825-71feaddf587c_multibeam.owl_functional.owl,11550512,5938870,17489382
approximated_a1d2ac96-ed93-4bb5-bc06-00559649b63d_complex2.0.owl_functional.owl,17213558,5169608,22383166
approximated_45cf1522-b03b-4b1d-ac2f-ee52c882042f_ent_cheese.ttl_functional.owl,12675415,3885513,16560928
approximated_c0024c00-e70f-46d5-a30a-3c1f80bf0031_pienstaxon.owl_functional.owl,1606573868,3409518184,5016092052
approximated_1f57378b-9f87-4c1e-90c4-b92bfd1705ce_Roland_MT32.ttl_functional.owl,15770398,3836869,19607267
approximated_kb-owl-syntax-unraveled-depth-2-disjointness-triggers-constant-classes-value-classes.ofn_functional.owl,709441057,1633461492,2342902549
4b54e80a-cabc-40d4-9348-32507da9eebf_esistance.owl2_functional.owl,83967437,226941934,310909371
approximated_14c1690b-e578-4a32-b6a3-5479f1f5af1e_mantics_v2.owl_functional.owl,26632064,22854769,49486833
xco.experimental-conditions-ontology.48.owl.xml_functional.owl,15493638,27491930,42985568
approximated_8aef9aba-9d35-4866-8b9f-dd6129c96d5a_onto.rdf_functional.owl,13669526,5474032,19143558
approximated_18811a36-1b4e-4aac-bc91-d291faf55662_LMM_L2_v10.owl_functional.owl,25579332,20612374,46191706
approximated_79eda219-06ef-4771-96f1-5083ace69afe_onto.owl_functional.owl,8588809,4982581,13571390
approximated_42123f96-f3b4-4875-9b8a-6b6b1da45463_mlso.owl_functional.owl,16938386,11254154,28192540
approximated_94e100d0-92a5-40cd-b09d-11e1b5236cec_t_lavatory.rdf_functional.owl,10203016,3992774,14195790
approximated_859ed50b-ff20-490d-b4e7-5f513b7dd133_saengerrna.owl_functional.owl,23751118,27765158,51516276
approximated_91d671b7-7119-4100-ab45-12625a52e3ff_Rstarvs10.owl_functional.owl,135097638,21349519,156447157
approximated_034657bb-ae7e-4db3-a67b-b19c77715ace_ty_harness.rdf_functional.owl,13014455,3742668,16757123
approximated_011882ed-0797-486f-945c-406cab4ed654_Headgear.ttl_functional.owl,16702816,5500324,22203140
1e655281-cec3-4e76-b190-ff065b667086_t_ontology.owl_functional.owl,63459921,136107161,199567082
approximated_a5de6677-f866-4add-bfe5-bab94aeaec81_EnergyFlux.owl_functional.owl,142266051,273924673,416190724
approximated_8e638331-bd8b-46d6-9cfe-a8a082e4c7d2_Instrument.owl_functional.owl,27672540,38623431,66295971
approximated_d8b7cf59-d132-4c0d-b33e-92a3a01234d5_eh_Arabieh.rdf_functional.owl,17115709,3891894,21007603
7eb212d7-1dbd-41fa-8496-1935bece5a26_RugbyPlayer.owl_functional.owl,19470954,1881994,21352948
approximated_4f8c0e42-ef62-45e3-8dd3-1057a6047d43_myOnto.owl_functional.owl,20818164,7272677,28090841
approximated_99bba4d3-6998-48b7-a1ed-a334016cdb7c_doc16.rdf_functional.owl,30986977,19222256,50209233
approximated_d65d997d-aa38-4638-8703-b3faecbdc7ed_ithesaurus.owl_functional.owl,4128844282,8604054859,12732899141
approximated_0da869df-aa47-4094-8b45-d8adcd274acd_ecrm_100707.owl_functional.owl,54887408,22177702,77065110
b223b66e-81e0-4aaa-8a4d-e7e5f5e35d17_SMW_extensions_functional.owl,14649340,1905526,16554866
4061843a-3fd2-4186-b15e-6631ceab65b0_onto.rdf_functional.owl,9375164,1797289,11172453
approximated_2df83f4e-d992-40c1-9c7f-783c51b9dcde_de_battery.rdf_functional.owl,13797765,3813971,17611736
approximated_4b4c4c11-a7e8-412b-b17e-0838b1e763d9_ly_network.ttl_functional.owl,14975333,3717774,18693107
approximated_79617b32-e5f0-4a55-874d-53d625258b17_Thesaurus.owl_functional.owl,3558926820,5535005477,9093932297
c7403c2b-f907-4329-9760-9c87cafa387d_ctermsrelation_functional.owl,14678251,1791876,16470127
approximated_887565f2-6ed2-40a8-abfc-c7fbac0d454c__converter.rdf_functional.owl,17213439,3715383,20928822
approximated_af21ae98-5b25-4c88-af11-89b5f9cbcf08_management.ttl_functional.owl,11771898,3745047,15516945
approximated_1b8fd0d2-5e00-4472-9299-11b11604ad18_edElements.owl_functional.owl,16987988,8725715,25713703
approximated_43b34e6a-f2dc-4813-90aa-8cadfa6c4bc3_mAstroBody.owl_functional.owl,135094429,224786827,359881256
approximated_03442ce5-7960-4861-9f0a-1562d3f49c09_ao.owl.CURRENT_functional.owl,23606513,26625903,50232416
794bfd83-b766-45fb-9b0d-5ad0a6dba752_typemerged.owl_functional.owl,52535124,115747718,168282842
approximated_cf24f337-5263-4187-9559-9fb86f3a5fd1_Knight.rdf_functional.owl,18240204,3313276,21553480
approximated_171ea4bb-92f1-499d-84b2-f7c2df976132_and_health.rdf_functional.owl,10358164,3804767,14162931
approximated_dedc0af3-2753-4919-9740-c5bff02f6582_DP1.22.owl_functional.owl,16044639,3192325,19236964
approximated_22484eda-8103-4d4b-9980-9e139cfd0f3a_MOmodular1.owl_functional.owl,398390306,687129177,1085519483
approximated_40977513-9e60-41d0-ac27-dc417d16ae65_mnov192004.owl_functional.owl,136463537,16347916,152811453
approximated_b0305065-1b29-49ca-a8e7-1930dab6cf55_propIndex.owl_functional.owl,189755151,221370102,411125253
approximated_bb9f786a-6dcc-474f-8097-5d825fb9703f_Design.v13.owl_functional.owl,118267210,7915417,126182627
approximated_40263d28-23c5-44d7-9d44-ee94d53fa3fe_estigation.owl_functional.owl,92838703,29905654,122744357
approximated_5c43b0b8-b1d1-4002-b3af-603d65db6ae1_arm_cheese.rdf_functional.owl,15878478,3868151,19746629
approximated_84296309-8fff-49c7-b539-3ae0831863dc_moduli.owl_functional.owl,22637582,14519930,37157512
approximated_1b81ea35-983c-4230-ba83-86a93eec7c87_tric_watch.rdf_functional.owl,14026196,3741353,17767549
917ed205-2afd-4cfe-95a6-0d9be21e3b0c_slim_plant.obo_functional.owl,16470609,7671123,24141732
approximated_ca7123c6-6206-42e1-b070-4d51942c882f_Micrometer.ttl_functional.owl,15312307,3856797,19169104
03e89000-6869-4c1c-95dc-bd069b154b3a_classified.owl_functional.owl,19517811,30131444,49649255
approximated_14e21c67-ac27-4f8a-abf6-0b8e8cec5c7c_onto.rdf_functional.owl,17655275,5515050,23170325
approximated_1e657d27-1ae8-4d93-b762-69745fff1aee_idgeClosed.owl_functional.owl,14404205,5925713,20329918
approximated_a086cc23-d2bb-4417-8eaa-0835fdfcf26b_schema.owl_functional.owl,20562113,6642551,27204664
approximated_b0e41004-2748-443c-8e9c-61c3f81dc24b_Fruit.ttl_functional.owl,14673702,3750340,18424042
approximated_4ad6a722-f425-4177-af22-00c3866f3df5_Bohrium.ttl_functional.owl,15909324,3714442,19623766
approximated_e823ed3c-8c9e-4c62-a3f4-8821ffe77388_ontology.owl_functional.owl,17733520,5256079,22989599
f45812d8-8ea9-472a-8b02-aabd7948e6f4_GenreCS.owl_functional.owl,25133181,19563041,44696222
approximated_de98e0c3-35ca-490b-af8b-b450bed425a1_cerif.owl_functional.owl,19118369,25067204,44185573
approximated_59c42aeb-6dc2-4824-a7ec-6aed305e2aa5_alModel2.0.owl_functional.owl,19278167,14090214,33368381
approximated_00511.owl_functional.owl,18638526,26737520,45376046
approximated_d6658c0b-1a86-4c53-b05e-aaff4d6c8842_nWaveNoise.owl_functional.owl,188934025,208129448,397063473
approximated_2c1cb68f-7240-47d0-8817-a1e9e0aec931_classified.owl_functional.owl,425869843,1072426787,1498296630
approximated_17184bb7-b3b9-4a1e-9c47-824c971a247d_FMolecule2.owl_functional.owl,412179262,789386699,1201565961
approximated_aura.kb_bio_101.1.owl.xml_functional.owl,986618587,2268422714,3255041301
approximated_08e43d27-0332-45ed-9e88-7d714b35fdca_Toffee.ttl_functional.owl,30558207,6270258,36828465
approximated_84088311-bd85-44b0-a786-820d92c4d94f_gold.owl_functional.owl,20776203,8147865,28924068
8c01261b-8bc8-4667-bef0-a4279b20d181_envo_xp.owl2_functional.owl,47865607,104800765,152666372
cf6d3f83-bc51-40b8-b833-468095850b37_Book.owl_functional.owl,16761621,2843976,19605597
approximated_50261e1a-1d2d-4997-9d9e-4f40bf0e34ad_etourism.owl_functional.owl,19607418,4730315,24337733
approximated_187ba1ad-7e0b-4a62-b4bd-6a00170be2cf_controller.ttl_functional.owl,21600647,4530773,26131420
approximated_7617f240-1835-48df-b1a0-78d42e592e67_aise_sauce.rdf_functional.owl,11752474,3802114,15554588
approximated_ca61db54-fa88-47a3-9b4f-a19d3359eb65_PaulFisher.rdf_functional.owl,12946760,3050628,15997388
fb-bt.drosophila-gross-anatomy-ontology.26.owl.xml_functional.owl,510662737,1311057248,1821719985
35f4a78e-9c89-4d5c-a31d-169ec5c9820d_pacs.rdf_functional.owl,90952812,199216332,290169144
approximated_0e025da0-9058-4f9a-aa7b-a39b6ab9aaaa_Crab.ttl_functional.owl,126750110,3771994,130522104
approximated_0ce73ce9-af29-4567-b4ad-e8abf1814f74_ityClasses.owl_functional.owl,15945832,12365591,28311423
approximated_Oly.owl_functional.owl,1133397215,168351065,1301748280
91a63a65-f094-42d0-8c94-1c2b3df353d1_fma3.obo_functional.owl,4289285453,7801232586,12090518039
approximated_00e79123-2fdc-452d-a7dd-b60089839ba2_onto.rdf_functional.owl,26044328,6637104,32681432
approximated_5101ac50-defd-457e-a6f4-62f2e9ce5738_phenotypes.owl_functional.owl,18748010829,26262207157,45010217986
approximated_18d69173-cf8b-4141-b8d2-7c73a834c95d_ncitations.owl_functional.owl,106360636,193743484,300104120
approximated_1864f82c-5946-4dc4-a386-a3db5f0ca94f_graves.owl_functional.owl,12972524,5421992,18394516
approximated_e4fe7fb5-3d1f-44bc-9cd3-4af7cf91c333_ISTAR.owl_functional.owl,26187877,17112249,43300126
approximated_45185f01-dd24-4dff-ace6-f9245a8be3c5_44_battery.rdf_functional.owl,12377496,3790297,16167793
approximated_5e456b79-e2a8-400c-88ec-c922fb1ea8db_cheminfcore.owl_functional.owl,21435871,22284737,43720608
approximated_5878f03e-8e98-44b6-b462-1afbc2446be5_Amiga_500.rdf_functional.owl,13239848,3966985,17206833
approximated_kb-owl-syntax-unraveled-depth-1-cardinalities-constant-classes-value-nominals.ofn_functional.owl,464691325,1161726893,1626418218
caa981d8-f2ed-4a7f-bf2c-b586c0de8b55_trait.obo_functional.owl,42150819,71814893,113965712
approximated_4c6c7dc4-1d76-45ec-8e71-5f40bd6f0772_PaulFisher.rdf_functional.owl,18390784,3174834,21565618
c393f17c-fa7c-4487-87a4-736a1644024c_FlyBase.obo_functional.owl,1344190267,2429069045,3773259312
approximated_54137f18-e63e-48d2-b552-fd7b9cacc7de_transistor.rdf_functional.owl,15602397,3776323,19378720
76a92abf-296e-452a-b67c-0f751ddad505_e.obo.PREVIOUS_functional.owl,20850185,25612443,46462628
approximated_261f18de-581b-4334-9bd1-fa87028404cc__component.owl_functional.owl,81838941,216925968,298764909
38b1684f-7e84-4f0b-a7dc-6fe392b833d0_aeoedit.obo_functional.owl,18717186,18823363,37540549
approximated_921b516a-551c-4a1e-aa37-2d5261fc155d_GPCROKB_11.owl_functional.owl,18008420,6261864,24270284
approximated_e5f71bd3-a645-40f8-850e-65bb948df35b_stor_array.ttl_functional.owl,14541810,3794464,18336274
approximated_e0c43086-8882-4b88-a104-de9d7a33cf16_domfi.owl_functional.owl,61045653,74814432,135860085
approximated_3c49103d-f551-4d07-bc39-f02f12eb122d_figure10.owl_functional.owl,24402654,18888309,43290963
33086dde-d0d0-4b96-9871-d3579e349e57_nalisensfm.owl_functional.owl,425358776,928049021,1353407797
approximated_058c0fbb-074c-4b5f-97bb-a18cc30861bd_paldataont.owl_functional.owl,22575822,15329941,37905763
approximated_00368.owl_functional.owl,591112228,1771780483,2362892711
approximated_3b10bb8c-a109-46dd-878c-e84f09fa389e_ter_pencil.ttl_functional.owl,13942045,3751311,17693356
approximated_e5d69675-de32-4951-b218-e335b65dd2b2_phexample1.owl_functional.owl,20915798,8210327,29126125
approximated_bd99f4b3-1a1f-42b2-8fa5-ffefa0f458f8_GUM3.owl_functional.owl,16015288,11783841,27799129
approximated_30d13f17-711b-4ccc-8136-683af58a7386_Asparagus.ttl_functional.owl,12864898,3770002,16634900
85e7b868-f851-450f-943d-c2cfe8f8ecac_ish_label.rdfs_functional.owl,26906411,6292973,33199384
approximated_1179bf2e-f16c-47ce-873f-2ebc1ce03536_uselkuchen.rdf_functional.owl,11629383,3951672,15581055
approximated_1e39ce6b-53f3-4791-8b09-4aff4d8c1ab9_IOLite_v18.owl_functional.owl,25802736,16736140,42538876
approximated_6a7b493f-1068-42e0-8add-3bb83394643b_ery_hammer.rdf_functional.owl,10321958,4514888,14836846
approximated_1e3d1cc0-60bf-4423-9102-e897a08855be_ingle_Chip.rdf_functional.owl,13413077,3739186,17152263
approximated_kb-owl-syntax-unraveled-depth-0-triggers-relation-axioms.ofn_functional.owl,136828036,363534406,500362442
approximated_4c6aaa85-bca5-4387-a2a4-f905b797c77f_bca00030.owl_functional.owl,41013078,6542208,47555286
approximated_4acbf35f-a8df-4e29-b330-7d89fc62daa0_O3DVT.owl_functional.owl,14353277,6982357,21335634
8dea6909-e11f-44a5-b969-0086de407b74_leganstype.owl_functional.owl,922091765,2395102447,3317194212
approximated_1fb28bfd-5caf-4112-b7c2-eb7e14849359_tension_02.owl_functional.owl,102779290,130440379,233219669
bc91878f-cd84-489e-bad7-6682c3f0a0e7__pathology.obo_functional.owl,20059825,33291670,53351495
approximated_ab8734cc-3503-4967-8af0-7feda2265c1f_question.owl_functional.owl,32733044,9261398,41994442
approximated_00582.owl_functional.owl,22967313,39103725,62071038
a5eb03d2-6547-49f7-a0b8-69014b2c243c_e_anatomy.owl2_functional.owl,92212094,206624367,298836461
a5300918-ef9f-4cf6-8e0e-eda47f3b93b9_tectedArea.owl_functional.owl,20518744,2218397,22737141
approximated_12295b6b-5a4a-4bb1-9c0a-b7e626292604_y_interval.rdf_functional.owl,9883045,3865581,13748626
approximated_13733e8c-4027-44c3-9c01-f7a1e9762b07_onto.rdf_functional.owl,16290966,5178738,21469704
4cc438d3-cc07-402f-ba30-2aceac2dd268_protlabels.obo_functional.owl,85264461,228019129,313283590
approximated_e5ee3a0a-57f0-447a-88c1-bb9c6fcf2a5b_tadatasets.ttl_functional.owl,12973344,2176458,15149802
approximated_8b4ded14-b55c-451a-8ecc-8d5d23e55caa__functional.owl,24201546,21110948,45312494
approximated_2fadea1e-6833-4ee7-b2a4-a55833e0463f_EASE_functional.owl,15716363,9732160,25448523
de90359d-d9ba-4852-9d0d-2b1dc137c0c2_GolfPlayer.owl_functional.owl,13948664,1646234,15594898
approximated_8ed3ae64-3076-4ec4-ba50-ffd2b86335a5_Swiss_roll.rdf_functional.owl,16852538,3796990,20649528
approximated_f9fdfcf2-048c-4a14-9847-9f99e57e108b_Sex_worker.ttl_functional.owl,11625276,3894485,15519761
approximated_a1701811-0f39-46e0-9038-e19bc2bb9ef3_mds.owl_functional.owl,14229659,6462767,20692426
approximated_7255322a-fa59-4d59-bc2d-359b4d17deb7_mecv.owl_functional.owl,15350885,10697918,26048803
approximated_acbec5d5-54dd-40cd-aa31-a46ebbee0c74_iaomain.owl_functional.owl,14195470,11212759,25408229
approximated_oae.ontology-of-adverse-events.22.owl.xml_functional.owl,102013999,246625447,348639446
approximated_4c88b856-66dd-4d81-bb78-c9b8256ab126_Pectin.ttl_functional.owl,17412453,3980842,21393295
internano.internano-nanomanufacturing-taxonomy.123.owl.xml_functional.owl,15459108,12382231,27841339
approximated_20b7cd2f-ccc2-4a9b-91a7-672d5d0b8d2f_EnergyFlux.owl_functional.owl,138250404,213407909,351658313
approximated_0eb403ce-063b-4c04-b30a-7adab65151ba_Kahla.rdf_functional.owl,13547438,4038325,17585763
8309fa38-4653-46e9-ae2d-1d1202c63c20_theme.owl_functional.owl,12761181,8252968,21014149
00160928-56f7-4a74-81ea-1adc92544a13_classified.obo_functional.owl,159292782,367644335,526937117
approximated_00593.owl_functional.owl,45306366,112916495,158222861
4ce5bff9-d12a-4f0a-8325-0f52f0c28764_classified.obo_functional.owl,57300310,158978004,216278314
approximated_18947f63-d0bc-487f-8bd0-73177fec5e00_amework2.0.owl_functional.owl,33354361,19832416,53186777
approximated_kb-owl-syntax-unraveled-depth-3-triggers.ofn_functional.owl,354700121,913198759,1267898880
approximated_270de39c-967b-4435-aef7-454685a814e5_Vacuum_tube.ttl_functional.owl,129560036,3753795,133313831
approximated_94504746-e46c-4960-a3ab-d90506848919_ns.owl_functional.owl,12018622,3891701,15910323
approximated_762f1c87-8f87-4f2f-a56d-f0b0deaff07b_Caffeine.rdf_functional.owl,16895958,4039282,20935240
approximated_46724305-ac5e-4986-8799-e34a75ab0746_Hataki.ttl_functional.owl,13726157,3909854,17636011
approximated_2c68bb2e-7ccf-4d01-bdfb-5f9007dce612_eDirection.owl_functional.owl,24246668,28905211,53151879
approximated_84d4b363-85ec-4720-a67a-1290c85cf306_prerelease.obo_functional.owl,554285900,1019989127,1574275027
8ce26445-6ba5-451b-b3bf-a12255bace96_classified.owl_functional.owl,311933511,624862281,936795792
approximated_rxno.name-reaction-ontology.22.owl.xml_functional.owl,38627767,61285357,99913124
approximated_1c33e136-9f14-4127-ac0c-f3d874b51133_Cuttlefish.rdf_functional.owl,11806245,3961966,15768211
approximated_18b0d680-3ac2-4ff2-84e4-89c7e5fbd0ad_PA7100.rdf_functional.owl,9353472,4456994,13810466
approximated_a9c16443-6bb6-4273-8522-b3bd809ea91e_matrAnimal.owl_functional.owl,134274636,253938600,388213236
approximated_889f9c76-0316-4830-ba45-72974f98ea88_Pentium_M.ttl_functional.owl,17034759,3808929,20843688
8f80081c-c258-466b-a9f5-efa4b5610fb3_seontology.owl_functional.owl,502486470,1109166320,1611652790
approximated_1ebe9369-4009-4e83-aa99-d6aff195726a_traints1.0.owl_functional.owl,10902773,4883617,15786390
approximated_7e61a086-9c91-45f3-8c4b-8b7ef542bb9b_family.swrl.owl_functional.owl,10578250,4948226,15526476
approximated_5cea8748-f789-4c38-8990-5f955d623231_Hoop_cheese.rdf_functional.owl,13913991,3782419,17696410
approximated_13eacac6-8b1e-4366-82e0-047c9f208f19_realmAtmo.owl_functional.owl,135109705,216431508,351541213
approximated_02f7e0e7-5978-4e16-b396-c461362525e6_SAO.owl_functional.owl,24676143,53448772,78124915
approximated_98d6b0fe-d8df-4d5c-a022-6d0cffce31c2_Swordfish.rdf_functional.owl,17589024,3965748,21554772
approximated_00775.owl_functional.owl,451698063,47469665,499167728
d70388c3-a914-435d-8fa2-523b25286cf1_psims.obo_functional.owl,55792360,118063739,173856099
approximated_c2ee8d34-9110-4467-a6fa-74d2940e4c8d_S1.owl_functional.owl,17456066,4089890,21545956
approximated_18b925f2-c3bf-4c07-b15e-8ee05a729bc2_onto.rdf_functional.owl,14289600,4963994,19253594
approximated_dbd797c6-78db-4641-be20-6a2d54a5f8db_dKnowledge.owl_functional.owl,13102482,3832792,16935274
approximated_c8523082-dcba-4b83-8686-fb78a5251b67_evelopment.owl_functional.owl,136627617,264111955,400739572
approximated_kb-owl-syntax-unraveled-depth-4-km-relevant-cardinalities-disjointness-constant-classes-relation-axioms-value-nominals.ofn_functional.owl,682410750,1441163284,2123574034
approximated_a9e38d0a-af7c-4cd4-94bd-be749a3268ce_tching_awl.ttl_functional.owl,16777675,3894835,20672510
approximated_c343f7b1-c70e-4dbd-bef7-0d3b9aaf6fd7_prsimple.owl_functional.owl,1602353755,5512020142,7114373897
approximated_5da4636a-4d8b-43e8-b70a-f47ee9255559_oLightning.owl_functional.owl,377607344,213877686,591485030
approximated_debd80a8-aed0-4120-ada1-24129eda42c8_swrelonto.owl_functional.owl,14199760,6280074,20479834
approximated_cogat.cognitive-atlas-ontology.6.owl.xml_functional.owl,109718266,214502561,324220827
approximated_kb-owl-syntax-unraveled-depth-0-km-relevant-cardinalities-triggers-constant-classes-relation-axioms-value-classes.ofn_functional.owl,156146066,417212487,573358553
approximated_kb-owl-syntax-unraveled-depth-3-disjointness-triggers-constant-classes-relation-axioms-value-classes.ofn_functional.owl,675020337,1597857042,2272877379
fb041c6d-5afc-4d45-be4d-eeba067edb75_President.owl_functional.owl,15632616,871845,16504461
approximated_49aa8b61-8b53-4b87-9c49-510a53099698_swum.owl_functional.owl,13769867,5042114,18811981
approximated_26f0d40e-c31f-4421-b927-5197a1e6e0c1_PIN_diode.rdf_functional.owl,13462652,3815541,17278193
approximated_03d462b7-857b-416e-90cb-b7ffe395e22f_Multitool.rdf_functional.owl,16187538,3839855,20027393
approximated_5a28b67e-20cc-4d92-a656-fa139e8b4a32_ce_objects.owl_functional.owl,84973345,216822697,301796042
approximated_fee2724f-5d72-40c1-961b-394a2677c8c5_DOIDBridge.owl_functional.owl,730708314,498145433,1228853747
approximated_7c892a26-f017-4996-b480-26ceeb6e335e_mantic_browser_functional.owl,15330520,1881192,17211712
approximated_00416.owl_functional.owl,1230449483,3910160652,5140610135
approximated_00540.owl_functional.owl,298285399,796231188,1094516587
approximated_kb-owl-syntax-unraveled-depth-4-constant-classes-relation-axioms-value-classes.ofn_functional.owl,368641962,937853136,1306495098
approximated_7957facd-c51a-4a92-a5b2-82b72c21e5a7_gist2.owl_functional.owl,12067440,7098972,19166412
approximated_562d26b3-68bf-4fa4-a9f7-c9208c3dda3f_dtn.owl_functional.owl,12624169,8225587,20849756
approximated_63e7aea2-ec18-4968-93cf-65e63b710769_ansuniprot.owl_functional.owl,159193454,276768097,435961551
approximated_DPC2.owl_functional.owl,1613347597,374725004,1988072601
approximated_kb-owl-syntax-unraveled-depth-3-km-relevant-cardinalities-disjointness-constant-classes-relation-axioms-value-nominals.ofn_functional.owl,671807942,1537702492,2209510434
approximated_c56335d7-0e91-49b7-992c-ad6fa29d5027_onto.rdf_functional.owl,11513942,4311964,15825906
approximated_6d034b79-7817-4711-b9f6-339bd1a95008_provdc_functional.owl,12357283,4562080,16919363
approximated_4c35abdb-2fea-44b6-ad11-45226f763b34__ontology.owl2_functional.owl,73659508,163249377,236908885
approximated_da5e0a3b-5269-4fc7-a84e-6bb1a99312b5_atmoCloud.owl_functional.owl,103378866,207170805,310549671
approximated_43fd90d8-403e-4595-bc5f-90539fd434c5_bibo.n3_functional.owl,10515500,5920116,16435616
1eea77e0-2f62-4db9-907e-293b3e8f5852_classified.obo_functional.owl,34696209,53591002,88287211
approximated_f4d9caf0-ebe5-4f6d-9294-f5bb3c356f9a_ethernet.owl_functional.owl,15454150,35359763,50813913
approximated_7e3dfedf-9c95-424b-8b14-6b254ede4ba8_Hand_net.rdf_functional.owl,10564437,4065773,14630210
approximated_25ada088-13c2-43d9-a855-ee025e8ad503_Wire_brush.rdf_functional.owl,11525106,3820078,15345184
approximated_28ccf278-c623-4b82-bc2c-cd8b7be33d64_realmGeol.owl_functional.owl,140508191,214764353,355272544
a3be0574-6751-44ca-ad8a-afdcada314ba_ase_vocab.owl2_functional.owl,20149898,35098502,55248400
approximated_670215dc-09a1-42f9-ac4d-11f89a17275a_cRae_Rally.ttl_functional.owl,11380929,3831147,15212076
approximated_08273c4e-c9ce-4bdc-b045-f29ac8e178e0_formazione.owl_functional.owl,16865460,8100433,24965893
approximated_da5f12ac-7796-433a-9f9b-f313f9948821_cl.obo_functional.owl,304733710,817940160,1122673870
approximated_18bed17f-1eb1-4aa1-a08c-7a3e008da34d_mann_valve.ttl_functional.owl,39225163,3732276,42957439
approximated_18d1ff7e-a6a9-4b9f-a6da-aebc9ecac522_W_ontology.owl_functional.owl,20962981,22433750,43396731
approximated_23d8278f-9fbe-4ea6-90ca-31b50cd2b208_ght_switch.ttl_functional.owl,36619958,4164317,40784275
approximated_2c6b39ca-709f-4513-bc99-34ed78637f5e_eThesaurus.owl_functional.owl,1793376279,3868119794,5661496073
approximated_kb-owl-syntax-unraveled-depth-2-km-relevant-cardinalities-triggers-relation-axioms.ofn_functional.owl,516915952,1015195014,1532110966
approximated_7bc1a90d-d3fe-40f9-86d7-357828abbd25_fetchPDB.rdf_functional.owl,15258785,2820518,18079303
96506db6-9a0e-4dde-97e5-25d985a19d3f_ess.rdfxml.owl_functional.owl,17083243,22823085,39906328
approximated_51599a5c-8e22-456d-a5b7-9123d9fc3cdf_onLocation.owl_functional.owl,18462787,8158373,26621160
a401418a-1a45-4d34-9d19-85ed09dddff9_ro_release.obo_functional.owl,88339445,225367176,313706621
approximated_kb-owl-syntax-unraveled-depth-0-km-relevant-cardinalities-disjointness-triggers-constant-classes-relation-axioms-value-nominals.ofn_functional.owl,468794553,896490088,1365284641
approximated_kb-owl-syntax-coreference-IDs-km-relevant-cardinalities-relation-axioms.ofn_functional.owl,600492244,1722130670,2322622914
1e8a47c4-2c04-441c-bcb0-bc705f959469_sm_process.obo_functional.owl,53706635,11358123,65064758
approximated_7c3d92c7-26cb-4f45-b201-6e63454b4d9f_agenttest.owl_functional.owl,17369281,9862168,27231449
b7b37b83-c9f7-481c-b3fa-5a04a0f3903d_protlabels.obo_functional.owl,459004926,1310117981,1769122907
approximated_kb-owl-syntax-unraveled-depth-3-constant-classes-value-classes.ofn_functional.owl,412656330,941404233,1354060563
approximated_00350.owl_functional.owl,289051949,570911788,859963737
6a4db90a-afce-4ca2-9223-cdf22a03127d_y.obo.PREVIOUS_functional.owl,485735365,711409732,1197145097
approximated_55b9de1b-021f-45de-b171-c1d33b55b1b3_Pfeffernsse.ttl_functional.owl,17582383,3878332,21460715
approximated_kb-owl-syntax-coreference-IDs-triggers-constant-classes-relation-axioms-value-classes.ofn_functional.owl,613238875,1759630549,2372869424
approximated_3db4d022-3415-4985-89f8-43d805aa20ea_e43_athome.rdf_functional.owl,18140753,2917784,21058537
approximated_76686b12-ca01-4f70-a8f1-72f4f501e705_king_knife.ttl_functional.owl,15237141,3791010,19028151
approximated_36e2b695-7e57-42d8-a72b-a5805f96e99b_Cassareep.rdf_functional.owl,16698315,4388089,21086404
approximated_d3549086-9028-4034-bea2-8ce744ad4fba_onto.rdf_functional.owl,18146603,4128402,22275005
approximated_3eb2f210-a182-421e-a81d-0c9835a4f25f_ion_server.rdf_functional.owl,10234074,3988657,14222731
2fd696f8-54fa-4e5a-9224-4ddb0fff81ba_onto.rdf_functional.owl,17316011,607724,17923735
2e684955-52cf-45c8-8f97-4f7f94350c01_s_xp_chebi.obo_functional.owl,241494520,117092217,358586737
approximated_7b29fdfe-bbe4-45a5-aa72-7d2b0b952f51_DUL_v24.owl_functional.owl,15947713,11427751,27375464
approximated_f30336ee-58cd-4dd1-9c82-fc538108d954_ceCategory.owl_functional.owl,26874122,29611602,56485724
5ca7188b-d141-4ca7-b61f-a8b2ced1356a_gcmdservice.owl_functional.owl,8704980,6059454,14764434
f1c7d225-c099-4cab-914a-91d39650cabb_onto.rdf_functional.owl,8830021,683188,9513209
approximated_e7844250-3998-42cf-8f70-713def7b351d_DC_motor.ttl_functional.owl,14219062,3818255,18037317
approximated_21fb8244-523b-49bc-8907-dc0ed47ceee8_Lollipop.rdf_functional.owl,12092302,6601269,18693571
approximated_848565c2-ca14-49bc-8b52-e6deb327edb1_ka.owl_functional.owl,14456242,12930355,27386597
approximated_kb-owl-syntax-coreference-IDs-km-relevant-cardinalities-constant-classes-relation-axioms-value-classes.ofn_functional.owl,633805920,1773968644,2407774564
approximated_e86dc9cb-c12f-43fd-9745-27f7b0ea4585_SYSElement.owl_functional.owl,15158208,6762501,21920709
approximated_84266235-e568-4829-b0ae-0d09ec890592_atus_terms.owl_functional.owl,16591071,1296238,17887309
approximated_03bb9bcd-ecad-4678-accd-6b9abafae736_etingPlace.owl_functional.owl,24695956,20780888,45476844
approximated_35e8ccc1-d21d-4bdc-838b-ba1659373c2e_AAA_battery.rdf_functional.owl,12388137,3817293,16205430
approximated_591cf9a1-5964-407b-bced-93c544a66c4d_Processing.owl_functional.owl,140342847,229388463,369731310
3f595b65-5d18-4412-ab29-1a32e45a3547_omalsimple.obo_functional.owl,58387283,105431645,163818928
approximated_dd92b271-1017-45c1-a540-be58f24ae438_plusassocs.obo_functional.owl,88241076401,2.96767E+11,3.85008E+11
75badc89-afe7-47f7-ad3b-c9e6be31ec54_onto.rdf_functional.owl,18524373,619033,19143406
approximated_238aca04-2dbd-4c38-925b-a30ef23c85ae_t_annotate.owl_functional.owl,14451100,7631547,22082647
approximated_32b650eb-6bbc-41ee-8aad-2b27abb9adfd_gnd20120630.rdf_functional.owl,16862658,8788196,25650854
approximated_aaf58065-bf74-40d0-a77d-5232b13bd748_zfa.obo_functional.owl,238398358,569471373,807869731
approximated_kb-owl-syntax-unraveled-depth-4-km-relevant-cardinalities-disjointness-triggers-constant-classes-value-nominals.ofn_functional.owl,686905024,1423770965,2110675989
approximated_97d1d844-b13b-461a-9e85-e8f7ab7de8c2_realmOcean.owl_functional.owl,144229474,216688408,360917882
approximated_00103.owl_functional.owl,18307360,12559843,30867203
approximated_90d0d5ce-4486-48d0-bac7-3cfa179dda9b_onto.rdf_functional.owl,13675775,6704467,20380242
approximated_27eb6f82-d2bd-4333-ba23-7b8900ed2270_e41_athome.rdf_functional.owl,11844494,3012244,14856738
approximated_91f8a47f-0c76-4d29-8dae-0ad354e91c3b_ypes_1.500.owl_functional.owl,18092250,28696817,46789067
approximated_cfb0d7b0-b838-4e20-8fda-eb450637c41f_undbericht.owl_functional.owl,40552800,58285922,98838722
approximated_ce74019c-e161-411c-b69a-7160d1e9e414_Location.owl_functional.owl,18282357,5572033,23854390
approximated_840b9703-c6da-41ea-a773-9d1ff0558f9d_Tricam.ttl_functional.owl,11812898,3870563,15683461
approximated_a7fd6254-84a1-4ec8-b588-8869c04defca_ology_v22b.owl_functional.owl,12185006,7787319,19972325
approximated_6e12231a-c9d0-4b0d-acb5-89a75a0a6ef8_ated_valve.ttl_functional.owl,12493109,3797368,16290477
817a1834-8685-4afa-885d-635c35f6139c_e.obo.PREVIOUS_functional.owl,258106352,536327022,794433374
0c9a859b-9744-4dbd-9082-de6b49539b6c_prerelease.obo_functional.owl,255231215,532732595,787963810
approximated_0d504a1f-5c7a-45f8-81a9-aafe46a83096_uberon.owl_functional.owl,742212994,1977265112,2719478106
approximated_373adeec-caee-4c6a-bed7-cadd89d17d53_crimeoa.owl_functional.owl,28953497,11626821,40580318
approximated_82dcda9c-46a4-4aa3-9b88-8d748024ce97_Process.owl_functional.owl,14200805,7441258,21642063
approximated_1c0b94a1-e148-479c-8717-1a576e48e7ec_Lowboy.ttl_functional.owl,11446547,3709421,15155968
cb4e3305-95e4-49e0-bd5f-c32d2290743b_mmusdv.obo_functional.owl,14662203,15246570,29908773
29c0561e-6a44-4380-a519-195cb988e93d_classified.obo_functional.owl,519843859,877732461,1397576320
approximated_dbe4fbd3-83c8-45c1-8dbd-c1d1a2cccd33_sequence.owl_functional.owl,49201582,115361502,164563084
cfb29d8a-dd22-4da8-b81c-01ce513a0c0d_kupodisease.owl_functional.owl,20503594,16675953,37179547
approximated_368942d2-8547-4bb9-bc3b-453542908291__extractor.ttl_functional.owl,12644229,3724574,16368803
approximated_d32ba9dd-f7ee-4d8d-b36b-6ced6d264280_codtools_03.owl_functional.owl,20223310,7942731,28166041
approximated_91326a92-6938-47d4-86a5-0ef08be84bbf_4_09_18_44.owl_functional.owl,16769522,8707550,25477072
approximated_29936615-dde3-4111-bbf4-559401c8b6d3_e_roasting.ttl_functional.owl,12857327,3810660,16667987
4bcdd125-f27b-446e-a086-20cacab7422c_teria_mrca.obo_functional.owl,16737736,6727767,23465503
0fd71c33-6283-4ce0-b326-b7ec9bd64157_regulation.obo_functional.owl,1383856002,3186362379,4570218381
approximated_bco.biological-collections-ontology.7.owl.xml_functional.owl,21461604,12536901,33998505
approximated_dfd615e2-eaaf-4383-84bc-24e1256cd400_onto.rdf_functional.owl,14993390,3762361,18755751
approximated_7997d416-476b-4ae7-aa9a-1e80929b4de6_ocChemical.owl_functional.owl,127491898,215611469,343103367
nmosp.neuromorphoorg-species-ontology.3.owl.xml_functional.owl,31506684,66162002,97668686
approximated_1ce518f6-3efe-494b-8787-352b97d321aa_onto.rdf_functional.owl,17300771,5386877,22687648
approximated_0863b2c2-8cf2-462e-831e-87468730b22f_food.owl_functional.owl,15863293,5615532,21478825
approximated_53068f7e-e3b3-468f-ad1f-2103c003c349_eRoleTrust.owl_functional.owl,133401140,215711276,349112416
approximated_d7da87b7-52ea-429b-a2b5-fcb84a16d772_ontology.owl_functional.owl,15404539,7807467,23212006
approximated_30836b24-e55d-4d95-a812-b016fecebffa_idDynamics.owl_functional.owl,147383084,251606472,398989556
approximated_8657e37e-81d7-4a60-9db1-3c0e4dd470ac_chemtop.owl_functional.owl,17289728,9727736,27017464
approximated_bb2d0110-9b72-4dfd-a463-06adcaf75161__furniture.ttl_functional.owl,36787872,3745534,40533406
approximated_176c09c5-07a7-467b-bf0d-3e0b88139789_NIFOrganism.owl_functional.owl,39023821,40664097,79687918
approximated_fa15a178-b47e-4555-9d3b-7ea451654d82_ngoProcess.owl_functional.owl,25725255,14766119,40491374
approximated_15dd1fc3-a384-49e6-a0de-4ca0c7d67376_DP1.27.owl_functional.owl,23450543,3381410,26831953
2bcf983c-ab17-482f-b2a2-34b92aa4312d_sfo.rdfs_functional.owl,17428244,3723588,21151832
4c29178c-bc2b-4843-af95-91eef4ffe392_onto.rdf_functional.owl,10979893,3624809,14604702
approximated_61485d20-20ef-4977-b2f4-575db247e131_onto.rdf_functional.owl,15035954,4952246,19988200
c61a0242-1015-4883-970f-f1e580cecd47_lcacheSWRL.owl_functional.owl,54917205,12610731,67527936
approximated_pmr.physical-medicine-and-rehabilitation.3.owl.xml_functional.owl,27716126,7004775,34720901
approximated_kb-owl-syntax-unraveled-depth-0-cardinalities-disjointness-triggers-constant-classes-value-classes.ofn_functional.owl,474024214,915746390,1389770604
approximated_efbb1bd4-961a-475e-9c74-ab950979aa68_ston_valve.ttl_functional.owl,11341565,4433179,15774744
approximated_567da6ab-0baf-440d-a84b-cf19aa919b68_Black_cod.ttl_functional.owl,16402545,3829169,20231714
approximated_00782.owl_functional.owl,34039291,16577631,50616922
fb9f3da0-48be-4d78-86b2-804fe1908402_resistance.obo_functional.owl,82666634,224739715,307406349
e4f2576d-a517-450a-ad91-a37add9926f2_Disease.owl_functional.owl,18750325,2456332,21206657
approximated_c0a18b87-3db3-4db5-960f-413f489262d4__component.owl_functional.owl,100514098,281507643,382021741
approximated_51aa27c1-043e-4fd2-8f97-78e38ec9a123_premises661.rdf_functional.owl,10232855,10547627,20780482
approximated_af5d4c4c-ac77-4a25-9f93-cd5f07f5c04a_ter_cheese.rdf_functional.owl,16966877,3732788,20699665
7feabbff-eb49-42a8-84d7-9510894687b8_zfa.obo_functional.owl,235804348,570195340,805999688
867b8c43-6f8d-47ae-b0fb-b7a8202f55b9_amesPlayer.owl_functional.owl,15107674,1037701,16145375
approximated_4af56714-91e7-4f01-a2b1-32901f029142__Leicester.rdf_functional.owl,11186099,4313898,15499997
approximated_4cf35e2c-b46e-4c49-a640-192d6385ce19_Broth.ttl_functional.owl,14273824,3854079,18127903
approximated_56234a5b-bed9-4551-8735-1588c01e9a72_biospecimen.owl_functional.owl,16305506,5540890,21846396
4f5642ce-30b6-4379-8da5-f82ab0c79c67_chebilite.obo_functional.owl,811510323,2571177656,3382687979
0745dbda-5142-45d6-8411-2142bc784aaa_fyposimple.obo_functional.owl,90436686,244147280,334583966
4a520bf3-9f46-4cee-95bf-2ce522ea8afa_y.obo.PREVIOUS_functional.owl,135465374,44821432,180286806
approximated_00573.owl_functional.owl,2485211197,7458067431,9943278628
7593a257-68e2-4f4b-8a94-c8fbef8587e0_onto.rdf_functional.owl,14587151,1751959,16339110
approximated_4a3781ca-7c2c-45fe-ac87-5b4a38129ccc_nsverylite.owl_functional.owl,19034486,6694185,25728671
approximated_8cf6080a-38dd-42dc-b759-5f988578c93f_thSolution.owl_functional.owl,131870057,224971171,356841228
approximated_3e8ed311-46b6-49ef-854b-92802565bfa9_onto.rdf_functional.owl,63427812,5023311,68451123
approximated_81035ba0-44cd-447e-8c1d-cc1b6e9d7f34_bom.owl_functional.owl,69924787,12514964,82439751
approximated_72cb36ab-b9b5-481d-bb03-52213966d715_ding_wheel.rdf_functional.owl,229120536,3741269,232861805
approximated_e43ad3c5-6c19-4519-89f3-ea1e66b5d520_tance_edit.owl_functional.owl,66470302,70343640,136813942
approximated_3126934e-af8e-4be5-87ad-762ad9723af3_time.owl_functional.owl,128511166,21109094,149620260
approximated_75ffb667-fe20-4a98-b84e-9c0b604cc249_predicates.owl_functional.owl,104890536,164421120,269311656
08af329b-613b-4c0f-b1dc-7883581ffe98_sbf.owl_functional.owl,21042646,14690976,35733622
approximated_aab5d525-26f0-4a77-b812-18666d9d7dff_brenda.owl_functional.owl,104515518,259194343,363709861
1024c415-fca5-4206-9dbe-04d020ca896c_psimod.owl2_functional.owl,63796310,163899522,227695832
approximated_0ca32d25-1762-4f09-935a-ca9c3d452452_Adhesive.ttl_functional.owl,12273556,3909992,16183548
1fe35384-5617-46dc-b433-bb5c4f7144ae_LunarCrater.owl_functional.owl,12732691,717386,13450077
d66bae8e-09f3-4f44-8adc-81c5184732ce_iao.obo_functional.owl,10043981,6412655,16456636
approximated_22835b8d-156c-4fe3-8d9e-efee7abccb19_Amiga_2000.rdf_functional.owl,13790143,4018444,17808587
approximated_rctont.randomized-controlled-trials-ontology.1.owl.xml_functional.owl,20683519,14783771,35467290
approximated_74da6be0-d432-4d37-8754-cf92a262f726_Design.v26.owl_functional.owl,24921266,10755365,35676631
approximated_1312d3e8-87ea-4265-ab84-f6325c677357_onto.rdf_functional.owl,11011917,4041410,15053327
approximated_e6ab41b8-ea6a-4ad9-b545-b1a2e12c6056_rfixionorig.n3_functional.owl,16560688,4616397,21177085
approximated_35517746-4898-4c15-a905-6518355a4b85_ST2009SHIN.owl_functional.owl,996441207,67946088,1064387295
approximated_063a31e2-d4ab-47f9-8317-61fc68bcd0eb_pe_measure.ttl_functional.owl,10061326,4183388,14244714
approximated_56c48430-1d7f-4c24-bc88-b18a1ebed4ba_confious.owl_functional.owl,14679015,9045882,23724897
approximated_6f4c8e4c-3c0a-4c8f-a2e7-b0e77bbbdc47_Mitre_clamp.rdf_functional.owl,16169563,3872880,20042443
approximated_9f6eba2b-d7c8-49d6-85f8-32b870f171e0_Design.v27.owl_functional.owl,13288290,10856839,24145129
approximated_696640a9-8847-42a1-b3f3-21af72203940_alMolecule.owl_functional.owl,29853030,32185974,62039004
approximated_c583158e-626b-46af-8908-e47014ae1ff8_ceAnalysis.owl_functional.owl,141411261,261962229,403373490
38eeea63-a1ea-4cd1-9f1d-163238a0071c_nnotations.owl_functional.owl,9889480048,7656385262,17545865310
approximated_02626818-2955-4e31-bb56-5c9efaa9143a_COSMOtop709.owl_functional.owl,541003213,551158859,1092162072
approximated_c854f077-a8ad-4041-b749-371a662bfb9d_topchemtop.owl_functional.owl,134213598,44336970,178550568
approximated_64e7a0f1-60a3-4a5f-9fa3-3dabc7aba397_out.rdf_functional.owl,315375659,107647268,423022927
approximated_5cedb1a1-a84f-4ccf-ab4c-a23e0bca2508_Arsenic.ttl_functional.owl,126502531,3960618,130463149
approximated_c91ef5c4-b401-45a4-817e-38fe03988859_ss_crusher.ttl_functional.owl,16518941,3888090,20407031
9c6e2c2f-8946-4de2-9403-dd01da92c909_image.obo_functional.owl,22362267,24962585,47324852
approximated_4a8d2653-ebd8-4d73-a256-52e5e84b9cd8_ecoedit.obo_functional.owl,157264195,39360249,196624444
approximated_cbcf70c0-166c-4578-bb85-cf7601639ea0_ectralBand.owl_functional.owl,134124747,217903191,352027938
approximated_f1395437-68d1-4c5a-8615-b7714be541fb_reprSciLaw.owl_functional.owl,143249817,249181438,392431255
approximated_03640eab-454b-4ae7-af46-f3360781e1b9_Hook_ladder.rdf_functional.owl,11362135,4154487,15516622
approximated_c3b73d03-04d6-48b1-8c1f-a1c95131b186_EDOntology.owl_functional.owl,31319409,26254930,57574339
cab7d1bc-89a2-4b78-8a92-10bb0b7f8f31_tology.1_2.obo_functional.owl,1546802127,4245781871,5792583998
approximated_6516f88c-8dbc-44b2-a490-31d74c9c75e5_gc_functional.owl,16191105,7021751,23212856
approximated_153a417a-84a8-4849-a246-bbaeb3cb8e11_Check_valve.rdf_functional.owl,10775724,3813360,14589084
297f52f1-83da-4508-885a-82c37e7f15d3_atol_v6.owl_functional.owl,50774653,107367034,158141687
approximated_95b3e3ee-34df-4c91-bfbe-0ac1fdfbf434_DDR2_SDRAM.rdf_functional.owl,12833708,3852859,16686567
approximated_59e65c7f-12e7-4981-9227-16607af99f9a_raphicData.owl_functional.owl,12356554,7210604,19567158
approximated_942096f7-8856-497b-a5d9-e12e59b9a4ba_SAOcore.owl_functional.owl,28837475,47807896,76645371
approximated_efe25187-5707-4419-95f2-b2a876072b98_and_onions.rdf_functional.owl,12631646,4561336,17192982
approximated_090d43b0-344e-41db-9072-677d047e111a_y_clothing.ttl_functional.owl,12444709,3863406,16308115
approximated_f3fdd732-54e6-4bc4-8484-6dca7302f377_testinalis.obo_functional.owl,1729418144,3350147994,5079566138
8ec61954-36f1-45db-afa0-09e6683b4f21_ent_xp_go.owl2_functional.owl,20526216,6220853,26747069
5669707e-ff3f-4417-9965-1bcada923782__function.owl2_functional.owl,175515769,542382011,717897780
approximated_b0e8c75c-caca-46e2-856c-2a375cd7779a_Keyhole_saw.ttl_functional.owl,36449088,3859265,40308353
approximated_8f9fd337-a811-48d2-b71b-6cf6a0b9bd20_complex1.0.owl_functional.owl,53698143,88882024,142580167
approximated_f13918f7-c1c6-43fc-bf89-fce7db9ea602_PreO052206.owl_functional.owl,68697324,25698062,94395386
419e5586-4573-4ce5-aa07-6d7c174762f6_gobasic.obo_functional.owl,3660826991,4222619273,7883446264
approximated_5404637b-2342-4d95-b413-bbc043601173_Earthworm.ttl_functional.owl,14824546,3891474,18716020
approximated_96db04f3-ced2-434d-bf99-1f1a609c9d44_uneLexicon.owl_functional.owl,11808891,10869091,22677982
approximated_adda0abf-100f-49b7-893d-679b5e0764e1_iard_table.rdf_functional.owl,11975959,4080938,16056897
approximated_kb-owl-syntax-unraveled-depth-1-disjointness-triggers.ofn_functional.owl,760684012,1537546634,2298230646
approximated_2cbcfc9c-1788-46f5-a4cd-17737cc0db4e_COSMOtop745.owl_functional.owl,326943856,572970797,899914653
approximated_00400.owl_functional.owl,665580322,2053222411,2718802733
approximated_00503.owl_functional.owl,11851913,12866889,24718802
approximated_ae59cc65-2dac-4938-955c-b78eeffe3fcf_instrument.rdf_functional.owl,11147621,3751444,14899065
approximated_92a1e1e9-9216-41c0-92c2-3091c92988c5_mergedobi.owl_functional.owl,266405111,590244023,856649134
approximated_9e7ac78e-bfba-4cbc-84af-335a9cf5c6fd_DUL.owl_functional.owl,16850168,11841691,28691859
approximated_a85eb64c-63bc-4097-ab8c-2f0e32237aa7_astroPlanet.owl_functional.owl,69763425,127444248,197207673
approximated_06f773e7-32a4-4165-84a5-3931411b811b_ncrete_saw.ttl_functional.owl,50149028,3849558,53998586
approximated_kb-owl-syntax-unraveled-depth-0-cardinalities-disjointness-relation-axioms.ofn_functional.owl,380982535,830821389,1211803924
66f1cb55-ad18-4c4a-875d-b337cba28bd5__xp_chebi.owl2_functional.owl,207032628,124639909,331672537
approximated_835f8828-32c2-45fc-af57-5e6834d4e372_nlessRatio.owl_functional.owl,135346174,225338775,360684949
approximated_3fdad92c-f39e-4fc8-8b4b-b8c2d9d4314c_datatype.owl_functional.owl,7613822,10558628,18172450
approximated_f2634272-29a9-4cb0-aecb-d6d69c132aa6_onto.rdf_functional.owl,13924555,5265322,19189877
approximated_198266dc-9979-40f0-8ccd-dbac15d6a886_biol.owl_functional.owl,25556021,30510637,56066658
approximated_846f8a8b-3ca8-462c-ac60-3f3eb19bc999_PaulFisher.rdf_functional.owl,14558419,2923803,17482222
approximated_49cc87d3-70dd-425e-b728-d8f599e88666_shoe.owl_functional.owl,13752016,6300605,20052621
approximated_1ca758f5-aa0a-4523-b7e5-6c574bebd9f4_an_anatomy.owl_functional.owl,22796578,36801956,59598534
approximated_1d2653a6-1b3c-4515-8fce-e8b7f01aa294_ficial_fly.ttl_functional.owl,10830810,4056515,14887325
approximated_a1d17f69-3925-4c4d-b5dc-d2454b3dc723_loskeletal.obo_functional.owl,178809523,451198344,630007867
approximated_88e1b852-9ee4-4fa3-96f2-1699d0230dd6_n_dressing.ttl_functional.owl,14117839,3781341,17899180
1023b845-39a7-490f-9120-2d98e9cf11e3_rerelease.owl2_functional.owl,22196135,14291370,36487505
c78d24dd-67ae-453f-8efc-d4fe1228c084_ertyDcrelation_functional.owl,11901093,1009248,12910341
approximated_58dafe47-fe8a-4082-ae8b-e65a94d78d1f_commesse.owl_functional.owl,18762928,12139568,30902496
84a7c924-32c3-492b-92b1-ba16f3c4607b_IDOMAL_02b.obo_functional.owl,56190542,126956745,183147287
approximated_8d751b94-82ff-40b2-8de3-a953d606d0d0_ess_memory.rdf_functional.owl,11641640,3947078,15588718
approximated_7bb9b1d8-b62f-4d19-bf1c-48235bb2df99_pulsbridge.owl_functional.owl,134205224,57021642,191226866
approximated_00437.owl_functional.owl,2870335104,8114188131,10984523235
8aaa1e07-1ca6-44c8-a65b-6ccde9255cfc_rex.owl2_functional.owl,28899180,36903305,65802485
approximated_3354ab06-569e-42fb-bf57-7ba0e6ff5b36_delisation.owl_functional.owl,33033661,43737755,76771416
approximated_8583b0ce-1f56-4046-8b59-4720f46f2ed1_lantic_cod.ttl_functional.owl,19330371,3880817,23211188
approximated_d9c0c83b-4e2a-4b48-b3ad-24ff73a6c564_anDecision.owl_functional.owl,136788248,219622405,356410653
approximated_c88a8f00-08da-49a9-8469-3dae5e6c16c0_cal_pencil.rdf_functional.owl,14272089,3936575,18208664
approximated_8202a49d-36df-4413-881f-73eec9f9b902_EHDAA2.owl_functional.owl,285078177,701566980,986645157
442f333a-503e-42ac-9a26-7cfd6e9c9bf1_WP_XP_WBbt.obo_functional.owl,133116707,6318132,139434839
approximated_542c1f61-1f41-4439-98c8-a5b806522b8d_onto.rdf_functional.owl,108137546,5220799,113358345
20587d7a-7c92-4314-8ab2-dc43b19257c7_Song.owl_functional.owl,124471554,1563313,126034867
approximated_00413.owl_functional.owl,239027342,281212079,520239421
approximated_321268b3-4e57-4c51-b142-22bdeb268c54_Requeijo.ttl_functional.owl,22286797,3853074,26139871
approximated_c66dde76-0016-4740-8ae3-a6a0bb3be222_Letter_box.rdf_functional.owl,16472977,3806110,20279087
approximated_kb-owl-syntax-unraveled-depth-3-km-relevant-cardinalities-triggers-constant-classes-relation-axioms-value-classes.ofn_functional.owl,386743164,992391048,1379134212
approximated_34a5dc66-20c7-43ea-9f08-6e9b8591d32e_gue_pastry.rdf_functional.owl,13203523,3964900,17168423
approximated_f5f30708-0a50-4a87-82a5-8deb61f8e62e_Kuchen.ttl_functional.owl,14125642,3878302,18003944
approximated_083a0b34-1db8-46e4-9f12-8d2eb4785f0b_e_ontology.owl_functional.owl,171806164,484723825,656529989
approximated_1ea03413-61d7-4127-9780-3cef952db7e5_component.owl_functional.owl,84047464,184215223,268262687
055a02d0-c468-4729-ab70-d301b0c99c21_sgenechrom.owl_functional.owl,536515317,1064957776,1601473093
49988d89-71b4-4bfa-8332-3b9c5f46feed_taxonomy.owl_functional.owl,27104283,12966245,40070528
approximated_92f6b7ae-e47c-4d1f-a2a4-3d23538b1fcf_time.owl_functional.owl,97552455,91768889,189321344
approximated_25cabfec-591e-4a93-a8e5-e5d6c955f221_annotations.owl_functional.owl,33184617,9332519,42517136
a609ea98-32da-4296-a5a3-df6cfb510b75_cell.obo_functional.owl,72971586,146805396,219776982
approximated_00533.owl_functional.owl,1918405122,5327939906,7246345028
approximated_2a61679b-3818-43cf-9ea0-54e6dceb6b1f_gyVersion1.owl_functional.owl,41126335,8623881,49750216
df1865b4-b96e-4b5d-8a5b-fc61dac520bc_sportEvent.owl_functional.owl,21463636,17667813,39131449
0be7640e-1f36-4db5-b96d-26eae0df6e31_onto.rdf_functional.owl,11731834,3440615,15172449
6e89baa3-1195-489d-b410-a0fdfbee4d01_l.obo.PREVIOUS_functional.owl,53770572,19541272,73311844
5c062ba9-73e5-4667-b224-8e370efc8222_Government.owl_functional.owl,48789435,7441229,56230664
approximated_dc6f7c16-91ac-4fcb-8efe-1f448066f172_go_cc.owl_functional.owl,99706802,266552178,366258980
approximated_43e24ab8-fa95-4aad-8d3c-f10424621e6d_aic_system.ttl_functional.owl,18660147,3906215,22566362
approximated_3983a269-8061-4349-bb79-cd1969fe40c3_oor_buffer.ttl_functional.owl,9635103,3782264,13417367
approximated_0192ecd4-0f0d-4a66-b910-dbc4f8b733a7_accexample.owl_functional.owl,16183684,4485159,20668843
57606b25-f78f-420e-89b8-97c6a48cdd45_n_anatomy.owl2_functional.owl,29930401,39967548,69897949
approximated_ac09acac-e682-45fe-8146-a2d9c7062382_Home_wiring.rdf_functional.owl,14233770,3781636,18015406
approximated_0898a3eb-b41b-4dac-931c-75632b5ef305_basic.obo_functional.owl,584009363,1656097369,2240106732
approximated_63f768c0-be18-451d-9c0e-b699badd95c2_leMaterial.owl_functional.owl,137598173,253072816,390670989
approximated_b09b63e8-f45f-486c-9bb4-84bbbf78cec8_eanFeature.owl_functional.owl,132682705,217875502,350558207
approximated_781cd4ea-dc4e-419f-925a-8b344ac78bdb_icAnalysis.owl_functional.owl,11334651,4442292,15776943
approximated_0680e1ae-718e-40d9-92af-1cabd62c90a4_imeAverage.owl_functional.owl,140961800,215396464,356358264
approximated_41b8dbed-1635-4b5d-856a-256b572a0cb0_biotopcore.owl_functional.owl,17871111,20636697,38507808
82bffb7c-a66b-4030-b6fe-7acab0401872_substance.rdf_functional.owl,19325569,7960179,27285748
approximated_10de9537-0263-4fe7-8e32-c57985add702_POWER2.ttl_functional.owl,16332498,3829900,20162398
approximated_8ece82cd-f295-492b-a46b-a4f856c9d3fe_Backsaw.rdf_functional.owl,15031927,3926389,18958316
approximated_ac94beff-32e2-4834-8c0e-4ea4f1898169_po.owl_functional.owl,41032342,168706767,209739109
approximated_kb-owl-syntax-unraveled-depth-4-km-relevant-cardinalities-disjointness-triggers-constant-classes-value-classes.ofn_functional.owl,637853949,1481883988,2119737937
4f3c0ef2-95ab-49c5-b36e-fdea1f7b5384_nnotations.owl_functional.owl,11385512860,8336823963,19722336823
approximated_c2d754c9-933e-4d74-9462-cb41b4124181_vel220copy.owl_functional.owl,17810397,5164091,22974488
approximated_kb-owl-syntax-unraveled-depth-4-cardinalities-disjointness-triggers-constant-classes-relation-axioms-value-classes.ofn_functional.owl,674732980,1673597493,2348330473
57c94444-63d7-4aa6-b656-be2afa4a06c7_phenotype.owl2_functional.owl,501387740,642697285,1144085025
approximated_980c05a6-401c-45a6-a722-b99383fb913b_EXTRACT_RM.owl_functional.owl,29075777,18286292,47362069
3a78c22a-0f10-45f8-b11f-82d5f84684c7_tplusmouse.owl_functional.owl,178057254,201327058,379384312
approximated_53d576c6-e2fa-460d-9066-5c7aafd9ba89_us_anatomy.owl_functional.owl,43368466,81037913,124406379
approximated_09b45261-1d9d-4832-8faa-b8837e9a29e7_221onto.rdf_functional.owl,16362480,3828784,20191264
approximated_ffcb7948-c657-4034-9c07-236513cd741a_iableHuman.owl_functional.owl,23322157,11428721,34750878
approximated_ec505798-4555-4edb-bb60-aaaebf1fe396_cedexCore.owl_functional.owl,18237540,6173804,24411344
approximated_e93465e3-0d17-4b17-9623-d9dc354ce5d2_FN1.50.owl_functional.owl,26106491,7978562,34085053
approximated_a64edfcb-0233-4130-a277-4cf556838f70_xample_ebu.owl_functional.owl,18755955,5159021,23914976
approximated_d78c5b33-a927-4239-b273-fa0b82eedfad_content.owl_functional.owl,39755158,15264001,55019159
approximated_d603a76d-cb58-4768-bc7c-6b3cb1c588e5_Crouton.ttl_functional.owl,17099054,5690444,22789498
approximated_kb-owl-syntax-unraveled-depth-3-cardinalities-disjointness-relation-axioms.ofn_functional.owl,640434818,1504624301,2145059119
4812315f-8139-4fae-81e6-a78380bab65c_nriaBibTex.owl_functional.owl,12543827,2261624,14805451
approximated_3978b09a-79c4-421d-8160-5ab1435c78ff_nGeolFault.owl_functional.owl,136483161,256979035,393462196
approximated_4e002914-0d35-4de8-a197-4ad9029acc08_nseMapping.owl_functional.owl,145950310,66031446,211981756
approximated_7b1bb33d-f798-471c-b3a4-d0629dc55479_phen.owl_functional.owl,237960646,216596162,454556808
approximated_00b7bf3c-ec7f-4636-801a-c965deb4cc17_1.1_functional.owl,18728386,6358874,25087260
0ada0275-aacc-4314-b611-4b8ab4bcdd2a_henotype_xp_go_functional.owl,38235217,10069259,48304476
approximated_18976231-83bc-4413-93f0-153e194e2d0a_Candle.ttl_functional.owl,23001373,5078383,28079756
approximated_4f84d4f8-165b-4e4a-a8b7-c0461064245b__functional.owl,11755595,3442683,15198278
1c7c683a-205e-4620-aadd-90161e37ff90_iev.obo_functional.owl,165685062,374781533,540466595
approximated_4a0f1929-1a1b-424c-a9a9-bf684575cc2e_Solar_lamp.rdf_functional.owl,14615233,3762610,18377843
approximated_4e5f35d3-1e97-4ad1-937b-9237849cde79_umlssn.owl_functional.owl,15399641,7585419,22985060
approximated_1f8e8f12-970e-44dc-8813-7e4c5e537c2d_Fishing_rod.ttl_functional.owl,13275412,3859513,17134925
approximated_3dc8e0f9-1824-4b4d-975d-19d5310061bf_Jeans.rdf_functional.owl,16133188,3784524,19917712
5385c20a-b696-43db-b6dd-3c548f7ae2ba_onto.rdf_functional.owl,9801039,1598270,11399309
approximated_0d2463e8-8c15-49be-b6b7-fbd9b73e07da_REX_functional.owl,24245533,36293062,60538595
approximated_26463604-3238-444d-86de-a1c0eab11ae7_y_molasses.rdf_functional.owl,17753059,3759804,21512863
fcb31fa8-fb55-4719-86c1-f4d506bb4a8f_wc20060921.rdf_functional.owl,14695508,3782125,18477633
hao.hymenoptera-anatomy-ontology.21.owl.xml_functional.owl,93731957,225551052,319283009
approximated_999212cc-d372-4d86-a6f1-1e766ef9a0e1_tuebalink.rdf_functional.owl,37217106,59384812,96601918
fdc00b77-9c4a-4384-b108-76690aafdd93_setdiagram.rdf_functional.owl,13082954,4079794,17162748
approximated_1f9500a2-151b-4855-8b7c-5a2229d1d871_toy_functional.owl,10308374,4445037,14753411
approximated_fcd5396f-bad2-4202-96a6-e70129ac4140_odcmapping.owl_functional.owl,10093642,5458034,15551676
approximated_79ad3e7a-658c-42e8-bda7-0247b2f9b31f_elontology.owl_functional.owl,12721573,14135910,26857483
approximated_ec95ec5e-711a-4ac4-ae5a-340d3f06c98a_orialstep2.owl_functional.owl,13171291,7898839,21070130
approximated_42a5a9d8-9149-4e21-9ab4-c4448492f230_ry_fencing.ttl_functional.owl,15987344,3858804,19846148
approximated_32d60478-4d66-40d1-8ec5-9ffe3ceeb408_DOLCELite.owl_functional.owl,14564362,6182769,20747131
56432e07-0753-4131-a339-0c69ee680892_nent_xp_go.obo_functional.owl,24367245,6126089,30493334
approximated_d08b90e9-b209-42b7-90ae-b8355f298f06_triz.owl_functional.owl,213890535,17056163,230946698
approximated_887d4b85-c344-489a-867d-8aedc1052df5_realmAtmo.owl_functional.owl,144618937,250845820,395464757
23d1529c-7b12-4966-9957-9acb34786688_Reptile.owl_functional.owl,15222971,1672381,16895352
approximated_8ab3e5bf-55c1-404d-a1c9-c9c8f2434aaa_a_ontology.owl_functional.owl,68862791,162222140,231084931
da075f7b-a0fd-4afd-bfe1-a8fcc0a16a62_patomerged.owl_functional.owl,52899375,84524569,137423944
approximated_5d04eeac-a812-4569-8538-84aedb172802_sequence_xp.obo_functional.owl,60845088,134088604,194933692
approximated_wb-bt.c-elegans-gross-anatomy-vocabulary.95.owl.xml_functional.owl,294200804,728976430,1023177234
approximated_8f229f69-db9c-4aee-a74b-058af5f33ba1_kupocore.owl_functional.owl,34149333,68327580,102476913
approximated_f9d8606c-b276-49fe-8201-0b3a0cd7ad52_ImpUiTest1.owl_functional.owl,7427771,4875006,12302777
mmo.measurement-method-ontology.42.owl.xml_functional.owl,21218299,31404850,52623149
00142.owl_functional.owl,30659407,24469607,55129014
approximated_0d9eb3fe-033f-4fbc-b5a1-b06cd74a360d_onto.rdf_functional.owl,18977551,4988013,23965564
approximated_02730161-0e8e-4b16-ad57-55b21ee2a875_cipitation.owl_functional.owl,126608359,215877544,342485903
approximated_d8522555-aa25-4fcc-9d49-fed22881ed41_eryContext.owl_functional.owl,31612438,20523275,52135713
4a283a23-9bfd-4a34-85e9-98abf7f6f025_botany.rdf_functional.owl,57489203,799215,58288418
approximated_3fab7bb3-6907-4008-bd89-2f06e091311e_S3.owl_functional.owl,9733965,4361553,14095518
approximated_8d7cc12c-5af6-4e7c-acb7-f183c0fd1836_aulic_pump.ttl_functional.owl,17027585,4004325,21031910
approximated_00046.owl_functional.owl,1935150767,4277420179,6212570946
047db972-b42a-4b07-a9f8-350a25946255_manprotege.owl_functional.owl,93855943,126055027,219910970
approximated_852dc966-7088-48f2-b82f-03e6ce565a0e_slim_plant.owl_functional.owl,16318310,7370714,23689024
approximated_25e239b7-5f11-45aa-afd9-16a99e2818b7_Web_service.ttl_functional.owl,15302180,3803109,19105289
approximated_291579b8-c7ce-4272-b3c8-d87099a9a782_Libro.ttl_functional.owl,12539160,3848499,16387659
approximated_4655086b-352b-4c4b-9ffa-473d84b42009_LexInfo.owl_functional.owl,13724131,12276516,26000647
approximated_f00d6f3c-8071-47be-845e-d325985c6be5_4_09_18_15.owl_functional.owl,14011721,6572835,20584556
973e724c-1e75-47fb-9895-7e337afe225a_i_taxonomy.obo_functional.owl,19544051514,41949020829,61493072343
approximated_5a358aef-5457-4b1f-ad48-11bc424f9fff_Bryndza.ttl_functional.owl,10191340,4141972,14333312
approximated_1a48cbdf-e5e4-4357-950d-5961118db455_Wurstsalat.rdf_functional.owl,10646882,4151074,14797956
approximated_1f1e10ae-ba19-490d-8365-131487b39b24_Putty_knife.rdf_functional.owl,13548665,3840690,17389355
approximated_193fe309-0933-4750-a30c-b29a94415bbd_FBdv.owl_functional.owl,16988048,29785827,46773875
approximated_4e5c98ae-7192-476f-bdf3-7c93f526f4da_ithesaurus.owl_functional.owl,5381157408,11526084136,16907241544
2f3c57c3-2e59-421f-8ae4-9d1c35ed039b_nnotations.owl_functional.owl,20398452878,20420547295,40819000173
approximated_e489285d-f1c8-4239-a5b2-dbdc467acdfc_ter_cheese.ttl_functional.owl,47431306,3879212,51310518
approximated_016506e7-05c4-4a18-bb69-553810036eab_ology1.1.9.owl_functional.owl,33653370,26604152,60257522
db6d5f96-7b79-4c9c-89ac-e7a1b3140a4f_prerelease.obo_functional.owl,46996057,92196372,139192429
approximated_713f7d42-440e-4a9b-bcf4-edc324f1353a_pennlink.rdf_functional.owl,29829917,55648197,85478114
approximated_62782ae6-1b9b-4b81-b9a8-ebc5d9ce109e_lexicon.owl_functional.owl,22533006,12221071,34754077
approximated_33ec7680-b505-4569-a701-da82923cc658_CoreLegal.owl_functional.owl,23945182,25670693,49615875
approximated_kb-owl-syntax-unraveled-depth-4-cardinalities-disjointness-constant-classes-relation-axioms-value-classes.ofn_functional.owl,673665307,1628651908,2302317215
approximated_ca8f5840-f46f-4f57-86cb-7ca8df608aee_dataschema_functional.owl,11574844,8715504,20290348
approximated_557d2c6e-a4e6-440b-a9a7-b64fe5f4c203_preonto.rdf_functional.owl,16220556,6724112,22944668
approximated_85583e20-8bdd-4c70-b2bb-25ec28ca37b8_Moka_pot.rdf_functional.owl,14239288,3943214,18182502
b2a1ce14-a7e3-4ffa-9cb3-892bce53b4ca_erdb_edited.nt_functional.owl,9633933,2464665,12098598
d89474ea-d9b8-40a9-b917-f48912dedc2f_y.obo.PREVIOUS_functional.owl,21574406,37530684,59105090
approximated_21c620f9-15ad-493c-b700-d7d4742ad1ed_erg_cheese.rdf_functional.owl,11008929,3977039,14985968
approximated_1c2a8c16-4c7a-4d77-ab0e-4656fb59d24d_tity_theft.ttl_functional.owl,11064189,4006138,15070327
approximated_aa9a800f-04d7-4fea-948e-0c3d0a473708_phenAtmoFog.owl_functional.owl,146420136,256628814,403048950
approximated_f7a23f0f-1de0-4996-a60c-584af67ed532_lanDMWFHTN.owl_functional.owl,23021030,28015853,51036883
kb-owl-syntax-unraveled-depth-1-constant-classes-value-nominals.ofn_functional.owl,876781346,763250968,1640032314
approximated_00578.owl_functional.owl,44388607,67943684,112332291
approximated_82581fc1-0bad-4cfd-9267-c34557210e55_Clam.ttl_functional.owl,16145227,3930691,20075918
approximated_02c5ce82-abd4-4c42-b4b0-d4c1e79f21b5_consistent.owl_functional.owl,8969102,7633604,16602706
bcteo.bone-and-cartilage-tissue-engineering-ontology.4.owl.xml_functional.owl,16131420,24695659,40827079
approximated_d26b1d4e-0ad6-4e34-b944-5f2f034551fe_elBaseline.owl_functional.owl,9979730,1809884,11789614
approximated_kb-owl-syntax-coreference-IDs-cardinalities-triggers-constant-classes-relation-axioms-value-nominals.ofn_functional.owl,643397709,1797507389,2440905098
approximated_5644f9ee-97ab-480d-945b-2e7ee644c06b_Rice_paper.rdf_functional.owl,16134004,3755114,19889118
approximated_DPC1.owl_functional.owl,1052168511,291766349,1343934860
approximated_48680ec1-63fa-41e0-82a5-222411f44a31_tance_edit.owl_functional.owl,95256635,75353800,170610435
approximated_9c00bb2f-6d1a-4050-b08d-abffd5034bef_Sally_Saw.rdf_functional.owl,17221621,3870300,21091921
130d584e-6e5e-406f-ace6-42f87e6c3750_ma.owl_functional.owl,103359028,225091988,328451016
approximated_04a3929f-d335-4435-9f9a-6f2c6bd02721_onto.rdf_functional.owl,23137575,6508965,29646540
approximated_d3b582e6-6c37-4bf4-ba1d-2f2ea58a60ee_ale_cheese.rdf_functional.owl,14281335,3753700,18035035
approximated_fd827207-ef0c-49e1-87ee-4f511a64f2fc_wine.owl.sep_functional.owl,15091137,11467360,26558497
approximated_50b859e3-8c51-430a-8a2b-28abd0e9c21b_iribib.owl_functional.owl,12635658,2772234,15407892
approximated_a36ed951-2090-4437-91d8-d22fa046c9cd_rnao.owl_functional.owl,52196979,94561568,146758547
approximated_00793.owl_functional.owl,14047400,13447452,27494852
approximated_56c78db5-5fc2-45bb-a3b2-6feb398ea096_eanCoastal.owl_functional.owl,131227131,220009651,351236782
243f4450-8be7-49bd-a736-00914f88e2ae_s1.owl_functional.owl,36294836,37729662,74024498
approximated_a897d560-51af-459a-8e93-08d70c658118_p.obo.PREVIOUS_functional.owl,412532035,979196421,1391728456
approximated_f926252f-3225-44e8-ad4d-09142036fe3f_Causality_6.owl_functional.owl,25780173,23479496,49259669
approximated_222fcf8c-ee3d-4d72-a94d-ae1013681f7d_SIO_000008_functional.owl,52498616,95382361,147880977
approximated_07e27833-0331-44b7-ade8-e93de5c1ee2b_computers.owl_functional.owl,159625648,36621547,196247195
52962a04-852f-4d1a-bc4b-a001af44d964_seontology.owl_functional.owl,497564860,1093456548,1591021408
approximated_eed6d725-5a31-482a-bbd7-0990f3887fc7_anCommerce.owl_functional.owl,165054986,245611166,410666152
62e6cd8b-2eaf-4632-874a-5eb758346e2c__xp_chebi.owl2_functional.owl,206341481,128700344,335041825
approximated_sitbac.situation-based-access-control-ontology.3.owl.xml_functional.owl,33436767,15706193,49142960
approximated_51b401f3-6b31-4933-8969-37d3beacd782_uo.owl_functional.owl,27251065,36143046,63394111
approximated_cdao.comparative-data-analysis-ontology.7.owl.xml_functional.owl,19535335,12384355,31919690
approximated_dca6d5fc-74b7-43c0-9e3a-830f3cb9c17a_kimodified.owl_functional.owl,16318838,25602242,41921080
approximated_223e9f97-9026-4774-acaf-d1b2c07d888b_Bread_roll.ttl_functional.owl,20802486,3897675,24700161
approximated_0600a708-0fc7-4f91-a73d-b47bf0458457_Tent.ttl_functional.owl,18999685,3929668,22929353
approximated_6e61d861-58d9-422a-975f-2b671e5b0ae4_PaulFisher.rdf_functional.owl,15030537,3060789,18091326
approximated_593cb27f-5277-483d-974e-6e014b850e4c_gafi_bread.rdf_functional.owl,16436616,3818451,20255067
approximated_9d7c0de4-db79-439c-8542-41954faa216f_Celeron.ttl_functional.owl,16914169,4732684,21646853
approximated_1497b1af-138b-42d7-aa9a-927bc1043d78_cipitation.owl_functional.owl,162793997,252355007,415149004
approximated_aa164fea-9f43-492a-ae45-27ae528a5432_eagleslink.rdf_functional.owl,44038549,69666541,113705090
509d6dbc-3581-42c5-8948-e18b3b173b2e_fma.obo_functional.owl,2809751319,7330284110,10140035429
approximated_fae7ccf9-9a8a-4f34-ad9f-55bcba31c005_curityOntology_functional.owl,139423680,4944153,144367833
approximated_4f04ef29-b9ec-4216-b192-7746ab7252df_biolAnimal.owl_functional.owl,40561112,32903649,73464761
approximated_00569.owl_functional.owl,110630795,135628523,246259318
approximated_86ba3db8-492b-4c56-b96b-c9aa08604220_onto.rdf_functional.owl,104229764,4118503,108348267
approximated_28271632-015d-4980-aa93-16efcf8bf3fc_ano_cheese.ttl_functional.owl,24504971,4275809,28780780
approximated_6d6bf114-2fad-47b3-9526-dd4a8da1d6d1_storage.owl_functional.owl,28427846,17716526,46144372
approximated_cdb18f83-776f-4b40-bd96-afd64596cc31_classified.owl_functional.owl,256008838,183246543,439255381
8c511853-12ba-4236-af28-3990eb95b0fb_NIFCell.owl_functional.owl,177960583,14509246,192469829
approximated_kb-owl-syntax-unraveled-depth-1-km-relevant-cardinalities-relation-axioms.ofn_functional.owl,923945745,1101723321,2025669066
approximated_833a48a8-4047-4fc3-a7a2-7f89fc20c915_biotop.owl_functional.owl,16064215,20143591,36207806
approximated_03efc70b-d7f9-414e-a1b1-9dceded61005_MI.owl_functional.owl,44380838,125355684,169736522
approximated_1de103eb-00ad-4a0c-bf9e-5279acc62cc1_Weisslacker.rdf_functional.owl,10870264,4093909,14964173
approximated_ac46eaf0-1354-495b-b4e0-79cae3a32b50_e_computer.ttl_functional.owl,17763725,3855806,21619531
approximated_33b585c7-a610-4bb4-af96-ff2f17f2bd87_o.owl.PREVIOUS_functional.owl,65908896,140524219,206433115
approximated_77b77bac-eff8-4081-826c-ef74a451fa5c_KEPD_350.rdf_functional.owl,14848612,3932423,18781035
2ff8c1f5-61a3-4bc3-a5fa-0b7ed93f88df_blinCore3g.owl_functional.owl,10010745,2509694,12520439
approximated_28f17659-03d2-459b-9594-11cfd036fef7_Camera.rdf_functional.owl,10514180,4147687,14661867
337a232d-3f4f-470a-ada1-aec74f13a61f_oryRdfProperty_functional.owl,16500482,2151925,18652407
approximated_00005.owl_functional.owl,506570417,1428170424,1934740841
approximated_5272648a-afd7-4449-8a06-aedac653e85a_hitney_GG4.rdf_functional.owl,11987519,4026059,16013578
5199db06-6621-4447-81ed-7fff064402a5_NIFRetired.owl_functional.owl,12119069,5751548,17870617
approximated_358d9c84-586a-48fa-83d1-71c71e1a76f5_Maltesers.ttl_functional.owl,15710788,3854186,19564974
approximated_5402b461-4c43-40a3-947d-9b0beb9478f2_helioscope.rdf_functional.owl,16495054,3886276,20381330
approximated_5642787a-106d-4d50-acee-f5869ae8065b_merged.owl_functional.owl,878377225,2704101660,3582478885
approximated_924cf3eb-fa0d-4d99-a5cd-22ddabbe66c0_onto.rdf_functional.owl,13455398,4739236,18194634
approximated_04c12371-ce77-457d-8466-1d8fec7666f6_avesbasic.owl_functional.owl,796647967,2090657077,2887305044
37655913-5760-4cc7-930b-1bcc44039b01_tap.rdf_functional.owl,276522163,351990641,628512804
approximated_a9535310-c96e-46f9-b6b1-ca006609dac8_Process.owl_functional.owl,12895107,6857743,19752850
approximated_389a96d0-4b97-429b-b831-cab267dd85f6_223onto.rdf_functional.owl,17430062,6982264,24412326
approximated_118a4487-50c2-4791-a122-b6250d54b154_morphology.owl_functional.owl,83843006,138235293,222078299
approximated_6feab6fb-43ba-4697-9902-12af4f1b08cb_ctionsLite.owl_functional.owl,12657938,11384447,24042385
0c5c41eb-6a00-4b7e-b79d-23f4f021f731_20060526.rdf_functional.owl,14150577,3761563,17912140
approximated_c275f7dd-55ce-49bb-bdf8-1184648a1e5e_n_core.rdf.owl_functional.owl,13891596,15060333,28951929
approximated_00332.owl_functional.owl,9562204,6142431,15704635
approximated_6bffa009-55ec-4cc4-96eb-ffda12170661_NoSQL.ttl_functional.owl,12069026,3854789,15923815
approximated_251f3824-b733-48a9-9aea-be583981a3bd_V11.rdf_functional.owl,22918718,6151543,29070261
495a14bc-7d8a-4d25-9f31-53fd0761b381__xp_chebi.owl2_functional.owl,362950055,175764075,538714130
approximated_3275e489-3818-4329-b7f7-8604cb33c574_ystemState.owl_functional.owl,27755915,27102193,54858108
approximated_f0494396-e65b-4da9-a87d-5e8aa3a175ec_6414s6s2s1.owl_functional.owl,14234676,9581476,23816152
approximated_5097cd64-6d81-440f-a831-cd9dc033af19_don_Bridge.rdf_functional.owl,10739271,3898634,14637905
approximated_e5e689fa-c640-4163-83fb-e2c8270d71d6_ypes_0.99r.owl_functional.owl,19451623,29580283,49031906
approximated_1267162d-89f3-4f8f-9123-8b1d724e3cad_y_Caramilk.ttl_functional.owl,9392833,3861332,13254165
e355c2e5-e6af-4a26-9899-b801aa765e86_tegoryMetawiki_functional.owl,87017831,11713235,98731066
approximated_14c1c304-e5e5-4645-8d2d-8eb673fa6b60_vsto.owl_functional.owl,14491753,17018607,31510360
00b27d6c-5532-43aa-902c-2468b7407841_classified.obo_functional.owl,111082240,219094057,330176297
7039d759-3a0f-434c-8e3c-0b14787ccb53_Kaiko_LSCOM.owl_functional.owl,115821949,224361683,340183632
approximated_c0e2774e-968b-495c-a5a1-c8be243e08ae_sbpax.n3_functional.owl,14753306,10175451,24928757
approximated_17f06dfc-039c-4343-9ff2-5ee20d81060b_ethernet.owl_functional.owl,10695468,5579114,16274582
d9f8eab0-3c46-4414-b526-ed62603b6493_MusicGenre.owl_functional.owl,12290822,1556854,13847676
a65d053b-39da-4808-8c8b-7c28844962b9_tlingEvent.owl_functional.owl,16140520,3335912,19476432
approximated_2cb92e29-c14b-478d-88fe-7ce17c0db374_realm.owl_functional.owl,162703247,217149517,379852764
approximated_4e65432f-5e6e-4b90-9481-91367b55c947_bleOWLTest.owl_functional.owl,8487650,1703727,10191377
approximated_1b2ba6f4-4828-42da-9165-be91b6529c56_uberon.owl_functional.owl,667107971,1890466318,2557574289
c282eb66-ea7c-4da1-a027-8a76286130e8_Chemical_1.owl_functional.owl,9845531,6481825,16327356
0ff1ddbe-7462-4689-b92d-951d18169cf1_a_anatomy.owl2_functional.owl,44566231,103148971,147715202
approximated_c6ac90ee-50d9-43d7-9111-2d5ffd12ced0_ionaddress.owl_functional.owl,19548801,21145320,40694121
approximated_2d983b9f-02a3-433f-9ca7-3b139d51cb09_p_knitting.ttl_functional.owl,10714969,3848717,14563686
approximated_5676d90b-8cf6-4735-93f0-4d9d37a531d3_onto.rdf_functional.owl,12078984,3893989,15972973
approximated_0d87b570-3fc3-4d52-8fab-833dcdd67c5b_my.obo.CURRENT_functional.owl,113390515,256160641,369551156
approximated_15da540f-d51a-4143-aa19-a1510f24c025_artelite.owl_functional.owl,16487666,10067619,26555285
approximated_kb-owl-syntax-coreference-IDs-km-relevant-cardinalities-triggers-constant-classes-relation-axioms-value-classes.ofn_functional.owl,610660085,1801589627,2412249712
approximated_54bd4a53-4111-403d-8d8e-010116144168_tagenomics.owl_functional.owl,8736708,8615446,17352154
approximated_454f77c9-131e-4129-8c5c-b8ec98232212_premises666.rdf_functional.owl,12565347,11378604,23943951
approximated_27a98856-5d51-471d-b21c-01d0f12d2cf2_testinalis.owl_functional.owl,1690364565,4480026171,6170390736
approximated_c212fea7-acc8-4712-b614-1b7d428a2586_Protection.owl_functional.owl,32988318,42714487,75702805
approximated_fc63e30b-0fc8-42cb-a773-61d903caa0f4_propCount.owl_functional.owl,137095664,217507002,354602666
898c15c2-90fb-40ea-b806-842bc68655bc__trait_xp.owl2_functional.owl,27986506,10470028,38456534
approximated_20544e78-e168-408a-8ac8-5ed19900be33_prerelease.obo_functional.owl,637352099,1768078766,2405430865
approximated_0e3a76b1-3951-4bb3-a633-94fbc09194aa_vation_v15.owl_functional.owl,42110475,6326539,48437014
approximated_kb-owl-syntax-unraveled-depth-0-cardinalities-disjointness-constant-classes-relation-axioms-value-nominals.ofn_functional.owl,467649221,899995321,1367644542
approximated_ba68b13b-5742-43ee-8e7e-77c0a02b6565_sciUnits.owl_functional.owl,25083261,20030694,45113955
approximated_10d4a772-3fd9-47fe-b5e7-81e42c99775c_Fish_tape.ttl_functional.owl,17340213,4244007,21584220
approximated_fb0316f5-7860-4154-8ca1-e319393f1332_iiitlink.rdf_functional.owl,32912036,54985715,87897751
approximated_30a118a1-886f-439d-b4fa-0fa4ad0a26ef_ija_cheese.rdf_functional.owl,16568863,3854627,20423490
3acb1f0e-d867-450c-a41c-8d29ac7384da_cule_role.owl2_functional.owl,244043815,601584266,845628081
approximated_82f08abf-8162-4e42-9757-ab609c624e1d_to20110320.owl_functional.owl,32396313,38718197,71114510
approximated_kb-owl-syntax-coreference-IDs-cardinalities-constant-classes-value-classes.ofn_functional.owl,648379322,1810155702,2458535024
approximated_37ae21a8-8d3a-4482-a1ae-34cab320bf93_lapa_bread.ttl_functional.owl,11875411,4042284,15917695
approximated_32890b05-5f9f-4103-a102-ea222df97928_city_meter.rdf_functional.owl,10652176,10196631,20848807
approximated_fe654bb2-e8cb-47b5-9608-8d43597b25dd_functionsfn_functional.owl,102308387,10298769,112607156
approximated_80bcbfb2-3841-4520-b3c2-3ad43d54206a_5.rdf_functional.owl,16788297,5239859,22028156
b152925f-3e93-4b14-8749-48f4e80db5de_Museum.owl_functional.owl,95128618,2623209,97751827
approximated_f59bdce4-10ce-4412-a232-97df3cba8924_hatase.rdf.owl_functional.owl,34302896,17194430,51497326
approximated_efe57f06-f77c-4d8a-b971-844f884b86d7_bean_paste.ttl_functional.owl,86293484,3664564,89958048
fix.physico-chemical-methods-and-properties.4.owl.xml_functional.owl,46468413,78744112,125212525
approximated_4702afa9-37f9-4fc7-989e-c57219674548_isometadata.owl_functional.owl,117079000,23491430,140570430
approximated_56ae5d57-2e38-484a-9bed-2d5ec856c0e7_wart200602.owl_functional.owl,125651519,5030337,130681856
approximated_82e42e12-fa12-4b82-bdb2-338eebeafac5_Screwdriver.rdf_functional.owl,78662630,3857800,82520430
approximated_kb-owl-syntax-unraveled-depth-3-cardinalities-disjointness-constant-classes-relation-axioms-value-classes.ofn_functional.owl,1189988130,1607208056,2797196186
approximated_96ce8830-4418-45b6-ab74-563d80179867_zzo_marble.ttl_functional.owl,20964965,3865095,24830060
approximated_34a60211-a552-4861-b467-c6ccf9a7782e_less_steel.rdf_functional.owl,9219078,3745087,12964165
approximated_550bbb2a-26ee-418e-a1b3-c28095635655_BRInferred.owl_functional.owl,177122584,377695785,554818369
approximated_2dd704d1-2b3d-4469-ae3a-e07f2534a0a7_PlansLite.owl_functional.owl,18012680,16610870,34623550
9b886760-d835-48c7-8d1b-68d0ebef9343_sgenechrom.owl_functional.owl,667056242,1277877835,1944934077
approximated_334db5fd-9bae-4ad7-96fe-8d775d42b33e_AX_Machine.ttl_functional.owl,68752257,3718567,72470824
approximated_nemo.neural-electromagnetic-ontology.24.owl.xml_functional.owl,106759857,135274653,242034510
a9cc4f85-9251-4406-a4dc-5305e35e02f8_myreadonly.obo_functional.owl,222042304,43606383,265648687
approximated_5fb820a2-814b-4f3c-8c95-1689727293f4_que_wrench.rdf_functional.owl,95411410,3842447,99253857
approximated_cbb83c0d-9d23-4665-bc51-9f40651f7063_dantmodule.owl_functional.owl,15569245,9305489,24874734
approximated_ab864b0c-2fac-4e98-a74a-f0ca1ba715af_e.obo.PREVIOUS_functional.owl,63029965,131239397,194269362
50d5589e-2138-404b-b160-62b76c1b180e_psims.owl2_functional.owl,43459423,89352924,132812347
7d32821c-7173-472e-ba67-2f316cb411c2_meMinister.owl_functional.owl,23407783,1988008,25395791
approximated_5139a41a-b1a1-46ef-a8e7-810634d5c2bf_extractfns.owl_functional.owl,90826849,8028449,98855298
approximated_a38bcc46-3b2f-4254-be56-deb690f9aa40_stateFluid.owl_functional.owl,128831829,217591765,346423594
approximated_3dc4e099-af9d-419d-b9fb-bcef9d8758e5_reGradient.owl_functional.owl,144929932,218360972,363290904
approximated_4a6ba382-eb40-4a59-8b19-e03d45fa9923_bre_cement.ttl_functional.owl,15550330,3775255,19325585
approximated_bf9acb43-1b19-4529-b5f5-e914b91710c8_omplexsadi.owl_functional.owl,11976127,7685941,19662068
06351fae-998e-422e-977e-0c25d1a6c730_Cyclist.owl_functional.owl,11720363,1603601,13323964
approximated_02b3268e-4776-4465-809a-0426d82d93d1_DP1.28.owl_functional.owl,22546118,3333692,25879810
approximated_d56e5273-dace-477b-82a1-eadc06b9d86d_mergedtbox.owl_functional.owl,1714018205,4510822611,6224840816
e378b271-b457-40e0-8519-def679db4807_psipar.obo_functional.owl,24932787,40277918,65210705
approximated_0f628045-efd4-448f-ab65-b438cd3d4389_core.owl_functional.owl,702824619,2215425497,2918250116
approximated_00654ae3-16ea-4396-8c73-cd3931391ea7_d_railroad.rdf_functional.owl,16832256,3904394,20736650
approximated_tmo.translational-medicine-ontology.12.owl.xml_functional.owl,18958354,17344598,36302952
approximated_2c77eb5b-6dc1-47f8-aa10-12897cfc7882_l_database.ttl_functional.owl,10444372,3943395,14387767
approximated_5163c3e7-5d69-4a5b-b26a-ca41bfe049eb_cidoc_v4.2.owl_functional.owl,21227974,17549985,38777959
approximated_09a3ab85-9803-471d-a442-89d4bd7b0567_person.owl_functional.owl,14262077,7980218,22242295
f1633d56-6080-4b87-b35e-6f2735f382cf_classified.obo_functional.owl,62762148,195435995,258198143
approximated_e31c4e75-5c8a-480c-bc01-6d594c69e852_mbeuniprot.owl_functional.owl,217762042,428126834,645888876
approximated_4532adb8-ee7e-4cf8-8daf-c163fffe7fd1_Rotosplit.rdf_functional.owl,9758292,4397534,14155826
approximated_8246808d-82aa-4060-8d84-a4fe069b048a_tingAgency.owl_functional.owl,79790874,164345402,244136276
approximated_58459510-f8f5-4b95-843a-f287dbe1f993_Globe_valve.rdf_functional.owl,11924010,4016331,15940341
approximated_8ef69391-b3f2-4da9-a2f2-b96c9a2bd65b_EMERK.ttl_functional.owl,14891627,3939152,18830779
approximated_508c163f-060a-4bc3-9785-02cd23ae2ca7_stateSolid.owl_functional.owl,130754035,217382283,348136318
approximated_5689427e-17bb-45ce-909d-33c14032f6c3_iri_cheese.ttl_functional.owl,15326801,3880193,19206994
fa93f557-4e1e-43e6-80e0-1e90d80977b6_im_generic.obo_functional.owl,13748560,7492798,21241358
approximated_fcf6c85b-3596-43e1-9dd1-c2d49718b5f8_eres070612.owl_functional.owl,21988865,22641144,44630009
bf1b9dcd-fed7-4970-8ebf-f8dc84a1f96e__GO_import.owl_functional.owl,16650932,5888629,22539561
d17e6238-1081-4270-8f91-dfb3a800c179_t_ontology.obo_functional.owl,61469616,124900882,186370498
approximated_971647da-45f3-4433-8c94-d598c073523a_222onto.rdf_functional.owl,18716766,5491470,24208236
approximated_4def9b8f-20be-4ee8-8f76-3ef43e1f4f22_onto.rdf_functional.owl,15133531,4057801,19191332
2f60951d-d9a1-4c03-a985-6ecbc54ea7ba_xattribute.obo_functional.owl,21339640,3117302,24456942
approximated_4c4bb8fa-02c6-446f-9881-cdf8357307d4_FOSCoreEcon.owl_functional.owl,12822085,7021582,19843667
8240de50-4d24-4d94-b853-f8d867717086_bsr.rdf_functional.owl,171512287,106364946,277877233
d1d903f9-4d9c-4f5c-b904-69a8dc2d18cf_nverzeichnis_L_functional.owl,14980742,1029780,16010522
approximated_3c7550dc-aecf-45b2-8f89-d11b303864fc_tourismowl.owl_functional.owl,15441870,14116012,29557882
approximated_6eac3603-36fb-4e54-9927-ae3233bbe836_reprSciLaw.owl_functional.owl,128292300,219607838,347900138
approximated_2acf8e57-7d1e-4026-abce-697df298030b_abic_khoja.owl_functional.owl,14797485,9101516,23899001
92817fd0-4f78-4d75-84a7-74c17a6865c9_taxonomy.owl_functional.owl,68293893,94916226,163210119
approximated_38b55830-b145-488f-b3fd-a4d95b5df50a_ACTexample.owl_functional.owl,15831295,7960070,23791365
approximated_00686.owl_functional.owl,3344987090,8259238720,11604225810
approximated_24fe47aa-33d1-4ff6-9982-73907202014c_swebok.owl_functional.owl,21267394,23792666,45060060
128c7202-1405-4794-8130-32e826b8dc23_unit.obo_functional.owl,24126485,17863534,41990019
approximated_00390.owl_functional.owl,1227202762,1806714740,3033917502
approximated_6a621ce1-c63f-4649-96f2-2cadf7ba17d4_cedar.owl_functional.owl,74525324,25077049,99602373
approximated_b1982bf6-e1e6-4e75-9ce8-acd4ed991240_icken_wire.rdf_functional.owl,11449781,3877794,15327575
approximated_6d35fed5-0014-47d3-b0b6-3ae0bef1f9d2_Traffic.owl_functional.owl,16585650,5289181,21874831
approximated_3c95f452-dd0e-4599-a594-f09baab8b9e8_Furniture.rdf_functional.owl,14995462,3971724,18967186
e606b28d-ee9e-4243-b286-97dfc6b7a4e9_rm_anatomy.obo_functional.owl,407701807,698868108,1106569915
approximated_446842a9-826f-4f6c-8502-5b6c449984e5_ysDynamics.owl_functional.owl,37574022,49102454,86676476
approximated_1b63ee3c-936f-4d8c-b362-20670d327b1e_phenAtmoSky.owl_functional.owl,133733525,220110554,353844079
approximated_01a91626-d2d6-46eb-83ff-f20d3b5c613d_Hacksaw.rdf_functional.owl,14424493,3750082,18174575
01020666-768a-494d-bfda-6d9a4eedaf52_enspanther.owl_functional.owl,481279307,1025235983,1506515290
approximated_335596b5-094f-4f3e-a0e7-ca51b7554572_Call_girl.rdf_functional.owl,17181849,3757782,20939631
approximated_kb-owl-syntax-unraveled-depth-3-km-relevant-cardinalities-triggers-constant-classes-value-classes.ofn_functional.owl,378309646,971048650,1349358296
approximated_43a708b4-7145-49d9-8dab-dee4ab0373e1_af20070424.owl_functional.owl,10783256,6019967,16803223
approximated_a73b8cbe-d9cb-4bb8-aa71-973f96f49d54_onto.rdf_functional.owl,18115997,5053238,23169235
approximated_75dff472-3976-4079-8555-e6d264028c1d_CategoryMarking_functional.owl,10219470,1866733,12086203
approximated_14871cac-cf5a-4afd-9f40-9f095253b688_esg.owl_functional.owl,86308918,23710758,110019676
approximated_25f64bf3-08e9-4ce1-a712-d4a23f19ad30_Loaf.rdf_functional.owl,12358619,3763362,16121981
approximated_kb-owl-syntax-unraveled-depth-2-cardinalities-triggers.ofn_functional.owl,464063412,1031430659,1495494071
approximated_342db382-7dd1-49a8-81aa-3866aa4664a5_Croglin.ttl_functional.owl,40664063,6229189,46893252
approximated_54a5027a-e2a6-424c-856f-2a2502ae0d5d_DUL_v23.owl_functional.owl,16603944,11680699,28284643
approximated_00007.owl_functional.owl,28712995,7115188,35828183
approximated_kb-owl-syntax-coreference-IDs-cardinalities-disjointness-relation-axioms.ofn_functional.owl,878498203,2295535544,3174033747
approximated_e1717933-4749-4b44-9d1b-7302185ebe80_sbol_wSO.owl_functional.owl,18024428,20053735,38078163
approximated_259f6c13-81bc-490c-9944-0eebc1fa4de7_ermittlung.owl_functional.owl,12757895,6574859,19332754
approximated_04b96804-36a5-4f4f-ba7b-5db0810ce062_bibo.n3_functional.owl,16042562,5755444,21798006
approximated_a24dfcfa-50a1-4477-b8f3-31ca6c089f38_preonto.rdf_functional.owl,16696948,6902009,23598957
approximated_9d06624a-f7ee-4a19-81ef-ef1158b7394a_rby_cheese.ttl_functional.owl,8450151,3987542,12437693
738a62ec-d995-4d8b-badd-7e8ed6b818a2__documentation_functional.owl,63720975,8359043,72080018
approximated_7854c038-685e-4dab-8412-35b9ce2adc1f_lRelations.owl_functional.owl,19336358,7263084,26599442
5fc0bcd2-f106-44c2-9353-1426c209ecd6_nnotations.owl_functional.owl,7783273753,7438372766,15221646519
