Ontology,OntologyLoadingTime_ns,MetricMeasuringTime_ns,TotalTime_ns
approximated_a8f6019c-f34e-4418-af12-f0f464881e4c_VAST2009all.owl_functional.owl,1613879261,197805380,1811684641
approximated_cd75b3f9-a5f7-4436-bf9e-c73dea998d92_onto.rdf_functional.owl,16051389,39542300,55593689
19c0e590-e643-49d7-b21f-2fc584b1ab11_t_annotate.obo_functional.owl,26238250,27584888,53823138
approximated_0e041011-1e56-459a-a749-5038f476ca3e_fearlus.owl_functional.owl,17091637,21064743,38156380
05aa3148-2984-473a-b4d7-5a97ef55b620_nsynset2D0.rdf_functional.owl,2254443358,4766383900,7020827258
approximated_a0f1fe03-9384-41b8-a338-81b935691ca7_dProtected.owl_functional.owl,162962992,383678603,546641595
aaff4dda-3125-4140-89fe-74647cbbba58_stdview.rdf_functional.owl,9122046,13739944,22861990
approximated_36bf65ea-821a-4868-aaaa-ba268d25b06c_Bollard.ttl_functional.owl,7718356,5846843,13565199
approximated_25026944-4e55-4055-9c7d-b733fd0752e8_Sight_glass.rdf_functional.owl,7215852,5547785,12763637
mat.minimal-anatomical-terminology.2.owl.xml_functional.owl,11839112,31665888,43505000
approximated_00014.owl_functional.owl,30891609,44077933,74969542
9b10aa7f-5d37-4a23-9dc8-c0e74b59d728_Film.owl_functional.owl,20814256,5624964,26439220
c4522b4a-8b40-45cd-a28e-130ae6f77616_loggerhead.obo_functional.owl,9049364,21581166,30630530
266078d7-4ebe-482d-98a2-090b4d640520_EbGdrcN5Y29ycA_functional.owl,6977595,7707248,14684843
e24d6190-e9dd-4ffe-bb50-e13016b382d9_Company.owl_functional.owl,7040310,1770158,8810468
approximated_74d155eb-2fac-447f-bc9d-a9a75b00a009_cery_store.ttl_functional.owl,6747583,7685470,14433053
approximated_bspo.spatial-ontology.20.owl.xml_functional.owl,8713466,20199647,28913113
approximated_23fee2e3-9ffc-4fce-86fd-342eeba74013_John_Dory.rdf_functional.owl,6141782,5168682,11310464
approximated_9833b76c-da15-4524-83af-85574d900520_u_dressing.rdf_functional.owl,6183030,5332928,11515958
approximated_d5526c43-5838-4a9c-af57-b8f625e26237_Leerdammer.ttl_functional.owl,6082237,5020911,11103148
approximated_cd8a38f3-171c-45fa-b461-fb3ce121cfb6_software.owl_functional.owl,4832278,5134938,9967216
approximated_kb-owl-syntax-unraveled-depth-3-km-relevant-cardinalities-triggers-relation-axioms.ofn_functional.owl,376229042,1175959492,1552188534
approximated_70aeb10e-eece-43b2-8b09-2f9ea45c1cfe___Koch_G36.ttl_functional.owl,6982494,5253103,12235597
approximated_75d9fe1b-71db-4e70-a109-bd304b2321a7_VRAM.ttl_functional.owl,6071362,5219608,11290970
approximated_8f89a31c-fe5f-46b1-9b07-d9dc72b50e03_pban.owl_functional.owl,10188234,5834827,16023061
approximated_8fca389d-d850-405f-b461-c6ce2ab6feb7_premises663.rdf_functional.owl,7352755,11575399,18928154
approximated_01e61578-858f-498c-9aba-2401be843c1b_nry_trowel.ttl_functional.owl,6299878,5242066,11541944
approximated_35a36bb9-c479-4063-a445-a9a4c676755c_Azorubine.ttl_functional.owl,5905856,5163243,11069099
approximated_24faf36b-9a27-4f92-b4c1-770320f7d109_Gummi_candy.ttl_functional.owl,5660765,4960287,10621052
approximated_1b9bc6c9-d156-4a1c-a821-014fcf3ae7c5_20090907.rdf_functional.owl,10319600,14840717,25160317
approximated_kb-owl-syntax-unraveled-depth-4-triggers.ofn_functional.owl,321631208,825144248,1146775456
approximated_ep.cardiac-electrophysiology-ontology.2.owl.xml_functional.owl,3234055020,7205662582,10439717602
approximated_f345c79b-a278-41a6-b109-44ba64739788_PaulFisher.rdf_functional.owl,28200494,6630669,34831163
74315bf7-bb8f-4a98-95d2-f260450b6ee9_lCharacter.owl_functional.owl,19659343,3655147,23314490
approximated_dd922e1f-73f2-43fb-9a84-6664f9c4d6d3_temetazoan.owl_functional.owl,2366885492,5569023942,7935909434
approximated_cfe00e32-c9b8-404c-9f5a-07b042d046c9_codtools_02.owl_functional.owl,16386564,11706544,28093108
approximated_4a243936-cf39-4269-b053-24e2e8820fb0_Gyrodyne.rdf_functional.owl,19164544,4171908,23336452
approximated_dfc18503-60bd-4cf0-8e46-46da849392d3_Grounding.owl_functional.owl,18170110,7579176,25749286
approximated_a3f0aaeb-b9cc-4337-882c-cb968126a9f2_higgins.owl_functional.owl,17258463,5128668,22387131
approximated_1c3bac4f-4f4e-4518-bc86-0377d3dc6c32_Wahoo.rdf_functional.owl,15069579,3792060,18861639
92a9f2e8-3e78-4470-ba97-727b01ed6b3a_Station.owl_functional.owl,16426326,2443243,18869569
approximated_3d18c527-3dc1-4a8e-a715-b5e912ff6c48_calisation.owl_functional.owl,17796791,4549443,22346234
approximated_a8009033-f351-4981-aef6-bbf8c91567ab_odData.owl_functional.owl,15366219,7722643,23088862
approximated_4a6e0711-cac1-4153-82f9-1a729636c163_CPR.owl_functional.owl,32278623,39347548,71626171
wb-phenotype.c-elegans-phenotype-vocabulary.195.owl.xml_functional.owl,51351013,117047983,168398996
approximated_45c105f1-be30-4d21-acaa-545093e8a3c2_COSMOr603.owl_functional.owl,212371733,349044506,561416239
approximated_59c23576-3905-4768-807c-e42953a49469_PA8000.ttl_functional.owl,14531239,3931897,18463136
approximated_2bef0cf8-78c8-4930-8f10-3cd63f3ced94_unitcomplex_functional.owl,19016171,13535346,32551517
approximated_c111b583-ea49-41d1-8301-7bf4cd420885_ebbp2.0.3.owl_functional.owl,16407855,10968107,27375962
59c2a3d4-020a-4a2a-8b2f-a9a9c096e102_HP.obo_functional.owl,207036964,662938981,869975945
c6fe1d07-3a65-44b7-bb6e-5be86e59feaa_pr_import.owl_functional.owl,10623143,15594945,26218088
approximated_312ead57-98a6-4831-9cfc-efc961e02d26_74181.rdf_functional.owl,14228036,3913028,18141064
approximated_kb-owl-syntax-unraveled-depth-2-triggers.ofn_functional.owl,385946501,946147424,1332093925
96fca1bc-6cbd-4edf-9155-62885ac3321c_icsCreator.owl_functional.owl,20142332,2254476,22396808
approximated_7508fb18-a372-461b-861f-3e1d236f466c_qudt_functional.owl,17259300,9349204,26608504
approximated_00708.owl_functional.owl,155618003,27042987,182660990
approximated_839b2cf5-ecb9-4418-85c6-4427ff7aebd2_matrIon.owl_functional.owl,135988933,209448347,345437280
approximated_1cdf362c-2ae8-4727-b5e9-576130834e04_OBI.obo_functional.owl,1235180274,1567821477,2803001751
approximated_c2be6154-32e2-4603-829f-7d5b1d11b934_d0.owl_functional.owl,21854104,12518266,34372370
approximated_00535.owl_functional.owl,267256484,615043173,882299657
approximated_8d26f9a2-ef79-4a31-becf-0e57b2393271_undbericht.owl_functional.owl,20725988,9763103,30489091
approximated_3f2b94bf-d53a-4daf-946d-6c59da721e7c_Cola.rdf_functional.owl,15944520,3895780,19840300
approximated_702b8efb-32b2-4a87-8350-415581a69a16_Resistor.rdf_functional.owl,15753988,4238959,19992947
approximated_22b3b685-bd5e-47cd-a249-4830d6cf08c6_Fish_hook.rdf_functional.owl,15042996,4315023,19358019
approximated_c9cbf95b-a86d-41c2-85f9-8d759de6c1d9_sion.zfish.obo_functional.owl,245325527,549150683,794476210
06c9f57b-624c-4e3a-9610-48d68898db4c_HAO.obo_functional.owl,101708385,290160679,391869064
approximated_6d30d82d-ccfe-4993-b40a-958aa17be6f9_MSKB_ver1.owl_functional.owl,21230814,15834408,37065222
approximated_1f1074d7-d9d4-4a6b-8977-0a77b95392f8_interfaces.owl_functional.owl,19642760,8636742,28279502
approximated_tao.teleost-anatomy-ontology.135.owl.xml_functional.owl,128814685,301647370,430462055
approximated_77e55a95-d069-4da2-b261-57e89fcb896a_rTransport.owl_functional.owl,109011216,234677121,343688337
f24457ab-cea2-4017-b9f0-e77f9f1f4f39_notype_xp.owl2_functional.owl,326030795,189091949,515122744
approximated_052b7c55-4d02-4d5d-99f4-48676cb191e0_FYPO_functional.owl,100162043,251778458,351940501
approximated_5249685c-71db-4f8b-8746-00fe11948fa4_Mandoca.rdf_functional.owl,15991040,4664382,20655422
approximated_4e9382c4-e9aa-4494-96b1-14892f8a5695_Flail.ttl_functional.owl,20430502,4390187,24820689
approximated_6b6bbd7f-64af-446f-b47d-a11f97c191c3_Tilapia.ttl_functional.owl,18481175,4495059,22976234
approximated_4c0f61da-db43-40be-aea5-096d0e25cf87_eral_water.rdf_functional.owl,18206969,4388959,22595928
approximated_ddd751bd-f933-42b7-865d-e9aa08c3408b_ncertainty.owl_functional.owl,27720996,38645976,66366972
approximated_00627.owl_functional.owl,60436001,154666763,215102764
approximated_00f0d5f6-395b-4d82-97bd-75062b17681a_odore_CDTV.ttl_functional.owl,17302540,4303159,21605699
approximated_52d591c9-b4fc-4f87-99c4-8b81323a910f_Sun_valve.ttl_functional.owl,18892639,4371641,23264280
approximated_00039.owl_functional.owl,134848335,347044445,481892780
approximated_48bdccca-5b0c-48b6-b156-5f88a9662b1c_envirImpact.owl_functional.owl,76324752,162667499,238992251
approximated_6fce96ad-8afd-44a8-8828-258cac75fc7b_risdiction.owl_functional.owl,27410736,24221715,51632451
approximated_09b555c1-a7a1-4cc9-b9de-b53288f8fd91_onto.rdf_functional.owl,19760528,5932599,25693127
approximated_531c2d22-624b-47ae-8947-357b8894cb23_MF.owl_functional.owl,25874320,45189162,71063482
approximated_821570a0-d208-4173-a2f9-a885caabf71c_plusassocs.obo_functional.owl,19956840415,34483975709,54440816124
0b269d8d-1c50-45ce-ae4b-60a46714d203_classified.obo_functional.owl,505361021,882126784,1387487805
approximated_617ed6c6-5075-429e-aa0d-8f510bb901d7_Pentium_III.ttl_functional.owl,16316897,4029025,20345922
approximated_904615b5-96da-4a92-9a63-41b2f042c337_stermerged.owl_functional.owl,2205919664,737829948,2943749612
approximated_462bdf6b-f7ad-4c73-8244-024769021458_vertebrate.obo_functional.owl,1632511593,4005677956,5638189549
approximated_0a139bbb-6261-4262-b62c-c0d3733f5508_Drill_bit.ttl_functional.owl,86114674,3873763,89988437
approximated_ca495d9f-6fd0-455d-be1b-17538744f700_dinterests.owl_functional.owl,14906097,9349373,24255470
approximated_122239cd-6801-417a-81e4-5bb1fe1f464c_ZX80.ttl_functional.owl,67189917,4140142,71330059
approximated_kb-owl-syntax-coreference-IDs-km-relevant-cardinalities-disjointness-relation-axioms.ofn_functional.owl,1146233470,2285535811,3431769281
approximated_2968831e-1053-42e1-9bcc-b6da3f94d6f9_uowithpato.owl_functional.owl,61293956,138819285,200113241
approximated_c2d3e8f6-066c-4850-9cd3-befc930596a1_opentox.owl_functional.owl,18237691,4950560,23188251
approximated_1d340b73-57f7-4f92-9367-7f131dd2e647_htning_rod.rdf_functional.owl,13693890,3775884,17469774
approximated_kb-owl-syntax-unraveled-depth-4-km-relevant-cardinalities-constant-classes-value-classes.ofn_functional.owl,341946213,867448884,1209395097
approximated_320badf1-da62-42a0-9c1c-34bd80ee78c7_sequence.owl_functional.owl,50692381,110156088,160848469
3c57bcdc-f50b-4109-ae15-65fc2daca9b4_sterfamily.owl_functional.owl,191634153,476988811,668622964
1a474e7b-ad9f-47a1-a5b8-89ebb8d621c8_hpdisjoints.owl_functional.owl,227686029,700492353,928178382
approximated_8c9dbe2e-b0fc-4cb9-bba4-fb6903d70b05_realraum.owl_functional.owl,38485237,50568887,89054124
approximated_1b376225-5d7e-49ee-9513-3e00ee758f9b_dam_cheese.ttl_functional.owl,12617994,3974178,16592172
approximated_00523.owl_functional.owl,128389366,250422207,378811573
approximated_54870b9a-b785-423f-8341-593ccd22e96b_dar_cheese.rdf_functional.owl,16211787,3790506,20002293
218a127c-8d13-40af-9957-63c28b0a091e_elontology.owl_functional.owl,19324921,10722756,30047677
approximated_0a07d171-7ec3-4923-b804-27f35189d2ab_Smartphone.rdf_functional.owl,17793845,3867710,21661555
approximated_545c0c28-7fab-4d03-81c3-154ab2e6d066_chemistryv9.owl_functional.owl,18204644,9515812,27720456
069b23e0-2d3c-4532-af90-4a36ad576dc5_zoology.rdf_functional.owl,17154606,1725348,18879954
af9a1bd0-8eee-4803-87a4-da7fba1f9b80_mo_sapiens.obo_functional.owl,404126859,822661997,1226788856
88ca2646-c819-46af-a2a5-3edb2ad6283b_behaviorel.owl_functional.owl,43847176,86245862,130093038
approximated_11a6ae08-af8c-4b71-b899-4bc1ab375bb8_IL2.owl_functional.owl,90602037,16778163,107380200
approximated_d8aa63e6-e43a-41a6-a8da-9b3cee1f97af_onto.rdf_functional.owl,14291508,6852096,21143604
3aecbbdb-aae6-480e-9b07-4a92532c927e_nnisPlayer.owl_functional.owl,17877471,2619877,20497348
approximated_0a613e4d-9555-4e67-8830-b5f2d3277b53_PaulFisher.rdf_functional.owl,18027573,4036353,22063926
approximated_304e32d6-f5b0-4468-9712-744482cc13de_ossAnatomy.owl_functional.owl,59725252,113565865,173291117
53d979de-8e9e-4293-aed9-4e4b771cd2b9_condition_5.owl_functional.owl,56511772,112072304,168584076
75a65645-51c9-4fe9-9f71-443fde726c1a__v5.0.1__.rdfs_functional.owl,28192130,6821409,35013539
approximated_c65713cb-5f43-44ce-86f2-9c20bf6530ae_IBM_801.rdf_functional.owl,14292225,3953017,18245242
approximated_7f287dc9-bdce-4650-9c6a-da3d089e72ae_Diptych.rdf_functional.owl,14959201,3980842,18940043
approximated_1f131286-0fa9-43e8-a0fb-b7798b7c1476_sasclasses.owl_functional.owl,13173017,1867270,15040287
147cbe7c-d161-4214-8ced-0f838c6d33f7_onto.rdf_functional.owl,25218253,5947456,31165709
approximated_02024966-c8c7-4345-b30b-844ca0bdf8f5_lipid.owl_functional.owl,206089233,360592246,566681479
approximated_kb-owl-syntax-unraveled-depth-4-triggers-constant-classes-relation-axioms-value-classes.ofn_functional.owl,381971474,948502327,1330473801
approximated_c759adb9-1701-429f-aec5-7bda663d10c5_WM30.owl_functional.owl,102968046,41034865,144002911
approximated_fa9611cd-15ed-46e5-8c7c-12e5fa3019d1_ocChemical.owl_functional.owl,127566231,216314457,343880688
approximated_ecdbec75-3dca-4adc-8ecb-7ab59223f896_que_wrench.rdf_functional.owl,11614750,4462116,16076866
approximated_37fa1851-5aae-4f1e-8f87-3a963d31f52a_ecrm_101001.owl_functional.owl,20267205,20672619,40939824
approximated_9a37417e-e497-4e4a-b02a-286d68cca3cf_ry20130324.owl_functional.owl,18538881,5279330,23818211
approximated_00319.owl_functional.owl,30971156,17131020,48102176
approximated_1943f3e0-e02b-43c4-8be0-887c00c50be2_odSolutions.owl_functional.owl,22085557,19307370,41392927
approximated_1e544f4f-62b0-403e-975f-cc6e46b323f3_ology_6508.rdf_functional.owl,13444664,3808050,17252714
approximated_82328b8a-70c3-452d-a0d2-411f97f022f3_Guarana.ttl_functional.owl,18041189,4085976,22127165
approximated_6e432d68-c034-4bee-b4be-a09d8639258d_swadchart.rdf_functional.owl,19381900,1820039,21201939
43ab106b-7603-4227-98c6-11076e559f15_biochebi.owl_functional.owl,4107978986,7750744143,11858723129
approximated_b63e65f5-3268-4847-b875-1facaa30a8ff_olate_cake.ttl_functional.owl,13541444,3996448,17537892
approximated_36ba3ae1-5cfd-4236-8065-31a467167b24_Assessment.owl_functional.owl,134719422,247864634,382584056
approximated_8bbf5afc-49e5-4909-90ac-c81447199582_OceanFloor.owl_functional.owl,141076923,251144970,392221893
approximated_3f281d93-288b-408e-b2b0-f59336017907_onto.rdf_functional.owl,27646015,8141511,35787526
e84667ab-aa59-43dd-a59b-fa01a7935389_xmfprotein.owl_functional.owl,36772975,9774683,46547658
68a3b126-681c-4a19-9f9a-d11a344cb62f_enotype_xp.owl_functional.owl,161833307,27133845,188967152
approximated_155783bc-563f-4401-9be5-4d331c36fe4c_930_v0.930.owl_functional.owl,23196020,28586351,51782371
approximated_0a3291d6-4084-4c87-bd3a-8a71974c331a_iconductor.ttl_functional.owl,12817532,4508118,17325650
approximated_kb-owl-syntax-coreference-IDs-cardinalities-constant-classes-relation-axioms-value-classes.ofn_functional.owl,614205947,1765894289,2380100236
approximated_c5d1a38e-60bf-4925-b4fc-56585d6dda13_ompoundCFC.owl_functional.owl,33653558,42176828,75830386
1cb603d0-4461-48b7-b7c5-ffe0cb8133db_i_of_the_Month_functional.owl,21644115,3694410,25338525
approximated_0eefc452-cedb-4f53-917b-aaa953367334_r_airplane.rdf_functional.owl,15047656,4888632,19936288
approximated_b5252068-269d-48bf-ab98-8fa7d930e944_iao.owl_functional.owl,10977813,7750584,18728397
approximated_lipro.lipid-ontology.3.owl.xml_functional.owl,40225394,74120382,114345776
approximated_a720fd8d-fed6-4c34-af00-aee3dc02ab24_M820070115.owl_functional.owl,151742038,235769560,387511598
approximated_19236968-0ae2-4fc9-b885-f8fca6435bc2_Gold_leaf.ttl_functional.owl,16014117,4390267,20404384
bc26cf47-a757-46be-9278-ea05fc30f755_Heilpflanzen_H_functional.owl,9900824,1087047,10987871
approximated_c861e21d-098a-4e3f-98bf-f24ac7f29b38_cdao.owl_functional.owl,16981196,14560116,31541312
approximated_085abd30-44cb-4bc3-90b2-ba12067a2253_premises664.rdf_functional.owl,13967517,15130743,29098260
approximated_b104bd58-3b00-495d-83d2-be4c495872a8_stribution.owl_functional.owl,28612357,33634869,62247226
approximated_00790.owl_functional.owl,57511749,103188928,160700677
approximated_19bf7357-5896-433a-96f5-550fdced9f46_Cobblestone.rdf_functional.owl,15461780,4411514,19873294
approximated_00407.owl_functional.owl,11118753,5373524,16492277
1061d93f-5382-49c7-8ff8-9bad58957dba_Parliament.owl_functional.owl,13179464,1160182,14339646
approximated_kb-owl-syntax-unraveled-depth-2-cardinalities-constant-classes-relation-axioms-value-classes.ofn_functional.owl,459413520,1245842071,1705255591
approximated_kb-owl-syntax-unraveled-depth-4-km-relevant-cardinalities-disjointness-constant-classes-relation-axioms-value-classes.ofn_functional.owl,649896322,1503432826,2153329148
7727b8c9-0c9e-4a0d-887c-d8d992e99693_LCE2.0Lite.owl_functional.owl,27412183,6120885,33533068
approximated_10142bca-f95e-4bbd-a505-26dceaca21c2_dbpedia_3.8.owl_functional.owl,53690756,96448290,150139046
approximated_19b868f4-d568-4bfe-9562-5c72353d09c3_classified.obo_functional.owl,124673873,279028080,403701953
682dd383-e47f-487a-bdd2-68e141ea75d3_llegeCoach.owl_functional.owl,18288202,2160943,20449145
approximated_955ce844-3484-4111-8c5f-25309f1e8771_opendap.owl_functional.owl,18265091,4531799,22796890
approximated_290979f9-3ec6-4592-aeb0-3fd5352ffe34_spaceScale.owl_functional.owl,23963430,24145611,48109041
approximated_00473.owl_functional.owl,2545831227,7023239209,9569070436
approximated_05eede8d-8713-442b-85e6-c96cd7d0bf67_ing_system.ttl_functional.owl,22287287,5324625,27611912
approximated_00512.owl_functional.owl,41918317,60288030,102206347
approximated_9b7ba240-c471-4350-9fc4-415016482db5_news.owl_functional.owl,46180000,10322090,56502090
approximated_042205ac-1f9f-4527-bec0-46ac7858cdb1_app_coffee.ttl_functional.owl,16870619,3745465,20616084
approximated_8ab611f5-344f-49db-950d-2b30cd2519b7_timeline.rdf_functional.owl,14948533,8749425,23697958
approximated_13cf8419-c9df-44f2-b93a-2056f1e49237_Dessert.ttl_functional.owl,15590031,4013739,19603770
approximated_a0b141af-1c70-426b-a9fa-7af1492526b0_POWER5.rdf_functional.owl,14421548,3772179,18193727
c324a1a0-6124-47d9-b68e-6833b957fc8b_classified.obo_functional.owl,88403101,238698643,327101744
approximated_823969ae-818e-466c-9a3d-31d74170ffb3_NTNames.owl_functional.owl,33525115,6642031,40167146
approximated_00055.owl_functional.owl,15128793,9438334,24567127
approximated_29487853-ff19-47d1-87f4-e27cfe4fac15_codo2owl.owl_functional.owl,17739630,8043281,25782911
approximated_6b97ba4b-1cf9-432c-9588-595963e9ce8e_Dairy_Milk.rdf_functional.owl,13192072,3746291,16938363
approximated_1b969f77-56af-4bc7-993b-a7f8a0c2523f_mboldt_Fog.ttl_functional.owl,16862699,4070057,20932756
approximated_8dda8e44-1380-47d3-ade5-93cc9ed88d8c_cell.obo_functional.owl,39452790,72340020,111792810
approximated_0d08daa0-94a5-46c0-875c-786b2eb6d907_Scroll_saw.rdf_functional.owl,14507093,3771394,18278487
approximated_9e84983e-c3ff-4a2f-9316-ad5347df1d46_Biological.owl_functional.owl,137741439,241240445,378981884
approximated_4c042000-a214-4837-be08-f3d0275608db_PersonGroup.owl_functional.owl,18736872,3865078,22601950
approximated_77d16d40-e0d0-4bf3-995a-f6bc55b87ced__furniture.rdf_functional.owl,18303309,3744967,22048276
approximated_11d727d4-eefe-4fa4-ac83-c5185cf161c7_noaOntology.owl_functional.owl,129645398,270258343,399903741
approximated_4a3300a6-72f6-4a06-9024-ef41ad0ab4db_emic_dress.ttl_functional.owl,11728096,4001611,15729707
approximated_1630b64f-9852-4bf1-b237-d90d622ac6a0_ns.owl_functional.owl,18245557,9245715,27491272
approximated_ce01d0b4-811c-4b75-8ffa-41b2c2b45cd9_Design.v16.owl_functional.owl,19745766,7197147,26942913
ea684dbf-d36b-4f7c-b5dd-a71687b2dafa_type.rdf_functional.owl,68883239,97029260,165912499
approximated_3c41871f-f428-4862-9cfd-e3acd1b4c8c1_dian_valve.ttl_functional.owl,8542250,4110562,12652812
approximated_c074ec7f-0f44-44cb-a4fc-59563c255c54_dKnowledge.owl_functional.owl,12173118,6336659,18509777
4c221298-7309-4bc3-bb37-78ec263abb6f_classified.owl_functional.owl,24906458,27416857,52323315
approximated_a1ca6f7d-eab9-4b8f-8f9b-bed47001e9e6_interface.owl_functional.owl,17513194,2051555,19564749
0cd0b9d7-4b0b-443f-9139-2dc69088938a_pathway.obo_functional.owl,30448484,48459354,78907838
approximated_4b39fc56-bc7e-4947-a1a4-5bfd97d52ff2_Hotel.rdf_functional.owl,17400522,3948968,21349490
approximated_5b493be1-de5f-4bf8-b766-24079ab81854_cryo.owl_functional.owl,76973873,136362233,213336106
approximated_c0e4367f-8267-40a1-a83e-5a4678ad79bb_andFluvial.owl_functional.owl,124955892,207882534,332838426
approximated_d9bfc7d2-bcd1-4289-a223-2c091d2b50e1_tambisfull.owl_functional.owl,29565572,29290320,58855892
approximated_886cda93-23eb-40d2-9a1b-af45f74deb0d_onto.rdf_functional.owl,18096253,4853270,22949523
39f92fd6-6545-47a9-b77d-219c0fbadbc6__Bezeichnungen_functional.owl,19834744,2599074,22433818
approximated_eb3935a2-5c42-4f91-9277-34052419fa97_COSMOMod.owl_functional.owl,319480039,557607885,877087924
0f1441b8-1a55-42f7-abd7-e6a214a5627f_brenda.obo_functional.owl,189712737,256250946,445963683
01951143-a1ee-44e6-93eb-0b82c695c0e4_gumo.owl_functional.owl,114503076,64067062,178570138
approximated_0045af0e-5c68-4d7e-b53b-6d2cc43cce20_opaxlevel3.owl_functional.owl,86697739,7643341,94341080
approximated_427c5805-6c00-4123-951b-82bb4f7f00a4_Caesium.rdf_functional.owl,68314821,3831938,72146759
approximated_eb2f8a9d-c645-466f-9f92-2998f1b73fbb_salo.owl_functional.owl,14548821,18176594,32725415
immdis.immune-disorder-ontology.1.owl.xml_functional.owl,93259495,81618361,174877856
approximated_3a720fee-fc9d-49b3-a59d-1972aa6d1100_Bolt_cutter.ttl_functional.owl,70250889,3811821,74062710
approximated_496795fa-3ed1-4544-b940-cf8f338c4fbb_Steel_wool.ttl_functional.owl,15544924,3817537,19362461
approximated_a8aa88ff-2631-42b0-ac47-4804b01b57d9_Bus.ttl_functional.owl,11949344,3698147,15647491
approximated_6d2b6ef6-402f-4f26-ad3d-1003b0cfa233_staxontbox.owl_functional.owl,2111446891,3332188697,5443635588
f4dd079c-0b5b-4254-bcc2-c055bd008098_classified.owl_functional.owl,216475579,362561539,579037118
approximated_8ebd7e72-5d7f-4041-8d7f-f5d44f671d18_esc.owl_functional.owl,54250717,14011401,68262118
approximated_80d3045e-e709-447f-8a60-64f953ed6718_disk_drive.ttl_functional.owl,9960674,3737756,13698430
approximated_48431d82-6ace-492f-bf5a-0cc0be753a9c_Asphalt.rdf_functional.owl,11890252,4060021,15950273
approximated_17fe5dd2-bbc3-4668-907f-9b43549deda4_quantity_functional.owl,16271568,18941382,35212950
approximated_2c5fa5c5-067a-4a52-b9a0-aab4378f18fe_nson_Valve.rdf_functional.owl,15693885,3960636,19654521
015f8405-f234-4e27-a9d3-0bf659b9e785_mpath.owl_functional.owl,21881245,43861739,65742984
approximated_e9374aaa-bcc8-471d-bab1-a28dc48b94fa_PaulFisher.rdf_functional.owl,15961057,3014919,18975976
00139.owl_functional.owl,12506699,4932728,17439427
approximated_74fedc71-8310-487c-9bf1-0e9e08355144_ura_cheese.ttl_functional.owl,14924765,3784713,18709478
approximated_aa5158a7-9b23-4a0d-a71c-a87b357bfed5_nedprotege.owl_functional.owl,28927276,45609548,74536824
58cdafe1-027c-48b9-892f-f4910d27d31e_Country.owl_functional.owl,17263925,1108877,18372802
approximated_0f1d6b38-3d37-4989-bd56-913674f8cf6c_Royce_WR21.rdf_functional.owl,17770592,4377348,22147940
approximated_ido.infectious-disease-ontology.7.owl.xml_functional.owl,23158394,32884409,56042803
approximated_3e2271f3-8f9a-4f9c-b30f-42627781bc1a_relational.owl_functional.owl,14575955,6611508,21187463
56dfb985-4e2b-43fa-b94e-41c4c1d096a7_Criminal.owl_functional.owl,14276406,2191771,16468177
6db72b64-5e51-4f54-b197-c70294d3f9c9_onInferred.owl_functional.owl,23207666,8911129,32118795
a0512604-71c0-47a6-a9e1-7de2d21505dd_lanogaster.owl_functional.owl,236785341,440653840,677439181
6ab826d5-9d64-4df3-99f5-53ab756d148e_egorieAlchemie_functional.owl,11512466,1019003,12531469
approximated_a1096c57-096c-4dac-bef8-10ce4babb27e_turkish.owl_functional.owl,16921528,5899350,22820878
approximated_f252ccbd-f4b4-44e0-8b46-7a106deca8f8_Discipline.owl_functional.owl,71781110,148328139,220109249
approximated_a1a8b6dc-705b-495d-b755-2e1a93e0bdff_FN1.54.owl_functional.owl,21218167,8839513,30057680
approximated_00527.owl_functional.owl,24404813,26961466,51366279
approximated_8b14b3ee-df2b-430a-83a6-fd519475ceda_Sauce.rdf_functional.owl,14117029,3805929,17922958
approximated_4f1d6514-6a6d-4109-897e-9c316fd558a2_eestimulos.owl_functional.owl,14213809,6174346,20388155
737808a4-15b1-46af-ad5e-3d7e721f8055_tabstract.owl2_functional.owl,76376277,129305548,205681825
approximated_77e8eacb-7ae9-4d39-8bd2-88ff1d7d5e06_tric_motor.ttl_functional.owl,11563206,3967571,15530777
approximated_291cd757-f2cd-4551-b169-247b9372572c_Almond_meal.ttl_functional.owl,10457021,4473864,14930885
approximated_0030107c-7315-4a26-a530-2346f0ced0b7__gathering.owl_functional.owl,17179201,5303926,22483127
approximated_cb95a779-0d27-4bc4-bfe0-4b8e699eb988_iffusivity.owl_functional.owl,136060425,242896669,378957094
approximated_716754cb-7c5f-4ff9-b05e-358bc24d8522_Zilog_Z80.rdf_functional.owl,17181017,3969841,21150858
059be0e8-6a11-4a6f-9e21-52b393d60feb_a_ontology.obo_functional.owl,11273555,10186199,21459754
approximated_kb-owl-syntax-unraveled-depth-3-km-relevant-cardinalities-constant-classes-relation-axioms-value-nominals.ofn_functional.owl,362406122,911427329,1273833451
approximated_1a281549-2a09-4bc9-8de6-7a899efe7b32_ECO.owl_functional.owl,19535808,17995672,37531480
approximated_608f3a4e-ecc7-45df-9632-b11f3cee1d05_ve_battery.rdf_functional.owl,11293611,3877750,15171361
approximated_00660.owl_functional.owl,401280610,935599654,1336880264
approximated_b222f3a8-511e-4d91-8bbb-ba4a47128340_provenance.owl_functional.owl,21431847,18275708,39707555
approximated_0dfe564a-578f-4cb0-bd76-1f45afc8c4ea_phenAtmo.owl_functional.owl,143294851,244376060,387670911
approximated_1c48131e-1d5f-4e59-aa6d-3cd9a6c8c62b_eam_cheese.rdf_functional.owl,15000561,7127427,22127988
approximated_31306603-ff1b-4a6f-867e-8453e684db52_Hot_dog_bun.rdf_functional.owl,15151321,3920713,19072034
approximated_538aef57-b690-40e2-ae9f-9ac15493dce2_n_xp_chebi.owl_functional.owl,270773047,613920206,884693253
approximated_0bd91de6-5a2e-473a-9929-86edf1cfb467_onto.rdf_functional.owl,11032454,4970559,16003013
c7dad604-a911-4ceb-8693-463f0d442b5b_KategorieNieren_functional.owl,16578346,922396,17500742
approximated_5ccf6e47-f205-4cfe-bb45-8f47b5267eb5_oTransport.owl_functional.owl,132575321,207872269,340447590
approximated_00717.owl_functional.owl,16230751,2113837,18344588
approximated_d0e44828-b51d-4469-a4d2-31734d237777_lary_assay.owl_functional.owl,10655864,10089108,20744972
approximated_kb-owl-syntax-unraveled-depth-3-cardinalities-triggers-constant-classes-value-nominals.ofn_functional.owl,384739543,948223466,1332963009
approximated_4b9e0b60-32b5-4e59-a931-8d652ab764c9_Screw_gun.rdf_functional.owl,16203484,3992558,20196042
approximated_a7ad6dc8-2d8f-46e3-b2e7-7590c7007430_Whiteboard.ttl_functional.owl,10074780,4120753,14195533
approximated_0e0d22af-e58f-467d-b562-a7b0c7b03680_Brown_bread.rdf_functional.owl,16039463,3798111,19837574
approximated_ced9d741-f06b-4b86-80f2-cedf4d3fad0f_time.owl_functional.owl,11042378,1139000,12181378
approximated_kb-owl-syntax-unraveled-depth-1-triggers.ofn_functional.owl,509829622,996946181,1506775803
approximated_kb-owl-syntax-coreference-IDs-cardinalities-triggers-constant-classes-value-classes.ofn_functional.owl,608776237,1740369940,2349146177
approximated_3bcce273-d290-4d82-8e6f-813a3a27af9b_multiplier.rdf_functional.owl,12621424,4011736,16633160
approximated_so.sequence-types-and-features-ontology.202.owl.xml_functional.owl,60248321,120831997,181080318
approximated_4e3e9d16-0fbd-4851-8631-4770235da9dc_ft_Bonanza.rdf_functional.owl,11523480,4207814,15731294
cca4cdd4-a621-44f3-a8b6-4caec62830b1_l.obo.PREVIOUS_functional.owl,17453271,11528218,28981489
approximated_0622b1e6-c1a2-4f47-93ff-0eff530d7d3c_Parameters.owl_functional.owl,12917003,7719427,20636430
approximated_2b982c8a-e4fe-4738-9251-3ef8e7d63f76_Symbion.ttl_functional.owl,14515357,3917587,18432944
approximated_00375.owl_functional.owl,1067004682,3008495739,4075500421
8f2a41f6-d739-41a2-a8af-093aa4765d1b_Village.owl_functional.owl,24388635,3438380,27827015
approximated_01a9fa16-c357-40d2-a625-186f49e6c3fd_PATO_functional.owl,62357357,135440715,197798072
approximated_70fa35aa-b942-4d22-8032-2de55a96a7dd_Mincemeat.ttl_functional.owl,13422981,6727601,20150582
cf952362-c1bd-4e77-b1bc-f861be1b9769_tc8540.owl_functional.owl,13370353,7245253,20615606
approximated_c04ec2f4-1f7c-4d2d-b3f6-682e5347614f_Reggianito.rdf_functional.owl,14657352,3934341,18591693
approximated_6f23839c-1a36-4f9c-ad8e-cd8732368837_rmodynamic.owl_functional.owl,123395943,212488517,335884460
approximated_44618447-fec3-4019-a114-7d8f756d0db3_Provenance.owl_functional.owl,25851294,22011411,47862705
approximated_13f593d8-dc52-4f4f-8ef0-494059e67c0f_SUMOLiteTB.owl_functional.owl,46119534,46745537,92865071
approximated_1b670ea4-90e2-4c38-8266-225bff815f4f_Tire.ttl_functional.owl,15239770,4617969,19857739
approximated_b194ab75-eed2-4a56-87a8-285f23d9fe05_Bluefish.ttl_functional.owl,13940982,3816403,17757385
approximated_00029.owl_functional.owl,102007065,213588467,315595532
approximated_a67f19d8-c7a6-4bfd-90c3-d86ac5b15a4a_matrRock.owl_functional.owl,129509453,207607073,337116526
approximated_42541c17-8fbd-4cac-ae00-c98ed2d02d1f_Xynotyro.ttl_functional.owl,10758618,4344117,15102735
0289874e-4b78-4e47-b349-bf866a9c1044_er_anatomy.owl_functional.owl,156764021,44706293,201470314
approximated_a61b1028-0965-40a4-b8f9-e0f503b35de1_JavaActor.owl_functional.owl,13956632,10799651,24756283
approximated_45c97561-9ee1-4454-a896-a8ae61e1b1fa_onto.rdf_functional.owl,13408729,6961616,20370345
2684a099-e94b-4deb-bad9-f60547ccdd68_masimple.obo_functional.owl,96462204,211004370,307466574
97456bca-7168-4ff5-a82e-b57dbae55897_aeo.owl2_functional.owl,16563202,18149552,34712754
atmo.african-traditional-medicine-ontology.2.owl.xml_functional.owl,16584308,10145669,26729977
approximated_1afe6701-b313-4dc3-beb0-9a1605897f31_test.owl_functional.owl,21299394,18186898,39486292
approximated_412c85e6-a225-4751-9f0e-85ff9c7045f8_cell.owl_functional.owl,57986615,145211990,203198605
approximated_41ead8e0-9ee5-4403-9c55-d460968f7c03_LMM_L1.owl_functional.owl,19904519,19048930,38953449
a92d1dcd-0663-4cb7-b280-1ff7d2dd6532_Pizza.owl.rdfs_functional.owl,13718719,4066458,17785177
approximated_0856d8e4-64f6-425d-89d5-90595f814e8f_shing_bait.rdf_functional.owl,14764752,3772351,18537103
approximated_51e14a6e-fef9-4989-b2c6-ad08276f9bbd_RIMV3OWL.owl_functional.owl,20579154,18372096,38951250
approximated_86aaa29f-e9af-4078-a394-3a73c71e3b80_software.owl_functional.owl,45506742,91581740,137088482
017ba95a-fd2a-4957-894a-eab3f6fe846a_humancobra.owl_functional.owl,73118932,117615962,190734894
approximated_290f46e1-bb70-439a-9a77-8f50f2a98b46_pulsbridge.owl_functional.owl,288173805,191723843,479897648
approximated_139e4ed5-261e-4218-b147-15c9b159c75f_cheminf.owl_functional.owl,21280696,28255109,49535805
5a12636d-3302-4e2f-8dda-aae8e9065fc0_ysfunction.owl_functional.owl,17099242,16719009,33818251
approximated_kb-owl-syntax-coreference-IDs.ofn_functional.owl,572882254,1637494580,2210376834
approximated_aae56d44-9f92-4bd6-b673-adf19b738804_SAOntology.owl_functional.owl,2045837419,2915469193,4961306612
approximated_ea85a5ac-f436-4733-957d-24fe36f88320_ns20060722.owl_functional.owl,23339226,12899075,36238301
approximated_cco.cell-cycle-ontology.3.owl.xml_functional.owl,74132420345,1.81421E+11,2.55554E+11
approximated_NEW_fhkb.owl_functional.owl,854323263,73624135,927947398
approximated_00334.owl_functional.owl,17436826,7392015,24828841
04096b24-000d-4d49-94bc-1ee51d41f07e_ontoderm.owl_functional.owl,25002261,32319287,57321548
approximated_375e1790-ab20-4e89-9132-3967afbd3ecc_onsistence.owl_functional.owl,212982829,123729443,336712272
approximated_a5b3741f-ff4d-4050-8091-daa1d5c19fbb_matrEnergy.owl_functional.owl,130361231,244678468,375039699
c0ff2fb6-d093-44ea-8ef0-80601b418c65__taxonomy.owl2_functional.owl,225682850,593991102,819673952
approximated_5460bc8c-66fe-4082-989d-843376671246_rna.owl_functional.owl,18020198,21187309,39207507
approximated_67c88d35-6b09-4a15-a4f4-6e42ae13a5ab_Bocconcini.ttl_functional.owl,13847102,3761839,17608941
approximated_3ca859a4-cb7b-4e9f-8d78-f55d5db3b9b5_Coordinate.owl_functional.owl,138225782,210509750,348735532
approximated_00346.owl_functional.owl,28144307,16087914,44232221
approximated_bbd9d564-70be-47d1-ae3d-a529b686d38d_canon.owl_functional.owl,18868786,17447382,36316168
approximated_98473685-bcbd-45c5-be9b-0e7177e5e517_nif_backend.owl_functional.owl,69434991,144463172,213898163
birnlex.biomedical-informatics-research-network-project-lexicon.1.owl.xml_functional.owl,82147521,177283214,259430735
approximated_e9d10b42-3011-41a8-99f5-d0604b0fc2c5_GUM3space.owl_functional.owl,23951517,19016192,42967709
da44abd3-6d13-4c8a-a0b7-ab2dadc45e56_putational.owl_functional.owl,10368261,9203587,19571848
a456e456-27a5-4342-8c65-4a29f45eed5e_anatomy_xp.obo_functional.owl,290336037,625482242,915818279
approximated_3a0b2188-7158-4b3f-b9a5-457d4f303730_bodo.owl_functional.owl,30042268,54842645,84884913
approximated_20ec31c5-c1a5-4834-a709-8f64103a6c7c_ce_Manager.ttl_functional.owl,14863052,132954953,147818005
approximated_00522.owl_functional.owl,125014288,248333410,373347698
approximated_7c6ea8e1-2e34-433a-9517-d9b83a71e38c_ilpostslink.rdf_functional.owl,28602818,60755663,89358481
approximated_00fe93ac-4471-4d88-9a20-2162f8616716_DUL_v26.owl_functional.owl,13675442,11271573,24947015
approximated_1d7ab82b-263e-46d3-82e3-39cbcd1c9a2a_Comb.rdf_functional.owl,14860529,3839857,18700386
approximated_50b2449e-4540-4ad4-8f1e-06da7f1b4b1e_Scythe.ttl_functional.owl,13188845,3799895,16988740
approximated_25cfafcc-21e2-4b61-a33c-ec54473abf96_Kelly_tool.ttl_functional.owl,16443506,3805699,20249205
approximated_d9e06abb-d737-4c21-9877-6645e36c5796_ockIgneous.owl_functional.owl,121424655,207017151,328441806
approximated_72ce2aa2-72e2-4ac2-909e-531459bcc57c_lt_battery.rdf_functional.owl,17409417,7175671,24585088
approximated_03f0122a-3251-4925-8eb8-d39f97486bb9_Biscuit.rdf_functional.owl,21743354,5957805,27701159
da52e6c0-2717-40c5-a198-354db04f6c38_erequivmod.owl_functional.owl,487251955,415495269,902747224
approximated_3b3bee0f-a8e9-48b8-a078-fbe86aee1b92_physSound.owl_functional.owl,68217715,124225063,192442778
approximated_6e41b96f-71e7-42e6-a643-0a84d3b6f6fc_opl.owl_functional.owl,98496024,27287521,125783545
1eef12c0-c9fb-4b28-a23f-1991c3a63818_po_anatomy.obo_functional.owl,120661626,99718047,220379673
ddeddc5c-3766-43aa-b35a-7d3799aa7f2d_vHOG.obo_functional.owl,126924745,88207382,215132127
approximated_2b4bb34f-468f-4b55-9142-fda18d15a714_ebiservice.owl_functional.owl,203208850,276450193,479659043
06d27a7f-d087-46e4-9340-95ac4d8848b3_onto.rdf_functional.owl,97727837,1653697,99381534
approximated_2ffb86d5-d067-4a51-ae41-742b68104567_xed_ladder.ttl_functional.owl,14129082,3795684,17924766
approximated_ab77ae1b-0f37-4a4f-8ef4-e550c42c764e_anDecision.owl_functional.owl,257740059,204718803,462458862
approximated_6e2c429f-1b46-448b-8bc8-8b26bcb3f5d1_nCrosswalk.owl_functional.owl,87674889,2179022,89853911
5d7a4d71-9b30-4411-ac2e-f70aa57a2cd2_us_may2007.rdf_functional.owl,20237217,2005190,22242407
approximated_d22c146a-d6f1-4e71-822b-9ce3cabf39c6_le_remover.rdf_functional.owl,10187253,3877009,14064262
approximated_b006f4d2-c2f0-45ca-abe8-cfb49ebb855d_ms_biology.owl_functional.owl,22432022,27572529,50004551
approximated_02b5145a-535c-4f9e-bc59-77b88d8203c0_Persipan.rdf_functional.owl,93114738,3858108,96972846
approximated_28ea7fd1-7cff-4f80-b556-1dcab943bc86_CategoryEvent_functional.owl,18930101,2637049,21567150
606a4de8-c608-4238-9212-8c0bbd71e0b5_Scientist.owl_functional.owl,82876183,3346848,86223031
approximated_b47e86f9-e4c0-40a6-8797-c949bea26a7c_event.owl_functional.owl,249250307,353361572,602611879
7b125a28-5a9e-4010-9596-ee57546669e3_mo_sapiens.obo_functional.owl,440168692,998286084,1438454776
55e57af3-069e-49ef-9e13-d109bc8a4436_e_ontology.owl_functional.owl,481638270,1191853526,1673491796
approximated_ca276805-7b06-48b3-8968-ee8770b67b7a_stateSpeed.owl_functional.owl,133962039,212448215,346410254
approximated_2f8a6c6c-f6d5-4fa7-a968-5ffa1eef4077_ecs_functional.owl,15429627,9872916,25302543
94eae2fc-16f3-40b5-aaaa-dac860d80029_lular2_1.0.owl_functional.owl,29690084,19356846,49046930
approximated_95863538-7946-49a5-a915-c4fd56d6a787_Blue_cheese.ttl_functional.owl,15778279,4199373,19977652
748da840-0fa0-4a91-94c2-4ce0268c8fc0__USE_psipi.obo_functional.owl,25690961,25532196,51223157
0778f4da-24b9-4412-b670-0db67ab2ed93_FYPO.obo_functional.owl,103348244,91969182,195317426
approximated_2826e94d-e35b-484c-aade-4325620dc2d1_lay_device.rdf_functional.owl,14041643,3889601,17931244
9739b60a-3411-4715-9eee-0176a8d583eb_categories.xml_functional.owl,14758853,1017934,15776787
approximated_23f122ef-f94f-42e2-a684-d0793c47f04d_univbenchdl.owl_functional.owl,19251610,7674285,26925895
approximated_b1f9cdb3-1836-491f-b3cb-a7a77ee8db27_rIndicator.owl_functional.owl,85528754,158856265,244385019
approximated_ba814c8c-8247-4879-89ac-58de1e18251e_offerjob.owl_functional.owl,48140979,43418839,91559818
approximated_kb-owl-syntax-unraveled-depth-2-cardinalities-disjointness-constant-classes-value-classes.ofn_functional.owl,713009391,1738936038,2451945429
02aabb7a-7881-4639-9ec6-c0bf1722e0b5_flanzenatlas_K_functional.owl,29916793,978398,30895191
3a8b11c8-7efa-4dbb-9dfe-5acd4b18df60_rsimplegaf.obo_functional.owl,1734524461,3388850704,5123375165
fad36681-5831-4d92-a4ec-4ca820e7c40c_omim_do.obo_functional.owl,45425485,87204697,132630182
top-menelas.menelas-project-top-level-ontology.4.owl.xml_functional.owl,34023853,26902583,60926436
866f4702-ccf3-4395-b143-1cc59339573c_chebi.obo_functional.owl,2628191482,6086239618,8714431100
approximated_de53814d-8c8a-43dc-bfa5-06304b271387_mtq_100707.owl_functional.owl,20609890,21573772,42183662
approximated_kb-owl-syntax-unraveled-depth-4-triggers-relation-axioms.ofn_functional.owl,413667518,826715296,1240382814
approximated_054c8aaa-0fad-40a7-a649-1eadc5900aaf_odProjects.owl_functional.owl,49929631,57073478,107003109
approximated_9b7209db-3aa2-47b5-b737-9013c471503d_Coregonus.ttl_functional.owl,11831884,3936972,15768856
approximated_6ce7a3de-8f86-4f12-8e44-79a2191ab3ac_l2odm2codo.owl_functional.owl,23001335,25601494,48602829
approximated_e0f21ed4-098c-4de4-8629-447aa81c5363_eucalyptus.owl_functional.owl,18350290,18436845,36787135
approximated_057f5914-0b6d-4aef-994f-8de774a1129b_ted_v0.7.1.owl_functional.owl,14379782,4453139,18832921
approximated_514ecb7b-8545-49b4-8a12-c61c434b40bf_lanogaster.obo_functional.owl,2286449868,4265932394,6552382262
approximated_kb-owl-syntax-coreference-IDs-km-relevant-cardinalities-disjointness-triggers-relation-axioms.ofn_functional.owl,856998308,2151224518,3008222826
84aeabbb-9b46-4e12-a01c-c04566c0d5b9_quality.obo_functional.owl,53813775,81055602,134869377
approximated_40ac6c08-cafe-4df2-a2ae-5eacd405f4e5_ontoutf8.rdf_functional.owl,17980971,4972859,22953830
5407a1ae-2048-4d7b-b38b-72bbbd946814_xon_import.owl_functional.owl,20464848,12284502,32749350
approximated_1302f587-bdfa-4479-b2fe-2307bd642efa_EntrC3A9e.rdf_functional.owl,11661119,3871037,15532156
approximated_4e3d8918-7324-4043-a07d-f79473d96baf_prerelease.owl_functional.owl,436299843,1028954893,1465254736
6dc86090-12ad-480e-9e13-eb603c38694d_ology_v2.1.rdf_functional.owl,177559332,10491775,188051107
approximated_fa6870c1-17db-40bd-b1cb-f9bf86cd1bb6_graphrules_functional.owl,43543213,9330678,52873891
approximated_96675da5-d4b1-49d4-8437-a684037123e4_oncretebio.owl_functional.owl,21017645,18048926,39066571
approximated_8b5204a4-bc77-4f1e-962f-3b53269adda5_FN1.42.owl_functional.owl,20411263,8398769,28810032
68c62c77-bc06-4878-b11e-a9c9cb832e47_protein.owl2_functional.owl,688229262,1336813255,2025042517
approximated_fc7ebfb2-d4a2-4142-8d83-51b9ee1c83d5_cogenomics.ttl_functional.owl,88275837,137769230,226045067
approximated_942aa14f-3fe7-495d-bdb1-e8ebfe4eab57_lrelations.owl_functional.owl,16395774,6437540,22833314
approximated_63b2cfaf-35c7-4761-aca0-51b359510023_nductivity.owl_functional.owl,135721827,213117281,348839108
approximated_9a2bfbcf-9fe3-41ea-95c4-821ff42ce643_envo.owl_functional.owl,41534946,71696183,113231129
approximated_4c981224-c44e-48fb-9783-0e8f5e623bd8_Cod.rdf_functional.owl,12247702,4107155,16354857
approximated_0baeddaa-9695-4c9a-8c47-5be2e025d6cb_Parameters.owl_functional.owl,46582573,6982409,53564982
approximated_25e94498-d632-40ad-9fcc-722e7909f6b2_alem_stone.ttl_functional.owl,17852202,3856285,21708487
ccbc306c-b701-4d59-99f6-2cae10d22dc7_NIF_Cell.obo_functional.owl,13162555,15693271,28855826
approximated_c4290df7-5002-4e35-addc-5fef9f0a8f54_onto.rdf_functional.owl,15937110,5077479,21014589
approximated_ocre.ontology-of-clinical-research.23.owl.xml_functional.owl,34110259,30522706,64632965
approximated_336e8293-8c2e-49f9-91a0-80578b60802b_Garden_hose.ttl_functional.owl,16916903,4468056,21384959
approximated_0294e2a0-f4dd-4512-9757-ec1833a54899_erver2codo.owl_functional.owl,24128955,20954521,45083476
109f6db6-0098-488b-ba94-93c2b27bb276_n_xp_chebi.obo_functional.owl,361532701,172096904,533629605
approximated_026f5fd3-4edc-41a7-9a5d-a3a1d722329a_neistituto.owl_functional.owl,22166908,12604425,34771333
approximated_fb6c8cf2-e929-41a2-a487-dffa64278648_prSciUnits.owl_functional.owl,139202392,244751668,383954060
approximated_00337.owl_functional.owl,18411101,6008288,24419389
approximated_6505503e-b7ae-47ad-adb8-56354e98d9bf_Television.ttl_functional.owl,15618937,3829615,19448552
approximated_3b0580c3-b752-4935-9437-14161bcf92b1_ave_cheese.rdf_functional.owl,12293073,3939445,16232518
approximated_7bea2481-9299-462b-af4b-59747b0d60a5_PaulFisher.rdf_functional.owl,17063645,2955687,20019332
vario.variation-ontology.6.owl.xml_functional.owl,15739991,18321200,34061191
approximated_5a31ff58-7b01-4f05-b0ee-a5993d80b7ed_NIFOrganism.owl_functional.owl,51413840,39773582,91187422
approximated_43947cff-7565-4156-b399-0279de3cb299_onto.rdf_functional.owl,16020826,5197607,21218433
approximated_24d612d2-c255-4fce-bef8-fd96df8d34d0_t_adhesive.rdf_functional.owl,13679191,4274055,17953246
approximated_5b3cec2f-e90d-4525-a931-b041421529e4_behavior.owl_functional.owl,7374740011,13812780762,21187520773
approximated_0129d06f-06c2-4e4b-94db-cc0c65fab9cc_COSMOtop853.owl_functional.owl,401336283,676729883,1078066166
approximated_24f20bc8-3a15-49b2-a3be-bd63aaced92a_Lutjanidae.ttl_functional.owl,16818473,3813109,20631582
2444a2fd-a8f4-420c-accc-0a60a15c77e4_mp.obo_functional.owl,204264434,688206816,892471250
approximated_395e9b4a-32eb-4d76-bfbe-f2c79fe0e57f_epublic1.5.owl_functional.owl,21292117,22646573,43938690
approximated_8cd971bb-9799-4128-bb3f-c618eba6d0c4_nresources.rdf_functional.owl,22324672,23021878,45346550
approximated_8ea477cc-8a91-4587-b783-e0650edfde31_ale_cement.ttl_functional.owl,15032769,3782076,18814845
approximated_00770.owl_functional.owl,133128353,260198364,393326717
approximated_5de54494-9374-4adb-8bcd-a552c0870953_Scissors.ttl_functional.owl,19600607,3867049,23467656
approximated_5e081fb1-7d6f-4808-8470-19db2fd94e67_r_varistor.rdf_functional.owl,12375117,3661226,16036343
approximated_95dfca90-f310-42f4-98b1-170f0e78f574_ring_steel.rdf_functional.owl,11204521,3691689,14896210
80b5053f-6d88-4d59-9bf7-b89603d59538_Parliament.owl_functional.owl,15646198,2309864,17956062
approximated_2cb91d08-46b8-477f-b65f-9b4fe55423e8_Fifi_hook.ttl_functional.owl,13075290,3777291,16852581
approximated_00461.owl_functional.owl,379379935,1043822385,1423202320
approximated_kb-owl-syntax-unraveled-depth-3-cardinalities-triggers.ofn_functional.owl,373330545,964747554,1338078099
approximated_bd517c43-30fa-4990-a77e-54609a053828_quence_xp.owl2_functional.owl,61057511,112310718,173368229
approximated_54ba13dc-7414-4015-ab38-9e58c6b7142d_Mattock.rdf_functional.owl,23105998,5382687,28488685
approximated_3f8d137c-e357-4c32-b070-86ccde0a4895_TFS.owl_functional.owl,17534897,11048570,28583467
approximated_f47e9504-64b0-4df7-9a53-2ff2ac3491b8_pdb_2_pmid.owl_functional.owl,96307061,192121715,288428776
approximated_f20041c6-6a9f-4542-85b7-93cab6854a97_ogy_ca_ins.owl_functional.owl,27660576,9018667,36679243
031191c6-b4f6-46b7-bc5d-4755e3836523_fbspsimple.owl_functional.owl,126909504,418105483,545014987
approximated_b2d88331-edae-4938-8828-be231ad9799f_at_extract.ttl_functional.owl,8071039,3984020,12055059
approximated_4c3f371d-5579-453a-8043-908282cc8bf1_Valve_stem.rdf_functional.owl,17871436,3862489,21733925
f2627923-e5e1-4d5b-9087-6d4fc8dde7c0_posimple.obo_functional.owl,72464452,131681131,204145583
ed008509-5ac7-46df-8a43-2d94df885342_blinCore3d.owl_functional.owl,23138613,2156605,25295218
approximated_kb-owl-syntax-unraveled-depth-4-km-relevant-cardinalities-triggers-constant-classes-value-classes.ofn_functional.owl,385234517,868113137,1253347654
approximated_50dc59b7-ff06-4385-a1a5-802c54dd17e8_Jointer.ttl_functional.owl,12052010,4088804,16140814
approximated_6e439c6f-d7f3-46df-a9f6-1c66b37bd221_ink_tubing.rdf_functional.owl,16891170,3714175,20605345
approximated_kb-owl-syntax-unraveled-depth-3-cardinalities-disjointness-constant-classes-value-nominals.ofn_functional.owl,690702476,1535903739,2226606215
approximated_46d9bec3-3c70-46e1-8289-c333f2bd72d9_Kohlwurst.ttl_functional.owl,67812103,3654406,71466509
approximated_00520.owl_functional.owl,18958384,9803866,28762250
approximated_f00fe0ce-02c8-46b2-9e3a-39393f0aa328_s_dressing.ttl_functional.owl,48298174,3939653,52237827
0223fe0b-6717-4e60-bdde-d6c4b4bedba0_onto.rdf_functional.owl,24930285,2033876,26964161
approximated_db02c054-d618-4398-a09e-bd1656b2f4cd_xdt_100302.owl_functional.owl,28454999,24567699,53022698
approximated_d5fc4e8e-fd89-44e7-805e-87aeac36f30a_eeclass_v1.owl_functional.owl,370810223,434933618,805743841
approximated_1123bfe9-3fb9-4ff2-aa17-15b0339e09a1_Cuajada.ttl_functional.owl,159879220,3673260,163552480
8e31b2fa-a5f7-4bab-b9b6-f914e4420e73_er_science.owl_functional.owl,34885452,17862955,52748407
09d9eca5-e016-4f66-8f16-bee1ec386eb1_protlabels.owl_functional.owl,85001071,23971454,108972525
approximated_f22829c6-cad7-4426-8cdc-068254131c37_physThermo.owl_functional.owl,146307498,131042557,277350055
approximated_cc71ed7c-b161-431d-9784-76040b0282e6_tmoWeather.owl_functional.owl,211516283,215360448,426876731
approximated_50e50bed-de55-43d2-8ad4-fa06ff82f7cf_Daktyla.rdf_functional.owl,97060722,3885429,100946151
589f5753-9434-47e6-ae92-dd6319e721bb_oreprotege.owl_functional.owl,10695302,2051779,12747081
approximated_20db865a-c7b5-48e7-843a-40d33fd5279e__con_leche.rdf_functional.owl,12458892,3874528,16333420
approximated_kb-owl-syntax-coreference-IDs-disjointness-constant-classes-relation-axioms-value-classes.ofn_functional.owl,1081099190,2263539329,3344638519
approximated_c5b42d4b-52ee-4972-822e-33efe70cac64_Extraction.owl_functional.owl,180439665,159164579,339604244
approximated_1ff32aa8-b9ca-448b-93af-3c76bcf05041_e42_athome.rdf_functional.owl,12504686,3138753,15643439
approximated_0ce5ce5c-9d1f-4f93-a250-29771292b116_Pilot_valve.rdf_functional.owl,12771265,4029351,16800616
approximated_506d9c49-36f2-4304-b5af-02eac128574e_Fontina.ttl_functional.owl,15848233,3804538,19652771
approximated_e63a6b29-3366-4131-a9f3-17987cbe1779_IL4.owl_functional.owl,56984440,9810706,66795146
approximated_644add67-49e7-437e-b730-27f44c9abaf9_rticle.rdf.owl_functional.owl,12917306,6884754,19802060
de5256f6-2648-4b13-b0a7-086d3fcc1b7f_Pizza.owl.rdfs_functional.owl,16234087,3381798,19615885
7f50ba2e-fc37-4eda-bc5b-6169f6e1f70b_us.owl_functional.owl,14314043,1747709,16061752
approximated_21e5ebea-c31a-47bd-aad9-480fd651b63a_e_allsorts.rdf_functional.owl,17373321,4040834,21414155
approximated_335e8795-71f1-40fa-9cda-162f7e7eeab1_Octopus.rdf_functional.owl,12489665,3784213,16273878
f578e9dc-b1b5-4451-b012-22945c759d9f_agenechrom.owl_functional.owl,956056897,1932064409,2888121306
4f456a4a-5838-4b84-88ef-06ca6b2d06a1_ntiWordNet.owl_functional.owl,33684030,7863062,41547092
approximated_38dfbd9e-a58d-4b80-a851-41267ac60774_Vinegar.ttl_functional.owl,15645292,3964533,19609825
approximated_204ab6eb-9bb6-49dc-9a2b-bf0183ee7c12_Statistics.owl_functional.owl,145819654,214598473,360418127
approximated_bf542813-a956-4103-a441-8b9933dd7913_opCapacity.owl_functional.owl,143303029,273206182,416509211
approximated_536dc0d1-daff-4a96-b6f7-3a0e39289020_function2.owl_functional.owl,23722163,2886282,26608445
approximated_684b2a6f-42ef-4d3e-96d2-686e9050a34f_NIFMolecule.owl_functional.owl,859694959,1746220090,2605915049
approximated_3df525c6-a2f5-4076-913f-f8cccfeef30c_Medical.owl_functional.owl,12354641,11151366,23506007
approximated_b58eb1dc-cd37-4748-acff-46439f694740_Guaiwei.ttl_functional.owl,10229109,3780917,14010026
approximated_33d2060e-a6e6-4075-b2cb-477196936018_ale_cheese.ttl_functional.owl,14129027,3662799,17791826
approximated_a9f10c38-a5ce-4897-b780-6f77207e4992_adw_owl2.owl_functional.owl,21640543,22563546,44204089
approximated_7e5d0f15-9831-4dab-a55a-938371725b68_ainability.owl_functional.owl,32410368,50486915,82897283
48386724-2e8f-4b68-a9f3-818b4acca7a6_rialentity.owl_functional.owl,16714685,7794447,24509132
approximated_519fab8c-9a25-40af-8c97-c8401cd053c7_Rubing.ttl_functional.owl,12140802,3627868,15768670
approximated_baf0db72-a34a-4bca-8872-dacc900e9b9d_sportSpace.owl_functional.owl,104764327,207085409,311849736
approximated_63aa4005-7184-4b65-a640-057493243650_cteristics.owl_functional.owl,11979019,6796440,18775459
approximated_mfoem.emotion-ontology.23.owl.xml_functional.owl,35004294,55661217,90665511
a4f5ed6c-53cd-47d9-9f61-78332773e595__Ontology.rdfs_functional.owl,15261635,7053767,22315402
approximated_40303b7f-b449-423f-843a-548fa7b3145a_po_temporal_functional.owl,20041967,15373097,35415064
138c1f9b-5a8a-4020-87dd-e8647cb24b39_s.obo.PREVIOUS_functional.owl,55864118,113930064,169794182
approximated_opb.ontology-of-physics-for-biology.7.owl.xml_functional.owl,23388481,38937828,62326309
approximated_6188dc1b-5fda-4e60-a061-ef397532bcd7_logy.0.1.1.owl_functional.owl,16241321,2881180,19122501
approximated_01ab705e-f4a1-4ff0-a34d-837dbd744e6b_sTransport.owl_functional.owl,68663800,121236705,189900505
444a3020-7ef8-4893-aa7f-d555311a37bb_ysfunction.owl_functional.owl,18277217,17459093,35736310
approximated_f21ef14b-ada9-4202-9af5-102004ecc3f1_mbPurchase.owl_functional.owl,21112448,5554664,26667112
approximated_c5d58610-5a8f-44d3-92f9-c3e9790205c4_elontology.owl_functional.owl,17748785,13495215,31244000
bb9610d8-1a2c-42f7-8a32-b713e0a0cc31_NIFQuality.owl_functional.owl,14560767,6618405,21179172
approximated_e9395a8b-50a5-4f78-bbc3-ec8a82c12c06_AMcalculus.owl_functional.owl,196824618,23818228,220642846
approximated_7b063ade-2bbb-4c8e-ab9b-60d8470770bd_rface_lure.ttl_functional.owl,16699745,3683342,20383087
approximated_00571.owl_functional.owl,33796790,65959298,99756088
approximated_02c54730-a992-48b5-8ff2-94b4fd63c4b6_units.owl_functional.owl,15034930,1574184,16609114
approximated_4c49876f-8bff-478e-a217-cf5286b1115b_Party.ttl_functional.owl,16899198,3634579,20533777
approximated_00774.owl_functional.owl,15237132,21315094,36552226
2b7cd7ea-4812-4e04-8013-b2acfca71ec0__component.owl_functional.owl,46927397,16886344,63813741
approximated_15fb8553-0e3c-4638-8556-0aac74bc73a7_amel_sauce.rdf_functional.owl,17853965,3961858,21815823
approximated_849349d9-9bfa-45a3-b49b-58dccdffddb1_irit_level.ttl_functional.owl,15446043,3773965,19220008
approximated_10b07f6b-c0f7-4d90-b757-64044d99aac5_Geospatial.owl_functional.owl,145653001,217481456,363134457
approximated_9a4f7095-d66d-4dde-b635-12cf11476381_onto.rdf_functional.owl,16004953,5213519,21218472
approximated_d46a5d0b-7543-4256-ba9e-f2f95df797ca_provo_functional.owl,10982202,3948987,14931189
approximated_f02015e6-617b-40ec-b9ef-d95795076a52_ignpattern.owl_functional.owl,17962603,7056452,25019055
approximated_876b6bff-b0cc-4aed-98e4-6fe9f6e5c9b9_olia.owl_functional.owl,25754875,47713448,73468323
approximated_dd83085c-e035-41d3-90c7-bbbb37f51d1e_hostomulid.rdf_functional.owl,14477801,4404200,18882001
approximated_4296f4c5-a25e-424f-9def-830c268296b0_swrc.owl_functional.owl,12314313,5340316,17654629
4a1cf58d-791a-41e6-9732-ea8dbc57b2d5_tologyV1.0.rdf_functional.owl,13320525,3278196,16598721
approximated_099373f7-8afb-4259-adc4-3296d9d6c1e9_c_20090509.rdf_functional.owl,17228865,12812201,30041066
approximated_kb-owl-syntax-unraveled-depth-3-disjointness-triggers-constant-classes-value-nominals.ofn_functional.owl,710709706,1480123049,2190832755
approximated_kb-owl-syntax-unraveled-depth-3-cardinalities-constant-classes-value-nominals.ofn_functional.owl,406530145,1029276792,1435806937
approximated_100f1df0-fcd1-45d8-bf89-6ff2a0015319_Apple_II.rdf_functional.owl,16831993,3794023,20626016
approximated_3993806e-7dc4-4d12-aafb-72396e0190d1_Ink_Pen.ttl_functional.owl,10257000,3707236,13964236
approximated_004e183d-265d-4a71-bb70-c4ed701de9d3_age_cheese.ttl_functional.owl,17657630,3715302,21372932
approximated_24ca5dd8-e2fe-4eec-97f6-c4ac6b966d17_escription.owl_functional.owl,18420728,5462311,23883039
kb-owl-syntax-unraveled-depth-1-constant-classes-value-classes.ofn_functional.owl,916421364,934857409,1851278773
approximated_0878990b-ea15-4060-b14e-90673fe46f9f__furniture.ttl_functional.owl,17553791,4257329,21811120
approximated_kb-owl-syntax-unraveled-depth-3-cardinalities-constant-classes-relation-axioms-value-classes.ofn_functional.owl,502958636,1048167015,1551125651
approximated_80ee9cb0-a198-4eaa-b028-224fa1acd086_OceanFloor.owl_functional.owl,151521281,234803070,386324351
33942e5b-6cd1-425e-bcdb-6ac1b39d8144_vhogsimple.owl_functional.owl,48658960,95466151,144125111
approximated_ca2c6c28-0eba-4e46-a637-3aed8ccbd916_esg.owl_functional.owl,61874343,21998838,83873181
edda.edda-study-design-terminology.3.owl.xml_functional.owl,10697503,8062120,18759623
approximated_0daf3685-0874-4ed6-93e2-ffad64f1390c_pulsbasic.owl_functional.owl,14461565,1463260,15924825
approximated_kb-owl-syntax-unraveled-depth-2-km-relevant-cardinalities-disjointness-constant-classes-relation-axioms-value-classes.ofn_functional.owl,741918468,1597530904,2339449372
53943919-e0eb-460d-a255-f135fc0a9bac_sumo.owl_functional.owl,136547926,38797657,175345583
approximated_kb-owl-syntax-unraveled-depth-1-km-relevant-cardinalities-disjointness-constant-classes-relation-axioms-value-classes.ofn_functional.owl,1082702163,1657175998,2739878161
approximated_53877d9f-afdd-42b7-8b15-79cb304c5224_0714_5_0_1.owl_functional.owl,37456379,21145377,58601756
approximated_6d76e454-93dc-4401-b75f-1a052808ea94_C48CZW556.rdf_functional.owl,11363204,9892220,21255424
approximated_a0cf0767-ff28-4bcd-8e77-7743df75b7ee_Silica_gel.ttl_functional.owl,53410069,3664512,57074581
approximated_ec69d911-b0eb-43e8-bf57-4ccc8befa2c0_Downrigger.ttl_functional.owl,15576655,6761365,22338020
approximated_kb-owl-syntax-unraveled-depth-2-cardinalities-disjointness-triggers-constant-classes-relation-axioms-value-nominals.ofn_functional.owl,725416883,1681191386,2406608269
1dd81ef3-1e3e-4b2f-9bd0-230123497968_atOntology.owl_functional.owl,142611217,7881567,150492784
approximated_kb-owl-syntax-coreference-IDs-cardinalities-disjointness-triggers-constant-classes-value-nominals.ofn_functional.owl,1213010160,2277701883,3490712043
approximated_f9fd9d2f-6b64-4ec5-aa71-5a73e103c89d_Orographic.owl_functional.owl,144989695,210012445,355002140
47ee6b36-5089-4312-b61f-a59e7203f19b_emap.owl_functional.owl,469225285,806873563,1276098848
approximated_113dca92-2224-4262-9613-b8e597e277cb_o_wv_label.obo_functional.owl,921342997,1938179427,2859522424
approximated_043edf55-a9e6-4b12-9a95-e71da23c61df_moduli.owl_functional.owl,24367381,14562718,38930099
approximated_466fc3dc-e05b-41fe-bdad-a00a552d0e17_uberon.owl2_functional.owl,213370623,566091070,779461693
33017407-63e7-4bb4-bf80-7c856c110d43_aao.owl_functional.owl,28273735,39183287,67457022
approximated_2e153460-fefc-4bda-aa7e-68e75ba89455_COSMO.owl_functional.owl,562163181,838522925,1400686106
approximated_d5af2a7f-62a8-4ee3-899f-883187d6d817_owlrl_functional.owl,75807190,7250415,83057605
approximated_0f20f07b-0292-4761-a75f-b0b400bc1648_Zilog_Z8000.ttl_functional.owl,64651723,3727659,68379382
approximated_d24b9aee-7a14-48bb-bffe-5c512a0fc5d2_refactored.owl_functional.owl,390102513,793594419,1183696932
approximated_6e795f81-86a9-4d9c-bd74-08d237decdc9_POWER3.ttl_functional.owl,13444611,3745531,17190142
approximated_cc510868-13b0-4658-9cb6-99858c6997be_onto.rdf_functional.owl,17981360,5244941,23226301
approximated_25707b4d-aa33-4fcd-9a08-2e2d3ed8d074_tension_02.owl_functional.owl,72266316,79187995,151454311
approximated_9c9e1619-f863-4d2b-8579-150a632eb342_Brush.rdf_functional.owl,15360524,3766843,19127367
approximated_a14a100e-202f-4eb1-9539-b24a28b802fb_cl_import.owl_functional.owl,86127220,202060449,288187669
approximated_493b273e-8b90-4421-b47a-fa77bf73aee5_ekaw.owl_functional.owl,11908159,5182370,17090529
approximated_39b18d32-9767-4538-8dc6-decf5fefaad5_geol.owl_functional.owl,71758557,131925136,203683693
approximated_00a10182-d64c-41cc-8d5e-2abfa0aba7f3_vivocore1.1.owl_functional.owl,23142996,21145575,44288571
approximated_aa6dae8d-f1c6-4679-8c9f-c7419f73cab5_ectralBand.owl_functional.owl,146201674,245147372,391349046
approximated_02b9a9ad-625c-464c-bca9-319973ed04c5_POWER1.ttl_functional.owl,10519710,4438076,14957786
approximated_a44e7525-6080-4ae9-815a-65386aabc5fd_r_keyboard.ttl_functional.owl,12586521,4477693,17064214
approximated_1b25f96c-a3d1-4eb0-ad84-ed158c8a245c_relaClimate.owl_functional.owl,141297408,243339600,384637008
0e69a5da-5732-49b0-9988-c853faaa993b_Architect.owl_functional.owl,19232320,1931650,21163970
mcbcc.breast-tissue-cell-lines-ontology.2.owl.xml_functional.owl,130949376,192934779,323884155
approximated_00160.owl_functional.owl,17022560,15523462,32546022
approximated_573a083d-aab4-4873-aab1-3349e32264e7_ignpattern.owl_functional.owl,11223562,5620214,16843776
746f8f1d-429f-480e-8197-d9bd1798c48f_rinuschrom.owl_functional.owl,202088885,311928194,514017079
a977b317-9f48-4afd-b301-5a330c9ff0d3_ato.owl_functional.owl,255954604,623530368,879484972
approximated_116a0ebc-4bbe-45f1-a703-69273ceb9def_eolVolcano.owl_functional.owl,137579078,238221659,375800737
approximated_096a6d73-a68d-4f64-a081-390e0d180a57_onto.rdf_functional.owl,80964656,6470405,87435061
0dbdc7a2-b0c1-45db-ad1c-224ecd5e7223_calischrom.owl_functional.owl,135381996,117970995,253352991
approximated_8a766d90-030c-4c01-afa9-45edb05a0a7b_keywords.rdf_functional.owl,9080530,5202974,14283504
approximated_38cb2f0f-2c0d-4bcc-9f67-80d82467ec5d_ash_memory.rdf_functional.owl,13268509,5029848,18298357
56c24cc1-e236-462a-8c62-c8be749ea945_classified.obo_functional.owl,14030342,7637262,21667604
approximated_6586f334-b04d-4d08-887c-47de32b0b753_rch_engine.ttl_functional.owl,13555171,4491057,18046228
approximated_128974e2-440e-4b1e-a8ea-ac4176d426d2_escription.owl_functional.owl,14446459,8660217,23106676
approximated_00432.owl_functional.owl,21660249,21974729,43634978
49ee914e-c606-444b-a69b-a902f61eb079_mi.obo_functional.owl,33685921,66179175,99865096
00322.owl_functional.owl,58819715,38839194,97658909
approximated_03fcfe87-535e-49d7-aeb2-64553009ef30_Pipecutter.ttl_functional.owl,17426399,4370237,21796636
approximated_35451b41-c449-4b99-b50f-aa68b1165e80_log_device.ttl_functional.owl,19737728,4691831,24429559
approximated_e19bbe24-024d-4860-8f37-287e0c7d8659_multexteast.owl_functional.owl,16333194,17843499,34176693
4608aba9-a4c0-4f88-ad66-894e60f238a0_ciationsDO.obo_functional.owl,786976890,1793055244,2580032134
approximated_7736d1d3-442e-41ad-a9ea-32943a314c55_Bran.rdf_functional.owl,14350194,4687458,19037652
977732b1-9008-4d40-a7d9-6282d3e1b76e_College.owl_functional.owl,15847956,1875866,17723822
3576cf9a-d2dd-4a90-aff6-215c4311e6d5_cto_obo.owl_functional.owl,32509428,126948024,159457452
approximated_90370a36-7359-4e39-b583-900a1d915f60_ogms.owl_functional.owl,15600077,7147373,22747450
approximated_23437d86-4013-415a-bf10-e138784789c6_Beaverboard.ttl_functional.owl,11277679,4354036,15631715
approximated_37a21d68-cfdc-40ce-af06-12ec4818b59b_phys.owl_functional.owl,42345242,38839861,81185103
approximated_4c5e61ea-89dd-4f25-b248-413bc85e39b2_ualization.owl_functional.owl,17510060,13631818,31141878
approximated_1c377542-aa8f-49fe-99b0-9fcf388751fa_Intel_8088.rdf_functional.owl,18519512,4694293,23213805
approximated_0908a087-98f6-400b-928d-ae3e5e2bdf58_space.owl_functional.owl,11634896,10003722,21638618
approximated_db70a667-871f-47cc-aab0-6403c912e300_lTectonics.owl_functional.owl,99141812,172577752,271719564
approximated_4f4f7d58-1004-4cfc-a4b3-4c1cabadc6e8_trParticle.owl_functional.owl,135559013,227896625,363455638
approximated_dc50a9e5-91e0-4c35-926c-2464f4fd647c_mergedtbox.owl_functional.owl,20352963258,45178004965,65530968223
approximated_a20b43ba-8339-48d1-a774-cd78143727de_biolBiome.owl_functional.owl,153131319,150559106,303690425
approximated_faa95fb1-bdbd-4f60-b9cc-fda92c198986_PaulFisher.rdf_functional.owl,88676480,2985116,91661596
approximated_0cca6d94-f7da-4ff9-bd79-af90b4ede378_psimod.owl_functional.owl,63471422,165652940,229124362
approximated_08e73f13-cb78-4934-a787-4eae27ffb5d4_figuration.owl_functional.owl,221702488,251398908,473101396
approximated_c31d1262-91ce-4fb5-bb50-d98f8a8f8b18_MFOEM.owl_functional.owl,241663203,56391148,298054351
approximated_30e8c86d-6920-4f62-bf6a-782717e63cfc_Intel_8080.rdf_functional.owl,105334483,3783869,109118352
approximated_110b4e36-524e-4a42-802a-5d27ee3c9c4d_Power_pro.rdf_functional.owl,116567344,3940718,120508062
approximated_98645061-2659-4244-8a5a-66b0d5985e14_Protractor.ttl_functional.owl,81811207,3676344,85487551
08a4ecab-f8ce-4717-8f16-46c4a9ac8177_ontology_7.owl_functional.owl,101919794,2496360,104416154
26e09cd3-cd6f-4a16-ad24-5e69180c2727_XMLSchema_functional.owl,51337742,1009181,52346923
7405c40c-0064-4b0f-b3d0-a42bfda329b7_oid_import.owl_functional.owl,9669480,9495729,19165209
approximated_07b826f9-ec22-40b7-b361-b407c9e9f70d_Piano.rdf_functional.owl,67850778,3738973,71589751
approximated_f0e8b200-cad8-4596-b6b0-094ef5ee54b7_cexamplegraph3_functional.owl,24595899,13502762,38098661
approximated_0316586c-f367-44d4-884d-2b9c8ccbdb6d_shing_line.ttl_functional.owl,74345667,3732701,78078368
approximated_496c48f8-a348-4e40-bdef-2ee8dfbf4de2_onto.rdf_functional.owl,18877944,5918116,24796060
f21e9602-33e8-4a5c-994a-281586702c06_goryFoafPerson_functional.owl,67569889,1182383,68752272
approximated_2b6ae08e-08a7-4312-ba9a-6b7b8325152b_cle_saddle.rdf_functional.owl,13570727,3756989,17327716
approximated_2c23ab60-cad2-4cab-a7d7-e5b591581d1f_opl.obo_functional.owl,16669481,23220424,39889905
approximated_1cbab943-e664-4e18-9df4-dc9dc389c81c_Design.v11.owl_functional.owl,100651876,7634077,108285953
approximated_kb-owl-syntax-unraveled-depth-0-disjointness-triggers-constant-classes-value-classes.ofn_functional.owl,661593644,910899562,1572493206
approximated_00354.owl_functional.owl,248482649,324391833,572874482
approximated_61e9a5b0-b500-4a0d-8fb4-854831823f05_onto.rdf_functional.owl,24811241,7388868,32200109
approximated_602f5b45-de34-49ab-b1af-fc1855c2a767_dMesoscale.owl_functional.owl,145829950,244159963,389989913
approximated_d7c83a27-e668-4b04-b43f-d90cd71d48bd_Roles.owl_functional.owl,24403306,17770641,42173947
approximated_00011.owl_functional.owl,12661907,5141180,17803087
approximated_kb-owl-syntax-unraveled-depth-4-disjointness-constant-classes-relation-axioms-value-nominals.ofn_functional.owl,647590585,1525714746,2173305331
approximated_54e23156-4e21-4cf7-a4eb-2a4124921a60_idomal.owl_functional.owl,74406090,170734314,245140404
approximated_7e83d5a2-59d8-426f-aeca-4c6f04cb8cb0_leChemical.owl_functional.owl,130974615,210426764,341401379
approximated_f5eb84e4-cfc1-472c-b327-4a89f39cb113_erenceList.owl_functional.owl,108470820,19153948,127624768
approximated_8975f171-02cf-44b5-8c2f-84e78086f550_Pickaxe.ttl_functional.owl,18215529,3749319,21964848
be045516-b3d0-43f4-b1d7-2c3b13144003_classified.owl_functional.owl,120987976,257736862,378724838
approximated_00418.owl_functional.owl,24085192,20912594,44997786
approximated_00581.owl_functional.owl,14627908,15862746,30490654
approximated_47e8bfb9-783f-4d50-8d0d-26d89fdfa598_phenHelio.owl_functional.owl,138813309,243548784,382362093
approximated_b2cd94ea-1119-4fff-b999-893be5729043_FN1.51.owl_functional.owl,24237143,8869347,33106490
approximated_93e22a28-ca3c-44ca-9fe0-58c351dcc1e2_Catupiry.ttl_functional.owl,13272029,3630476,16902505
9328de92-8293-4c0e-8ed0-18f015c3f483_ehdaa.owl_functional.owl,74822528,128017481,202840009
approximated_00518.owl_functional.owl,402013249,1056811251,1458824500
approximated_3cee4187-def7-4dcc-ac3e-fa3d936e8408_Weisswurst.ttl_functional.owl,16660157,3677441,20337598
approximated_596e23b8-e7b9-4d0a-8470-0316f73400a8_bfo.owl_functional.owl,13499447,4941571,18441018
55084403-f6c4-4ae7-8c52-8437c4efe1e5_mpath.obo_functional.owl,20591027,45438409,66029436
approximated_2d2f81fe-c4e7-490b-99fb-5a58c08dcd5f__extractor.rdf_functional.owl,14401268,3624218,18025486
07a17151-c37f-4e93-9e65-2c459e27183c_EBI_import.owl_functional.owl,23711990,33411186,57123176
approximated_070eff26-58bb-4d96-b3a3-239328e15c35_Lawn_mower.rdf_functional.owl,15305390,3891724,19197114
approximated_15fce30e-84ad-4320-8af2-9e5727207e4c_cwr.owl_functional.owl,67973774,49728158,117701932
approximated_ee8debfa-c011-4e68-9050-2165bfcb9a57_dyLanguage.owl_functional.owl,44453368,11287940,55741308
8f114275-4ca5-4f4f-8d63-bd2bd407047b_tatypeProperty_functional.owl,10230015,1070040,11300055
46d1c7be-8a45-405f-a480-c0f161cbdccc_nt.obo.CURRENT_functional.owl,166106920,355934001,522040921
approximated_296f64cd-01e3-41d2-b947-2d7bacaaefaa_g_aircraft.rdf_functional.owl,16967374,3679918,20647292
approximated_56ae7006-150f-4f6a-947f-ac678064a866_anauniprot.owl_functional.owl,1258682186,2158747245,3417429431
approximated_1b2fbb05-42b1-4f57-93d8-417958fd80e6_peedmaster.rdf_functional.owl,17769829,3687086,21456915
approximated_8ced8d1e-d1df-489b-afba-faa10900bfea_nal_pliers.rdf_functional.owl,19613460,6925194,26538654
approximated_55b97a2e-b256-4ca2-a348-f7eca21eb05d_osscut_saw.rdf_functional.owl,15214816,3812284,19027100
approximated_91b642b2-5eb8-430f-9881-62b8e20addd8_e_withonto.rdf_functional.owl,17004981,5111995,22116976
02544518-4782-4794-93b8-2b7556fbdab3_agrovoc.owl_functional.owl,382207253,886079514,1268286767
approximated_9617adf3-3b67-46f4-a552-310c362a7450_quality_1.owl_functional.owl,54446402,130551535,184997937
approximated_fbe45489-fdb8-4e39-8e37-c91436798253_DP1.24.owl_functional.owl,26169884,3631601,29801485
approximated_b07eb8c5-ae7a-4efb-832a-3d73207d66c9_PA7100LC.rdf_functional.owl,17951982,3739065,21691047
approximated_765fa323-1bba-4428-903a-b02834a8e1f8_compute.owl_functional.owl,13572849,7744218,21317067
529361b8-e0f3-4d84-bc80-46e2b56e6dec_ionEpisode.owl_functional.owl,23595069,3288813,26883882
0c7d7cbb-fa47-4131-8242-7f3523bbb873_russiaB.rdf_functional.owl,17732957,9277199,27010156
approximated_b29f8772-0725-4a20-b2c0-bb2384fe833a_onto.rdf_functional.owl,10438655,4739920,15178575
approximated_0b03b4dc-1181-4086-94f4-63cf1d303d8c_oloss_vs03.owl_functional.owl,164289708,17249144,181538852
approximated_02884bc2-c73f-48a0-804a-aed90c3989fb_OTN.owl_functional.owl,19103849,14282008,33385857
approximated_4d4f0ee4-8d85-4025-9dff-3e7142a36408_rMathGraph.owl_functional.owl,130703453,208293842,338997295
84a6151b-ed69-4db7-b4f8-e2955418c50f_vhog.obo_functional.owl,55258401,88898458,144156859
approximated_f138250e-bab0-478e-92fc-55b7c3622929_realmSoil.owl_functional.owl,146711861,228731383,375443244
approximated_kb-owl-syntax-unraveled-depth-3-km-relevant-cardinalities-disjointness.ofn_functional.owl,621285255,1358461749,1979747004
approximated_303841c7-fd68-433d-a78b-d438290b5579_Canoe.ttl_functional.owl,17797784,3863803,21661587
066a6af7-677d-4204-9839-23a6730c2d35_nt.obo.CURRENT_functional.owl,19059376,19496125,38555501
approximated_1035876c-209d-4567-ab91-dc99e89c6b17_russia1.owl_functional.owl,17400871,11894996,29295867
approximated_08546f85-4736-41b6-8bae-d94db7607e19_controller.rdf_functional.owl,16053629,3755324,19808953
approximated_f9655415-2e28-4218-bc17-9d14d0b57a7a_onto.rdf_functional.owl,19022589,5190857,24213446
1b45125c-0cc2-4964-99f4-846ae2ccf529_seontology.owl_functional.owl,531663267,998620372,1530283639
approximated_HP.owl_functional.owl,323201001,81945999,405147000
approximated_1bb9860d-1c07-4192-8d14-16f5ab4b14e6_mirador.owl_functional.owl,73400376,26944556,100344932
approximated_93bafcd3-d025-4ecf-ac2e-24bc3b60e4dd_y_version3.owl_functional.owl,16804658,7733356,24538014
approximated_9ab09734-015e-49fb-9055-10aea827e1d2_a_20110131.owl_functional.owl,77380259,11988358,89368617
approximated_01648f49-5e2f-4439-abfa-4bdf96aa7226_vivocore0.9.owl_functional.owl,20146094,20308621,40454715
approximated_kb-owl-syntax-coreference-IDs-cardinalities-disjointness-triggers-constant-classes-value-classes.ofn_functional.owl,1035127330,2220694825,3255822155
approximated_e7d61208-c9b9-4fdb-8e37-f8c860d428da_matrIon.owl_functional.owl,133470689,209801406,343272095
approximated_63986ee0-477f-43d6-9e44-68245eb27b84_lodging.owl_functional.owl,21870323,27598797,49469120
approximated_cffe0105-4b11-4ed0-a673-4d7df0a0920f_mart.owl_functional.owl,9252266,1358848,10611114
8af64517-750b-42ca-9a35-ec353e18d9c2_component.owl2_functional.owl,48198132,16598266,64796398
approximated_21a4b9a7-17d1-494c-89a9-ad2f4556bd06_Rotary_tool.rdf_functional.owl,8904466,3659354,12563820
approximated_a1cffc91-b17c-49a5-878e-d7a6437b5889_Menu.ttl_functional.owl,12415310,3614887,16030197
approximated_519b949e-5a07-49f8-94f9-9126289c31ff_drelations.owl_functional.owl,11311613,3729864,15041477
approximated_0463eaf7-2cf5-4049-9049-5333f9ff38f8_rnao.owl2_functional.owl,36660168,60774957,97435125
approximated_03d68be9-cd6d-4074-a5e5-8f95620e65a8_lass_514en.owl_functional.owl,2380808982,5346872814,7727681796
approximated_5c74de05-1e9f-40d7-ba09-aaf571d49158_Conference.owl_functional.owl,14905180,5914548,20819728
approximated_19ec4aa2-c849-4d29-911a-981d4f89ecd3_lir.owl_functional.owl,19792804,7075240,26868044
approximated_9fba6438-b95e-454c-b78e-b32ab7d27e52_sequence.owl_functional.owl,47768029,111511642,159279671
approximated_7a7c9d4b-c5dd-4124-b03a-45c074eeea71_cusuniprot.owl_functional.owl,316808547,605125377,921933924
approximated_2cfc1856-e333-4421-805f-823eea136c88_Screw_pump.ttl_functional.owl,17404242,3669804,21074046
approximated_75218572-4f9c-4568-a014-b15d5884f9ee_xial_cable.rdf_functional.owl,14738325,3668367,18406692
approximated_6ca24802-be8f-408b-b9e7-a7419da1fefb_atic_lathe.ttl_functional.owl,14666304,3672848,18339152
approximated_a616f2e3-1cbd-4113-98f6-31b6723626be_lexicon.owl_functional.owl,23117912,12179514,35297426
approximated_00772.owl_functional.owl,29312880,27001530,56314410
approximated_222447f8-8854-45b1-a1f2-6617a1327c8e_Wine.rdf_functional.owl,14000029,3797818,17797847
approximated_0a8a1183-826f-4a1e-9ff1-d6d063f69f2d_Parameters.owl_functional.owl,19312949,7955197,27268146
approximated_503bc0e0-f08f-450b-9d7c-503ef68bcbca_eReduction.owl_functional.owl,141979335,243937836,385917171
approximated_3bf8d938-17fa-4ea2-b9c9-65b95f2d89e0_Brioche.rdf_functional.owl,12424747,3885929,16310676
approximated_5cc5949a-36d4-40e8-813e-eec7de657337_atmoFog.owl_functional.owl,97963010,276139318,374102328
approximated_kb-owl-syntax-unraveled-depth-2-km-relevant-cardinalities-triggers-constant-classes-value-nominals.ofn_functional.owl,431066611,980400031,1411466642
approximated_01caf241-5309-4838-bc06-9dcaedf819c6_color.owl_functional.owl,19198035,7364389,26562424
approximated_e9ad8377-c482-47cc-8ffd-cef2bb4c87fd_lmf.owl_functional.owl,19862464,4782804,24645268
approximated_138b2109-e6d5-4603-a9e9-4a0c097c4303_ontology_functional.owl,17515773,5146127,22661900
7ce486d2-8ae0-4dd8-8158-9fd7b8ed2ff4_anio_rerio.obo_functional.owl,315750454,571537610,887288064
approximated_90f8d33e-1fc9-4ddc-ab12-5db9dc9b02fb_dul2.owl_functional.owl,21361499,12540748,33902247
approximated_13444b01-4437-4ec1-b8b2-d472ffc5925f_Buxton_Blue.rdf_functional.owl,17235773,3738308,20974081
approximated_41145a6e-7e54-4ee9-9bec-45d9f85925d3_IPDLite.owl_functional.owl,23013920,34465486,57479406
approximated_bec8ba04-a64b-47f0-9923-f676ef722bba_Earthquake.owl_functional.owl,76237217,133286908,209524125
approximated_0e50c472-3ba6-4093-bb63-59dd343df7a6_lby_cheese.rdf_functional.owl,11143839,4387929,15531768
approximated_kb-owl-syntax-coreference-IDs-cardinalities-disjointness-triggers-constant-classes-relation-axioms-value-nominals.ofn_functional.owl,1029742788,2198966141,3228708929
approximated_ddi.ontology-for-drug-discovery-investigations.2.owl.xml_functional.owl,19195537,11142579,30338116
approximated_d883ecb9-ba99-4f35-9ccc-1d4de800a273_laPhysical.owl_functional.owl,137151243,246949211,384100454
approximated_67407ddc-f8c6-4cb7-ab60-d4b9d29658a5_onto.rdf_functional.owl,13235098,6570235,19805333
approximated_3b2b4da9-5b79-4a15-af1a-b94c1b32a46c_eSituation.owl_functional.owl,15577999,3519016,19097015
15d7f247-fa08-4fcb-a571-0709c41e082c_cerifrdf.rdf_functional.owl,15965893,2584679,18550572
approximated_5f250583-6087-46d1-958e-72cca18f25ae_Ruler.rdf_functional.owl,14254580,4030139,18284719
approximated_0a4a3755-762e-4ba5-a193-35c2851364bc_dsolutions.owl_functional.owl,11907136,6230410,18137546
00376.owl_functional.owl,51875541,19279433,71154974
approximated_2c2f32b9-0d2d-4f06-8caf-eff94b4c718b__breakfast.ttl_functional.owl,17993454,3728440,21721894
approximated_00496.owl_functional.owl,275214206,674684365,949898571
approximated_a3fef08f-c3f9-4295-bc88-5f3418dd97d5_tionAction.owl_functional.owl,21715173,10983494,32698667
approximated_00595.owl_functional.owl,57244577,212338334,269582911
approximated_542f2be8-19e6-4c49-97b0-f4965c14b075_edncbi.owl.obo_functional.owl,5211524330,12089150365,17300674695
872c4f0f-eb27-4bdf-9312-f8b816cbddf2_Wrestler.owl_functional.owl,19279697,2060344,21340041
approximated_13b9f212-b58f-4ae7-8db6-77ebe37852b5_testDL1.owl_functional.owl,18665695,5674756,24340451
approximated_4244f04d-abc4-4217-a630-cd25d7b66717_pmltrust.owl_functional.owl,8402574,5818797,14221371
fabe37dd-2308-4f1a-84e5-7bfc4136487b_onto.rdf_functional.owl,14366412,3323730,17690142
approximated_ee522205-61f3-44de-bf09-9a586364489f_Statistics.owl_functional.owl,148285518,199059652,347345170
approximated_776423b6-180a-4fb1-92c6-8b91a821a584_tateChange.owl_functional.owl,134649113,209902167,344551280
60eb0c31-1147-4e62-82ef-67deb34e14d5_Ship.owl_functional.owl,21622612,2466897,24089509
approximated_04347b34-b265-40bd-9bdf-74a28f6bb9d7_onto.rdf_functional.owl,10526478,5047268,15573746
approximated_f30b49b6-b2ac-4174-82a5-04cf886d1017_CoAXAction.owl_functional.owl,15137394,11516519,26653913
approximated_9a095aaf-d313-449f-8985-c023597698c6_Band_knife.ttl_functional.owl,17657651,3666518,21324169
approximated_7797f672-5aff-45a4-a413-7ab57b75de60_onto.rdf_functional.owl,14409539,6793150,21202689
63c11dda-e6d7-4e4f-a243-a8a5892ba5cb_imeContent.owl_functional.owl,29304866,16599923,45904789
approximated_b7557180-cfe0-4cda-84b6-ec7126208cf7_astroBody.owl_functional.owl,33442856,52146398,85589254
approximated_9be99199-b72e-41ce-93f9-05536f42d179_lRelations.owl_functional.owl,13019385,6901517,19920902
252d6584-a59f-4ea5-9258-6375c5c82a4f_classified.obo_functional.owl,52165331,90248240,142413571
4f0d4aa2-52cb-4c6d-b370-1e57d32ee05b_ubcellular.owl_functional.owl,25233772,19179866,44413638
approximated_8311f67e-40d4-4146-8fbf-89fdd92d7392_kernel.owl_functional.owl,18928873,5873245,24802118
approximated_00045.owl_functional.owl,2604081556,7354391417,9958472973
approximated_14eba30d-efd7-44b1-b934-0b2e66d460ff_onto.rdf_functional.owl,88260824,4746792,93007616
da7d9873-4a1c-4be5-bab2-1e9975bc54c4_image.obo_functional.owl,28839517,26552596,55392113
approximated_1979e64f-1431-469d-9a2d-ae6500efdf16_l220050505.owl_functional.owl,96100352,5004910,101105262
bb473900-e306-4fae-9345-a4fab552f8ec_xstimulus.owl_functional.owl,76056101,9669613,85725714
approximated_f0112871-255c-41a0-8e8e-61c8fe4ae1e0_cmmi.owl_functional.owl,27197104,32819637,60016741
approximated_2f673f57-a1c1-41e6-a471-6723d54dbb11_ethernet.owl_functional.owl,17636819,8217481,25854300
approximated_bd4435b4-23c5-4087-8a35-9cb29fe91b5c_enotype_xp.owl_functional.owl,344956186,817943852,1162900038
approximated_cff0d4ea-7bd0-48ef-9218-09552fc3bc09_confious.owl_functional.owl,18994050,8640857,27634907
approximated_12034599-06d7-45ff-ba6c-5cdd30b0eff5_matrWater.owl_functional.owl,127219516,207956648,335176164
approximated_8483d657-6932-4d42-8980-3b7eb996c17c_ngineering.owl_functional.owl,17415312,8512669,25927981
approximated_kb-owl-syntax-coreference-IDs-constant-classes-relation-axioms-value-classes.ofn_functional.owl,645274809,1701631585,2346906394
approximated_c091c87f-eeab-423c-9f15-826ff321d0c4_rStandards.owl_functional.owl,91216400,165592359,256808759
approximated_c3814cdd-6edc-4cc9-946e-8977287543a3_classified.owl_functional.owl,3699859148,6976837641,10676696789
approximated_44349f78-c3a8-4c00-be5d-c7978847bcdd_mplegraph1.owl_functional.owl,21235743,14071014,35306757
5d322c44-d394-49fb-87dc-80df2603824e_ossAnatomy.obo_functional.owl,69191873,114459230,183651103
approximated_00632.owl_functional.owl,52871201,112030518,164901719
approximated_0b488003-f634-4521-8c42-ccd9d573792b_tools2codo.owl_functional.owl,16857806,9507829,26365635
approximated_kb-owl-syntax-unraveled-depth-0-km-relevant-cardinalities-triggers-constant-classes-relation-axioms-value-nominals.ofn_functional.owl,151286466,373751903,525038369
approximated_0e1d688b-f9cf-49f4-b1d8-b57c947005fe_ogms.owl_functional.owl,11945862,6228862,18174724
approximated_274805ed-4303-406d-92da-b377ce01a49e_portal.owl_functional.owl,22852890,14637255,37490145
approximated_19d42047-260f-4ffe-b14a-4819fbe7ae2b_Fruit_sours.ttl_functional.owl,15800211,3814578,19614789
approximated_1474bd80-c387-4f8a-894e-9cac2eee598f_quanEnergy.owl_functional.owl,130434415,208858279,339292694
approximated_09e4d36f-71f8-4513-91b1-ca7c68e8ce20_MP.ttl_functional.owl,9769264,4235550,14004814
approximated_91b26f56-2dbe-487a-b8c8-120db9fa6be7_S.owl.PREVIOUS_functional.owl,13512057,6566231,20078288
approximated_4765dbe8-f4ca-46f9-a5c0-c2722b94f992__horseback.ttl_functional.owl,17007147,3783886,20791033
approximated_6019326c-e0eb-4dc1-87ec-95549e6b89f7_cinema.owl_functional.owl,16557057,3202246,19759303
353f96b3-1adc-446a-9dca-59f4af695e0a_2.0draftB.rdfs_functional.owl,18168017,4036082,22204099
approximated_19dbdea9-2446-4d7b-86ef-3acaa09be07b_Caciotta.ttl_functional.owl,7073279,3727992,10801271
lsm.leukocyte-surface-marker-ontology.2.owl.xml_functional.owl,14949863,22021622,36971485
e4d5ac24-4584-4e60-be20-3c4b99276bfb_condition_3.owl_functional.owl,130885808,315807141,446692949
5143a69d-d2dc-4a95-a6d0-2c805df2e25f_rex.obo_functional.owl,21130276,35578869,56709145
4b3ed145-1887-44b3-950c-d218ef9766b1_ballLeague.owl_functional.owl,15679040,883107,16562147
approximated_kb-owl-syntax-unraveled-depth-1-km-relevant-cardinalities-constant-classes-relation-axioms-value-classes.ofn_functional.owl,451529877,1121705774,1573235651
5b9e6788-5891-46ce-bba0-e4be057b6056_KategorieFrauen_functional.owl,8659693,869919,9529612
approximated_8761d58a-48e7-4028-af68-d57f7712c58e_dering_mat.rdf_functional.owl,12108817,3828373,15937190
approximated_13b9fc1c-46bb-48c5-b2a0-328425d80d64_sfactoring.owl_functional.owl,36855670,37402732,74258402
approximated_3b446a97-21dd-4ad7-afac-d5af3fa04a02_ess_planer.ttl_functional.owl,15790753,3644902,19435655
approximated_ba52090a-5638-4149-9cf3-cba164b112ad_realmHydro.owl_functional.owl,135158359,269603569,404761928
approximated_76f00b48-f18f-429f-a39c-10ae18c74be7_ile_cutter.ttl_functional.owl,16564690,3806946,20371636
d26bd990-a93b-46c6-83e6-5c2e962eb8d0_onto.rdf_functional.owl,18441030,1611540,20052570
43c7707e-12b7-4146-bbcd-f38f68be7413_asterensfm.owl_functional.owl,404964151,914518851,1319483002
approximated_3851bd3b-395e-4185-9239-e7a937f8d9c2_nt_Example.owl_functional.owl,138467847,51936812,190404659
approximated_4a32ee05-e47b-49d9-8bf8-4e71b31fd8fc_ter.rdfxml.owl_functional.owl,96132141,1803180,97935321
approximated_054da44d-05a5-47df-96d5-c2a790336530_ely_Laddie.ttl_functional.owl,21256780,4459449,25716229
approximated_00a47ea4-c236-4894-b8fb-a15d3d66c110_onto.rdf_functional.owl,28233291,6400188,34633479
approximated_2590b73c-b213-49ea-b4a5-568c56dd8c40_ogcgml.owl_functional.owl,78544467,16444316,94988783
approximated_9105a6d2-c721-4ef5-a34c-5ca8f03bc922_PaulFisher.rdf_functional.owl,76029054,3018066,79047120
approximated_77295fd8-86d0-4b78-82b9-d10b9d195372_Curry.ttl_functional.owl,18656506,3942912,22599418
approximated_65fb8e39-1937-4032-96b1-38af872c0180_st_anatomy.owl_functional.owl,119464117,251116342,370580459
approximated_578ce73e-0e6b-42d3-9cac-60c59da4be1e_Majorero.rdf_functional.owl,67156689,3891086,71047775
approximated_b27c5c4f-9ce3-47c3-b9aa-fa771ffb220e_Film_character_functional.owl,18337502,2937760,21275262
approximated_00047.owl_functional.owl,1405883294,3895729251,5301612545
approximated_59dd76e6-4dd0-4d6f-8256-444592fd97c7_droSurface.owl_functional.owl,104271789,203141686,307413475
approximated_aba75de7-cd55-451a-99a2-bfb950a39314_cnumber1.0.owl_functional.owl,17061129,12109596,29170725
approximated_kb-owl-syntax-unraveled-depth-4-disjointness-triggers-constant-classes-value-nominals.ofn_functional.owl,674099674,1360508893,2034608567
approximated_66eb5ae6-182f-4b99-aa08-c1935e6aeb99_Miter_saw.ttl_functional.owl,12898682,4086084,16984766
5919d425-0843-405a-80cf-9b748367ed16_Company.owl_functional.owl,12135800,1148250,13284050
approximated_a53ceec4-fd15-4d0f-a260-bcbed7281c68_alMolecule.owl_functional.owl,130235005,208841837,339076842
approximated_18f27920-6042-4891-9c8f-e7d263c87580_Mussel.rdf_functional.owl,18278616,3750610,22029226
approximated_1cbb90bc-e57b-4916-a260-8978e53cb1c1_Opera_coat.rdf_functional.owl,17243199,7377350,24620549
approximated_dbffa01f-6b93-4f69-a11f-83415674a184_ydrocarbon.owl_functional.owl,44673083,52929932,97603015
approximated_a6d6d4f8-2f8c-4636-b2cf-a0ea8ccfc20d_realmHydro.owl_functional.owl,128736579,209960040,338696619
approximated_85e17570-bc26-4b1b-8920-279c876cea1c_crimeX.owl_functional.owl,41631792,12110259,53742051
approximated_0a4d9284-bfd3-49a0-963c-d72bb1e7e03d_pombetaxon.owl_functional.owl,211240915,387557007,598797922
approximated_4e485595-0d5f-44b8-96d3-d32a43f8d9d2_preonto.rdf_functional.owl,18130589,5206041,23336630
approximated_36b33984-883b-484e-bb5c-62d837d30748_Clarytone.rdf_functional.owl,12624627,3822318,16446945
approximated_51d8943b-8a22-4c88-b295-71b344dd6f54_kupocore.owl_functional.owl,35911869,65049048,100960917
approximated_113fd0a7-5e39-40b3-b528-67d2e8266765_ogen_valve.rdf_functional.owl,16930045,3649709,20579754
approximated_00172.owl_functional.owl,18937815,8326764,27264579
approximated_00516.owl_functional.owl,142030040,403780013,545810053
approximated_20e0c29f-94b4-4bc0-b817-e9a0ba2fa186_Calzone.ttl_functional.owl,11956442,3916213,15872655
fcae1e6c-a6b1-486a-a3cd-21a2ea6da147_map_dblp_dc.owl_functional.owl,9586871,2026433,11613304
approximated_aca8198b-c63e-41be-8853-15fa30d9194e_xdt_100707.owl_functional.owl,20717562,21399054,42116616
approximated_14ab93ee-c26b-4e17-a1c8-f040cedecee9_aksmetrics.owl_functional.owl,187516450,371969847,559486297
approximated_0fc6754b-76f6-4a52-889e-ca07a25625ca_yOntology.daml_functional.owl,12577112,5023242,17600354
ed22d62d-9dde-4806-98d5-dd6d88de1882_gyInferred.owl_functional.owl,21119143,16803460,37922603
approximated_0ecbfeef-942c-498a-8bf9-833628be844b_Otiepok.rdf_functional.owl,15359436,3720235,19079671
approximated_7a67f542-0051-4790-8e26-dcc46d1fc0cc_Ham.ttl_functional.owl,16893248,3940471,20833719
0a9b7b1f-dc5c-4cfd-805f-823372be8a47_ameNet_1.1.owl_functional.owl,155584287,27759785,183344072
approximated_6d0e037b-82b5-4c5a-a30a-cbe3577ff389_DUL_v314.owl_functional.owl,13771024,10214750,23985774
approximated_479a6fd1-e899-439a-81e6-a9360ce5eb11_logylatest.owl_functional.owl,30028619,27007649,57036268
4f54ac60-ae81-4aac-b7be-6b160b8d195d_e.obo.PREVIOUS_functional.owl,266945626,556366754,823312380
091b5a2b-42d5-4e62-ad9c-accc5776e016__april2007.rdf_functional.owl,13738585,1610728,15349313
approximated_00010.owl_functional.owl,19237439,5493809,24731248
978e1e23-6a72-4b07-8cc9-89431ce8be2c_Olympics.owl_functional.owl,16257613,1217818,17475431
approximated_14aba0f3-7984-49e8-ab31-d41065fb384c_g_material.rdf_functional.owl,18745437,3768504,22513941
approximated_1e2f9ebd-b4d1-46a3-85f6-5aa6a8c680a4_Mozzarella.ttl_functional.owl,12191099,4596718,16787817
85f1fd65-4670-4f9a-95e1-3b0775ed4b21_Broadcast.owl_functional.owl,20842793,3032520,23875313
approximated_67529893-729c-4cf5-b313-ee772ffd7354_onto.rdf_functional.owl,13013351,5062795,18076146
7ed08bb7-b14c-4e59-8b8e-2024b36ba5ce_Mammal.owl_functional.owl,17372104,2053342,19425446
approximated_42e03b51-565c-48c6-ade7-0cb9ec6940f1_leo.owl_functional.owl,18211646,12624851,30836497
approximated_c92c9cc1-e832-4fa8-bb2f-a331258b55b6_geCreation.owl_functional.owl,19322272,11244788,30567060
approximated_00682.owl_functional.owl,1588393917,4032362667,5620756584
approximated_00efc81a-ecfa-4739-88ad-59762f9ed0a6_mHydroBody.owl_functional.owl,148770161,243339891,392110052
approximated_17aafdbc-8aca-4606-9a6b-e94523c63557_le_knocker.ttl_functional.owl,15918934,3639964,19558898
approximated_55751131-2637-4001-a10f-6d4e19507415_7_1_v2.7.1.owl_functional.owl,27384789,25677692,53062481
approximated_00006.owl_functional.owl,45760515,65158775,110919290
approximated_0bf13ad7-85b3-4079-8473-86d619fde8a0__Lightning.ttl_functional.owl,17663339,3650742,21314081
approximated_b264d0dc-a8df-4e80-b9a1-65d93b475369_ton_cheese.rdf_functional.owl,13043726,3684224,16727950
approximated_kb-owl-syntax-coreference-IDs-km-relevant-cardinalities-disjointness-constant-classes-relation-axioms-value-nominals.ofn_functional.owl,922152140,2117839913,3039992053
approximated_ab712a6c-8a80-4f8f-a21a-37eaef96254b_panese_saw.rdf_functional.owl,13055126,3698254,16753380
3003eefc-3bfd-414c-bc79-456ac05dfa9e_piensensfm.obo_functional.owl,600712921,1328308435,1929021356
approximated_9cae58fe-ae19-477d-b350-edc7efc18575_anDecision.owl_functional.owl,26857856,40547416,67405272
6f6dfdb1-91f4-4a35-9ca9-ef5a94a5b97e_StatesCase.owl_functional.owl,11121248,1494986,12616234
approximated_09dbb690-d472-4b38-812a-739c495db0b6_Iced_coffee.rdf_functional.owl,17630933,3689789,21320722
approximated_kb-owl-syntax-unraveled-depth-4-cardinalities-disjointness-relation-axioms.ofn_functional.owl,600786633,1374052763,1974839396
approximated_32367017-2f77-46ea-b442-9b98e2a3b1dc_ngineering.rdf_functional.owl,12894836,3684584,16579420
13655759-185d-4841-b9db-c2667c8fdb2f_apienstype.owl_functional.owl,1084997601,3003009264,4088006865
approximated_d896d6a6-4573-42cb-96cc-a60bef226957_wine4.owl_functional.owl,86879489,13427693,100307182
approximated_9a1a2f35-e729-4bc2-a3d8-7fbbd79e1414_Mallet.rdf_functional.owl,77302364,3883434,81185798
approximated_61716368-257e-4def-9f74-7679f7ced234_C64.ttl_functional.owl,27461039,3609252,31070291
7d787d09-442b-4d79-b9cb-86a4e4a3feeb_Mountain.owl_functional.owl,27453847,2490422,29944269
0cc8d133-037d-4fbc-aa70-51f51bd77d1a_ballLeague.owl_functional.owl,80935842,978151,81913993
881a8842-6925-4543-b935-ac529b9fadf1_onedsmall.rdfs_functional.owl,17438716,21612831,39051547
approximated_1ab117f4-3903-4d12-bb7d-226f3f7fe640_envo.obo_functional.owl,139072164,115808341,254880505
approximated_b53ba45d-405b-4675-adb9-65f547f4b62a_Little_Cleo.ttl_functional.owl,18489068,3636976,22126044
approximated_af1c8a22-1255-4818-8ef1-8d7a6f471149_generic.owl_functional.owl,19031110,8329159,27360269
approximated_0985d1d6-ba45-4b8e-acef-d7ed1791a5e2_rStandards.owl_functional.owl,140754486,226769088,367523574
approximated_3041c8d7-f93a-4ae8-ba64-fcc1fdc38de8_Cereal_germ.rdf_functional.owl,16512718,3804309,20317027
b5bfd804-fe24-47e5-b42f-96326ea7b49d_Lighthouse.owl_functional.owl,14396817,1321097,15717914
approximated_1b39ed51-1fdf-462b-82bc-9982dc0d905a_realm.owl_functional.owl,136706484,243563273,380269757
approximated_aa330f3e-b09c-416b-b773-902984788e44_AstroHelio.owl_functional.owl,133366650,211332957,344699607
approximated_kb-owl-syntax-unraveled-depth-1-km-relevant-cardinalities-triggers-constant-classes-relation-axioms-value-classes.ofn_functional.owl,449279703,1131928109,1581207812
approximated_069e5b21-2024-4900-9304-e08bcec328f8_Lug_wrench.rdf_functional.owl,14159429,3684123,17843552
approximated_00776.owl_functional.owl,1165087558,200110765,1365198323
vhog.vertebrate-homologous-organ-group-ontology.11.owl.xml_functional.owl,50588188,87251385,137839573
approximated_49a3e243-dcc6-43b0-99a8-975e33b79dc0_mantics_v4.owl_functional.owl,28954563,22184799,51139362
approximated_kb-owl-syntax-unraveled-depth-2-cardinalities-disjointness-triggers-constant-classes-value-nominals.ofn_functional.owl,1244062114,1587843863,2831905977
approximated_6c603c25-6e12-4da0-8c45-03497749532b_is_elegans.obo_functional.owl,3919697187,9451638061,13371335248
approximated_9ef62fce-b73a-465b-8a2b-28322c490557_lotico.owl_functional.owl,21966368,5493801,27460169
approximated_35792828-a7f8-4c81-a6fe-a27d3653630a_Haddock.rdf_functional.owl,15953275,3739357,19692632
approximated_4e34e89f-5699-4651-ae1f-6e6dcb88e6a3_Rickshaw.ttl_functional.owl,16817976,3857954,20675930
8d3d3260-da5e-4ec8-9749-4bc3cc8a3a09_wblssimple.obo_functional.owl,17252946,9477728,26730674
423b904f-2a57-40fd-8fa9-cd8082f5ff4f_classified.obo_functional.owl,27800519,64918075,92718594
approximated_3d05e926-7997-4727-b7bf-b5e3382ac14a_color.owl_functional.owl,21903052,6914860,28817912
approximated_708b7fd5-3c56-4817-a34a-8eb4635ccbfc_IAO.owl_functional.owl,11425176,5980622,17405798
approximated_02814d33-7e3a-4995-8b6a-c55757694cb5_ethernet.owl_functional.owl,9882924,5491636,15374560
approximated_15595460-8edf-4dc5-845e-b152b62aa72b_Marshmallow.rdf_functional.owl,11406252,3881350,15287602
approximated_19deea53-8a8c-48c0-9cde-99140ba1a5e2_tance_edit.owl_functional.owl,48877936,67111274,115989210
approximated_092bd666-d253-483d-8dbd-afffa0fff5fd_c_20090302.rdf_functional.owl,15198639,10933321,26131960
approximated_7ddf669c-e603-4418-b645-ce0e36454834_po_temporal.owl_functional.owl,17804735,12944642,30749377
approximated_rpo.resource-of-asian-primary-immunodeficiency-diseases-rapid-phenotype-ontology.2.owl.xml_functional.owl,58033697,85159910,143193607
approximated_56c89204-f4b8-49b4-977e-68e4c91df134_gicustaxon.owl_functional.owl,866332397,1701064192,2567396589
4d656633-2a50-494d-a263-4feb298442f7_siaeentrez.owl_functional.owl,227622113,126289322,353911435
approximated_biomodels.biomodels-ontology.3.owl.xml_functional.owl,11278538993,33116474954,44395013947
approximated_49ab726f-2ddd-4953-950e-6725dc66f7ba_d_Approach.owl_functional.owl,58308021,51583242,109891263
approximated_0ae48015-78ae-4559-a2e5-c162bc3a2cda_h_Blossoms.ttl_functional.owl,11226371,4193334,15419705
approximated_6ff2f385-6ad0-4c59-8bfd-a4a717033a0f_Cheese_bun.ttl_functional.owl,12160911,3687154,15848065
approximated_2b364f28-f930-4675-b5b9-2c4ad5866779_Turbofan.ttl_functional.owl,11461075,3857667,15318742
approximated_kb-owl-syntax-unraveled-depth-0-km-relevant-cardinalities-triggers-relation-axioms.ofn_functional.owl,139252597,355055246,494307843
approximated_kb-owl-syntax-unraveled-depth-0-disjointness-constant-classes-relation-axioms-value-classes.ofn_functional.owl,469006732,899982750,1368989482
approximated_07e09242-b9b5-4a27-a084-b51ce9d0cf9d_dtn.owl_functional.owl,16259788,7130433,23390221
approximated_285e070d-c32b-43ca-b559-f1ae54efb47f_nstruction.rdf_functional.owl,10140407,3661610,13802017
approximated_kb-owl-syntax-unraveled-depth-1-km-relevant-cardinalities-disjointness-triggers-constant-classes-relation-axioms-value-nominals.ofn_functional.owl,758484595,1598119727,2356604322
182bf0ef-c452-4abf-bcfe-48c152660330_Judge.owl_functional.owl,23921336,1768076,25689412
approximated_kb-owl-syntax-unraveled-depth-2-km-relevant-cardinalities-triggers.ofn_functional.owl,439774201,928624554,1368398755
approximated_b48d2984-5a96-4b38-bd42-672068cc1d12_estigation.owl_functional.owl,27595435,25414616,53010051
approximated_87672a54-dd8f-4c71-b0a5-41468836b65d__de_burduf.ttl_functional.owl,10895983,3796673,14692656
approximated_3fb661bd-d33f-4219-9923-59e82e7f6752_Shad.ttl_functional.owl,14137262,3868215,18005477
approximated_00033.owl_functional.owl,465184757,1269072860,1734257617
approximated_6ec2dd4c-b84d-41d0-9124-ddeb0afcc510_4_Examples.owl_functional.owl,30012607,21274427,51287034
approximated_52ba4714-bfea-4b78-924d-732e5c4af0f3_DUL_v319.owl_functional.owl,23571667,10908674,34480341
0ea7dca4-ef17-4c08-82c6-aef2a539b2f7_unit.obo_functional.owl,17590531,17643462,35233993
0ac0f77a-ec1d-460a-b067-63ba73944411_cogat_v0.3.owl_functional.owl,26689584,31849888,58539472
approximated_5409c9f9-3863-4226-8520-a2c6f742f14a_Testouri.rdf_functional.owl,14147297,4133771,18281068
approximated_bbda0473-d686-4f70-8702-ebc2453dcac6_lPetrology.owl_functional.owl,74293262,131123467,205416729
approximated_pr.protein-ontology.59.owl.xml_functional.owl,4348605320,10498056154,14846661474
0d643633-c889-49ae-b7d7-7e4b3bd1ff95_gold2009.owl_functional.owl,31912010,23927471,55839481
approximated_51bc9a36-6428-4a5e-b5af-34dbdda02099_Clutch.ttl_functional.owl,100613562,3622240,104235802
approximated_kb-owl-syntax-unraveled-depth-0-disjointness-triggers-constant-classes-relation-axioms-value-classes.ofn_functional.owl,445063946,924956014,1370019960
approximated_2759646e-c207-4f95-b78f-a679f7031f1b_latest.06.owl_functional.owl,1219457738,471313604,1690771342
approximated_7590c586-5650-4083-8054-2188d3bfec5f_Brass_model.ttl_functional.owl,16892085,4404988,21297073
approximated_00048.owl_functional.owl,1415947553,4208868800,5624816353
approximated_42e0fbf4-10ac-4803-883a-b092097c4e62_mao.owl_functional.owl,18819552,8849990,27669542
48bcd8d8-edcc-485c-b5ae-8b0324bd57e7_kupodisease.owl_functional.owl,11465823,15070665,26536488
5829d1da-f6bd-4115-9aab-c35afec13c32_rm_v5.0.1.rdfs_functional.owl,19970153,6286119,26256272
approximated_b9d9ad0b-7d89-4405-a75a-1c4691d4f998_nbow_trout.ttl_functional.owl,16898129,3718975,20617104
approximated_fa4cb5e5-e951-4d6b-a911-1ffeb048991c_calistaxon.owl_functional.owl,594213273,1085908828,1680122101
18357709-4f9f-4e6e-9a15-7648e020293e_pathology.owl2_functional.owl,83957915,38836583,122794498
8a18a5bd-c54e-4f76-9f2a-3324960b37dd_IMR.obo_functional.owl,272633022,556439740,829072762
approximated_dcf9458a-754e-4ff4-b107-75825e73fd46_PaulFisher.rdf_functional.owl,13283350,3216484,16499834
approximated_kb-owl-syntax-unraveled-depth-0-cardinalities-disjointness-constant-classes-relation-axioms-value-classes.ofn_functional.owl,419402807,945028297,1364431104
66f72d64-1d86-4ae9-b268-51c753976114_Senator.owl_functional.owl,16733147,2043184,18776331
approximated_4a432c23-387a-4b80-be27-b88b9f6a31d7__preventer.ttl_functional.owl,9248967,4061468,13310435
dbd46c49-af8c-4000-990a-f8fa65188e0f_protein.obo_functional.owl,693369652,1308834176,2002203828
approximated_775fab41-9617-451e-8ea3-eb96545f0626_ndTectonic.owl_functional.owl,99463374,157711128,257174502
approximated_781572b1-656d-4477-bb82-4d2336871461_nd_Marnier.rdf_functional.owl,12180823,3856951,16037774
approximated_20eddba4-d48b-4642-a504-cb3443179d13_goslim_pir.owl_functional.owl,20226385,37227860,57454245
approximated_e65fbcc7-5ea9-48bd-b4ea-99300f8f99f8_nWaveNoise.owl_functional.owl,141340556,208775245,350115801
approximated_00355.owl_functional.owl,84754975,6384654,91139629
approximated_5533c2da-9d78-4752-ad93-7399f1b859f2_IOLite_v17.owl_functional.owl,67819549,17713530,85533079
approximated_00198.owl_functional.owl,61658979,849454,62508433
approximated_47159dcb-caf1-4e89-b93a-5cae7887f028_Raschera.rdf_functional.owl,15079285,3726208,18805493
approximated_4c60f811-7bd5-4b39-9d4c-74df5ae43020_so.owl_functional.owl,58944357,125551376,184495733
approximated_cl.cell-ontology.47.owl.xml_functional.owl,405399216,802449603,1207848819
abe40193-c3bf-422e-8a5d-e7c2dca027e8_goslim2.0.owl_functional.owl,86936832,4622318,91559150
approximated_a351ad4b-8be8-40c6-97d0-021549cdff33_antityv1.1.ttl_functional.owl,83581209,18630359,102211568
approximated_643bc6f0-6381-4ea2-86e3-cdc01005bbb2_losurfical.owl_functional.owl,96169602,43609590,139779192
approximated_76854e1e-2b8a-437a-b5cf-7ab7e6b49618_qudt_functional.owl,91356745,9557353,100914098
approximated_3e2987f7-3b05-4b24-9b1f-db17651b79b2__toy_train.rdf_functional.owl,64991554,3652906,68644460
ed5c5fc6-1bf2-478d-9574-c543bb8e5f03_latest.07.owl_functional.owl,1510008813,499405981,2009414794
approximated_16ffaf2f-4c10-4e80-9af0-757e34ca3be3_efinitions.owl_functional.owl,23238100,33366349,56604449
approximated_55aaaa04-20d5-44f1-8c9c-caad51333bc9__con_pollo.ttl_functional.owl,15437166,3655117,19092283
approximated_044c8d3c-d374-4844-bf8d-830d30358b47_names_sexp.owl_functional.owl,291708601,695034439,986743040
approximated_3f6370c9-3207-4bad-8ede-5c0c5ec8ca19_Trumpet.ttl_functional.owl,17952500,3780230,21732730
approximated_ea8f7f81-a1d4-4c6a-955a-6d7f8d2148aa_attributes.owl_functional.owl,3096102218,8639620920,11735723138
approximated_8752fd3a-fb08-4e07-ac36-70ef83e97144_ossAnatomy.owl_functional.owl,57250521,91368570,148619091
81f4091a-feb5-4d8f-82f1-ed934b891539_onto.rdf_functional.owl,13739536,1854934,15594470
approximated_b27ed299-2b74-4c16-8af9-ff15e1ce51db_ccumulator.rdf_functional.owl,17041461,3830568,20872029
approximated_f1eb6893-e46f-412e-b065-83b73528f4ea_Design.v25.owl_functional.owl,18078914,11003113,29082027
approximated_9640d86f-cd38-476d-8576-15ba643b7fe3_avior_ontology_functional.owl,34222147,49398926,83621073
approximated_47ed5a39-6a88-453f-a6ed-4fb2d03cc3bc_dTransport.owl_functional.owl,124051063,209432612,333483675
approximated_70f44f37-e62d-4be5-858b-c9d3386b7d19_maontrev21.owl_functional.owl,13976096,5186505,19162601
approximated_e593c3ca-e670-41bc-8c72-14f13974a944_sciOrdinal.owl_functional.owl,24231382,22023230,46254612
approximated_105e03c6-0ee2-4ac1-98aa-2f14bb42de49_onto.rdf_functional.owl,11987573,4716729,16704302
approximated_57bfae0f-b236-45f3-9ef8-3a07d3642937_alcomplete.owl_functional.owl,14337596,7299962,21637558
approximated_a75b422d-5739-43d9-b022-155593cf2eff_LMM_L1_15.owl_functional.owl,18934570,18215650,37150220
approximated_5d509095-f89b-4d3e-87c7-5b2c28d05315_Parenica.ttl_functional.owl,16939761,7465133,24404894
4c6886e5-00ce-4988-9abc-c181b362d128_oppingMall.owl_functional.owl,15526436,1827960,17354396
approximated_6151446f-abe0-429b-a6a6-fd9d7eb239f8_sionSource.owl_functional.owl,73309109,125935058,199244167
approximated_b78520b6-6c7c-460c-aa8f-b2aae3cdb90d_PaulFisher.rdf_functional.owl,18640332,6782214,25422546
approximated_cfed8132-478a-4ecb-8e02-c7e4044085ea_earl.owl_functional.owl,12714350,4964078,17678428
approximated_296e7557-5efb-4fe9-846a-b7be9178a93e_NVAX.ttl_functional.owl,14130051,4466925,18596976
approximated_b2ddff55-2007-4786-a92b-640071f84ba1_nAtmoFront.owl_functional.owl,137753142,244463109,382216251
approximated_03bbad06-8527-4a7b-8302-5d41750fc99a_Content.owl_functional.owl,17135302,9340821,26476123
approximated_deae7a98-f4a6-4cd0-97dc-fa177a5217f9_phenElecMag.owl_functional.owl,136960439,209856614,346817053
approximated_729ba78c-3d24-47e1-9bb1-980fad7ba20d_aintenance.owl_functional.owl,14331957,5050913,19382870
approximated_6265f27d-1afa-4680-b747-4f71adefab73_Schupfnudel.ttl_functional.owl,11085028,4008152,15093180
approximated_924e9a5c-9a92-4f85-9150-a7e20f4c7146_ontology.rdf_functional.owl,15379915,3840528,19220443
approximated_12467929-9038-48ed-9f32-f2cecb9c9dff_ki_bakotin.rdf_functional.owl,12204888,3726372,15931260
approximated_b029d4e0-be47-42f6-8112-0803844138ec_universe.owl_functional.owl,38306993,12357058,50664051
approximated_f9f89445-406b-4942-b155-5b993fd74184_Categories.owl_functional.owl,12161409,8982013,21143422
7e1a735c-e30b-4256-9d4c-1477ad4ee19d_go.rdf_functional.owl,542629826,472916910,1015546736
approximated_be5b047e-08a9-4d89-aca1-fd61aed4aa47_elOntology.owl_functional.owl,19037412,8786662,27824074
approximated_eb15aa51-93e6-4ffd-a430-af1a0045348b_omposition.owl_functional.owl,19571943,17425105,36997048
approximated_048b7fc7-f022-4486-a230-6155f31fc110_Grounding.owl_functional.owl,18130961,7082625,25213586
approximated_4975676f-48ff-4225-8887-9746dad19b83_nnexorlink.rdf_functional.owl,33139939,53803345,86943284
approximated_6f26a9f9-e841-4a6b-b7ee-fd9e0d432c4a_tion_valve.ttl_functional.owl,32093238,3736582,35829820
approximated_2cc9ab2b-cc80-4669-9069-a6c4c74f2601_rMathGraph.owl_functional.owl,235071148,213946327,449017475
approximated_00360.owl_functional.owl,152941683,134338199,287279882
approximated_229fe87c-59b9-4e0f-91f4-24abbc0d7721_Leaf_valve.ttl_functional.owl,53218846,3730526,56949372
approximated_e843c489-fdf3-484c-a818-dcad072ff0f6_eSituation.owl_functional.owl,16795465,8196727,24992192
approximated_0286d77d-8607-4186-993d-c4a52c5345e6_affic_cone.ttl_functional.owl,18003454,3686111,21689565
approximated_faed02de-541f-43a3-8cc9-9992d7fa6052_cinema.owl_functional.owl,15991786,3503319,19495105
approximated_5da8b418-594a-4c3d-ba17-02fc8e72d100_DP1.66.owl_functional.owl,43766888,6185125,49952013
approximated_3bc75bbf-9115-404d-a979-6d568e367bf5_compre.owl_functional.owl,20111701,5326408,25438109
approximated_eca8b849-e953-4274-b09d-0aac24d03458_lexicon.owl_functional.owl,41470770,12614321,54085091
approximated_55a39aab-33f7-48e5-83eb-88db70f2024e_MO_Finance.owl_functional.owl,15590701,13222257,28812958
0a47680d-68aa-4f76-ac23-b7995492295d_Park.owl_functional.owl,20710815,2212734,22923549
approximated_cd5b2a46-0c5c-4ea6-a33c-990af9f55908_lSemantics.owl_functional.owl,25283404,22069912,47353316
02a1b623-a63b-425e-bb23-789e98a33591_ss_xp_self.obo_functional.owl,74107127,21819048,95926175
8369add0-4d88-40b2-b995-bc94aef594be_s_anatomy.owl2_functional.owl,41507109,82523854,124030963
approximated_292dc642-8a25-4891-b88e-dab8f5875b9a_Cider.rdf_functional.owl,17738509,3755014,21493523
approximated_4022cb02-cb50-4aec-8d11-3cfe79f00dfb_DLP3941.owl_functional.owl,31487080,31268570,62755650
bf7b0e91-eb16-4e26-830d-f3b39355e3b1_fypo.owl_functional.owl,528532111,819161298,1347693409
approximated_443bc32d-09e6-47a3-bf77-c7ae66a58154_crime10.owl_functional.owl,15607550,9281805,24889355
approximated_a3fd23ee-7c4d-4402-9307-6dc6232da92e_scene.owl_functional.owl,22568720,18814014,41382734
approximated_aaca8c64-6bfe-4175-867a-967a8472f520_compute.owl_functional.owl,14632193,7849464,22481657
4a8a1268-458c-4f75-8a90-6e0a7c24cfe2_fyposimple.obo_functional.owl,93903379,235475234,329378613
approximated_98d5880a-f96b-4f11-8f92-1daccd99a0b2_cedar.owl_functional.owl,45893900,23839762,69733662
approximated_8f7e6740-d354-499e-b087-657503670b8c_Soy_milk.rdf_functional.owl,12735205,3962043,16697248
approximated_874cd8c7-1a6f-4bc1-869c-5bf2f9063dbd_alMolecule.owl_functional.owl,137847696,240352412,378200108
approximated_1a795294-fb24-4c07-a549-e2f25d20c376_nif_backend.owl_functional.owl,86331277,143043447,229374724
approximated_3334ed6b-6bf9-44ae-a8b2-fa61901ff4c0_biotop.owl_functional.owl,23164552,28355652,51520204
33025596-3b78-47f3-ac1c-ac80b74dadfa_ciationsDO.owl_functional.owl,749258779,1683405078,2432663857
approximated_46ae5f63-9a83-4496-92eb-5481d5269d8c_necommessa.owl_functional.owl,19802861,12890959,32693820
1f6685bc-afb2-408c-95ce-deaa6ad5807f_eKrankheiten_N_functional.owl,9888653,961127,10849780
approximated_9679d45d-f311-4a74-af89-abcb26f32d21_NIFOrganism.owl_functional.owl,40931080,41691970,82623050
approximated_0585df44-fb95-4fcd-80e7-9abd98c12588_nooneof.nocard_functional.owl,22751922,11856777,34608699
approximated_75309ef7-756e-4045-b46b-973bb7e7f06b_Ice_pick.ttl_functional.owl,15101748,3738981,18840729
approximated_22a560e6-de77-4c77-a2e6-114a33afbf1c_icOntology.owl_functional.owl,13615423,7334562,20949985
approximated_08bc2112-b830-450b-9b27-e0e1cf75ead6_gy.1.3.0.1.owl_functional.owl,38249357,26981599,65230956
approximated_79400f00-7ab7-479b-a800-e76437781e5a_UserProfile.owl_functional.owl,12871966,5365152,18237118
approximated_ce9e28b1-0d43-4353-a05f-ef91da2c5c9f_PaulFisher.rdf_functional.owl,15091568,3011199,18102767
approximated_f41d9c83-2ddf-4cfb-995e-bbd7b1cab2d4_onOntology.owl_functional.owl,12730725,6659924,19390649
approximated_8ba370cf-7ae7-45f0-b04e-2445a930d27c_Compost.rdf_functional.owl,16198587,3956749,20155336
approximated_db4481d5-c354-46d1-b90b-0031da5feab4_lReasoning.owl_functional.owl,15805179,11970558,27775737
approximated_2d2aa5e8-04d2-4531-82d0-b9eca836a6e4_tegorySoftware_functional.owl,14720844,2103482,16824326
approximated_f4bef43e-90a2-47f0-9be6-e7a077e8b953_vocabulary.owl_functional.owl,17212052,5249338,22461390
approximated_a8546e99-141a-42df-9519-98c13b9c648b_complex1.0.owl_functional.owl,13810832,5190475,19001307
approximated_30092a1c-0189-4cf0-91a6-53d84ad53eb9_pening_jig.ttl_functional.owl,8856322,3730753,12587075
approximated_31e8b284-4dfa-488a-986c-081411746109_uck_syreky.rdf_functional.owl,15982512,3618623,19601135
approximated_22dd4c1c-929d-4f09-9f5f-a0318c1e2dd5_Relay_valve.rdf_functional.owl,17010568,3770240,20780808
approximated_86984d13-275e-44a8-b8c3-80ca75898401_eThickness.owl_functional.owl,136522915,211948018,348470933
approximated_5bf8c51a-ca0c-42df-9274-e0a870c9e8e4_ificObject.owl_functional.owl,15535411,6124863,21660274
approximated_0e15ffa3-0193-44cf-a70b-15fa14175181__toothfish.rdf_functional.owl,18088193,3677118,21765311
approximated_00762.owl_functional.owl,231784687,465086693,696871380
approximated_056cf089-74bb-41c6-a442-f5ea2560f9d0_Mitre_box.rdf_functional.owl,11952553,3988974,15941527
approximated_31fef9af-4538-44c0-818e-c7cd39328407_mirnao.owl_functional.owl,23833471,37554851,61388322
approximated_6364ec5d-e4df-43a2-8dab-ea6f4a00f975_Harzer.ttl_functional.owl,15381961,4042277,19424238
64176a2b-88cd-458f-8a9a-81758b965347_quality.owl_functional.owl,55483900,81736336,137220236
approximated_c7983391-d170-428c-9c62-47c81df47b99_4_5_0_1_TQ.owl_functional.owl,30493811,21239728,51733539
approximated_0a14088a-e04e-456f-bd1d-5a6cef9e7242_tingPolicy.owl_functional.owl,17406353,4882898,22289251
c7bc3867-0a93-4528-8eed-07b0854ccca2_cl_import.owl_functional.owl,28038800,47537565,75576365
0dbc4292-8aa9-44dc-a029-e7b1449f0e9d_OS4.owl_functional.owl,890514969,166144678,1056659647
approximated_4fe30796-ddd0-401c-8ed4-dadd6102ad9f_lmf.owl_functional.owl,20123624,9649819,29773443
approximated_e236e9d8-dde5-42eb-b3cb-0b7ee0d52864_mpextmerged.owl_functional.owl,548309044,1464515280,2012824324
approximated_5f1fd4d1-3819-46af-94b6-1fcfe96e4a2e_Truck.rdf_functional.owl,17504109,3646496,21150605
approximated_f2fab68c-f149-405b-b160-6d2334020488_geolFault.owl_functional.owl,93301202,157407834,250709036
approximated_07b96f49-0ca4-41bc-adc5-885aeb6116f7_tting_maul.rdf_functional.owl,16861337,3783065,20644402
approximated_5321f33a-4b3b-471a-aa29-d819efb258d3_ing_hammer.ttl_functional.owl,15501490,3639183,19140673
psimod.protein-modification-ontology.4.owl.xml_functional.owl,56856202,165273373,222129575
22dd2e1f-0120-4349-a40a-3dcf3475d135_EbGdrcN5Y29ycA_functional.owl,15712160,1370522,17082682
approximated_580d584f-c911-4a1e-b943-779878874e9f_KnC3B6del.rdf_functional.owl,15884901,3713871,19598772
approximated_df9d85b1-991d-4a81-8bbf-6659ce8d61a0_SARK.ttl_functional.owl,13446765,3862937,17309702
44a299f0-d801-468c-9a20-d2359c90cc09_Lake.owl_functional.owl,13628998,2457611,16086609
approximated_00645.owl_functional.owl,86715816,190005292,276721108
approximated_00419.owl_functional.owl,102858084,257663332,360521416
approximated_3a6c7b04-a568-4d03-b3c9-8a892cfd40c1_physPlasma.owl_functional.owl,100708398,200898373,301606771
ab6d0dee-446f-4533-8881-1ae555df8ba4_imr.owl_functional.owl,278408134,556146805,834554939
approximated_10341e62-6b8d-4b02-8f34-2ebdda876f4f_ist_square.rdf_functional.owl,13123017,3774166,16897183
approximated_37bfb8ad-a6fb-46e6-b202-3a1067e82f5e_chev_dough.rdf_functional.owl,11637253,3915952,15553205
approximated_71add721-11b5-47ad-b637-f286c30b9a75_phenGeol.owl_functional.owl,136361332,209688931,346050263
approximated_PD.owl_functional.owl,69741686,83683370,153425056
approximated_0cad3e84-1562-4ce4-8810-37ec3ada7476_Toffifee.rdf_functional.owl,12313201,3994605,16307806
approximated_45e5b1a3-b9fd-4ece-bd69-dc10b17c0b26_ad_nesting.owl_functional.owl,15386222,16675105,32061327
approximated_vso.vital-sign-ontology.1.owl.xml_functional.owl,23947455,18728799,42676254
approximated_49795226-cd2f-489d-b9f4-d86904528efd_sequence_xp.owl_functional.owl,54127591,124812547,178940138
approximated_0c6155a6-b84c-400f-a7dd-94f49fb99281_Vehicle.rdf_functional.owl,12713308,3842958,16556266
approximated_78d51cdb-fec6-472c-b8cf-e7b4e8bec9e0_periwinkle.ttl_functional.owl,16333804,3730207,20064011
16060d98-1832-493e-b5db-35939b624ebb_rySMW_releases_functional.owl,19065132,1746617,20811749
approximated_0b1c77e2-e964-4cdc-b8f3-963a91e8e67a_wcsAll.owl_functional.owl,33567991,40155640,73723631
approximated_kb-owl-syntax-unraveled-depth-4-constant-classes-value-classes.ofn_functional.owl,343323099,881566924,1224890023
approximated_00644.owl_functional.owl,97983352,30680244,128663596
approximated_kb-owl-syntax-coreference-IDs-cardinalities-disjointness-triggers-relation-axioms.ofn_functional.owl,1540941855,2127996921,3668938776
approximated_50327b4e-dbeb-4897-8899-77c30c6606a5__Letterman.rdf_functional.owl,10235016,4255396,14490412
69720e2b-ff6d-4953-bcdd-04a6a68942c6_osimplegaf.obo_functional.owl,1999017691,4132031117,6131048808
approximated_8450062f-ce61-41ef-9c98-7909ab134980_biotopcore.owl_functional.owl,16901896,19500679,36402575
approximated_86dc67e0-3461-436e-8b37-c7aef49ec173_go_mf.owl_functional.owl,188464348,575837050,764301398
approximated_4e8e2afa-a598-4a50-baa8-ab7ac7f821f6_Tattoo.rdf_functional.owl,16200474,3660966,19861440
approximated_c710c202-5500-455a-8949-faff458e4a49_mondialmeta.n3_functional.owl,12706499,4254482,16960981
approximated_08c8ded8-4aee-4c7a-9e81-5bdc43e570f3_BioMesh.owl_functional.owl,187721659,470687134,658408793
approximated_00358.owl_functional.owl,15668679,18392955,34061634
approximated_0ae1c81c-fb51-4b60-aa63-745107acdec0_Gumdrop.rdf_functional.owl,18150142,3606649,21756791
3d929d33-af44-46ba-bcf3-bb7aaada18f0_egansensfm.owl_functional.owl,559684828,1298898560,1858583388
approximated_4719f139-c9bf-49a4-a37f-0d68f40fe18d_Quiver_tip.ttl_functional.owl,10781478,4531019,15312497
approximated_3c224c62-a6cc-40e9-80a2-5e65d11a01b7_land_Comet.rdf_functional.owl,12693810,4566328,17260138
approximated_3ba51b84-d0d8-47b2-bb62-196c226ad31e_scillation.owl_functional.owl,71447325,123213956,194661281
approximated_864aab46-1878-428c-8eb9-98b6517f9f75_phenRecycle.owl_functional.owl,138979339,209440340,348419679
approximated_46fe0bd7-2da7-48b4-a6ba-040813fe836d_mplegraph2.owl_functional.owl,21632218,13659169,35291387
approximated_125132d0-845c-4274-81d1-bbc17340830e_human.owl_functional.owl,145324013,200230798,345554811
b52054f5-1d49-426c-8227-51c2c26b1f10_software.obo_functional.owl,52423817,92234888,144658705
approximated_00040.owl_functional.owl,3313230018,7574714449,10887944467
approximated_52b74570-8632-4661-b1f0-0b8fd5498184_norvegicus.obo_functional.owl,3427220186,7700850095,11128070281
approximated_994f145f-cff5-49a7-a07a-b2e6551255a6_eolVolcano.owl_functional.owl,156377878,252295526,408673404
approximated_2da9887a-2c73-443e-90b0-64e6f69811db_quanIndex.owl_functional.owl,138309922,215921697,354231619
approximated_c64a69f1-2452-47e5-b2a0-61e26a220b8c_sbpax3.owl_functional.owl,16000521,8445765,24446286
approximated_d96b0c1f-dc4d-456b-b7ca-6a81b75850ca_er_anatomy.owl_functional.owl,30104835,40226551,70331386
approximated_62d7c38c-bf27-461a-bfbe-f549dc8238b7_Eintopf.ttl_functional.owl,21038187,3699660,24737847
approximated_9151dcd6-4150-47f1-8b1d-9e234095de47_complex1.0.owl_functional.owl,26015933,33217164,59233097
cd7fd685-a1eb-4940-b965-401dd3e78f1f_SPD.obo_functional.owl,28667517,41000296,69667813
approximated_3a3066b4-739d-484f-9d60-3060498eb2e5_rDataModel.owl_functional.owl,134026253,213963805,347990058
approximated_35294e36-fac4-4651-944a-7e77edc73ad2_pe_library.rdf_functional.owl,16014880,3776823,19791703
approximated_08af0aa2-c60f-46c7-92c1-b73c8ef8e247_estQuattro.owl_functional.owl,13612087,4259435,17871522
approximated_095c882e-13e6-4f49-a6b3-31e9ff0ae898_Cclamp.rdf_functional.owl,11106886,3710804,14817690
18715436-6951-497c-acb0-4aa95260b0ea_gureSkater.owl_functional.owl,17732890,1383994,19116884
approximated_8dbb3a86-f669-46f0-adbf-531c90a314a5__amplifier.ttl_functional.owl,14105833,3726495,17832328
approximated_5ad7d8dd-ac0e-48d6-ad69-5071b0252abf_terrestris.ttl_functional.owl,11995021,3664696,15659717
approximated_05b09616-c5df-4621-8355-f4ee267536f5_Dustcap.ttl_functional.owl,14227946,3644978,17872924
approximated_14d5ea47-be9a-4705-809a-01af037e7db4_UDDv1.owl_functional.owl,14780348,5009682,19790030
00372.owl_functional.owl,54961747,14301828,69263575
approximated_344290ad-c826-4437-8052-81639627c18b_Stapler.rdf_functional.owl,17898729,3993095,21891824
approximated_173ba08e-c935-4832-8c0f-178698045c5b_Wood_shaper.ttl_functional.owl,9758102,3668434,13426536
756d4706-697f-452e-99cd-dbf32081601a__ontology.owl2_functional.owl,221899149,653058717,874957866
approximated_3eafaba1-f1c6-4ba7-bac0-fd7670199809_CERIF2008.owl_functional.owl,21009724,8623623,29633347
approximated_bfde22fb-a2f8-4de1-9d66-4f6609720a73_Lodging.ttl_functional.owl,14165125,3864102,18029227
approximated_00339.owl_functional.owl,14611098,6230535,20841633
83c6048d-8b5d-4718-b652-562e9c9b366e_Race.owl_functional.owl,12741646,1142702,13884348
approximated_dcc3c365-4ed7-42b9-88f7-c0b4bd73fd4a_rus_05.05d.owl_functional.owl,2690989716,5271633536,7962623252
00500.owl_functional.owl,88460487,37195267,125655754
approximated_b1bc193b-f522-4114-b680-2525cf97c795_GeoSkills.owl_functional.owl,218956742,62368722,281325464
1eeb8b47-8f87-4a85-88c8-279f6d34e03d_CategoryDocinfo_functional.owl,16482419,2513630,18996049
approximated_00361.owl_functional.owl,14820245,14766195,29586440
approximated_fa26d005-7ba6-4036-b773-40d54473187d_mplegraph4.owl_functional.owl,15293724,12544896,27838620
approximated_05d2f474-d561-4748-a015-c580e4724e87_teChemical.owl_functional.owl,131813808,206755445,338569253
approximated_2257a589-141b-4637-8469-505afb362e73_Caboc.ttl_functional.owl,14272332,3831120,18103452
approximated_4b3ecb39-6985-4e6d-8789-cbe7962ccf75_onto.rdf_functional.owl,23559110,6078599,29637709
approximated_857d4e42-aa1d-47cf-8c39-325f5a480fc0_yowlcomplex_functional.owl,24522383,24412689,48935072
approximated_b7981c35-332d-4106-92ef-a216be1a6094_propSpace.owl_functional.owl,140289013,210328883,350617896
263fc4d6-d2f2-43de-942d-87db0e88d001_easemodule.owl_functional.owl,19515850,14968152,34484002
approximated_21bf39bd-ba1d-43b7-9d38-7a0a719441b5_igraph.owl_functional.owl,18859587,6825351,25684938
approximated_7329a1b0-f77f-46de-9c49-af3041c722e2_yowlprimitive_functional.owl,14679687,6320989,21000676
approximated_fc7d5dc1-4bd8-468d-a690-d7f24e80441d_Grounding.owl_functional.owl,13783526,7759669,21543195
0f2aefc4-a7c1-4649-8dd1-2de71dd232f5_onto.rdf_functional.owl,17703620,4036473,21740093
approximated_083aae6e-ea4f-401b-9139-9c55f0816eff_Tipi.ttl_functional.owl,16391935,3895462,20287397
approximated_dedf054f-e71c-409c-9b79-48f04a7366c3_DUL_v320.owl_functional.owl,14173256,11448752,25622008
approximated_2d9fb08b-36be-4ffc-be26-f74c0e3cb76b_COSMOtop727.owl_functional.owl,312103021,535536575,847639596
approximated_1d252e35-f2fc-4df1-9e3c-46843c6c07d0_eSituation.owl_functional.owl,17609835,7653155,25262990
approximated_cao.clusters-of-orthologous-groups-cog-analysis-ontology.3.owl.xml_functional.owl,14825779,14948148,29773927
approximated_369c54fb-a82f-4e62-b95d-66287e84dfcf_Almond.ttl_functional.owl,9347544,3830467,13178011
approximated_851a39f4-ccc9-42c3-92f6-7daed8476294_instrument.owl_functional.owl,19093452,10722474,29815926
bto.brenda-tissue-and-enzyme-source-ontology.24.owl.xml_functional.owl,166847690,364366831,531214521
approximated_79b58304-3077-4a00-9af4-e7c63d5c844e_Soda_bread.ttl_functional.owl,13366536,3712368,17078904
approximated_kb-owl-syntax-unraveled-depth-3-disjointness-constant-classes-relation-axioms-value-nominals.ofn_functional.owl,677073994,1458206988,2135280982
approximated_906c7a9b-2657-4bb1-903a-1e72db3e4e02_Rose_water.rdf_functional.owl,14297752,3628345,17926097
approximated_72699a52-124c-4881-a856-975b6518fa01_mygrid.owl_functional.owl,29075482,38195791,67271273
approximated_bc68af66-6e8e-41bb-a412-10dc09703898_ing_swivel.ttl_functional.owl,17823471,3673269,21496740
047ccf0a-9286-49a2-89fc-caa3a79a1ec4_e.obo.PREVIOUS_functional.owl,55619395,110804301,166423696
approximated_1d9a7ec5-029f-4eec-b829-fec3c0ea78d6_Sandsinker.rdf_functional.owl,20619920,3675666,24295586
approximated_3803baf5-8481-4dd5-b3ad-7a048617f01b_Wipers.ttl_functional.owl,16383937,3797434,20181371
96fcebed-0994-4d32-8308-4834d6bd311c_City.owl_functional.owl,17694962,3179244,20874206
approximated_013d0d66-afad-4519-b2b4-f8110430dab0_Windhoek.rdf_functional.owl,17086559,3735302,20821861
approximated_sedi.semantic-dicom-ontology.3.owl.xml_functional.owl,10203684,2425258,12628942
approximated_1b332f07-f7b6-44ce-b087-e3bd2425341e_cco.obo_functional.owl,6350051145,44676724654,51026775799
approximated_83c2db7c-3006-4fc4-9e88-5565472a219d_ll.obo.CURRENT_functional.owl,24383055,24996488,49379543
approximated_3fe8b1ab-f597-4dd5-a200-337148758d2c_on_shooter.ttl_functional.owl,20003564,6999559,27003123
approximated_3a506504-9268-42bc-8681-4d09a5d10aac_02wine.owl_functional.owl,24859656,7487636,32347292
approximated_00784.owl_functional.owl,24531129,20564831,45095960
approximated_17d4bfb2-bc52-4ca8-91da-8e135a55b154_opublic1.5.owl_functional.owl,12916499,4157836,17074335
approximated_91e4189d-c12a-449d-a500-ee94ef01e450_dcs.owl_functional.owl,20433605,11313842,31747447
approximated_00507.owl_functional.owl,34432524,52618958,87051482
approximated_d66c414e-ead4-4017-8484-796e875fd6d1_enAtmoWind.owl_functional.owl,134772032,210501664,345273696
860c3b65-b3a8-4436-b604-f4e7a3dbb3bc_NIF_Cell.obo_functional.owl,11767872,18002955,29770827
approximated_18dd1c2c-ca60-4c98-ae3c-d02e71fa9005_iced_bread.rdf_functional.owl,13075792,3974354,17050146
approximated_0664ecb0-6937-4bd8-8910-8fd0f0586bfb_orca.owl_functional.owl,22053414,17616956,39670370
chd.congenital-heart-defects-ontology.5.owl.xml_functional.owl,22127554,24838330,46965884
approximated_01162565-2898-4a4a-b70d-381dc2eba63c_Bed.rdf_functional.owl,9592807,3895162,13487969
approximated_4616fa0b-1917-4442-9385-a4e889515149_bibo.n3_functional.owl,17967027,5269191,23236218
approximated_kb-owl-syntax-unraveled-depth-2-triggers-constant-classes-relation-axioms-value-nominals.ofn_functional.owl,430284226,968645003,1398929229
approximated_9d742109-04aa-49df-ba09-f8bfe2f573ce_Weeder.rdf_functional.owl,9622886,4002972,13625858
approximated_288801de-db76-4e38-bb96-4d656112de85_hanaperson.owl_functional.owl,15503884,4729633,20233517
approximated_kb-owl-syntax-unraveled-depth-0-constant-classes-relation-axioms-value-nominals.ofn_functional.owl,154859603,372672659,527532262
approximated_833e3c92-1514-4c79-ad64-e2308999b2e8_wine.owl_functional.owl,30382814,16255415,46638229
approximated_956675cc-674f-4546-a43a-af514f2abd5c_pr.owl_functional.owl,3318633682,8078567740,11397201422
approximated_14902939-1a5a-499d-bca0-5ee9dae42ae7_stateRealm.owl_functional.owl,226740711,245074482,471815193
approximated_obsolete_RMOperators_addonsRM.owl_functional.owl,232931324,112773755,345705079
a904b474-8d21-46ee-a26e-ea4ebc775bdd_rphenotype.obo_functional.owl,1525925117,3431235445,4957160562
approximated_87a6aef1-1aa8-4209-b0d1-0a2780bca579_dtn.owl_functional.owl,19648283,7055925,26704208
3a8f019a-326c-4596-ba73-a8508e78b7b0_ChangeOntology_functional.owl,13752179,5184622,18936801
approximated_3535d05c-5a64-408e-ab7f-144cf08b4a77_nd_turbine.ttl_functional.owl,16241646,4061962,20303608
approximated_4fe154db-cb0b-4bbb-a1fd-79f8fdbb16e4_ting_table.ttl_functional.owl,12948990,3750609,16699599
approximated_9d5e914f-927e-4bb5-94b2-27ac636c287c_rlic_bread.rdf_functional.owl,8982179,4364073,13346252
approximated_4e7fa018-0efe-4eb2-93ea-56411512ac54_chemtopcore.owl_functional.owl,8883926,7765942,16649868
37a1ec5a-6257-4181-a6ac-d5fe7f132eae_m_anatomy.owl2_functional.owl,294188464,652896162,947084626
approximated_bb27d558-22d6-4149-b127-e8158c29a275_quanCount.owl_functional.owl,140135155,209224548,349359703
approximated_665e276c-cb27-4534-9e1b-ce951da76024_base_vocab.owl_functional.owl,24503354,35136159,59639513
5075fbb1-15ec-4917-a161-014f7aecd29b_ulusfamily.owl_functional.owl,442890808,1126244872,1569135680
approximated_0b7ecf35-7dc9-4c91-8db8-fd8a0580f56d_Lingcod.ttl_functional.owl,13836746,3728464,17565210
approximated_608d5788-6fd0-42a6-b325-fb3067b41615_ieontology.owl_functional.owl,18829434,6070638,24900072
approximated_6d5b4e23-f7c1-4ad1-a427-e823a95318aa_lue_Vinney.ttl_functional.owl,15632725,3987458,19620183
approximated_e15f5e3f-d55a-4f83-8b59-c3db90180451_CMOF.owl_functional.owl,13662130,10073031,23735161
approximated_b0982a1b-1453-41c7-b9ae-bd48b6619344_slim_yeast.owl_functional.owl,19828371,11999289,31827660
76f9d20a-cb2c-41bb-9db6-bc1a04411375_protlabels.obo_functional.owl,62701249,144398830,207100079
approximated_c686bbc1-9a07-4585-aafd-8b6f98e1493d_onto.rdf_functional.owl,16299662,4626696,20926358
approximated_9e0056c9-1e1f-4dba-aef0-6e87f0f02212_difcd.owl_functional.owl,19173615,2269725,21443340
approximated_65c4d7b0-cabd-4d27-88a7-509b2995ca31_al_anatomy.owl_functional.owl,51256435,102514673,153771108
approximated_bf02bcd2-a1d7-4461-b3a3-45a0d6c704af_pingdb2owl.owl_functional.owl,98121491,11371765,109493256
approximated_4413cc0a-279d-4176-836f-77116ac1d8f8_nceProfile.owl_functional.owl,17716934,8279246,25996180
c4200821-b9d1-4f86-9603-ca10baa1289f_wbphenotype.obo_functional.owl,55367757,120344501,175712258
approximated_59f141bc-4d63-42eb-afbc-8471c117f5a1_ive_system.ttl_functional.owl,13376880,3837449,17214329
approximated_1d237276-8068-4d48-b80c-dfb2431012d3_ndiesSiteA.owl_functional.owl,16425557,4120452,20546009
43312838-34dc-48a0-b88d-dce08d1b80f7_ACMCSS.rdf_functional.owl,69227877,74253546,143481423
approximated_71d4c2fd-96f8-468d-85f6-c16c11b5bdcd_Intel_4040.rdf_functional.owl,11502114,15407928,26910042
approximated_d1b92717-a72b-4982-ab17-9e9c3b0577cf_iaontology.owl_functional.owl,30324104,37150880,67474984
approximated_bd1e667b-2d9d-4537-b542-d3e0efb2e4c0_eFrequency.owl_functional.owl,146817880,247017065,393834945
approximated_926b0025-2faa-49e1-ae8b-36c57f400748_example2.0.owl_functional.owl,18085043,7425977,25511020
approximated_99dc893c-a2b3-4bf9-b97f-c52dde60a26e_ion_device.rdf_functional.owl,9089894,3769756,12859650
approximated_29e9413f-b508-4e90-96e4-b1d27fb0e077_attes_base.owl_functional.owl,11578380,9728549,21306929
approximated_5507c464-1eb0-446f-a733-7c6f37b66519_Turbot.ttl_functional.owl,11370335,4055255,15425590
approximated_9acffa11-126e-40b8-ad76-c0c279db8631_OS3.owl_functional.owl,467359163,233589094,700948257
approximated_fb54f671-9cc4-4f2d-a377-68231ceaf8f1_onto.rdf_functional.owl,17546802,6212532,23759334
approximated_5c0ac154-9608-4834-a1ef-4ff6ed6a7e90_onto.rdf_functional.owl,16136596,4695727,20832323
approximated_ac495788-7113-410b-b6d1-30536127a6d0_RDRAM.rdf_functional.owl,14489866,4582574,19072440
d352b445-b288-4e43-93ab-1b849754785f_ogy_v1.2.3.rdf_functional.owl,38159210,6031070,44190280
approximated_37239bc8-e198-4ede-8c07-6a71fdf50335_Semiformal.ttl_functional.owl,11132889,3705561,14838450
approximated_90a58027-c477-4f6e-9482-413b808dd290_gineering_tool_functional.owl,11109068,1825568,12934636
approximated_00075.owl_functional.owl,19195108,7888098,27083206
approximated_43b2a666-a003-4542-84b0-83308590a8fe_e_actuator.ttl_functional.owl,15198894,3737413,18936307
approximated_03c2f269-c038-4d4f-b30d-480d3a094630_racle_Whip.ttl_functional.owl,11876551,3835912,15712463
approximated_a9a6d712-792f-4edf-b1fc-c25a1feb466a_tePhysical.owl_functional.owl,135502804,208941042,344443846
approximated_0211b399-dc12-43f4-895f-39f58e618648_earthrealm.owl_functional.owl,67658532,103090581,170749113
00147.owl_functional.owl,13686326,700716,14387042
approximated_44ff75c3-291a-4963-9e77-dbf37dcca9a6_CogPOver1.owl_functional.owl,22553312,20648834,43202146
approximated_kb-owl-syntax-unraveled-depth-3-cardinalities-disjointness-triggers.ofn_functional.owl,626692492,1434515568,2061208060
approximated_kb-owl-syntax-unraveled-depth-2-km-relevant-cardinalities-disjointness-triggers-constant-classes-relation-axioms-value-nominals.ofn_functional.owl,684801361,1545480713,2230282074
approximated_3e28fe04-2f4e-476b-8428-0ac2ce40b74c_down_valve.ttl_functional.owl,9543923,3994450,13538373
approximated_4ae2073e-d089-4ced-b5a7-990d983d5f22_ux_raisins.ttl_functional.owl,18097805,3601600,21699405
approximated_0de2d073-55e9-48f6-a86f-9aed3aed1602_premises662_functional.owl,14292071,5625451,19917522
approximated_kb-owl-syntax-unraveled-depth-0-km-relevant-cardinalities-triggers-constant-classes-value-classes.ofn_functional.owl,152250116,386290507,538540623
approximated_d0db67c2-e5c1-4810-b6ca-b3f708f8a2ce_im_generic.owl_functional.owl,16473422,10293955,26767377
approximated_b3cf3b22-bc37-4915-b735-67d3214af03d_tegoryTutorial_functional.owl,10237841,1766604,12004445
cdb05144-2483-4adc-9332-01e2c31f4591__rel_names.obo_functional.owl,305594270,630877370,936471640
approximated_45181f01-13c5-4a87-9922-b5ade546ea05_DDR_SDRAM.ttl_functional.owl,16044808,3643418,19688226
approximated_kb-owl-syntax-unraveled-depth-1-km-relevant-cardinalities-disjointness-triggers-relation-axioms.ofn_functional.owl,664373204,1544245896,2208619100
approximated_49fe8031-0ed4-4dd2-9c1e-0aa280d8a13b_ulic_fluid.rdf_functional.owl,83549077,3667200,87216277
approximated_4c254284-5177-48aa-b191-98fb48336c00_ng_gliding.rdf_functional.owl,24039304,3810894,27850198
approximated_c6e552f0-502b-4de0-8c3d-10f43032b0cb_sudoku9c.owl_functional.owl,25162583,8480313,33642896
18777b02-f203-491b-b1eb-458281c64d58_imitive2.0.owl_functional.owl,64249213,5868889,70118102
e4beb4c3-1c4f-4151-9671-2c853dc09822_lexinfo.rdf_functional.owl,68803095,7182119,75985214
approximated_60bb01d0-bdc4-41d9-92d5-0343a5bb23dc_eanFeature.owl_functional.owl,295227456,219319355,514546811
approximated_833f9a1d-894c-4eef-9c93-4066d3004634_space.owl_functional.owl,186596345,20639089,207235434
approximated_5d7f4173-f7d1-4be7-84a9-83b04deb5a37_Chhurpi.rdf_functional.owl,113782436,3856071,117638507
approximated_94e695ba-eb4f-416d-8eb0-754a3e60d224_icusModIDs.obo_functional.owl,4109749000,7642254939,11752003939
01e6c221-0cc3-4315-9d50-aad6d8f1dc4d_MAT.obo_functional.owl,24540205,27129423,51669628
abde1edd-ee6b-4f51-b033-94200b9d8919_Mayor.owl_functional.owl,17301026,1784242,19085268
approximated_53b656f4-e4bf-4f29-bfbb-b12a4d298543_pe_cleaner.rdf_functional.owl,12312997,3792836,16105833
approximated_8b298292-0dfe-4908-90ef-1194d1a80e3a_se4_atwork.rdf_functional.owl,13491987,2839983,16331970
approximated_USDA_sr25_NF0_5.owl_functional.owl,30772275,7137013,37909288
approximated_00043.owl_functional.owl,2264584123,6679472905,8944057028
approximated_d629cab0-3d54-4e10-bcab-83019d4e0d67_DVD.ttl_functional.owl,15375559,3805052,19180611
approximated_c8c8c7d8-81be-4eb2-a645-3bf30f8f69db_spatial.obo_functional.owl,15249288,11662251,26911539
b4c54adc-1ff9-434d-9bdd-5895f0816e75_classified.owl_functional.owl,55992207,128350146,184342353
approximated_8486f4e9-f4ee-41a6-a2f6-4696cef9149b_Airship.rdf_functional.owl,19102827,3624080,22726907
approximated_4ec7a0ca-9349-4946-a802-44fe7e11027c_NIFResource.owl_functional.owl,72256938,149087156,221344094
714e5d26-f5f6-4e23-a7c9-8eadfe5ecb35_eKrankheiten_A_functional.owl,15619951,896349,16516300
approximated_6e55774d-8d2e-4535-9723-517060bfa0d4_coddata.owl_functional.owl,18962650,7339106,26301756
approximated_8609661e-fd10-44e7-8cf8-83342bd2256f_d_dressing.ttl_functional.owl,15912941,4489515,20402456
approximated_32933ead-7f37-462b-bf3c-f8d62d5cf956_dore_CBMII.rdf_functional.owl,14873490,3582765,18456255
approximated_9f14a3ce-a826-4b01-b95e-e6034e209e8e_sensordata.owl_functional.owl,21951347,7850317,29801664
approximated_146ae675-ac20-4cc1-b1cd-dc1cc1e7e8a6_citygml2.0.owl_functional.owl,8753514,8989217,17742731
approximated_00504.owl_functional.owl,19806789,32732703,52539492
approximated_4b92ea6b-57be-4411-8cb2-ff5aae2fcfb7_sequence.obo_functional.owl,59870764,115639876,175510640
approximated_1a1bba74-2d42-4184-992a-401f8b430813_Sauna.ttl_functional.owl,10324291,3994691,14318982
db609e4a-98a0-49ec-8bbd-be494fe5cb5b_t_taxonomy.obo_functional.owl,717266614,2154429805,2871696419
approximated_150056c5-9d93-469d-8385-bf23f3a2239c_anDynamics.owl_functional.owl,213452010,217969767,431421777
approximated_3184d3e0-b2b6-4b3e-877f-c4a315804cbb_Tachometer.ttl_functional.owl,49880272,3764363,53644635
383366e9-d911-407a-a795-ce94e519de12_onto.rdf_functional.owl,17265312,1875634,19140946
approximated_12c46cd1-6ba9-44a8-a751-9308d1fb2243_FIX_functional.owl,32189880,78389508,110579388
approximated_0ad2ca86-630c-4a9b-8bc1-707c428de501_zfa.owl_functional.owl,232442804,552865428,785308232
approximated_bc59726a-0642-4ced-a367-ee823ffa06af_Pen.rdf_functional.owl,16270204,3642912,19913116
approximated_020eda87-e823-4be9-a0b0-5c28c7a506ce_nci_anatomy.owl_functional.owl,101027397,261393361,362420758
a2617005-e005-41c9-8b50-970c7da1dbd1_unspsc.owl_functional.owl,977386133,1214768696,2192154829
approximated_ade6923e-503b-458c-9b2f-30818fa53486_geolMineral.owl_functional.owl,74352038,125383359,199735397
approximated_kb-owl-syntax-coreference-IDs-km-relevant-cardinalities-disjointness-constant-classes-value-classes.ofn_functional.owl,861276424,2292403987,3153680411
de9ebc99-2b9f-49dc-b83c-bf592c287d4b_onto.rdf_functional.owl,11364039,1825523,13189562
approximated_4f5b3a9b-ef6a-41dc-9438-a318a9e1a68d_maontrev14.owl_functional.owl,11880527,5123524,17004051
approximated_kb-owl-syntax-unraveled-depth-1-km-relevant-cardinalities-disjointness-triggers-constant-classes-value-classes.ofn_functional.owl,717879286,1639417257,2357296543
approximated_5e2e45cd-8162-45cc-8fcd-46692747c971_fbbt.owl_functional.owl,445448607,1177422016,1622870623
approximated_00545.owl_functional.owl,359357692,537696305,897053997
approximated_b19a13f0-6a92-46c1-8fb5-6a88df2b532a_bal_cheese.rdf_functional.owl,13527196,3846350,17373546
approximated_49b82e4b-0bc0-49e4-8428-65a25c8b6e59_um_anatomy.owl_functional.owl,18271352,18578452,36849804
approximated_00778.owl_functional.owl,2167927648,5765545459,7933473107
approximated_be9e225c-c6b3-4239-9575-d8f40e2add1f_oTransport.owl_functional.owl,1017565516,209269338,1226834854
approximated_25d851c2-6673-4a69-9982-7ef6789dd22d_le_spanner.rdf_functional.owl,13655648,3777918,17433566
approximated_3ee06c0e-39d1-427e-9d58-b49143c8efd6_Middleware.rdf_functional.owl,19775126,5070483,24845609
approximated_baa19b20-0233-45cf-8ac9-a55e264326d1_Meal.rdf_functional.owl,15655655,7728694,23384349
approximated_c2e2d48c-c54b-46d5-8708-f7b61461182a_oryLiveContent_functional.owl,14402489,4573218,18975707
approximated_4881c510-be9f-48bc-b503-ce965aec73b5_00499.owl_functional.owl,247610719,643790179,891400898
epilont.epilepsy-ontology.2.owl.xml_functional.owl,15214596,6390998,21605594
approximated_ce3e70f2-cb83-4367-a8bb-55c9ac45131a_tropicalis.obo_functional.owl,1935707512,4372120107,6307827619
57eed85e-f034-4b01-8ce5-73b81ee23430_onto.owl_functional.owl,13037040,3243478,16280518
approximated_17675f8f-b31e-42af-97d5-947b119a7adf_mpus_board.ttl_functional.owl,16051806,3655703,19707509
approximated_f3700bb0-81c8-47c0-9c3f-6118ca6a5d81_Hardware.owl_functional.owl,11289842,8088231,19378073
approximated_40b196da-2c70-4a27-82fd-e6a683ee92ff_vocore1.0d.owl_functional.owl,20058214,18885081,38943295
approximated_062bbc2d-af8d-4715-b703-567e1970f793_Tilefish.ttl_functional.owl,5662964,3760888,9423852
approximated_107e9b39-0c71-4fba-83e6-06f66a40ad53_tive_waste.rdf_functional.owl,12215955,3609726,15825681
approximated_kb-owl-syntax-unraveled-depth-0-cardinalities-relation-axioms.ofn_functional.owl,138589455,353872918,492462373
approximated_3ebb074d-c6a4-40dd-8ac7-bea763b49534_elegansMOD.obo_functional.owl,5176399006,10257544225,15433943231
approximated_b4f92f63-64cf-4d40-98ee-3aa3db11de5c_Protection.owl_functional.owl,37129669,53864851,90994520
approximated_00293.owl_functional.owl,31499892,29319250,60819142
approximated_547566e9-f668-4544-acec-07bdfad22697_propBinary.owl_functional.owl,136062403,250533923,386596326
approximated_1fa63c10-447a-4d20-83cd-c62366f3be92_mergedncbi.owl_functional.owl,7932617599,15962884585,23895502184
approximated_bd8a097c-d2b9-4a47-8cc3-a497061d79a5_Voltmeter.ttl_functional.owl,14975762,3873940,18849702
9a55f313-0530-4623-98b9-31f8a04bf0bd_Politician.owl_functional.owl,23831215,3574898,27406113
approximated_1e8ec488-6385-4e59-987f-b3bc8c8b41f3_ro.owl.CURRENT_functional.owl,23454774,37126528,60581302
approximated_ec6f4491-4f4d-4648-9399-28f0417b06a5_304onto.rdf_functional.owl,11429150,4832438,16261588
approximated_00480.owl_functional.owl,38100892,43834904,81935796
approximated_0808a2d3-3879-46c1-bf0b-d5760f4172fe_ench_toast.rdf_functional.owl,13780252,3785953,17566205
approximated_00669.owl_functional.owl,184716709,478801691,663518400
approximated_amino-acid.amino-acid-ontology.2.owl.xml_functional.owl,13749994,8542229,22292223
approximated_018bd856-d44d-4f37-9efe-7a987a39072b_COSMOtop799.owl_functional.owl,346764469,606898500,953662969
approximated_1d48533a-055e-45ef-ac75-7833beffe0d7_griculture.owl_functional.owl,82704567,151897994,234602561
approximated_7fa473bb-2ce7-4f60-8fd5-4280f357a687_conut_milk.rdf_functional.owl,11854849,3986340,15841189
approximated_458f1356-946e-4868-b364-c4d7aac89bf9_ston_valve.ttl_functional.owl,17247517,3627836,20875353
approximated_661fb4b3-f118-4aad-98ab-a5552eb3c9ab_Liverwurst.rdf_functional.owl,13986626,3673683,17660309
approximated_70b9f51e-ec42-4caa-b280-eee28e5abe2b_Abike.ttl_functional.owl,14225208,3808079,18033287
11253925-8c78-4fa1-9e13-559eff977623_nnotations.owl_functional.owl,6730091529,5720539655,12450631184
approximated_34fab5c2-1d46-4e9c-b175-6e95156b1c73_onto.rdf_functional.owl,10440666,5082984,15523650
approximated_35ca8cf2-41bb-4026-82fe-b72313bb93ac_Ketchup.ttl_functional.owl,15047821,3864758,18912579
0ca85c03-017a-4a62-b47d-82d1ae7c815a_4802s1s2s3.owl_functional.owl,239577515,165877052,405454567
approximated_5bcb4c41-55dd-4b61-a4ea-27539c5b07e1_SNS_Fall04.owl_functional.owl,15242590,4822317,20064907
d59d9202-24a1-4c98-b93c-62ae8f1c4f81_p.obo.PREVIOUS_functional.owl,413150749,817156433,1230307182
approximated_bp.biopax-ontology-of-biological-pathways.1.owl.xml_functional.owl,13548499,7274805,20823304
approximated_690e9270-9190-4c64-abd2-1e1489b896c7_Dolcelatte.rdf_functional.owl,13723744,3774675,17498419
approximated_5c8768cc-dc0b-4b36-91b9-36d358debe43_GlycO_0_7.owl_functional.owl,350517117,487310448,837827565
43a158ff-dc85-49f7-a46e-0854a81b1c14_genia.owl_functional.owl,13529276,2516157,16045433
mp.mammalian-phenotype-ontology.281.owl.xml_functional.owl,219518829,659664436,879183265
258bcc3c-ed5e-46aa-8174-36100df973ca_hpsimple.obo_functional.owl,234873648,697056790,931930438
approximated_15aab7bc-ea55-429b-8dcb-0502d813df56_classification_functional.owl,53523320,41793334,95316654
27d9b2f2-774a-420a-a9c4-5cf12c85c685_MFOEM.obo_functional.owl,13960678,10353156,24313834
1b2d4d43-16ab-46b9-8bbb-3da7cba9a414_rerelease.owl2_functional.owl,231358077,488764146,720122223
approximated_a6f90bea-8b65-4b71-9253-69700a277c88_ceDistance.owl_functional.owl,137967395,244784436,382751831
210b263a-069c-49f7-b88b-6435a43d2b89_Cricketer.owl_functional.owl,15726474,1811962,17538436
approximated_e73a4edf-f0df-4550-bf82-12e22849fbea_storage.owl_functional.owl,23174374,17084966,40259340
approximated_8f28b5ff-986a-42d8-bce1-0060678cab3e_ticipation.owl_functional.owl,34075804,21845072,55920876
caeee928-8212-42af-952d-655e727a00ef_egorieGemC3BCt_functional.owl,15918260,927263,16845523
approximated_00256.owl_functional.owl,8353705,2786067,11139772
nigo.neural-immune-gene-ontology.2.owl.xml_functional.owl,166024697,447502216,613526913
approximated_34caa7d7-04bb-4443-b597-f26cc3dce7a2_onto.rdf_functional.owl,17024167,5037044,22061211
approximated_be3f9e2c-fbaa-4fa8-8755-e8880987ae6b_dbpedia_3.7.owl_functional.owl,48771252,81016765,129788017
approximated_3df658b2-e3e3-466d-9b90-4950640bb72a_oss_BV_141.ttl_functional.owl,14942426,3694840,18637266
approximated_kb-owl-syntax-unraveled-depth-2-km-relevant-cardinalities-constant-classes-relation-axioms-value-classes.ofn_functional.owl,412014710,1033380487,1445395197
approximated_76b17bd3-d360-431c-9289-256713505ed1_phenomena.owl_functional.owl,82111979,146494278,228606257
approximated_ae74d0dd-a983-4826-8489-0dd4ce871146__component.owl_functional.owl,113673951,250022239,363696190
07b96969-c53e-4563-b6fa-496d0371de6f_nent_xp_go.obo_functional.owl,30669557,5871075,36540632
759602e5-68de-47e6-bdab-821b9d5f2b10_ryParser_hooks_functional.owl,13156966,973144,14130110
00380.owl_functional.owl,190383859,123265141,313649000
approximated_1a5eec94-f14b-4653-a002-fd63a344e9a9_2_20091006.owl_functional.owl,100465017,195004564,295469581
7e9d6dda-62cb-4225-8153-8f4b92b9bdd8_eKrankheiten_F_functional.owl,12442847,927452,13370299
approximated_73bf026e-4b77-4c0e-a53f-0f436c68058e_Black_tie.rdf_functional.owl,19774063,3865755,23639818
40c95296-45ae-4461-b126-b4c72ea42ba4_Single.owl_functional.owl,19471864,2625553,22097417
approximated_4f3e89e4-a29d-47ae-898a-7ab2000ae329_go_xp_chebi.owl_functional.owl,138528426,289878755,428407181
a90336b2-59b4-4321-aa62-df337a1e7ac1_chebi.obo_functional.owl,2426447303,6273433136,8699880439
approximated_f8b28dca-f9b8-485b-9853-d457a26a069c_mergedtbox.owl_functional.owl,8533575842,18258368177,26791944019
apo.ascomycete-phenotype-ontology.25.owl.xml_functional.owl,23064765,14100111,37164876
approximated_dfc3bcd5-a7e4-4a35-8e9f-7a4d1c6612f8__functional.owl,28569118,20302608,48871726
approximated_1969743c-585d-40e2-933d-c3b79779e7d0_Velveeta.rdf_functional.owl,9978616,3720830,13699446
84e3ac05-2b9d-436a-b716-491ca3b4e8be_imals_TREE.owl_functional.owl,22409520,43418918,65828438
approximated_4f572e77-9bba-4120-a5da-bf068948b705_sm2gv.owl_functional.owl,14280118,3351346,17631464
approximated_5d46cfea-1413-4903-b508-71ac3260c22b_tland_Blue.ttl_functional.owl,15489857,3861106,19350963
approximated_8d095207-5d05-4c09-b060-e600ee9013c7_ntology_v9.owl_functional.owl,12987347,6764113,19751460
00cd6685-258f-4e6b-8ad9-c071710ff8bc_rex.owl_functional.owl,24876425,34927619,59804044
approximated_2d7f654e-23c9-40e5-8deb-4e35e4486897_NIFOrganism.owl_functional.owl,121027450,218732587,339760037
approximated_345a9325-41c6-402c-813f-d065f16a4127_hial_valve.ttl_functional.owl,17275657,3686252,20961909
approximated_684d9c2c-6c18-496f-a15d-51112d395561_partimento.owl_functional.owl,14457549,9264610,23722159
approximated_b9ce70fa-ed9c-4dd7-b616-7168ce50a9da_leOntology.owl_functional.owl,13872066,4199252,18071318
approximated_7ddc417d-150e-427b-a6fa-7826a4bae6d6_amo1.owl_functional.owl,8827006,5663532,14490538
approximated_4fe641af-4c48-4833-a5a3-c86cdb56a5a4_ogy_v2.2.1.rdf_functional.owl,33521473,4688171,38209644
approximated_19225851-bd88-4b53-99fe-b18e985a9dd3_n.obo.PREVIOUS_functional.owl,354895967,970861466,1325757433
approximated_00759.owl_functional.owl,181918138,455143728,637061866
c8c9ecdf-176d-4ab7-929e-fb214fa442ce_unit.owl2_functional.owl,18015303,18365386,36380689
approximated_46f1d501-0921-4b69-a53e-90d58c2715b0_asnetwork2.owl_functional.owl,17051851,12284087,29335938
approximated_5a16c550-5063-4a82-9434-947dfffb97af_MakC3B3wki.rdf_functional.owl,11943592,3770885,15714477
approximated_38420a39-0297-40e0-9e4d-38d18fa68e54_dering_gun.ttl_functional.owl,9521910,4255533,13777443
12b840f1-3551-4306-9a17-62b4f221765f_ccs.rdf_functional.owl,16804241,18237713,35041954
0b13099f-0f58-4c6e-9b97-a002fa5d93d4_wbls.owl_functional.owl,13546446,9669519,23215965
approximated_8349bd12-c0f7-4591-aa71-847e734eabac_spatial.obo_functional.owl,15940748,12367008,28307756
approximated_00696.owl_functional.owl,166841569,382277178,549118747
approximated_c819362f-1e63-48f3-b27f-dbfc515b537b_Boilie.ttl_functional.owl,13560681,3698319,17259000
approximated_2dcd0eac-1c50-4f9c-b80f-cc71ba022d72_OpenConf.owl_functional.owl,10064047,6251399,16315446
approximated_39493b69-3be5-47c1-aa9f-ea43a2296412_Alpha_21264.rdf_functional.owl,10469396,3945928,14415324
approximated_c3747451-843b-40fb-9feb-4d10d91638ea_owers5.rdf.owl_functional.owl,14073698,15683892,29757590
approximated_13b3bf54-f54a-4c39-8e5b-b6959e2a5042_Almond_Joy.rdf_functional.owl,17495674,3900569,21396243
approximated_kb-owl-syntax-unraveled-depth-4-cardinalities.ofn_functional.owl,365508505,916393854,1281902359
approximated_kb-owl-syntax-unraveled-depth-2-triggers-relation-axioms.ofn_functional.owl,527034587,973415388,1500449975
approximated_332019b1-4d6d-4780-a723-fe50077e91d2_prSciUnits.owl_functional.owl,218397570,220202418,438599988
approximated_cdd988e8-599b-4fa5-a062-b8bbb42b8fb8_ty_barrier.ttl_functional.owl,63336376,3728143,67064519
00141.owl_functional.owl,9834252,5048580,14882832
approximated_2c7d0146-30ac-46a5-9b31-e9b8e90f3044_yrightonto.owl_functional.owl,26246117,37864831,64110948
approximated_424de942-b7d8-4c54-a7ca-128fd573d9fb_ero.owl_functional.owl,83400004,203148176,286548180
353994c8-f9ad-4571-9d40-542a61426246__documentation_functional.owl,60692664,8558760,69251424
approximated_553ccccd-e115-409d-9c5e-3797f2f06102_mGeolBasin.owl_functional.owl,131495417,213127419,344622836
approximated_e6b5b12f-c643-4be7-bf76-da94893c2aaa_ng_cabinet.ttl_functional.owl,14694201,3950978,18645179
f6f4c4c3-4dac-4614-9ea0-603541240a9e_po_anatomy.obo_functional.owl,65565096,112311862,177876958
07755c88-21b7-4e1b-9117-55743e7d9690_spd.obo_functional.owl,28592294,42886363,71478657
approximated_7a3a1cfe-049b-4d20-983d-2081812eb118_academia_functional.owl,15370466,10391420,25761886
approximated_1e5351d9-efb0-413c-873f-6dc1272ae820_224onto.rdf_functional.owl,16977407,4859794,21837201
approximated_d0a3997a-5008-4708-a89c-38042dd495bf_od_shingle.rdf_functional.owl,12467143,3729594,16196737
approximated_d2b023a4-84f4-4906-a94d-3d6b6c743af7_onto.owl_functional.owl,13968183,8082554,22050737
approximated_c470ac41-a5b7-4389-b964-e618c4d72969_mGeolBasin.owl_functional.owl,134413107,242620930,377034037
approximated_0d57cca7-645f-4d1a-9a8e-d86f84f4720c_Beurre_Rose.ttl_functional.owl,16507127,3683186,20190313
approximated_00352.owl_functional.owl,79713160,164785275,244498435
f1daa98a-0c0c-4611-8088-28ef21771a7e_emapasimple.owl_functional.owl,175311067,375736579,551047646
approximated_1c8cccb4-52f4-478b-9262-fa701006c18b_D_battery.ttl_functional.owl,12081335,3839532,15920867
approximated_97ef5aed-8e4d-4dc6-a14d-47cd1919f28f_context_functional.owl,14118026,9577058,23695084
f0be42f5-c048-4674-be77-0d7bfaafee68_DO_XP_ALL.obo_functional.owl,409873229,1084663727,1494536956
a373c48f-bcd6-45e8-845f-6ca6c9f92337_reriochrom.owl_functional.owl,17793312,23765008,41558320
106f006d-0556-4729-ac2f-44167d2436a5_Congressman.owl_functional.owl,22431874,1924774,24356648
1cf51054-da0f-4186-ad5c-1f10e4e2f4da_imitive1.0.owl_functional.owl,14740820,12141442,26882262
f136da36-8ce0-43c5-a481-7c50847b0cbc_ossAnatomy.obo_functional.owl,97995203,145774191,243769394
approximated_1b8adcb6-7ece-4a76-9a7e-0c3847ff4c50_Bratwurst.ttl_functional.owl,15771824,5637068,21408892
approximated_7170dcd2-7e26-485d-841e-c814493d57a8_Ice_axe.rdf_functional.owl,14930288,3718638,18648926
approximated_55f6776f-3720-45d1-adcf-88ff1926d167_brevetti.owl_functional.owl,15686170,5259634,20945804
approximated_79259baf-350d-4f56-b7fc-04f51de8a819_Z9_Avrocar.rdf_functional.owl,13898001,3859247,17757248
approximated_6ce48d9b-d339-4808-9adc-e672ab75b33f_bom.owl_functional.owl,20189660,10583476,30773136
approximated_2fb07a83-496a-40f5-9ccf-db69de9ea05a_Actor.owl_functional.owl,18243819,10015150,28258969
approximated_68788840-887d-4bb5-87bd-95400423aa74_Clarinet.rdf_functional.owl,13595554,3608849,17204403
approximated_a02b7694-d987-4194-ae39-aa689354441c_al_anatomy.obo_functional.owl,12854977,5294341,18149318
approximated_02e7a214-561d-41a0-bda7-e169770102de_Wine_rack.ttl_functional.owl,11607374,3628753,15236127
00b86bdc-e16b-46bf-93fb-9cde6849dcc8_onto.rdf_functional.owl,14141286,1746773,15888059
a3d8b04c-e866-4efa-b462-0fe85f9b3bdb_fypo.owl_functional.owl,497982889,848827998,1346810887
approximated_8be5e4da-0fe7-4f3b-844a-09d0a3033240_uctures_RM.owl_functional.owl,19541333,10774762,30316095
approximated_edad47f6-775b-41c8-ad92-b9777a40bca7_ML_1.2Onto.owl_functional.owl,16952802,12499817,29452619
cmpo.cellular-microscopy-phenotype-ontology.11.owl.xml_functional.owl,12772712,18003305,30776017
approximated_5ffd2596-19f9-4691-be80-566c1275ae58_Drambuie.rdf_functional.owl,16082452,3727696,19810148
approximated_00548.owl_functional.owl,93021050,219842898,312863948
approximated_a0ab7dd5-7c95-4dae-8e99-0186e6f796bb_geolOceanic.owl_functional.owl,95987977,147276219,243264196
approximated_62cdf09c-bc97-4c57-9fae-a318b2aa1468_ESG1.1.owl_functional.owl,15720321,4125758,19846079
approximated_b4b3884d-6acd-4236-a09f-a0e476eae7b5_Seismicity.owl_functional.owl,136665585,242944746,379610331
approximated_f873fce7-5282-4b65-a0fe-01f1346d9363_DataObject.owl_functional.owl,5383689,6267985,11651674
approximated_605533de-0718-4cae-982e-cd271c04cf9e_esmeta_1.1.owl_functional.owl,29766582,18479887,48246469
approximated_87e3a796-cae9-4d97-87c6-390852e6c7fc_Hand_saw.rdf_functional.owl,17962213,3901847,21864060
approximated_380156fe-2871-41ac-9264-102d1867b1e7_Baked_beans.ttl_functional.owl,12793789,3923125,16716914
approximated_6349911a-d7c4-4d7d-bc18-b27e70b4518f_metadata9.owl_functional.owl,16948456,4882327,21830783
approximated_19e14cc8-e424-4523-9ebc-fba3d73b9bc4_building.rdf_functional.owl,15442347,3449863,18892210
acbea8ad-8cd3-4cd7-bc29-2fff6d73b7cd_latest.02.owl_functional.owl,2385094305,1972653198,4357747503
approximated_0a34b484-24ef-4c1e-8a65-baeabfcc8bb7_nikon.owl_functional.owl,31861835,19529592,51391427
approximated_b170558c-9e76-4d57-b0f0-9db8bc54b604_ridprotege.owl_functional.owl,36958026,37861514,74819540
approximated_01ba558b-f0ff-45a0-b3c1-f3bd40c03862_ontopic.owl_functional.owl,27560059,22631998,50192057
8585e08e-9d84-4e0f-8f3f-96e7fd09acdd_micmarkers.ttl_functional.owl,19232168,17183006,36415174
approximated_kb-owl-syntax-unraveled-depth-2-km-relevant-cardinalities-disjointness-constant-classes-value-classes.ofn_functional.owl,697843871,1535345435,2233189306
approximated_b02422f6-78f2-4f4e-abdb-760bfca6c0ce_BMX_bike.rdf_functional.owl,19757507,3715770,23473277
approximated_815afcb4-6159-4a5e-b51c-ee73bcab6336_laChemical.owl_functional.owl,137730837,242799020,380529857
approximated_3a6b53a0-2b8c-4e45-b1b5-fd3bc3a90488_complex1.0.owl_functional.owl,18371123,12112476,30483599
14ef665c-6583-4bdd-87d3-5461313ff8bc_apdvsimple.obo_functional.owl,25318497,27120400,52438897
approximated_19433c70-c6eb-4920-9ffb-34cf8bc766ca_Tart.rdf_functional.owl,10411308,3928760,14340068
approximated_9192d403-e4b4-4a77-ab24-e75b66be0e73_EV_functional.owl,25306351,48178407,73484758
71194406-1320-4a35-bae6-1a6062dec5e5_s_biology.owl2_functional.owl,22538520,26191083,48729603
b1dd6f74-e1e0-4bd6-9f76-f19b11d48f99_Amphibian.owl_functional.owl,14716495,1414381,16130876
approximated_b46ebd36-2a5c-4710-84c0-f2c061982718_onsumption.owl_functional.owl,263068964,123248981,386317945
approximated_3c7b56d7-804c-40b9-93e4-d961f486cba5_tato_bread.ttl_functional.owl,15983185,3846816,19830001
5cf27563-c33a-4df3-93f4-dff22f46ae47__rerioexpr.obo_functional.owl,2147510213,4528443199,6675953412
approximated_11e8d044-d5dd-4c4d-ae57-3bf56391115d_Intel_4004.rdf_functional.owl,13543569,3696783,17240352
approximated_1e95fdde-6d7e-4b71-9553-e3c0d1a14419_Epoxy.rdf_functional.owl,9926629,3946107,13872736
approximated_bho.bleeding-history-phenotype-ontology.3.owl.xml_functional.owl,27745804,41056986,68802790
approximated_51795fd1-01a4-499e-ab77-2eb5f2dcf60f_goplus.obo_functional.owl,2138237552,6203091959,8341329511
approximated_7c0d1054-0b6c-4178-9011-6d74cf7149c6_KAoSSystem.owl_functional.owl,22173919,15536992,37710911
approximated_3ee1d65b-eae7-4045-9cb5-b5938783acf9_gy_clavius.owl_functional.owl,14498467,1871689,16370156
approximated_7a498e86-adf5-4f5b-baab-2ecf37815454__Limestone.ttl_functional.owl,12087152,3790714,15877866
approximated_0868b6f4-3b34-4e47-982a-380bdaf3fde4_onto.rdf_functional.owl,15545720,5067537,20613257
approximated_b927271c-9ff1-41b5-aa6b-63c62eca8830_trol_valve.ttl_functional.owl,18336474,3718347,22054821
approximated_9aca9470-a600-4853-b615-de337b1f9ef0_tato_salad.ttl_functional.owl,11315209,4402151,15717360
approximated_9ec1eb61-a4c4-420a-9d97-a2db97a73e96_vno_cheese.ttl_functional.owl,16419260,3731201,20150461
approximated_1259dc4d-3599-4e55-830b-bf1e4bd25084_ethodology.owl_functional.owl,140991429,201141520,342132949
approximated_5546a4ee-105f-41bb-83b5-19109774781b_conditions.owl_functional.owl,9041048,4664602,13705650
03d08800-8a69-4aa1-9857-90813d251be8_imitive1.0.owl_functional.owl,8995958,6100305,15096263
approximated_1e0f6818-9082-4dd5-a3a6-d5e505ca8fc0_Renaico.rdf_functional.owl,13886064,3783637,17669701
approximated_5e98899b-f5a8-4691-a51e-72f0eeb3d078_Fldle.ttl_functional.owl,24537284,3614823,28152107
approximated_0fd2a1c4-73ea-4387-999e-4daece859826_Aejo_cheese.rdf_functional.owl,19025954,4158295,23184249
approximated_3f355f53-a787-41d3-b850-c085db9b7ff5_agent_functional.owl,12872128,5649121,18521249
approximated_bbe7c6e3-ac93-48eb-b5f4-8554ed2f8935_itionGroup.owl_functional.owl,15685887,10838858,26524745
approximated_00163.owl_functional.owl,16653514,1702857,18356371
approximated_047a7779-e463-444f-becb-5f3555e57f4e_Tweezers.rdf_functional.owl,13811920,3686375,17498295
approximated_953f1554-28d0-4e17-9ee9-9e48e45f4e8d_Flat_spline.rdf_functional.owl,13246313,3953182,17199495
479e1fd4-e79b-42d6-9056-63f9e2e43403_condition_1.owl_functional.owl,208032410,551759257,759791667
approximated_055b9253-c488-4464-8e7d-e70ae5b38984_Elbrus_2000.ttl_functional.owl,15121202,3655617,18776819
approximated_678cf775-98d2-477a-96bb-e783ef1a60a4_a_20110128.owl_functional.owl,52675340,9852438,62527778
approximated_221e314e-e48e-49fd-959c-17cac0f907c0_lus_gallus.obo_functional.owl,2140598321,4694039070,6834637391
approximated_845501d3-ced5-474f-9281-f77d6fc3f597_pizza.owl_functional.owl,81861479,14205829,96067308
approximated_4dbce668-b8ee-4517-95ab-49a9ba332edc_Svecia.rdf_functional.owl,106433731,7861306,114295037
approximated_8c7a3449-e9dd-4048-ac18-724ec279fbd2_brevetti.owl_functional.owl,44171455,4849288,49020743
approximated_00369.owl_functional.owl,957932229,2806726851,3764659080
a691ccf1-4e49-49e9-a216-d3c92b69dc4d_mirosimple.obo_functional.owl,86700681,213174955,299875636
approximated_00008.owl_functional.owl,13385511,5248521,18634032
approximated_13a55f2a-09f5-4df9-967e-3fd255c70ef6_Spoon_lure.rdf_functional.owl,13187046,3653936,16840982
approximated_00036.owl_functional.owl,448919826,1235090545,1684010371
approximated_06525848-fecf-499a-aea7-6edd68b70d82_ng_service.rdf_functional.owl,18420376,3700933,22121309
approximated_d0451fca-adc4-451b-86db-af814e5c124d_newsall.owl_functional.owl,43214887,10085938,53300825
approximated_1959161b-9d79-474a-adc6-f9f0e575e5e3_shing_lure.ttl_functional.owl,12492066,3613886,16105952
approximated_1c6221c0-89c0-4ed7-b1ac-3724019b5fcd_LMM_L1.owl_functional.owl,19121200,19036831,38158031
approximated_cc78205d-5da0-4052-99fb-4cbd06c37468_ansuniprot.owl_functional.owl,820390137,626725182,1447115319
approximated_48bc63b8-2e25-4f60-bc93-ba653667bb6b_quality.owl_functional.owl,26190048,31973587,58163635
approximated_6d61b3b6-285e-4a41-b63e-876770ff7061_anPressure.owl_functional.owl,130399413,211554938,341954351
approximated_2252824f-1541-4b6a-84ca-18e9b781c975_rStandards.owl_functional.owl,145131858,225241251,370373109
approximated_bb5109c4-6e55-4d3f-8b0a-f50e2e901cc4_om_cabinet.rdf_functional.owl,16873548,4094532,20968080
approximated_20d66bd6-8ede-47e3-b2f7-cca4d8cfd568_EAM_Jeff.owl_functional.owl,12158714,7342181,19500895
approximated_8297b44d-ea8f-47c1-9ac5-7be445dfe365_photography.owl_functional.owl,25248712,17075957,42324669
approximated_28a0f298-efb5-428a-b851-0b98771c8bd8_Hydrometer.rdf_functional.owl,11665751,3824248,15489999
approximated_65ee265c-a807-4b66-b966-ab995ace85ab_CoAXMessage.owl_functional.owl,14774584,10319467,25094051
approximated_e4f51d20-f73e-4fdf-9625-f0cc3594b817_Event.owl_functional.owl,22090188,9019786,31109974
approximated_29ada0c8-37e0-4a68-9104-70c6ff73544f_stribution.rdf_functional.owl,11935083,3724637,15659720
0dfaad8e-e810-4a2d-bf80-c819c2d4ebd8_ntestEntry.owl_functional.owl,13837383,952836,14790219
approximated_kb-owl-syntax-unraveled-depth-3-disjointness-triggers-constant-classes-value-classes.ofn_functional.owl,651942202,1510286280,2162228482
36c2d153-8ea8-461d-9c39-bd2d99db7d4b_component.owl2_functional.owl,178826517,248559125,427385642
approximated_5243bb26-b0bf-48ef-a3dd-e031988e0f90_tionMedium.owl_functional.owl,72559075,123551575,196110650
approximated_7cf77909-356c-40d8-b30a-1fe620378b1e_k_products.ttl_functional.owl,13375784,4267142,17642926
bsao.botryllus-schlosseri-anatomy-and-development-ontology.1.owl.xml_functional.owl,19525944,17035663,36561607
approximated_00467.owl_functional.owl,121428748,342131944,463560692
823eb7a0-ebe9-4f4d-9136-b09a61afec58_Broadcast.owl_functional.owl,9209324,697183,9906507
approximated_e5245c87-5675-4ad8-95fd-5a25077d0efc_mergedtbox.owl_functional.owl,2426280264,6104524825,8530805089
approximated_94f52f1d-6d16-48e0-a1d0-fbaa0316692c_description.owl_functional.owl,45498106,15838056,61336162
812f771a-df0a-4326-b234-1ed28b255fd3_protlabels.obo_functional.owl,21716549,22939497,44656046
approximated_ff05f15c-d786-414e-8b52-b7e453f87025_PaulFisher.rdf_functional.owl,13935094,2841434,16776528
approximated_77a7c30a-ad55-46b9-8c84-627d375529e0_Loan.rdf_functional.owl,11160285,3637723,14798008
phenx.phenx-phenotypic-terms.10.owl.xml_functional.owl,13600029,16358940,29958969
approximated_2da55e1d-402e-4124-916e-e8e4499e115c_Monel.ttl_functional.owl,12553382,3699479,16252861
0a79395c-92c6-4b9f-99f1-c25649174dac_fma.owl_functional.owl,2605672831,7026154626,9631827457
approximated_d8ec6a79-0ef2-4cd5-a0d8-c04aecc20b72__gpcr_v1.1.owl_functional.owl,26707615,50458856,77166471
01d8952e-9fe6-4df0-b521-857ac465edcb_xco.obo_functional.owl,71535247,25900031,97435278
approximated_bcb04899-b0b6-4ea2-8932-f991c5bdc426_ing_Falcon.ttl_functional.owl,80627923,3736615,84364538
approximated_574f37f1-6baf-413e-8b2c-1d41a5d1aab8_BAO_v09b553.owl_functional.owl,31519297,29258505,60777802
approximated_0936b740-898a-43a7-a73a-6425804b6ec4_Kreple.rdf_functional.owl,93593692,3652853,97246545
85b140e2-f8df-4493-bd8d-1fee20e496c2_gold2010.owl_functional.owl,17936414,25070138,43006552
approximated_ef326db9-7539-4d2e-9a97-50bfa0dd53fc_Context.owl_functional.owl,95195496,12845323,108040819
0724ea7f-e9b2-460f-b5ab-85a868f64b2d_onto.rdf_functional.owl,82311401,623351,82934752
approximated_9373b4d9-86c4-4afa-812b-83ea091c2db5_onto.rdf_functional.owl,18175608,6572773,24748381
approximated_1d4272b7-e92e-4776-9f08-892080eab941__fireplace.rdf_functional.owl,48681213,3593500,52274713
approximated_mamo.mathematical-modelling-ontology.6.owl.xml_functional.owl,14472744,5996950,20469694
approximated_6f6e69f4-9975-46c0-a1ac-52363adf4b58_senpfeffer.rdf_functional.owl,15008695,3747148,18755843
approximated_4e3664a6-dab0-44ae-ac0a-9988e830c4bf_metalexcen.owl_functional.owl,11025503,9007237,20032740
approximated_17dcbae5-9ba0-4189-88c6-fec37f7ac096_ionemodulo.owl_functional.owl,25545982,15567245,41113227
approximated_0f1ea8ca-729a-4699-84a0-60765e987c41_Vark.ttl_functional.owl,17101122,3899586,21000708
approximated_a7f87f9d-56e0-4910-ab73-8b75fbde285a_sparqlmotionlib_functional.owl,23515724,19240018,42755742
approximated_05700f04-add6-47c1-9ca9-6c6fe052ebb4_moland.owl_functional.owl,25033449,33432694,58466143
approximated_6289ba71-4f7b-43ca-8aa1-8dc9342e9688_ology_v2.2.rdf_functional.owl,19016891,4743616,23760507
approximated_41e51557-d48d-4e10-9c60-7462921f0e47_ontinental.owl_functional.owl,97958131,158922349,256880480
approximated_df296c44-7632-4935-be07-c12b1b4eedc2_exif_functional.owl,16999589,6466918,23466507
approximated_b7e3aa6f-c64c-47e5-a067-fefb7b44d718_eel_square.rdf_functional.owl,14616071,3748828,18364899
approximated_12240bc8-a0c7-48b0-8164-c905cf55c21e_ingAstrova.owl_functional.owl,94657681,10742546,105400227
approximated_7cb4a95b-a528-426b-9730-a85b326fb567_tiveocean1.owl_functional.owl,18997909,7362723,26360632
bada3181-13fd-47a1-b83e-ac028f913221_isiaeensfm.owl_functional.owl,200115899,428496351,628612250
approximated_c22cd9c2-c87d-4152-908a-728bed708054_COSMOtop761.owl_functional.owl,337831367,585713610,923544977
approximated_89a3b507-aae8-4196-832b-44de8b745eb7_rina_skirt.ttl_functional.owl,12941553,4075845,17017398
approximated_68a84b71-a6a9-46fe-a746-131ee6e44113_nOntology.daml_functional.owl,15009820,3959722,18969542
812207c8-f9fb-4d2b-be9a-c5870f078b0c_sep.obo_functional.owl,17803748,12728795,30532543
approximated_0bf9fa83-bef0-4ea9-a308-7706780329f0_d_Approach.owl_functional.owl,54803546,51803212,106606758
approximated_4db971f7-8f8d-417b-b9c3-023152610d86_istryprimitive_functional.owl,15364658,8400581,23765239
approximated_5fad4e0b-cff1-4757-bf67-246b71754f05_bibo.xml.owl_functional.owl,13127845,5721331,18849176
approximated_b2dd222d-d5be-4625-9ded-28c0007b8f44_phenWave.owl_functional.owl,133766821,242215318,375982139
approximated_7c3ce547-ea50-4868-bd3f-f0cf4c83e342_infoFile.owl_functional.owl,41987813,29419221,71407034
approximated_kb-owl-syntax-coreference-IDs-km-relevant-cardinalities-triggers-constant-classes-relation-axioms-value-nominals.ofn_functional.owl,601410547,1670211185,2271621732
approximated_0b3b564a-2455-472e-8139-62dc793add52_realmOcean.owl_functional.owl,135699515,207484577,343184092
16b7bd3c-bd6a-476c-bcf0-b690110e5836_seasesv1.1.owl_functional.owl,10512950,11570273,22083223
62c4d22a-0335-44d9-8ac9-83e9e3dd001a_tadssimple.obo_functional.owl,34276862,48159693,82436555
approximated_498b0554-b7a2-4fac-bd67-d51865f47878_Gicle.ttl_functional.owl,18753169,3744045,22497214
196069ae-47e7-4d81-8630-3a0f827f20d6__ontology.owl2_functional.owl,128220147,344031605,472251752
approximated_cf5c14d7-7a10-4f7a-b4d1-0cb66c488c7f_GeolOrogen.owl_functional.owl,132881858,243587424,376469282
approximated_3dab6429-d89e-4f53-8005-0e8ff032fec2_circulator.ttl_functional.owl,13330440,3958349,17288789
c5d5db0f-effa-4a10-98fa-9c06285acb65_4802s1s2s2.owl_functional.owl,214587946,118863286,333451232
approximated_88f4b355-2d6d-46c9-84fb-336e8b689558_OMIT.owl_functional.owl,83532600,204043920,287576520
approximated_3dcc15cd-68f5-4dc0-93d8-3f5afafc105a_mergedtbox.owl_functional.owl,14997925071,20610487062,35608412133
approximated_qudt.quantities-units-dimensions-and-types-ontology.4.owl.xml_functional.owl,97191804,10227065,107418869
approximated_27d63b9c-2420-4ad1-80be-f48c0641f96e_ompoundIon.owl_functional.owl,325390717,126706653,452097370
approximated_2f567888-a654-4ddd-9c66-e0762b2f6d2b_MSKB_ver2.owl_functional.owl,134755776,10904115,145659891
approximated_2e7064ec-d7cc-4345-9aa0-6c70d8969dea_mAstroBody.owl_functional.owl,553708266,202577108,756285374
approximated_USDA_sr25_NF0_15.owl_functional.owl,123105639,32942180,156047819
approximated_5c8d7e83-7cc4-443d-9a9b-afea99436aff_netcdfobj.owl_functional.owl,13300600,2841162,16141762
00304.owl_functional.owl,10216500,2487345,12703845
doid.human-disease-ontology.402.owl.xml_functional.owl,134605624,346960020,481565644
approximated_15ba4ad9-d233-4871-a84a-eebdd852c818_mergedtbox.owl_functional.owl,3484948421,7413372249,10898320670
approximated_mhc.major-histocompatibility-complex-ontology.4.owl.xml_functional.owl,260029228,734298327,994327555
approximated_15bdf655-5c4e-4c8c-8572-b34a26017623_20090220.rdf_functional.owl,34133272,11647440,45780712
00392.owl_functional.owl,50759849,15782618,66542467
approximated_d7854d6b-fd6b-40e7-b8b1-24347abcd684_hemaorg_wn.owl_functional.owl,25400252,45395406,70795658
f0851e7e-ca96-4e94-86de-b229a27fedd5_nOntology.rdfs_functional.owl,25421926,23051685,48473611
b4498ced-008c-46a1-b2f5-95c950b74dd0_e_ontology.obo_functional.owl,1572810656,4192349952,5765160608
1eb7142f-d376-4ffa-bca0-3ee5a3e0f371_se_anatomy.obo_functional.owl,93776016,194467583,288243599
approximated_89999cad-23d3-4d7d-9c46-a66ef4672a5b_relontosx.owl_functional.owl,12605470,7112637,19718107
approximated_f3da304d-bb0c-4f04-89a5-70ace0174cfc_dbpedia_3.9.owl_functional.owl,66016957,118552419,184569376
4d9b64fb-76b1-4c42-9a97-221f234475ba_symp.obo_functional.owl,34633033,40785543,75418576
approximated_44554ad1-5e09-4f62-b55e-1a566d4310a3_Sardine.rdf_functional.owl,12795582,4496967,17292549
880daabc-54f9-42e4-99b9-5170fa4a7e47_HOG.obo_functional.owl,58188409,84243587,142431996
approximated_00567.owl_functional.owl,18400426,25001904,43402330
approximated_a0609a7c-2fdc-48d9-87c9-c92060e960b4_OWL2.owl_functional.owl,14559969,9922211,24482180
912115eb-cf62-42e5-8d6c-ea560f8fae27_aria1.rdf_functional.owl,15433306,4516574,19949880
7e6dee3b-6178-4a14-aa40-b2fd7788fcc9_fyposimple.owl_functional.owl,91234205,254404199,345638404
approximated_92460c65-04be-4f00-ab2b-012e0afe0bc8_ialTop0603.owl_functional.owl,13550119,5638099,19188218
approximated_d8c99962-00dd-40f0-921b-824dc644b813_media.owl_functional.owl,35651235,36049182,71700417
d7407975-0184-4c08-bc4c-2635f72a970d_ffective_pages_functional.owl,63284051,7196023,70480074
approximated_kisao.kinetic-simulation-algorithm-ontology.16.owl.xml_functional.owl,21359499,26945455,48304954
approximated_70611545-b925-49a8-b922-cf24319a1cbc_ber_wrench.ttl_functional.owl,14941240,3595968,18537208
approximated_470d40a6-e37b-4d89-a1ee-23543c455f24_Baumkuchen.rdf_functional.owl,10690320,3743100,14433420
approximated_92c75773-5902-4340-acd6-4ceb69fcf464_.BIBiri.owl_functional.owl,12175147,6580369,18755516
approximated_fcab5152-dd98-4182-965c-efafc6425d5a_onto.rdf_functional.owl,16260286,6229296,22489582
approximated_e7b7303e-cf15-4161-b21d-7f1ae6e64bf0_IAO.owl_functional.owl,14351491,7027041,21378532
gro-cpga.cereal-plant-gross-anatomy-ontology.10.owl.xml_functional.owl,56791912,116310997,173102909
approximated_feaf1577-ec44-4912-9caa-a57a720af930_cfobj.owl_functional.owl,45126989,13584273,58711262
approximated_c81f2f29-c2f2-49ba-bdec-c5f27447c578_Profile.owl_functional.owl,14334709,7216902,21551611
70351d47-6588-4c63-9a6b-81e452ea1b36_evelopment.obo_functional.owl,16616135,11117500,27733635
123ae5bb-bd5e-46d7-8182-c8a8b9faddab_DO_XP_FMA.owl_functional.owl,97421258,40166659,137587917
approximated_kb-owl-syntax-unraveled-depth-4-km-relevant-cardinalities-disjointness-triggers-constant-classes-relation-axioms-value-classes.ofn_functional.owl,642100858,1470998395,2113099253
approximated_1ae83c60-e25b-4f30-afda-9a407d2da8e3_ra_anatomy.owl_functional.owl,50065584,96887132,146952716
approximated_30c9e925-0caf-4205-a65c-b3224458af57_eDirection.owl_functional.owl,130287437,210238992,340526429
94738639-fe1a-474b-aa43-a6e54cccfb85_lgbcl.rdfs_functional.owl,20540658,23922232,44462890
31396bca-f8e0-49cd-a1b3-765a5088c714_h_anatomy.owl2_functional.owl,223483156,522713587,746196743
07b4edf0-5daa-4233-9f6d-d25487c600e3__phenotype.obo_functional.owl,209010588,624960338,833970926
approximated_01027a8f-98c9-489b-bdb6-7422d32b4072__equipment.rdf_functional.owl,8220945,3997958,12218903
78fa8799-aa49-4285-8d99-8ce395224bb9_dublincore.owl_functional.owl,15962442,1922031,17884473
02a11281-47b3-484f-b817-e052aa0926f5_ogyProtege.owl_functional.owl,267963907,682408365,950372272
approximated_5722fcb7-91dc-4233-a0be-32c924648a39_ogyIgneous.owl_functional.owl,76097545,132834583,208932128
67f353b8-9a87-45a4-b25a-a4bdd9eadc7f_importchain.obo_functional.owl,19139899,12912123,32052022
approximated_4c6b2392-e296-4b33-abef-b2a079261fa3_Sablefish.rdf_functional.owl,24779135,4477637,29256772
approximated_00374.owl_functional.owl,681363818,2065315240,2746679058
approximated_4bb9bb92-0f3b-405d-afde-f91888164cd4_Wrench.rdf_functional.owl,16267887,3701027,19968914
approximated_44fd945d-8f69-4f40-96af-85b7bc2b6354_univbenchdl.owl_functional.owl,14905771,4715615,19621386
approximated_3635066d-c5bc-4dd1-881d-4e31d3cda467_Ice_screw.ttl_functional.owl,13969860,3648300,17618160
51ebfcf0-01e2-4f59-9827-28435007dc6b_egenechrom.obo_functional.owl,205597968,394702814,600300782
approximated_b9e2b0af-38c5-4837-9a5d-8b848b725636_PaulFisher.rdf_functional.owl,14650053,6571648,21221701
approximated_4d9c7a74-5c64-4f43-8bdc-28cc2297b7d0_shire_Blue.rdf_functional.owl,10052200,3787935,13840135
approximated_ce433e58-d622-48c4-a8fa-7c9a761fb2b6_llaricerca.owl_functional.owl,19192352,8774483,27966835
approximated_491962f8-5cd0-4baa-aa0d-92acaf4682f4_Lion.rdf_functional.owl,12783210,3699395,16482605
approximated_3747b5ae-e4fd-4f61-9591-a0efc27f5fc4_Havarti.rdf_functional.owl,16584760,3903443,20488203
approximated_a837097e-a63e-4dc9-bb5b-b427b6618fe5_ecrm_091125.owl_functional.owl,21216233,21819556,43035789
approximated_333aa4d1-04df-4ca2-9eab-90981420daea_Hendl.ttl_functional.owl,17995319,3862292,21857611
c127423b-6e69-4238-a5d6-2548477c30f0_sep.obo_functional.owl,18872327,13051632,31923959
approximated_kb-owl-syntax-unraveled-depth-2-cardinalities-triggers-constant-classes-relation-axioms-value-classes.ofn_functional.owl,442270009,1085278864,1527548873
8a06d51a-66b5-44a8-9840-3acce8258ddc_pathology.owl2_functional.owl,24360181,32785197,57145378
approximated_09bdd70e-ae4b-40c7-b528-14d505e5599e_nFramework.owl_functional.owl,29022716,18619525,47642241
approximated_kb-owl-syntax-coreference-IDs-constant-classes-value-classes.ofn_functional.owl,597332117,1717284362,2314616479
approximated_09fa2c47-5186-4ad9-9e01-3e54813a30c5_PaulFisher.rdf_functional.owl,21470381,2928890,24399271
approximated_180c9443-ca87-42af-8112-cc7074a32e68_Cello.rdf_functional.owl,12054773,3620134,15674907
approximated_25e899a2-54cf-4e20-8f1a-4f960b1b1bc1_wizpol.owl_functional.owl,20971372,27034698,48006070
approximated_4e62448b-b1ca-416f-878f-be1d71e3b2e9_iaeuniprot.owl_functional.owl,280609846,581748441,862358287
approximated_2c12ed51-4979-4434-914a-ecea1d50d0da_udy_design.owl_functional.owl,12784052,5474699,18258751
approximated_kb-owl-syntax-unraveled-depth-3-disjointness-triggers.ofn_functional.owl,587868248,1347834460,1935702708
98f19542-77d7-443a-8413-bff07e314caf_fix.owl2_functional.owl,37683018,78301703,115984721
approximated_14276bd3-1c48-4054-8a74-1dea57f96591_CoreLegal.owl_functional.owl,17689714,18687019,36376733
0da44b03-9cf2-45c0-b503-208eb7d7a15f_ehda.obo_functional.owl,306029948,514369448,820399396
approximated_99ee3762-12d0-41ac-af7d-fecd79ec178c_erred_v142.owl_functional.owl,154773924,359616033,514389957
approximated_f012a55e-20df-4173-be4d-6cc23358948e_BAO_v09b461.owl_functional.owl,15948137,25200814,41148951
approximated_cb02ebf3-4767-4ff2-a7b1-08964e53d964_y_version1.owl_functional.owl,15105088,5696288,20801376
approximated_97f2639d-b4d2-4e5d-942e-31c0a79dd0d7_gnd.rdf_functional.owl,19131695,8261819,27393514
approximated_870f182c-db05-4eeb-b0c8-8b79d367eb93_opMassFlux.owl_functional.owl,135931066,211490116,347421182
approximated_8fcc91c5-c592-437e-818a-4e308d493e22_ortho.owl_functional.owl,82376128901,1.93809E+11,2.76185E+11
approximated_c59a468d-640b-441b-94ad-7b284136cf9b_rgetAppRDF.owl_functional.owl,26479320,3611377,30090697
approximated_58e2db93-b554-495a-98fa-e419e2158c5f_properties.owl_functional.owl,20061910,2033559,22095469
approximated_f3d5a7e7-95fa-419e-abf8-ac622f8be720_dgets_v0.2.owl_functional.owl,22866983,10148529,33015512
approximated_0977b261-5fb8-4c32-abe5-8092d0fb891d_Pizza.owl_functional.owl,17230107,12799409,30029516
15142ae8-c9b2-4e1a-ac58-284d3db0504a_CIDOC1.rdf_functional.owl,22289078,5475618,27764696
approximated_c08b4c9d-3585-42e2-bb91-30b78599f825_NIFMolecule.owl_functional.owl,387477976,769072310,1156550286
0f1b5947-7487-4cc3-b616-02dbef3e78a1_t_ontology.obo_functional.owl,20438873,24696019,45134892
approximated_kb-owl-syntax-unraveled-depth-2-cardinalities-disjointness-constant-classes-value-nominals.ofn_functional.owl,829370255,1566306408,2395676663
approximated_290a7255-b23a-4718-93e7-a49c52e45929_Hirtenkse.ttl_functional.owl,17649099,3639957,21289056
approximated_kb-owl-syntax-unraveled-depth-1-cardinalities-disjointness-constant-classes-value-classes.ofn_functional.owl,747181996,1732486198,2479668194
approximated_ogg.ontology-of-genes-and-genomes.1.owl.xml_functional.owl,2074321051,3832736713,5907057764
9716dcc5-a573-4240-9ab0-496511a61a28_ype_xp_go.owl2_functional.owl,35449292,10020633,45469925
approximated_0921fca9-5ca3-4108-babc-f95f925cb398_dTransport.owl_functional.owl,136983661,246550145,383533806
approximated_chembio.systems-chemical-biology-and-chemogenomics-ontology.7.owl.xml_functional.owl,10667244,7522012,18189256
approximated_088d5b64-c164-45fd-be4d-d16447fb5d1a_M158_JASSM.ttl_functional.owl,11800641,3726831,15527472
approximated_897daaf4-d262-4f93-8609-49b186237392_cexamplegraph1_functional.owl,24111807,13522205,37634012
approximated_9a67607d-af00-4a12-8d7b-c618ba46762f_Galbanino.rdf_functional.owl,123050830,3672927,126723757
approximated_500ad4cf-2474-4b5a-a63a-dd43ac6ba610_tao.owl_functional.owl,122882328,264226180,387108508
d62e87ca-c33f-4bee-94e0-64fd7e480367_onto.owl_functional.owl,17014194,6871976,23886170
approximated_03877162-806a-4b20-9fc1-0fd93f6950b2_ethernet.owl_functional.owl,20822959,8862247,29685206
d823933b-ea1d-407d-bf5a-a6d8082d5f67_ntic_MediaWiki_functional.owl,10815133,1406315,12221448
approximated_24cc3a64-bf79-4c77-9cd6-e0a1067ef72e_Sebenza.rdf_functional.owl,15466847,3687947,19154794
approximated_01382d6d-97af-4344-9a44-09920e89107b_e_detector.ttl_functional.owl,16524896,3725013,20249909
approximated_199d7d2b-3fa3-464d-a5fe-2f279788a131__loaimport.owl_functional.owl,27539787,17194910,44734697
approximated_a9fa646c-920d-4ec5-b14d-e81246b236c1_device.owl_functional.owl,13081002,5164158,18245160
approximated_6aadbb7f-57b9-490f-8ab0-3a739ad4c20b_ermittlung1.owl_functional.owl,14868825,6192905,21061730
approximated_031430f3-abd3-4f74-9178-749c28d30107_e_in_China.ttl_functional.owl,14523129,3724250,18247379
82a8f572-d46c-43fc-9cdb-b7026647455d__phenotype.obo_functional.owl,49877600,103240109,153117709
897084f6-b914-417d-9cba-40b389c1ca4c_lanogaster.obo_functional.owl,242203840,451554993,693758833
wb-ls.c-elegans-development-vocabulary.20.owl.xml_functional.owl,16469759,9326053,25795812
approximated_86572a7b-608d-4fbd-8d42-ed056ed0ea7a_geni.owl_functional.owl,26175339,22763270,48938609
approximated_kb-owl-syntax-unraveled-depth-2-km-relevant-cardinalities-disjointness-constant-classes-value-nominals.ofn_functional.owl,687570561,1538997520,2226568081
approximated_c0ca4e3f-ff6b-4eac-882c-183788832e5f_citygml.owl_functional.owl,19871054,12618098,32489152
d042cc84-0f23-4f01-978e-656dcce463a1_KategorieLunge_functional.owl,14328323,775481,15103804
approximated_ece27dad-8196-4e9c-9146-fae380c3d7ac_ceRelation.owl_functional.owl,135361656,211238118,346599774
e9e63e95-c5a4-4656-b813-950a558fdeb9_Person.owl_functional.owl,19303143,2209198,21512341
approximated_6dbe1d8b-68fc-4da7-b2f4-88a5e345b5d0_sparqlmotion_functional.owl,13822073,9347923,23169996
approximated_163c65e9-772a-4d25-838f-2c8588490ea7_Gray_iron.ttl_functional.owl,15500992,4126026,19627018
approximated_10a66881-c9ba-45e1-bd45-2ab640dc9823_OWLIoTS.owl_functional.owl,25516962,26409821,51926783
approximated_dafd4954-0862-4e20-9df3-53c415d761c1_tologyV1.2.owl_functional.owl,18604786,10602262,29207048
approximated_7b2a7b55-d4c9-4e41-aae0-987ad6a10d24_ohistology.owl_functional.owl,123541915,17914718,141456633
approximated_76c91d46-f28c-44cd-a677-0b273d50586f_phenStar.owl_functional.owl,134077660,208503639,342581299
approximated_4040bac8-ef9e-48e7-b89d-e3749076c6f9_Coffeemaker.ttl_functional.owl,11318610,4632323,15950933
approximated_5b8bc971-902f-488b-9a2f-74e92b5fb3e9_olb.rdf_functional.owl,17051650,3893497,20945147
approximated_d04ca174-a81f-42bd-abe8-690e55d09720_GeoSkills.owl_functional.owl,207247585,54054838,261302423
89e3f9e4-9111-47fc-a077-e2e52bc7bb2c_spdsimple.owl_functional.owl,31557636,44337428,75895064
fd29bf9d-9e00-490a-8462-78d3b1f2d8ef_lanogaster.obo_functional.owl,821568570,1619819119,2441387689
approximated_809c5dce-02a2-43d7-9b6f-20c2b7b1bdd3_bspo.owl_functional.owl,18259485,17757601,36017086
approximated_e35b3542-7a59-4ca0-9e1d-b6551f86036b_Countries.owl_functional.owl,29000260,3844917,32845177
approximated_a5168694-1197-4f24-8629-7408c690e32a_timeScale.owl_functional.owl,30278093,25703285,55981378
approximated_a3524199-a6ed-4851-afef-133de308e871_egoryRDF_store_functional.owl,11231696,1727964,12959660
0439ba09-2667-4b33-993a-7db4ae2ef8b9_miro.obo_functional.owl,89520556,218529517,308050073
approximated_2e246091-77c8-4bf9-a0af-d85f05eb01b4_Bun.rdf_functional.owl,10266642,4428808,14695450
approximated_02a5c3f1-6296-4b3a-831f-9ee11260d6ce_Chemical_1.owl_functional.owl,78471295,158169431,236640726
478dd1f3-5730-47ac-9753-dfc6820209bb_fbbi.owl_functional.owl,24343022,24470406,48813428
approximated_3fe8df9e-8a9f-453c-9104-db2a524b0fa4_algraphcomplex_functional.owl,11626958,5963874,17590832
approximated_08a9cf2b-cc44-434f-8297-22eb4589bddc_unit.owl_functional.owl,16597097,4298319,20895416
approximated_be164f46-6f60-4ec6-8cae-6c0785c77da3_PaulFisher.rdf_functional.owl,8909051,3189025,12098076
approximated_kb-owl-syntax-unraveled-depth-3-constant-classes-relation-axioms-value-classes.ofn_functional.owl,479189736,957036269,1436226005
approximated_2d40c115-b191-4187-843d-ca10f52f5e54_software.owl_functional.owl,15343833,3555359,18899192
approximated_2ebadcf7-61e1-42f1-8ee0-14d254d2ec2c_dworkflows.owl_functional.owl,12846436,6110947,18957383
approximated_f0bb10fd-4c3e-46f3-9825-68e48260f421_a_20110202.owl_functional.owl,2611355317,251452075,2862807392
approximated_5eb0046d-9f53-4b80-bfc4-42a5758a136f__wavemeter.rdf_functional.owl,16340585,3909650,20250235
approximated_c7211514-7690-4940-ace8-de59b507c2a4_Alloy_steel.ttl_functional.owl,11783309,3680411,15463720
approximated_af160ab2-4d80-405c-9091-c356d60c652b_Lyre_arm.rdf_functional.owl,16260998,3776205,20037203
755a3033-7ad2-4b49-8940-db065c46b743_Bird.owl_functional.owl,20217553,2526520,22744073
approximated_4dcce784-b7c8-4820-b3d4-a5880a85fba6_19115codes.owl_functional.owl,17975849,2545801,20521650
approximated_2c6703ad-6611-434b-982d-1d8d42ebc53b_jp1.owl_functional.owl,111769773,21831268,133601041
approximated_122b0f56-a691-4faa-a448-bee86966dc68_lue_cheese.ttl_functional.owl,19016499,3682394,22698893
approximated_2ef6820c-f0d0-49fc-b5a8-3fab0d04308a_B_provider.ttl_functional.owl,4780819,3671548,8452367
approximated_16c8817b-c2cb-4f3f-bd9b-9325f558ddde_NIFBACKEND.owl_functional.owl,57373792,115878720,173252512
approximated_012a9c53-10e5-4165-be25-5ce90dec007d_cation2006.owl_functional.owl,17800792,5140337,22941129
approximated_0a010109-235e-437a-beeb-39f5ac765db0_Nut_driver.rdf_functional.owl,9453415,3850418,13303833
approximated_c61bbbf1-75c6-4f7b-a4ba-9ddbbaa3d5a7_request.owl_functional.owl,23415568,25175052,48590620
approximated_ff6dbc20-6a03-43e9-92d5-bef4455d2604_sFluidWave.owl_functional.owl,65857398,124585050,190442448
approximated_1509eb94-147a-4dca-a8d4-082c150e04db_School.ttl_functional.owl,19793106,5569008,25362114
approximated_2ff40d56-1c1a-477a-a0ed-4991fc98ab71_chemCharge.owl_functional.owl,72214943,122253861,194468804
approximated_00434.owl_functional.owl,341627926,1070046742,1411674668
approximated_727d539f-618d-4f62-aec9-d57d4c26a8d0_PaulFisher.rdf_functional.owl,15454856,3043650,18498506
ce3e7162-dfe8-4e93-bb13-ddbafa8adaa0_functions.daml_functional.owl,16751977,2773262,19525239
approximated_114cafbb-9bd1-4994-b840-41e6c945e47e_formazione.owl_functional.owl,15811840,7849862,23661702
approximated_df94b152-dc0b-4f2a-934a-f8740c885279_a_completa.owl_functional.owl,33255398,12760868,46016266
approximated_58eb3156-d6a5-454d-bdc4-90451e9f740f_HP_functional.owl,219079543,662738944,881818487
approximated_113b7eb8-f027-4dae-811f-c8a7d029e881_h_database.ttl_functional.owl,21088357,9003493,30091850
5330f1b1-49aa-4842-a96b-7ac1ab101cd2_mged.obo_functional.owl,29747403,33818247,63565650
approximated_1d28d07d-d1f9-4e1a-9afb-1bb8062ed242_model.owl_functional.owl,15552789,15561112,31113901
approximated_bdaabf5c-b134-4d1b-a13a-138f936d24f3_l_analysis.rdf_functional.owl,21950438,3703937,25654375
approximated_458bdc8f-c305-425b-842d-7fd14486d7aa_noid_valve.ttl_functional.owl,14230201,3628163,17858364
f0912635-b51b-4fd3-8785-d15c2e6e9504_iensentrez.owl_functional.owl,818501729,480274769,1298776498
approximated_rnao.rna-ontology.2.owl.xml_functional.owl,17441780,17429828,34871608
approximated_03b67145-ab35-4049-adab-2a3828d52fbe_russlink.rdf_functional.owl,98134501,66339446,164473947
approximated_3850f80a-099f-4774-9da2-cb506ab1ac65_Kumquat.rdf_functional.owl,78871187,3829300,82700487
approximated_1b5908bd-2bf0-456f-9b61-1b877f7a3e4a_Robiola.rdf_functional.owl,73664374,19368349,93032723
3b4c5ef9-f33e-4649-b4ca-cfffad81baf7_ssimplegaf.obo_functional.owl,6393336454,13159810115,19553146569
approximated_e79dc4da-e2a8-4bb8-84ee-18db84d6d73a_ionsubject.owl_functional.owl,25554982,30720028,56275010
approximated_fc33a216-3e15-459f-a7bf-8dcc5ecf3484_spergillus.owl_functional.owl,11912511,5931370,17843881
5a7695d2-98d8-4b9e-86b7-68b838b2a6f6_image.owl2_functional.owl,16719331,23995034,40714365
1ccae797-8b90-4f8d-a03b-326a7906e885_leInferred.owl_functional.owl,17056455,16703859,33760314
2b8224b9-d12b-484b-b8b3-d989d88d8c0c_rieGrundstoffe_functional.owl,19303409,2149456,21452865
approximated_0042fff2-8249-44c1-bad9-f8b4da5a1a66_personale.owl_functional.owl,19993652,11457383,31451035
approximated_0c0e9b01-ae5e-472d-a938-746f51dc60cd_Scallop.rdf_functional.owl,16535365,3733591,20268956
approximated_76bc6b5c-b9a0-40b7-8221-9a777ef0bf89_ing_pliers.rdf_functional.owl,10507780,3627360,14135140
approximated_bba8cd93-0083-4431-9737-98d12d84c800_eDirection.owl_functional.owl,138797865,244627936,383425801
df2970f3-8e1a-4182-9775-057c96570338_CategoryCountry_functional.owl,10754383,1005997,11760380
92ea790d-c908-4350-a2fe-d58d8a3c088d_mp.obo_functional.owl,223318784,611662713,834981497
approximated_7e02f863-8a23-4dd8-ac85-5baa774b25af_lity_knife.ttl_functional.owl,17521861,3610375,21132236
approximated_kb-owl-syntax-unraveled-depth-4-cardinalities-disjointness.ofn_functional.owl,647479005,1339140808,1986619813
approximated_ff8ec63d-1da1-4022-aad5-5a1e92a24999_storage.rdf_functional.owl,14686524,8571322,23257846
approximated_de2f7c8a-a9ac-458c-9a1c-2c9cfdfc3cac_s_thaliana.obo_functional.owl,3307336052,7176386776,10483722828
c3b1b94a-3601-49c2-a175-dc1eeb913ebf_latest.03.owl_functional.owl,1746709656,1714301020,3461010676
approximated_8ee94cb6-729f-4050-a5ed-59578b5106b5__converter.ttl_functional.owl,17950892,3623842,21574734
approximated_c4dae3c7-5a35-4603-b7ef-646c3181f306_provoinverses_functional.owl,13899996,3573092,17473088
approximated_6e7129af-07be-41f0-bcfd-ec9dd93460c5_MO_ERP_new.owl_functional.owl,21514307,8587046,30101353
efcf6587-77cb-4ab3-ab56-4d4c7e706302_hp.obo_functional.owl,229074781,699404946,928479727
approximated_437a1b00-2d4e-4b8d-b2ca-5f74a1036506_ass_cutter.rdf_functional.owl,14340385,3826228,18166613
approximated_ce7c8916-41cc-4827-94ad-1428c2a51491_ower_water.rdf_functional.owl,15139978,3716173,18856151
approximated_e2b20a0a-5a30-41dd-9733-79bc0fddcc92_onto.rdf_functional.owl,12118248,4687810,16806058
approximated_cfa9a92c-adb7-44c3-8d8d-29245d19a959_space.owl_functional.owl,22112902,3197869,25310771
17523409-18c0-477c-95ce-32b9bd0b9952_emoprotege.owl_functional.owl,9582844,6350720,15933564
approximated_48013d28-a1ac-47d2-891e-d49bdaeb7f50_Blow_torch.rdf_functional.owl,10153084,3656512,13809596
approximated_e6320d46-8afd-4f15-92a6-42e27ae033ba_onto.rdf_functional.owl,13962933,6855886,20818819
approximated_42ad0166-13e1-4565-9a9a-a4dda8d1b8e7_Content.owl_functional.owl,10844863,4814075,15658938
approximated_703bdc67-f5b4-4919-afd5-9cf83ff7aaf3_Web_crawler.rdf_functional.owl,12364301,4430891,16795192
vt.vertebrate-trait-ontology.42.owl.xml_functional.owl,69113529,187058443,256171972
approximated_fecfdd7d-07ef-4e89-8fdf-06c9a201943b_image.owl_functional.owl,23869823,31133855,55003678
approximated_5ab4b86c-cddb-4399-a13b-77d87b81af9b_DP1.31.owl_functional.owl,21788171,3790221,25578392
approximated_803ef238-90fa-4b06-9434-6f78f4bf5ef1_Amiga_600.ttl_functional.owl,18388507,3984792,22373299
approximated_36f1fcfc-2024-4c9e-8631-2e5a29e32509_stateFluid.owl_functional.owl,162300186,208301899,370602085
approximated_28536036-7637-4ac4-b41d-0d1bee8b30cf_Lassi.rdf_functional.owl,14133273,3725455,17858728
4f1e67ec-7491-4341-809f-84d8142b47e2_rgenechrom.owl_functional.owl,415810467,841322537,1257133004
approximated_1d60df36-f961-4073-a079-f1992c15c535_ygiene_kit.ttl_functional.owl,10592251,4192054,14784305
f4342413-f689-4370-a8c3-b311414c326b_DOIDBridge.owl_functional.owl,11699376,3044657,14744033
approximated_09cfd03b-cee0-4835-917c-fec73108d98d_ferred_v81.owl_functional.owl,40437469,68653325,109090794
approximated_d4836930-2ee5-4c40-a22f-2d7336057696_d_aircraft.ttl_functional.owl,12069777,3914582,15984359
approximated_eb734511-a7f4-4d75-9e9a-1b598322f8ef_psims.owl_functional.owl,45046880,108382581,153429461
9eb21fa2-1371-48a9-91d2-bcc48c3a012f_EbGdrcN5Y29ycA_functional.owl,34984589,37998133,72982722
approximated_790c7556-c182-44cf-adeb-2b9c1566f04f_King_crab.ttl_functional.owl,14076975,3742232,17819207
approximated_56403718-b3c2-446e-b242-bee5e58d4d8f_physFluid.owl_functional.owl,71449755,120759632,192209387
approximated_b39e25fe-54ae-4c15-83d6-7f38b23b46b1_olResource.owl_functional.owl,66386944,129419374,195806318
cbf64c86-43ed-4476-8bb3-10574675648b_openGalen.owl_functional.owl,387726989,900485207,1288212196
approximated_488f6e23-099a-4124-a4cf-5cd26ee588cb_Commode.rdf_functional.owl,17642040,3613972,21256012
approximated_ed416836-6e4c-44d7-94c5-e129f6bd2f16_onto.rdf_functional.owl,13850974,4847956,18698930
approximated_5bb29923-bb78-4e19-9622-8acb54ea8d75_atmoPrecip.owl_functional.owl,100606693,199026699,299633392
approximated_0d670443-2695-48fb-a5a2-2eb03ef9bc82_al_arm_saw.rdf_functional.owl,17510933,3914177,21425110
approximated_d96adbf5-07f6-48a5-b5b1-a582739c42fb_nt_xp_self.owl_functional.owl,28700958,41530711,70231669
approximated_3b3e8842-bf02-42ed-8a14-07f9ccbf002b_Nachos.rdf_functional.owl,17239700,3779508,21019208
approximated_91abe852-9120-475f-aae9-86a5054e5d32_realmGeol.owl_functional.owl,141968012,259884606,401852618
a6d42df3-87f3-48cf-8efd-17ed49a8f086_pennsyntax.owl_functional.owl,19444354,4878147,24322501
approximated_44235d79-7b49-43e2-b4fb-d79f1ec9a4c4_Halterneck.rdf_functional.owl,6994965,3725346,10720311
approximated_kb-owl-syntax-unraveled-depth-1-constant-classes-relation-axioms-value-classes.ofn_functional.owl,460681917,1113833752,1574515669
approximated_6ea137d4-8579-48a5-87df-5e5f9bc64f70_uniprotpro.owl_functional.owl,1329277707,3361909752,4691187459
d5b666e8-d390-41ae-9094-3558368dd3b5_s_xp_self.owl2_functional.owl,38197701,11120714,49318415
approximated_19c1897e-ed48-430e-bf23-81b6d94e6236_onto.rdf_functional.owl,13482831,6533214,20016045
47936ed7-1b2d-41a3-9463-43a7ca0b75e2_SBO_OWL.owl_functional.owl,12569503,31324587,43894090
f23e4793-ead3-4f38-951d-1c12c63d5572__taxonomy.owl2_functional.owl,129571483,341909392,471480875
approximated_22d48585-2494-4d0c-bed7-2b5ef5e25a82_eThesaurus.owl_functional.owl,1799885929,3554554369,5354440298
approximated_00665.owl_functional.owl,67114982,152369603,219484585
approximated_85df151d-10dc-4c89-8bbf-43b9c39080b0_SBO_functional.owl,21081135,30992328,52073463
approximated_4b51f110-0974-499d-b762-89635edfaa93_opFunction.owl_functional.owl,150675715,210904027,361579742
approximated_182d1c6b-5ded-4b8c-bef8-e9d8e77ab29f_ceCategory.owl_functional.owl,16018264,6414324,22432588
169fb41f-11ed-42c1-a889-28639b914711_asfa.owl_functional.owl,162873614,352754458,515628072
approximated_1c7145f4-3b5e-4af0-810d-93306c33c50d_Girder.ttl_functional.owl,84795655,3826949,88622604
approximated_ba0bf118-9ed2-4850-8fcf-ac4ab6ca6af7_rStandards.owl_functional.owl,166989135,245518286,412507421
approximated_82b53d2a-5b5e-446a-85d9-5bb5ee8a453e_spaceObject.owl_functional.owl,106420359,22759493,129179852
approximated_ff8c08ad-6564-4c7f-8cdf-4c3098c4419d_ddinomesh.owl_functional.owl,125001092,106743011,231744103
19a3ce61-419f-4cfd-b0ed-c057886d4221_pato.owl_functional.owl,142981208,101896309,244877517
approximated_1d8abfe4-8f68-4db8-946b-4c613cde1729_dzongkha.owl_functional.owl,78558785,3243674,81802459
approximated_00335.owl_functional.owl,17031131,6324611,23355742
approximated_00484.owl_functional.owl,2840652382,7624896696,10465549078
approximated_2618a56f-7c03-4db1-97b1-7612e5ad5d7a_q_missaire.rdf_functional.owl,18035825,3653960,21689785
approximated_kb-owl-syntax-coreference-IDs-disjointness-triggers-relation-axioms.ofn_functional.owl,820033899,2144526456,2964560355
approximated_2f910e21-47ac-4e2e-98e2-53f965e736c8_onto.rdf_functional.owl,18012933,4707350,22720283
approximated_e8db2b6b-ad21-43e1-a6c5-f0b5513e95b3_classified.owl_functional.owl,67763205,145990873,213754078
approximated_0a276b5a-0c2e-41a7-9989-2ecdf2dd89f8_Stayclip.rdf_functional.owl,15833493,3773503,19606996
approximated_20cdb3f3-6c03-41d9-87e9-9fcca0b4b2f3_Korovai.ttl_functional.owl,14076180,3669938,17746118
approximated_c9222203-ac5e-444a-8bd6-6899bfc7afb2_ning_valve.ttl_functional.owl,16714599,3646833,20361432
approximated_d9c28c57-f925-497d-a7d4-8f0b5a217a37_nica_ideal.owl_functional.owl,48543140,9352577,57895717
approximated_c86b1ea1-ad8f-4c49-86ab-30000b3a6695_alogEntity.owl_functional.owl,129212794,11561142,140773936
approximated_1a31515c-337b-4308-9674-fcf854f78cc9_mecv.owl_functional.owl,172787609,10539005,183326614
approximated_850dca5d-410e-4348-8c5b-6865d040f843_Plug_valve.rdf_functional.owl,107135776,3704032,110839808
approximated_6a6619e0-4b49-41c1-b75c-f1e46a724027_Smartphone.owl_functional.owl,160637858,10990499,171628357
approximated_05d361d1-c8a5-4e56-a0c4-a64f679dab29_tance_edit.owl_functional.owl,170472454,47389907,217862361
approximated_04e6da07-8e3d-4e83-905b-d19593febb07_envoedit.obo_functional.owl,63293168,114845170,178138338
0d4edf18-3644-4355-8c8a-26ea5b49780f_gy.obo.CURRENT_functional.owl,94502077,163360661,257862738
approximated_0ad107d2-d5ee-432b-9778-f201de1608d9_artecontemp.owl_functional.owl,19273858,10162815,29436673
approximated_d105911d-4e72-45e2-8c71-7cb828f74084_WLSMapping.owl_functional.owl,19223134,22914907,42138041
a42d7d79-7576-4d20-b4df-b4f0ca847e0c__component.obo_functional.owl,92917764,252343729,345261493
approximated_de9aaa9d-efd2-45ae-9292-b4487717df80_epairBlast.owl_functional.owl,19138072,5180738,24318810
approximated_8180c6ff-bfea-402e-b62c-43140f2acb44_MP_functional.owl,189000564,579482093,768482657
approximated_3209fdfa-a07e-4824-beff-74498f2bec79_family.swrl.owl_functional.owl,8298641,2806701,11105342
approximated_26829098-540b-4b3c-a978-35cb430927af_St_Tola.ttl_functional.owl,14096973,4574739,18671712
approximated_33ac6fba-02bb-4022-9d45-7313650ae601_Doppio.ttl_functional.owl,14480556,3711975,18192531
13173a47-2d10-4698-bc13-0dcd5669f7d8_alisentrez.owl_functional.owl,323241716,236293898,559535614
approximated_b1d83313-f7d8-4085-a8ab-f4e022e47a5e_leChemical.owl_functional.owl,135918328,246634191,382552519
hugo.human-genome-organization-gene-symbols.3.owl.xml_functional.owl,698599192,1846337806,2544936998
approximated_0be756d6-1b4c-49f8-91e0-bc98305eb268_Suction_cup.rdf_functional.owl,17815085,3731468,21546553
approximated_kb-owl-syntax-unraveled-depth-3-triggers-relation-axioms.ofn_functional.owl,361492308,898515479,1260007787
approximated_940ba715-f721-4f71-9d1e-a77b50ff4a7d_a6.owl_functional.owl,14539381,3517619,18057000
approximated_4ef97c45-4756-4b13-b412-525dfac4b77b_ectralLine.owl_functional.owl,134271208,211336130,345607338
21d84c62-aa89-456f-a7bc-e524e9e63aa1_ebi_import.owl_functional.owl,458177569,682776026,1140953595
c8ef3fd7-5e6f-448d-82f7-d9e3ca31dd73_ganisation.owl_functional.owl,15707277,2442369,18149646
00026.owl_functional.owl,1604072518,2249808283,3853880801
approximated_kb-owl-syntax-unraveled-depth-4-disjointness-relation-axioms.ofn_functional.owl,575799459,1318524390,1894323849
approximated_64eb5d88-5096-4e23-8f6b-a5935686d2f9_nana_bread.rdf_functional.owl,14285240,3735032,18020272
64b9b4e9-cd95-4146-be1d-0a41a50d48de_ckeyLeague.owl_functional.owl,15563764,677961,16241725
approximated_51ccd522-7434-4c21-b0c4-f3ec9e24174e_OperOnt.owl_functional.owl,11041149,6452620,17493769
approximated_1b3b146e-696c-4cd9-81d0-bc1144a3dfa8_video_game.ttl_functional.owl,12819927,3726387,16546314
approximated_36a59783-abda-4bc8-806e-997fd8c591f4_Machete.rdf_functional.owl,10717716,3679567,14397283
approximated_8c89fab3-2c10-40ff-82c4-99fc15a17de2_acdnumap.owl_functional.owl,15013358,10406321,25419679
1e91ca85-e1e5-4dd9-9bf8-5ec9b2c95223_cheeses0.1.ttl_functional.owl,23437542,4312753,27750295
approximated_3b0cc67d-c37f-4d1a-bf83-681ea96348f5_Peeps.rdf_functional.owl,4541278,3596106,8137384
e40d2f43-2d22-4acd-8e2b-33c1e6c2c7ff_classified.owl_functional.owl,238567314,700338535,938905849
approximated_101f4154-ca96-4301-99cb-4151bc204856_Mendeley.rdf_functional.owl,16499582,3758004,20257586
approximated_e50ef71f-a04c-45c8-8b69-3f2eee983fcf_Assessment.owl_functional.owl,133174178,212660725,345834903
f99cf71b-925f-4a6d-8dc0-da6e05e345af_ss_xp_cell.obo_functional.owl,54412324,18546237,72958561
approximated_ccb649cd-7033-4a68-aedf-3d77963e051b_onto.rdf_functional.owl,13373177,5047513,18420690
approximated_60e5e719-fa57-44e3-85da-43e7ba147ea3_Gouda.ttl_functional.owl,13439377,3641749,17081126
757a50ae-e1d5-4906-bc0e-004723d75042__documentation_functional.owl,9798900,1137052,10935952
63a4907c-f852-4598-98dc-e71620b6a7b1_NIFResource.owl_functional.owl,14728438,4986717,19715155
approximated_87350cbc-c69c-451e-b952-5053f1add0e7_chemtop.owl_functional.owl,16870027,8950970,25820997
b6bf1149-80c9-452f-9470-997d231045ff_contextcore.owl_functional.owl,14794927,1958802,16753729
approximated_69167976-8b4d-4b54-a183-b0075ce8c394_Lumpsucker.rdf_functional.owl,17513578,3629022,21142600
approximated_dc944d1c-2206-4d20-827b-a09044701ce3_urcesbroad.owl_functional.owl,18106765,9993342,28100107
approximated_709c0654-f47c-4f2e-ace5-47b5a7590d38_lis_recipe.owl_functional.owl,21915627,16773373,38689000
approximated_1efd9c3a-e4a1-446e-afe7-be4d4c19c009_roach_shoe.ttl_functional.owl,17946283,4460070,22406353
approximated_13c7ec69-493a-4935-badb-f956ec297da8_old_cheese.rdf_functional.owl,15369508,4022321,19391829
approximated_eb29a029-05e3-4b93-9efe-41f3c30a0390_bibo.n3_functional.owl,15706231,6421507,22127738
approximated_037340e0-233a-4c71-8f15-56f6845d97d1_Kirpi.ttl_functional.owl,12231950,3744656,15976606
06374a6b-539e-498c-999d-be0f044cece0_PropertyEditor_functional.owl,12223497,760806,12984303
approximated_7f5e5c71-ffac-434d-9a64-052ee6e33c81_Grounding.owl_functional.owl,16308208,7373096,23681304
c7581bf0-b6e9-4f6e-b168-59de9461d0ab_onto.rdf_functional.owl,17365134,1632000,18997134
approximated_68101476-986d-40e6-8f9b-2de16ad91b56_ed_annotations_functional.owl,13885719,1754836,15640555
approximated_f2a8ee0b-442b-4249-92b7-0299afc47da6_gina.owl_functional.owl,2263713737,14272323329,16536037066
approximated_0a242a00-3906-4122-95cf-ddd3704fd622_Empire.rdf_functional.owl,20789021,6924665,27713686
approximated_52806ac0-a563-48de-99bd-71bdd12919e9_TMVersion3.owl_functional.owl,14839007,5390520,20229527
approximated_fa276aa4-c617-4511-9183-89cd39b75201_Shower.rdf_functional.owl,9718518,4005398,13723916
approximated_kb-owl-syntax-unraveled-depth-1-cardinalities-triggers-relation-axioms.ofn_functional.owl,484449966,1085232256,1569682222
5b3681e9-9bba-4265-b48d-24f9e2b3a5b0_ubcellular.owl_functional.owl,26330624,20660732,46991356
approximated_e8d01929-554c-45d9-860a-de17698cc1ab_PaulFisher.rdf_functional.owl,16699317,3001905,19701222
approximated_395ecec1-18d8-49c0-974f-51d73cb682af_AstroHelio.owl_functional.owl,137193301,246701149,383894450
approximated_49cdbf6c-469c-4638-9c46-3750c972b861_ple2BpetsB.owl_functional.owl,21674460,8690488,30364948
c05ccc6e-63d6-4713-b278-a330dcef90a9__Kompetenzfeld_functional.owl,23504637,1557882,25062519
d880b7d1-7574-4fe3-b704-89e601d7b0b3_onto.owl_functional.owl,20428000,7000437,27428437
approximated_18b5337c-8974-4ab8-8ffa-07c82d62046d_PaulFisher.rdf_functional.owl,14947563,3191252,18138815
approximated_8850f1bd-8df2-4362-8594-94e2ebe67bfa_MIRO_functional.owl,88475355,220179579,308654934
approximated_ddc8a05e-21d0-4efd-917b-e34a0ba6e395_crete_slab.ttl_functional.owl,8353595,3941092,12294687
approximated_00667.owl_functional.owl,44028830,87855014,131883844
approximated_11882352-d068-4132-8d98-0882d7616719_eness_crab.rdf_functional.owl,9700180,4014600,13714780
approximated_a926223c-c3ac-4205-ae5d-84746ae0bb68_leOntology.owl_functional.owl,14502588,7191586,21694174
approximated_57963ed0-9693-45da-9aa8-cc055e56aaef_ic_battery.ttl_functional.owl,12389726,3690896,16080622
approximated_559ed7a7-3d13-4c0d-9f21-570c324ff1b8_matrAerosol.owl_functional.owl,136106722,247171272,383277994
approximated_369c54df-cf92-4755-9ccc-cd823536c156_Biblioscape.ttl_functional.owl,78223567,3780668,82004235
approximated_91611942-d597-4d22-986c-cba2f27c806c_Sandpaper.ttl_functional.owl,14484138,3686589,18170727
00144.owl_functional.owl,62519338,91565723,154085061
approximated_GALEN-Heart_ALCHOI(D).owl_functional.owl,412753000,747247981,1160000981
approximated_00169.owl_functional.owl,9183453,5523122,14706575
e1f4360c-6052-4caa-a4de-4bb38321f897_gansentrez.owl_functional.owl,680349805,566830183,1247179988
approximated_3d19cfeb-c1ea-4cfe-b965-410f36a61e61_ocean.owl_functional.owl,80061101,148813536,228874637
approximated_kb-owl-syntax-unraveled-depth-3-triggers-constant-classes-value-nominals.ofn_functional.owl,369714487,900983412,1270697899
fc935568-1461-4faa-b38a-bf84968871d6_egenechrom.owl_functional.owl,211415887,389494583,600910470
dce07111-010a-450b-8c3a-2d55a8b48a21_LSCOM.owl_functional.owl,36575385,44458277,81033662
approximated_e4af8b1a-5f09-4e13-a5ca-330ae9321f48_properties.owl_functional.owl,42532873,1743656,44276529
approximated_bd043ce8-4b25-4c9d-b02b-cf4d7b6bb958_cl.owl_functional.owl,439274753,847708539,1286983292
approximated_1753aae6-30bd-45d2-831b-e23cbbd7edc2_mmon_bream.rdf_functional.owl,14779657,3823576,18603233
c97eca88-bb61-41c0-b342-157fd8591da5_nnotations.owl_functional.owl,7540864910,6273172063,13814036973
43186c17-6f69-4d5b-86a7-f1b56b7cd706_isOntology.owl_functional.owl,23772875,1993494,25766369
approximated_be94ff4f-bb0b-435b-9af1-5cba4d16757c_so.obo_functional.owl,61495430,127409457,188904887
02210f4d-8e32-412d-88aa-13494ff93163_n_anatomy.owl2_functional.owl,60470146,130324201,190794347
approximated_kb-owl-syntax-unraveled-depth-2-km-relevant-cardinalities-disjointness-triggers.ofn_functional.owl,633376667,1434357041,2067733708
approximated_00003.owl_functional.owl,676497108,1294231023,1970728131
approximated_0d42f29b-9a14-4787-b50c-3bed25c7e468_MO.owl_functional.owl,39815959,26344657,66160616
approximated_2f69a6fe-ad4a-4ee3-8bfc-8838dd6337b6_ing_tackle.ttl_functional.owl,14610830,3748324,18359154
approximated_2a07b4aa-48cf-4f24-8199-5ef20a2a2b48_ceRelation.owl_functional.owl,23237797,28482696,51720493
approximated_11e23dda-171d-41c2-83ae-70706edbeba5_ckling_pig.rdf_functional.owl,11194309,3706164,14900473
approximated_gfvo.genomic-feature-and-variation-ontology.6.owl.xml_functional.owl,14989877,4458867,19448744
approximated_5b9ab6a8-6614-4d8c-a56d-1bddb13ae30f_ombemerged.owl_functional.owl,972381316,713396107,1685777423
approximated_iao.information-artifact-ontology.2.owl.xml_functional.owl,13536445,9067444,22603889
approximated_3e3f865a-1a39-486c-99b9-edfca99c4119_ero.owl_functional.owl,89477776,222036501,311514277
approximated_kb-owl-syntax-coreference-IDs-disjointness-constant-classes-value-classes.ofn_functional.owl,878146239,2221797076,3099943315
approximated_d1a5318d-a729-4000-8c96-aadff2a1313a_npt8.rdf.owl_functional.owl,10541174,5173458,15714632
approximated_2c210718-b1ba-4b44-a6e2-47efa2cd9ec7_ryFreesoftware_functional.owl,15734292,1840295,17574587
approximated_3ee36ab6-a1d0-4e0d-b34c-f660c5b32999_CategoryStub_functional.owl,11322424,1885319,13207743
approximated_01a56ce5-e807-421e-b507-b2c2b5077f3b_table_fuse.rdf_functional.owl,12524843,4545417,17070260
approximated_9446108f-3dff-4786-bd1f-27243dd1281f__reference.ttl_functional.owl,18376993,3693229,22070222
approximated_19e0fc7e-0a87-483d-a67b-fc9a695b2770_ogy_v2.7.1.owl_functional.owl,17043965,174548209,191592174
approximated_0aaeaf1f-e1b9-4dd6-a618-bcbb13a26d66_DUL.owl_functional.owl,17853223,12833747,30686970
57c1bb12-3f58-46ad-b64a-e522bcedb174_OUbisWorld.owl_functional.owl,61947958,110618215,172566173
approximated_684db779-0ff9-4888-a728-35eecd744dec_ekaw.owl_functional.owl,10672418,5338204,16010622
0f1608a9-8578-43b2-a5e6-8036a8d41de2_OMAL_1.2.3.obo_functional.owl,72055356,159251026,231306382
pto.plant-trait-ontology.354.owl.xml_functional.owl,94924133,71875256,166799389
approximated_51532b97-ad7a-4521-bc1d-da592f3ab96f_Tawashi.ttl_functional.owl,78665937,4125861,82791798
approximated_3cc52245-c57b-4deb-be46-75b28c8215fd_Halloumi.ttl_functional.owl,23234060,3884276,27118336
337bdd72-30d0-4fae-baf4-5e37a24ee8f9_zfa.owl_functional.owl,402939338,553494521,956433859
approximated_608d3e41-ecad-447d-b9d9-9eea00ae1398__v20120920.owl_functional.owl,13415014,8617659,22032673
approximated_89cc36bd-7250-4ed2-ae9a-368eeaa694ae_onto.rdf_functional.owl,13506029,4687058,18193087
approximated_00403.owl_functional.owl,143646121,341609291,485255412
71c54eaa-b087-4f68-b9b1-90b4031f9b7b_tdm.rdf_functional.owl,12492015,1381567,13873582
approximated_131ebd63-ee85-43a3-aed7-f88164a47e60_nAtmoCloud.owl_functional.owl,133842148,209043541,342885689
approximated_caf99037-b289-4ed4-9094-169a3c3f7753_tsors2codo.owl_functional.owl,21212134,18849021,40061155
approximated_9ad25042-ecc3-4b47-9f73-22c6796f35ac_collection.owl_functional.owl,15738319,16890830,32629149
approximated_f44b237a-8be6-4976-b61e-301bf300b82a_eolOceanic.owl_functional.owl,129147451,208770352,337917803
approximated_2c985900-3b17-4a98-9680-3322aa5b6584_onMarathon.owl_functional.owl,10504020,5379689,15883709
approximated_88f8e9ef-4b4d-48c7-9b32-b5aff9d84f03_Scuba_set.rdf_functional.owl,10928797,3955589,14884386
approximated_4f6eb6dc-ae82-4a55-b7f6-ee18c69d0914_unit.owl_functional.owl,56214767,117820587,174035354
approximated_079efc1b-b4c3-4ee3-91b5-a2bb4e727c9a_DUL_v315.owl_functional.owl,20339849,10840621,31180470
approximated_17e1c81d-6bef-4cc3-b202-9720a82b2913_Goat_cheese.ttl_functional.owl,10060846,3717383,13778229
approximated_44437125-b1be-49c0-9ac5-5c399095efbd_Hotel2.owl_functional.owl,27187828,5610524,32798352
00534.owl_functional.owl,31679832,9453181,41133013
approximated_20f90afa-257c-4079-a4f5-3fa185182058_go_xp_all.obo_functional.owl,2074219697,5545904584,7620124281
10d18bde-de4a-41d7-9495-30b16e37e359_fix.obo_functional.owl,117703074,81473856,199176930
32ee4137-7b9c-4cd4-b972-6464d4c809ad_Chancellor.owl_functional.owl,72250749,826254,73077003
48c697db-fd73-4cab-9df3-7b4203712056_ceph.obo_functional.owl,29297423,37069352,66366775
approximated_3116edc4-19c5-47b7-b66e-186444d00336_propSpeed.owl_functional.owl,215298966,248836407,464135373
approximated_bbff04d4-063d-46af-acc7-009c233b7222_vocabulary.owl_functional.owl,23235758,6028588,29264346
approximated_5a7bfb60-f392-4ecc-bf72-a775bc37acb4_meOntology.owl_functional.owl,13405901,9044617,22450518
approximated_1f13ba60-f82f-4e8d-bb3f-be2db5f8b0e0_enceSystem.owl_functional.owl,133269441,212361987,345631428
approximated_19179693-9c55-42d1-8d63-0d10236fdcb2_hing_scale.ttl_functional.owl,11445551,4236373,15681924
approximated_4e4fd128-01aa-493d-9446-008904e70093_Violin.ttl_functional.owl,13394806,4000412,17395218
approximated_2b9d7e5b-8cec-4413-bcf0-e3e635d03339_meo.owl_functional.owl,61131252,138095056,199226308
approximated_8e30c16d-5339-46cf-bf4d-15d5ac32c9c2_lograviera.rdf_functional.owl,14705611,3708375,18413986
approximated_00023.owl_functional.owl,13206466,6969098,20175564
approximated_7db5474c-9b1e-4efc-95a1-1aeb1fbc9c31_Akkawi.ttl_functional.owl,12547983,3615323,16163306
41d2f9bf-47c1-4d44-a969-8a1694fe70ab_onto.rdf_functional.owl,16681897,3341934,20023831
approximated_faa65bfe-2600-4f7c-9a3c-5eeb674ce5bd_complex1.0.owl_functional.owl,18589931,22703362,41293293
approximated_kb-owl-syntax-unraveled-depth-3-km-relevant-cardinalities-triggers-constant-classes-relation-axioms-value-nominals.ofn_functional.owl,536196909,906609095,1442806004
e08af18e-cf8d-4007-be9f-15434e0cd2d2_go_imports.owl_functional.owl,41526637,91338178,132864815
approximated_496736ef-1103-442a-93a3-44b646492bee_peoplepets.rdf_functional.owl,12683576,3956002,16639578
approximated_7810d3b3-436b-4f1d-82fa-8ba6ab1d45bf_onto.rdf_functional.owl,12402892,5233591,17636483
approximated_0167270a-26a8-4679-9c53-c09519b5598a_uckLoading.owl_functional.owl,17692425,4886218,22578643
approximated_39b94cd4-8b03-460a-9a09-5c6e4e8baa7d_nfexternal.owl_functional.owl,13230524,6222878,19453402
approximated_05d8250b-35e1-4604-ac12-7a679b534f50_erminology.owl_functional.owl,19875335,26193882,46069217
f53e6262-85d4-4aac-ba1e-b3dcdccf56f3_Election.owl_functional.owl,18626236,1841149,20467385
approximated_079d009c-1b96-4889-911d-ff63dfbb10e5_ZooAnimals.owl_functional.owl,12111206,9581081,21692287
approximated_ccc9c3b5-5cfb-4d44-9ac6-9116adb240fe_eolOceanic.owl_functional.owl,140607095,244421799,385028894
ac1f0c5f-7921-4e60-8ecd-b299404092a5_Pope.owl_functional.owl,13376127,1057205,14433332
approximated_6f05fa8d-ec24-42d3-a84e-db601195dbd9_merged.obo_functional.owl,1065231703,2278332126,3343563829
approximated_51f4cede-f3f3-46af-b187-7b85d0c056f0_c_20090302.ttl_functional.owl,24359159,11851281,36210440
approximated_339facc9-5bb6-483e-9324-6148770a5b54_collInt.owl_functional.owl,14428858,7939797,22368655
approximated_a8cc637c-1d84-492a-80ed-3c55793da591_netClimate.owl_functional.owl,130847382,210657851,341505233
approximated_kb-owl-syntax-unraveled-depth-2-km-relevant-cardinalities-relation-axioms.ofn_functional.owl,403946532,969221409,1373167941
approximated_kb-owl-syntax-unraveled-depth-2-disjointness-constant-classes-relation-axioms-value-nominals.ofn_functional.owl,875705201,1529341929,2405047130
approximated_0e6a554e-f3dc-469d-beca-0ddf76b1af82_s_dressing.ttl_functional.owl,19121397,3847013,22968410
approximated_28f8d48f-cd51-4b98-82ff-2ac73819c373_Handkse.rdf_functional.owl,13497507,3586478,17083985
approximated_159d8299-0801-487e-aa8c-78c71c67c62c_rm_anatomy.owl_functional.owl,282299321,715441726,997741047
approximated_3ced1eb5-119d-479c-b7dc-dcebda3c65c3_astertaxon.owl_functional.owl,598065287,794470678,1392535965
approximated_009d4849-2f36-4e47-9286-f06ceac6e16a_C3A4juusto.rdf_functional.owl,16645498,3706925,20352423
approximated_1fe9b1bf-e389-41b6-a71c-914b1774399e_can_cheese.ttl_functional.owl,10051630,3846068,13897698
approximated_22ed1d49-5c4e-4339-90fd-dae74b5e3382_ZN414.rdf_functional.owl,15239419,3674091,18913510
c8e1c76a-e57a-4de8-a519-0695be68c4bf_ms.obo_functional.owl,48816664,107755760,156572424
approximated_34cfa3cf-b591-4cc0-a5b0-279276b53fec_Spiced_bun.rdf_functional.owl,12962191,3920616,16882807
approximated_00566.owl_functional.owl,1224391862,3091636277,4316028139
approximated_589de780-3b5d-49b0-a5c4-2eb3fb5d0c74_Hand_truck.ttl_functional.owl,19114642,3738827,22853469
approximated_00580.owl_functional.owl,12000501,12735203,24735704
approximated_50a86205-cd06-4444-9e85-0c77f5d75715_ewasserted.owl_functional.owl,53633017051,1.70675E+11,2.24308E+11
approximated_a706d7ff-7e1f-4b81-add1-a0f0f16a0c93_Atom.n3_functional.owl,14384203,7851647,22235850
approximated_f8ab3c00-15a5-4b57-9cfb-a2de64cad7d6_tmoexternal.owl_functional.owl,11420036,5286338,16706374
approximated_ae0b2ce0-14ac-47ad-88fc-bcbf7752e3cb_realmRegion.owl_functional.owl,135272236,208518410,343790646
approximated_2b64c4bd-c6d3-4d0c-a25f-11855fb2f4f7_ionoecetes.ttl_functional.owl,14292348,3638171,17930519
approximated_3f83b1b4-2b7b-4ae2-8af0-1642475a3016_matr.owl_functional.owl,132796477,242682348,375478825
approximated_6114caab-97a3-418f-89ae-3d185551e5be__Crunchies.rdf_functional.owl,12635549,3787757,16423306
approximated_19a6776d-26fd-4697-bade-7f4384108614_astroHelio.owl_functional.owl,105004774,204610345,309615119
e364d4ce-8998-4d4c-83c4-60e91cc11b83_msc.rdf_functional.owl,128583616,280760504,409344120
approximated_48d3a122-e4e8-4f92-91ea-9950e122101b_wine_fred.owl_functional.owl,32171885,15450786,47622671
approximated_8d5b6066-18e1-40a5-81ce-b4db1fd9cbe3_rtecomunal.rdf_functional.owl,39769347,19513153,59282500
approximated_d908addf-9588-44c9-bca0-6029a6a6816a_nnectivity.rdf_functional.owl,16180902,3834768,20015670
approximated_768c781c-937c-40bb-bc13-f4611c9296bb_ntology_editor_functional.owl,10654377,1771708,12426085
approximated_00078.owl_functional.owl,32089679,28772798,60862477
8d8ac2b6-329c-43c2-a168-2902e159f452_er_anatomy.obo_functional.owl,28883455,38631171,67514626
approximated_00bbe3bb-2eed-4cb6-a804-a566cad04b73_Calcium.rdf_functional.owl,17321598,3878904,21200502
approximated_09a3797b-7e7d-48b2-95cd-cf138393db28_stateWave.owl_functional.owl,130694432,209510426,340204858
approximated_47a65c1a-1d5f-48b3-b405-249bbd83ad3b_lop_cheese.rdf_functional.owl,14979544,3732990,18712534
d179aa85-f427-43ca-9e5d-ae7be61f1b9a_bcellular2.owl_functional.owl,32376885,19153676,51530561
71dab5f1-3d0a-443b-ad91-e05995f865b6_ontology_11.owl_functional.owl,12435057,3736151,16171208
approximated_46069d79-56d9-447f-ac33-0e7259049920_thRelation.owl_functional.owl,19203810,18092118,37295928
approximated_ccon.cerrado-concepts-and-plant-community-dynamics.8.owl.xml_functional.owl,15106872,7726308,22833180
approximated_qibo.quantitative-imaging-biomarker-ontology.2.owl.xml_functional.owl,33311119,31857547,65168666
approximated_285c2343-6bae-46e7-855a-79cc44d2a941_tton_stone.ttl_functional.owl,15058943,4039220,19098163
cea731ce-8bc8-4beb-af07-67749239a7dd_a.obo.PREVIOUS_functional.owl,161787886,317757170,479545056
approximated_3ce0d217-b914-4498-bc8d-213f5a7335a8_ket_cheese.rdf_functional.owl,10285267,4199683,14484950
approximated_463e72d0-c575-404a-8554-cecc1c9c30a2_stateRole.owl_functional.owl,133462682,208896266,342358948
approximated_0993ac92-a898-4e85-9d27-f8423a0c3c5a_Broadfork.rdf_functional.owl,10420389,4142097,14562486
approximated_934d7687-972d-4f66-a250-7a3c35b969d0_SAO_v1.0.owl_functional.owl,32508658,28057188,60565846
approximated_1f41f21b-9c93-4be1-9bba-21f1103c0d32_Surimi.ttl_functional.owl,16968465,4142244,21110709
7bbb9bcb-eea6-4871-8b38-f48283959bf4_attributes.obo_functional.owl,532949242,803757275,1336706517
approximated_kb-owl-syntax-unraveled-depth-0-km-relevant-cardinalities-relation-axioms.ofn_functional.owl,141116543,355863980,496980523
34a4fc6d-f1d2-40b5-8185-922fb3b6e14b_quality.obo_functional.owl,36584695,62940589,99525284
approximated_8d944786-97ce-46ec-929a-56497609ec43_vo.owl_functional.owl,221926781,558121633,780048414
approximated_51e8e8ab-d908-4d01-9199-7bf80df665d8_vel_cheese.ttl_functional.owl,17415855,3623987,21039842
approximated_2453af47-f839-4534-95c9-09cab80870f4_esar_salad.ttl_functional.owl,17174462,3762007,20936469
approximated_kb-owl-syntax-unraveled-depth-2-cardinalities-disjointness-relation-axioms.ofn_functional.owl,675159480,1475732069,2150891549
approximated_d34b67bf-1015-41c0-937f-fa9704fdbb71_hReadiness.owl_functional.owl,149835551,222869981,372705532
approximated_2b59f092-94d9-4f72-84cd-ae6c3908ef4e_Lawn.rdf_functional.owl,13133700,3792173,16925873
approximated_335823f0-c7be-4e4d-83e7-044854873f51_am_cleaner.ttl_functional.owl,15334477,3833428,19167905
kb-owl-syntax-unraveled-depth-0-km-relevant-cardinalities.ofn_functional.owl,131939948,340061657,472001605
approximated_43dce416-4000-410f-88e5-48076a5aa21e_Red_Windsor.rdf_functional.owl,17120638,3657722,20778360
82bc4ea8-a1e3-468e-a3c7-d7bbdbd9dde5_enotype_xp.obo_functional.owl,93215469,29222373,122437842
approximated_kb-owl-syntax-unraveled-depth-2-cardinalities-triggers-relation-axioms.ofn_functional.owl,410250369,1051269588,1461519957
approximated_kb-owl-syntax-coreference-IDs-cardinalities-constant-classes-value-nominals.ofn_functional.owl,618414408,1720355801,2338770209
approximated_53db6e10-704d-45f7-a46b-40f37d87774a_Caramac.ttl_functional.owl,14745654,3762862,18508516
approximated_08967186-0227-4517-8dc3-e02be86cf1d9_geoicon.owl_functional.owl,11460095,9054904,20514999
approximated_kb-owl-syntax-unraveled-depth-0-cardinalities-triggers-constant-classes-relation-axioms-value-classes.ofn_functional.owl,169280403,400949024,570229427
approximated_0e5750a6-4b61-4b35-9936-a250190b1ad2_veillance1.owl_functional.owl,15876537,6221958,22098495
approximated_e4218950-e1ba-4c2c-b8a6-dff23a7335e4_mBiolBiome.owl_functional.owl,131399664,215552051,346951715
b6065eb3-7aa6-414b-a26b-983b4af2832c_poro.obo_functional.owl,24398354,37681589,62079943
approximated_21a23b44-5a07-4486-ae59-7b5ce9b9888c_dogont.owl_functional.owl,50404943,84823338,135228281
approximated_d9131932-f5be-4f9c-a0a2-fed212880ee3_meta.owl_functional.owl,17407259,7430823,24838082
approximated_83be9618-781f-4d12-a5bf-72c49669483a_trParticle.owl_functional.owl,142394492,242385746,384780238
343fa8fb-7658-4e0a-b820-b264f3f20d9f_onto.rdf_functional.owl,17187911,3362490,20550401
01f8e992-0d68-48cc-9f0a-d005cd56547e_s_musculus.obo_functional.owl,239974635,582398687,822373322
approximated_89c3242e-f30a-4618-b9d4-30508e291564_nco_cheese.rdf_functional.owl,14400721,3645314,18046035
approximated_8e73a0ac-0ecd-4e07-a07f-3ba60b1d9250_Broadaxe.rdf_functional.owl,11890875,3802228,15693103
approximated_2df2d29f-9a89-459d-9282-afb5869ddee7_ockIgneous.owl_functional.owl,129412862,207614800,337027662
4d404796-5d0d-4daf-9aff-4f5917fd45c2_xaosimple.owl_functional.owl,116576772,257519326,374096098
approximated_02d1f1ab-12d4-492c-adbe-81749bd668a9_Waistcoat.rdf_functional.owl,12092693,3920534,16013227
approximated_bab27588-b9a1-4ee4-8722-96c178d0f506_wa3m.owl_functional.owl,17192778,8808002,26000780
approximated_fc1dd52b-11dc-45ae-af2b-8a46f8c9144e_lSemantics.owl_functional.owl,17683443,20784324,38467767
412dafc0-b830-45c2-b46a-8b7d01850fc8_natstaged.owl2_functional.owl,246103072,517011457,763114529
68bb9632-e969-494d-b236-0d83f12edfb7__temporal.owl2_functional.owl,17646273,11565115,29211388
approximated_9484380b-b430-49f0-9ed7-b05e4831e3b8_tterfinger.rdf_functional.owl,16097494,3636038,19733532
approximated_7c0f16df-bc1a-4ce9-87a6-33a742cf7038_Supplements.owl_functional.owl,20311003,11109931,31420934
52255ee6-d98a-4181-9cf2-17092d8177bf_ysfunction.owl_functional.owl,19663500,15819293,35482793
approximated_kb-owl-syntax-unraveled-depth-1-cardinalities-disjointness.ofn_functional.owl,685857397,1618972138,2304829535
approximated_d0308acc-16de-419c-9220-1e40df59fbf8_AIXM.owl_functional.owl,105352066,68233685,173585751
approximated_48c78863-6ad1-4e7e-af55-f2ad0982fac9_relontor.owl_functional.owl,6391771,6048052,12439823
approximated_e0a3f332-4e5c-4ea5-ae38-55099f790411_Mett.rdf_functional.owl,18385315,3634893,22020208
approximated_7de6992b-7f93-44d1-8481-2af2516525bc_e_lighting.rdf_functional.owl,11507725,3735374,15243099
dfe5c631-41df-4fdb-a43b-233fd19bfc8b_classified.owl_functional.owl,49154267,89160905,138315172
76b528aa-fe0c-47cb-9268-48bb9738160e__phenotype.obo_functional.owl,18725631,14499981,33225612
approximated_9a242e94-eb5e-4b18-ab99-14ed396f859e_catchrecord.owl_functional.owl,10467422,4694755,15162177
approximated_569c0765-0c6f-4ab4-8631-595584161976_and_cement.ttl_functional.owl,9972046,4531157,14503203
approximated_86aeb726-6c13-4219-a99b-79a85770e457_mdom.owl_functional.owl,26911556,4323221,31234777
approximated_1c6550ac-7687-4107-8379-14a7f6f9c304_ition_coil.rdf_functional.owl,10905948,3640565,14546513
approximated_fca9be21-b11f-46ce-b604-7cdebf477f52_tologyV1.4.owl_functional.owl,13022477,10222372,23244849
approximated_8d8da5a7-cd8d-48c6-8fa6-43ccf49af62d_outh_joint.rdf_functional.owl,11443528,3600681,15044209
approximated_a1f4f2a7-142a-4ebb-b239-17bb9c3e35de_eThickness.owl_functional.owl,137974401,242529186,380503587
approximated_5b79f14f-8479-4f0e-b063-c2a3c3ba8c71_Person.ttl_functional.owl,15319960,3621788,18941748
e868239e-b519-42e5-807c-a017aea2e208_usequivmod.owl_functional.owl,1137336894,959855541,2097192435
approximated_6226c875-2343-443d-aa84-cdea1480d80e_nGeolFault.owl_functional.owl,164249992,202602241,366852233
approximated_3e1e3367-1af4-47e4-98ad-f6fff49f93f8_blicazioni.owl_functional.owl,11807505,6245702,18053207
e67adecd-6593-4d91-a739-772ff3d9e621_gorieNeuigkeit_functional.owl,8773690,1039192,9812882
approximated_046028ff-d37b-49a0-b2de-5f3ff9900cb8_Process.owl_functional.owl,18954796,5903101,24857897
18e00e01-fa1c-449d-9fd9-a000b1d59166_ezeichnungen_A_functional.owl,10189644,993056,11182700
b5f2b8db-51e5-4df7-bc48-db837b39f686_enotype_xp.obo_functional.owl,91307466,29356527,120663993
91ce4a05-bab4-4702-9ce6-90ad77879d5a_event.owl2_functional.owl,156284125,367212589,523496714
approximated_36788561-09ea-45c9-ad6f-aa1603d02862_kupo.owl_functional.owl,15113735,16432813,31546548
approximated_28b40351-ea37-40b3-a829-bd1f82476929_lief_valve.ttl_functional.owl,8570621,3729980,12300601
approximated_01af339b-32bc-423c-ad1f-1bbc5b3ba3da_ogy_v3.0.1.rdf_functional.owl,36634711,4841301,41476012
approximated_kb-owl-syntax-coreference-IDs-disjointness-relation-axioms.ofn_functional.owl,826201350,2130512505,2956713855
approximated_e28635e4-dbc2-41b6-84f9-9aad190674c0_music.owl_functional.owl,13035504,6022231,19057735
approximated_16bf958c-504d-4f6f-8ec6-b47df986d06e_Meatloaf.ttl_functional.owl,9260876,4245490,13506366
approximated_9303fae0-091c-4be0-8be2-123f3eff0427_andCoastal.owl_functional.owl,136409400,268172777,404582177
approximated_156fbe54-84cb-463f-ad6a-8804a729547a_esg.owl_functional.owl,37689820,9246682,46936502
approximated_1eef300e-9c6f-4cc5-878c-721a05e336ce_crime7.owl_functional.owl,21149621,9095940,30245561
d2f9f1a6-cc24-4de7-9d32-fc87e362174d_ss_xp_cell.owl_functional.owl,44130354,16913774,61044128
approximated_03f865c8-13ef-46df-b026-0f24f839c492_Odometer.rdf_functional.owl,16087321,4585051,20672372
mfo.medaka-fish-anatomy-and-development-ontology.14.owl.xml_functional.owl,144706400,255892657,400599057
approximated_02d0b7ab-64e0-4286-a487-0a85ecef7bfe_complex2.0.owl_functional.owl,41735683,69215331,110951014
approximated_81ce62cd-da00-4e74-a011-753e0293ec5b_EHR_RM.owl_functional.owl,15766862,16011960,31778822
approximated_745a67fc-5319-4a61-9de8-6fc3fadb48c7_phitomancy.rdf_functional.owl,24314425,7639164,31953589
approximated_52307994-ba16-444e-a3f3-02e9823870b0_eres061208.owl_functional.owl,36478605,21277560,57756165
approximated_c115b918-4084-4859-8eda-e2350726f1ea_cuum_truck.rdf_functional.owl,19011791,3621725,22633516
4b601286-ee1c-4cd0-b0a5-7bc39a8f14e0_ies_bridge.obo_functional.owl,269738508,692343844,962082352
approximated_5b2d679a-10bb-4813-91ed-8370c840f618_clair_1000.rdf_functional.owl,18011641,3699689,21711330
approximated_efo.experimental-factor-ontology.116.owl.xml_functional.owl,334059988,1023421217,1357481205
approximated_801fec7b-cec3-478b-b39f-0fba4dba11e8_goldDLP.owl_functional.owl,21578440,3635633,25214073
approximated_400c9ea1-da99-4754-8f3c-42a65b9b588f_Nail_gun.rdf_functional.owl,14204464,3650066,17854530
approximated_0f3b03fa-0f9e-4d98-82e1-7d80cc159fc5_chemtop.owl_functional.owl,11179983,8396757,19576740
approximated_sio.semanticscience-integrated-ontology.49.owl.xml_functional.owl,48734700,92483911,141218611
approximated_54050196-6050-4dab-abb4-579287dd775e_anderson.owl_functional.owl,21418510,21083074,42501584
approximated_15c30823-2cd9-41d4-9970-a3370e921dd6_holarships.owl_functional.owl,16998994,5680344,22679338
c0323c98-ef24-41ca-98f9-78f382f8d82f_dwcFP.owl_functional.owl,19659147,1249748,20908895
approximated_a5f5b372-4902-4a49-80a6-51eec1c80b63_mecv.owl_functional.owl,18210736,9784941,27995677
approximated_8f47752e-d815-4be7-8c41-0ad90d280da0_PaulFisher.rdf_functional.owl,12907343,3459157,16366500
approximated_03e4e6f0-1df3-4a98-afc4-76c620ddde1f_gfo1.0.owl_functional.owl,17420813,7987631,25408444
approximated_8d6c1790-263d-410a-8b25-4790091875fc_ne_dioxide.ttl_functional.owl,14152008,3727273,17879281
approximated_c60c5dd5-0702-4e92-94e9-83bc76535999_sAnatomy_1.owl_functional.owl,57700232,96213936,153914168
ab726941-765f-4e5e-b6c9-2d51b652e841_00Ontology.owl_functional.owl,442445606,74841914,517287520
approximated_kb-owl-syntax-unraveled-depth-1-km-relevant-cardinalities-constant-classes-value-classes.ofn_functional.owl,456609477,1064304291,1520913768
approximated_18a6f5c3-8859-4737-a768-5dc72ac556d0_geMetadata.owl_functional.owl,15295196,8158478,23453674
approximated_a9c38486-0329-4d7a-bdf0-5f11def80a9f_OntoTOK.owl_functional.owl,14954166,12704598,27658764
approximated_3e0ebd26-2eb6-4506-a156-5c8f3b312a41_phenBiol.owl_functional.owl,134748042,207604648,342352690
approximated_7feb6d77-20df-4fa5-a2c0-809c1951d695_herot_cell.ttl_functional.owl,15092471,7239810,22332281
approximated_003065c1-4ed5-4b66-b012-88e11da56183_lmLandform.owl_functional.owl,144245556,211812471,356058027
approximated_0833d570-ea3c-4cae-80a0-8a4b8b9aa2b0_source_functional.owl,16794141,2984516,19778657
87da1a3d-9813-4f33-8f0d-fa57e9ee6441_calProcess.owl_functional.owl,449495458,1302685629,1752181087
approximated_682fe3ca-1c1f-4e29-8f70-290593d8f11b_partimenti.owl_functional.owl,16851976,5495132,22347108
2027e67a-a876-4cbb-bac1-3b8b992ca4cd_ObjectProperty_functional.owl,11968385,1195427,13163812
8c2d9d68-eb50-4297-b464-4505e6da5f15_IDOMAL_02c.obo_functional.owl,62775843,122139776,184915619
approximated_kb-owl-syntax-coreference-IDs-cardinalities-relation-axioms.ofn_functional.owl,656553658,1657320494,2313874152
8e137911-bc90-4486-aa39-6638b1fdb7e9_se_anatomy.obo_functional.owl,90969769,193272730,284242499
approximated_kb-owl-syntax-coreference-IDs-cardinalities-triggers-constant-classes-value-nominals.ofn_functional.owl,613094592,1737580542,2350675134
approximated_19f9f512-dc82-44e1-ad3a-2b91e38c10af_MO_spatial.owl_functional.owl,23616097,17470883,41086980
approximated_568f054b-079c-4d37-ab00-ee430d8f4874_idomain.owl_functional.owl,23391635,23273703,46665338
approximated_775c33ae-6908-4ea0-9525-be3c4e7b4539_swportal.owl_functional.owl,10460209,5745782,16205991
approximated_e21e5ac8-60e7-45bc-83e7-32bcbbaa9172_Difference.owl_functional.owl,139077741,246354382,385432123
approximated_82ab8a79-1389-4629-9cde-51f3ffabe335_Apple_cake.ttl_functional.owl,10100926,4110637,14211563
approximated_MSC_classes_demo.owl_functional.owl,3962698626,7149183002,11111881628
approximated_171ffdf6-d6ec-4c6a-956e-6a258b88008a_bbage_roll.ttl_functional.owl,18983027,3657307,22640334
approximated_0bf154b7-f284-43a6-ac05-734043ad7c08_biotopcore.owl_functional.owl,21642422,19010676,40653098
approximated_065e0397-5790-4d13-be9f-1229fbf1e723_Peach.ttl_functional.owl,16021902,3600212,19622114
approximated_426bfbfe-fda9-470c-baae-a059a2d299b1_Stojanovic.owl_functional.owl,106231774,10651882,116883656
approximated_8d3d5a61-dc60-42b0-a7b6-4770768a982d_reGradient.owl_functional.owl,137887183,243724109,381611292
approximated_511d4b72-3a30-4820-97e5-94714ea947d9_car.owl_functional.owl,15442993,6528793,21971786
approximated_f9f68e62-8138-4f91-9383-d18747aaa0ce_teruniprot.owl_functional.owl,135299073,249576275,384875348
approximated_98d5452d-21a8-4f98-8efa-298a9fb635d8_tance_edit.owl_functional.owl,48193491,45983915,94177406
approximated_d2d02c40-c4c6-41a4-8a8c-aa15d2d90de0_production.owl_functional.owl,15778665,3596258,19374923
approximated_803c37f6-25ff-472e-a7f3-ad88a9e0a08b_Bombay_duck.ttl_functional.owl,16437329,3808867,20246196
approximated_262e663c-b0ae-4f34-bfac-f63e27742d99_nch_Assist.ttl_functional.owl,14304353,3638833,17943186
approximated_96b4e110-c617-461d-b98f-b4a51527ce0a_math.owl_functional.owl,11778782,7577168,19355950
po.plant-ontology.10.owl.xml_functional.owl,67711047,134080692,201791739
approximated_2bd14e20-984c-4e50-87a3-d31301684b0d_edElements.owl_functional.owl,17158369,6713451,23871820
approximated_kb-owl-syntax-unraveled-depth-3-km-relevant-cardinalities-triggers.ofn_functional.owl,352446768,881919183,1234365951
approximated_5bacee5a-c1eb-488b-9293-296844488f6f_Crayon.ttl_functional.owl,13619327,3851007,17470334
approximated_ff8b4e70-2cf9-4a2d-9902-4b3e7ea9fa03_l_06012009.owl_functional.owl,64480902,113241749,177722651
d791b658-d37f-428a-9dd4-f3237c72847c_FRetired_1.owl_functional.owl,89596097,5932181,95528278
approximated_33433483-c768-4788-bd0b-572b9d53c361_Campari.ttl_functional.owl,80281677,3627874,83909551
approximated_813f3c76-c50e-4baa-b5aa-19baf1e707fd_tance_edit.owl_functional.owl,81881188,46633015,128514203
077c8aaf-3813-4cec-b2a4-cdf6c82366e2_inalistype.owl_functional.owl,389181223,760555154,1149736377
b3d315c4-e03d-415a-a3d1-88b13b34933d_Boxer.owl_functional.owl,22546458,2224604,24771062
approximated_8ed67e7b-ee1f-4dd1-84b8-8a53d2e12552_music_functional.owl,16965270,7317779,24283049
approximated_0a256752-1746-44cf-854f-622e3324aa4a_riouniprot.owl_functional.owl,119346727,229275914,348622641
d0483e57-a25d-426f-a632-b3841659ce72_ballPlayer.owl_functional.owl,15751783,1798999,17550782
6b8658cc-d658-4ad2-9aff-f88d39b6ce05_ehda.owl_functional.owl,246428650,518919824,765348474
approximated_00450.owl_functional.owl,61684196,146784024,208468220
approximated_43a895ef-c37e-4956-88d7-a181d7a7f828_realmCryo.owl_functional.owl,135132134,245229753,380361887
approximated_b9de91c8-1041-4ff4-ae8f-3154122d162c_cell.owl_functional.owl,32605676,74425690,107031366
99a7ea8c-0ff4-41fb-a1c5-3d3bf9b30a13_emapasimple.obo_functional.owl,197493852,356208649,553702501
approximated_69285bda-95d6-4214-9e32-667dbbfe63cb_PaulFisher.rdf_functional.owl,12860547,2907188,15767735
approximated_762f7d09-817d-4524-941e-d09dd5a0650c_srdl2.owl_functional.owl,34469663,54098115,88567778
approximated_11aac064-93bc-4cae-9057-31d9d83600e5_81216_425a.owl_functional.owl,30453190,21436372,51889562
approximated_45e89063-b842-464b-acd8-84909bb7d7fd_icusmerged.owl_functional.owl,4217846993,1283060178,5500907171
approximated_7c055441-e598-4138-ab4b-1e59e898a10f_nstability.owl_functional.owl,139210106,209730350,348940456
approximated_94069708-4fd8-477e-b4b4-c9f63647c5e1_rfoafdcmap.owl_functional.owl,17471244,3903387,21374631
approximated_629141d3-e7b6-4a22-9be4-6892918df95c_pmentupper.owl_functional.owl,2284024824,4973216428,7257241252
approximated_95bdcc01-fb52-4e49-97a6-6643014fda06_oLightning.owl_functional.owl,142709293,241711197,384420490
b4b8a29e-5bc9-423d-b7bc-e390273d22b3_nnotations.owl_functional.owl,34159466816,24590635178,58750101994
approximated_mo.microarray-and-gene-expression-data-ontology.1.owl.xml_functional.owl,39170713,26162721,65333434
approximated_9e93875e-bf17-48fc-9a26-d9d5a9d155f0_o_OMNIA_v2.owl_functional.owl,12478291,6158138,18636429
approximated_kb-owl-syntax-unraveled-depth-1-km-relevant-cardinalities-disjointness-constant-classes-relation-axioms-value-nominals.ofn_functional.owl,846282908,1675125763,2521408671
approximated_00044.owl_functional.owl,2264963791,3880510937,6145474728
approximated_93b20ab0-59d3-49ec-8dd9-e657d77bd3ba_limateZone.owl_functional.owl,141071701,244216018,385287719
approximated_kb-owl-syntax-unraveled-depth-2-km-relevant-cardinalities-constant-classes-value-nominals.ofn_functional.owl,447446164,947414278,1394860442
fd97d9e7-cb1b-431c-976a-61a92b4a2fe4_brenda.owl2_functional.owl,144303729,347747660,492051389
approximated_3feffcfe-1502-4575-bf49-8627696f351f_Pentium_Pro.ttl_functional.owl,13558341,3780086,17338427
approximated_d55dbac1-40d8-4acc-9273-d11d9d5a6887__amplifier.rdf_functional.owl,15842099,3643733,19485832
approximated_68ed0453-17f1-4e0d-838f-d370fa65437f_oda2.owl_functional.owl,31380948,7294276,38675224
approximated_db0280bb-5f25-4e06-bf20-a600b3b64524_LMM_L2.owl_functional.owl,23078736,20465425,43544161
53ad410f-3531-4b81-af21-d486f9bf2c1b_gasterexpr.obo_functional.owl,471058699,979012385,1450071084
approximated_phare.pharmacogenomic-relationships-ontology.2.owl.xml_functional.owl,19931040,17346777,37277817
approximated_c92b12d0-6557-47c9-b37b-a07843f7519c_onto.rdf_functional.owl,19776067,5653885,25429952
approximated_c0738f3c-016b-4b8d-ae3d-527c211e6459_gyVersion4.owl_functional.owl,20127193,7519962,27647155
6212f2de-1a0e-4906-a1ad-9cbeb912f066_inferences.owl_functional.owl,69846035,169618962,239464997
approximated_93e9ef2c-19db-4568-baf6-b2764b59d0be_GRO_v0.3.owl_functional.owl,32362336,39404923,71767259
approximated_c07527e4-9272-478e-bc2f-630610954dfe_iian_pizza.rdf_functional.owl,21463426,7029991,28493417
approximated_d66fd76d-8c5e-4b06-87b7-d8eb3828b44d_usculusMOD.obo_functional.owl,5167546650,11040092921,16207639571
approximated_41a1975e-a80d-4564-b219-b5285fa05882_CocaCola.ttl_functional.owl,24271382,7334512,31605894
4c831b62-03a2-477e-a50d-796485e67963_sopharm.obo_functional.owl,16003341,6207175,22210516
approximated_73c236fc-a993-4a57-ab6f-cdbf1504024c_e41_atwork.rdf_functional.owl,15644276,2870252,18514528
approximated_61d101eb-6c37-4694-968f-c1455ac78a0d_onto.rdf_functional.owl,17747788,5498472,23246260
approximated_262789ef-2133-4216-b81b-75d64929178a_rvice_unit.rdf_functional.owl,13269651,3711399,16981050
approximated_1dea4541-bdab-470f-9beb-4ca833578f5e_901_424_le.owl_functional.owl,28800261,22266668,51066929
a19fc418-d180-4116-95d0-a77871244fb6_Magazine.owl_functional.owl,18751245,2595026,21346271
2a56e1d2-4848-46e5-ae0c-4c0d484ae999_promapping.obo_functional.owl,12313498291,15076839429,27390337720
46d2be4d-2c4d-4932-b583-b9a79b4ce22e_er_Krankheiten_functional.owl,12762703,2313935,15076638
approximated_kb-owl-syntax-unraveled-depth-4-km-relevant-cardinalities-constant-classes-relation-axioms-value-classes.ofn_functional.owl,368321888,900607523,1268929411
0184bd80-510f-4470-b515-29ceda7e21b4_egoryFoafAgent_functional.owl,14191905,1174068,15365973
approximated_3bad1696-6f23-4694-9af0-e119af7ffd6a_Manchego.ttl_functional.owl,18419439,3743568,22163007
approximated_27482c5f-4102-47f4-98f4-fe2e6df61804_fice_suite.ttl_functional.owl,9743727,3648144,13391871
approximated_19bba1db-d847-4017-8072-5a8d22df4d70_so_Palmita.rdf_functional.owl,12289796,3735224,16025020
approximated_kb-owl-syntax-unraveled-depth-2-disjointness.ofn_functional.owl,627567592,1486910902,2114478494
approximated_7f4d7d93-3ec3-4946-a66a-11c739768db0_Hefekranz.ttl_functional.owl,16095181,3949565,20044746
approximated_10fe96c2-0ac2-45d4-aa82-dfb504838858_peoplepets.owl_functional.owl,16118252,3924351,20042603
approximated_00456.owl_functional.owl,21194878,47991325,69186203
43b8b9c3-f6f1-4624-b038-dcb9c0a770d7_phenotype.owl2_functional.owl,50631244,102777872,153409116
approximated_6188ffbf-88c4-4d93-9a5a-7c996b01dc92_ional_film.rdf_functional.owl,10928575,3920052,14848627
074e7838-965c-4a62-9133-e5615249d0e2_s_musculus.obo_functional.owl,219164900,609154534,828319434
approximated_0c04b087-fe99-48a0-94bc-a16c287b8ba6_itsmo.owl_functional.owl,11520564,4092272,15612836
approximated_7aabe9e3-5b87-4b2a-a309-2de5e72d4931_cheminf.owl_functional.owl,30111163,47847052,77958215
approximated_88a2b6d9-0932-4842-af12-c5010f5a1167_intervals_functional.owl,15129317,7292401,22421718
approximated_1c14ca74-54ee-48ed-a948-c9b52de0197f_eriomerged.owl_functional.owl,4559429042,1248051730,5807480772
18527a34-d732-4010-9641-304f655cd4ea_KategorieBeine_functional.owl,20241139,853257,21094396
approximated_08199c19-2a30-4c97-8136-3254a22f399b_go_xp_chebi.obo_functional.owl,137679059,291168260,428847319
approximated_f3a57be5-40a5-41b6-ac20-b5a80e1df045_qurec20.owl_functional.owl,78158922,23282503,101441425
approximated_2e6e0ff7-fd75-46ab-ad4e-8c7f3a30afae_prerelease.owl_functional.owl,2598270413,7006724697,9604995110
01053c56-6d83-4763-9aee-f9f36c1aec42_EHDAA2.obo_functional.owl,353977408,684453737,1038431145
aao.amphibian-gross-anatomy-ontology.7.owl.xml_functional.owl,66602539,130693864,197296403
approximated_4b741a0c-5177-4f32-a4ec-4f37dcc59afa_ysfunction.owl_functional.owl,81075817,163843625,244919442
4f1ce004-e740-46dc-a4f7-f570682f201d_flanzenatlas_B_functional.owl,16190434,821843,17012277
approximated_67e62d0d-d5f8-4277-b0c4-2bb54f46a7a2_russ.owl_functional.owl,76909253,12260926,89170179
approximated_b2560287-8240-4efb-8b9d-e848a7c37a58_den_cheese.rdf_functional.owl,13203989,4146526,17350515
approximated_00d50f66-9f4a-4f02-8b40-fba318612bdd_Sugar.ttl_functional.owl,15803030,3820479,19623509
approximated_7130c809-0272-4b72-9c23-8c1f077a55b1_ass_shears.rdf_functional.owl,14298887,4642081,18940968
5b732745-a536-42b8-8a4a-0521440c8abb_Fungus.owl_functional.owl,10077451,1122213,11199664
approximated_d3b18e57-0e42-4f3e-be08-dbca4b1b9408_icontology.rdf_functional.owl,29764912,20253222,50018134
pedterm.pediatric-terminology.5.owl.xml_functional.owl,47022096,87189087,134211183
approximated_5032742c-1115-4a63-81bf-f196b20e5b10_Acetic_acid.ttl_functional.owl,16552997,3721642,20274639
0c995738-f296-4ef0-99ec-a5b3d5ef3769_nnotations.owl_functional.owl,20354651004,17938055262,38292706266
approximated_0ceb5f5c-acda-48c8-9d94-e760bf367ab1_stateFluid.owl_functional.owl,145853831,244159697,390013528
931baaf9-2387-4586-8510-c5ade0ffbcae_Sport.owl_functional.owl,23165608,1709483,24875091
a68a99d6-8690-4bb4-aa87-074f676f25b0_mousecobra.owl_functional.owl,114411759,180432804,294844563
d4cd4e9d-9770-43ba-b57d-33b6c750adde_Canal.owl_functional.owl,10354948,1166028,11520976
approximated_e92baf6f-f16f-4bf0-b115-b2da0f68bd16_dbpedia.owl_functional.owl,41914954,56817823,98732777
approximated_1c39359e-15c6-4191-bd39-86cb4df45359_onto.rdf_functional.owl,11067435,5644570,16712005
approximated_kb-owl-syntax-unraveled-depth-3-cardinalities-triggers-constant-classes-relation-axioms-value-nominals.ofn_functional.owl,406022991,978275407,1384298398
approximated_kb-owl-syntax-unraveled-depth-2-disjointness-triggers-constant-classes-relation-axioms-value-classes.ofn_functional.owl,735167304,1547831024,2282998328
approximated_8d6a881d-c4f6-4ba7-8282-4dd20b613726_rap_wrench.rdf_functional.owl,14704744,3694947,18399691
approximated_kb-owl-syntax-coreference-IDs-constant-classes-value-nominals.ofn_functional.owl,606618921,1654218910,2260837831
approximated_28092fa1-5699-44a8-8111-dd038bd47a1c_JC3IEDM3.1a.owl_functional.owl,84213832,125567195,209781027
approximated_19eb90ee-2225-4edd-9e9a-f7204ef9fd2f_oscillator.rdf_functional.owl,15547787,3840046,19387833
approximated_525da0ba-ef48-43f8-92e5-3101c725175d_Sander.rdf_functional.owl,12441265,3614425,16055690
approximated_4e14cc09-2e2e-449e-a4d2-be1581d8c055_enforMOHSE.owl_functional.owl,85632617,187838634,273471251
approximated_dbcf40c4-ab91-486f-b278-b144ae54305e_s_musculus.obo_functional.owl,4620447033,10843480627,15463927660
approximated_598b571a-7d43-47ed-8edf-9aaded28533e_rerelease.owl2_functional.owl,213579634,522567733,736147367
approximated_8b49013c-b918-46a6-9a51-6feb635e2bfb_Cheese.ttl_functional.owl,10767187,4097518,14864705
approximated_090103e9-2dd6-4f72-83f0-6cbe09e7883c_Drill.ttl_functional.owl,10416242,4504813,14921055
approximated_6c425919-b528-41fe-80af-666189ee85cd_Situation3.owl_functional.owl,13798752,4446998,18245750
033a534e-490c-4caf-a5a2-1ba8f4b0ff19_onto.rdf_functional.owl,14540780,674857,15215637
approximated_3ebdc727-61ca-456c-a9eb-fbd5d0e8aeba_Fudge.ttl_functional.owl,9302360,3632719,12935079
approximated_07868fd6-4238-411f-9322-626ee0fa001d_atomy_2010.owl_functional.owl,193769343,173336565,367105908
c48faa62-466d-403c-8d40-0f08cb2fd390_NBO.obo_functional.owl,35260088,53883394,89143482
approximated_becb5159-6f9f-4e2f-a27d-293f10d04927_orous_acid.rdf_functional.owl,17478518,3647705,21126223
approximated_160c18d5-ae40-40dc-a2e3-428a86981996_dtn.owl_functional.owl,12208183,8099484,20307667
approximated_9d512323-4c7a-4782-81f8-a4ee08bdefd3_vegicusMOD.obo_functional.owl,2975223942,7161918554,10137142496
approximated_975572fa-7cf3-4436-a182-e47abef3e564_CategoryMedia_functional.owl,9781773,1962275,11744048
approximated_kb-owl-syntax-unraveled-depth-4-km-relevant-cardinalities-disjointness-triggers-relation-axioms.ofn_functional.owl,592121880,1319252811,1911374691
approximated_3e4d06b3-c40c-41ef-bc57-5251e9a364b0__ontology.owl2_functional.owl,72398657,156525255,228923912
approximated_fc8562f8-3de6-43f7-91d2-c2b8670faffe_ebucore.rdf_functional.owl,19264495,14668995,33933490
approximated_3377b615-2c2e-4427-8e02-b811584e1d24_leChemical.owl_functional.owl,185153357,211863937,397017294
approximated_351dd588-5be4-4a20-bd9e-c0297629f75c_sapiensMOD.obo_functional.owl,6650516127,13456547445,20107063572
47ebd7d9-36a5-4abb-a277-81de03b22713_unit.owl_functional.owl,63045121,13083975,76129096
approximated_46110e68-a9d2-449b-bbc9-19b37a7c5c26_f.owl.PREVIOUS_functional.owl,100676894,43491458,144168352
approximated_00331.owl_functional.owl,86326104,6194865,92520969
approximated_5cee979b-95cd-4b59-9222-88232ed3f961_onto.rdf_functional.owl,68795491,4735467,73530958
8db3dc7c-9e9a-48db-aefc-fcd14cfeed34_Hotel.owl_functional.owl,150476558,2092924,152569482
approximated_e847fa83-ad07-416a-9c5b-6ec9f22f46e5_turismo.owl_functional.owl,91623328,4466793,96090121
approximated_c5eea5f0-d87b-40e7-a91d-4bc4cd308a98_Group.owl_functional.owl,107648079,9724847,117372926
approximated_4be80245-9e1f-42bb-9869-9fd8c1b7e94b_Formwork.rdf_functional.owl,96949725,3611269,100560994
db146a1c-4034-4295-8284-af410f928de1_nnotations.owl_functional.owl,8030431621,5957924212,13988355833
approximated_00284.owl_functional.owl,56640950,23691385,80332335
59cbe70f-46b1-4bda-bca4-8a19f1c36f45_esistance.owl2_functional.owl,91673571,218378414,310051985
approximated_144eca71-ba18-4f47-b9d3-340216880bbb_Korycinski.ttl_functional.owl,14172855,3691407,17864262
approximated_97d63b68-9f9d-4276-8621-efd77e6263bc_CategoryHelp_functional.owl,10646701,1951855,12598556
approximated_a7e7a1e3-69a8-4d49-9780-169903829160_GRO_v1.0.owl_functional.owl,20484484,12328864,32813348
approximated_kb-owl-syntax-unraveled-depth-4-km-relevant-cardinalities-triggers-relation-axioms.ofn_functional.owl,402121399,814519901,1216641300
02bf5bf4-13c5-417b-88cc-f8f4a06f59c1_zz.owl_functional.owl,15480641,7445709,22926350
approximated_4ad95469-0327-4071-bacc-875800647cd8_e_Veronese.ttl_functional.owl,14078221,3725673,17803894
17acbc08-2eca-4d98-ab3b-c530a17fd769_pomerged.owl_functional.owl,55291206,121638884,176930090
approximated_704ec241-bc3f-4020-a587-b87b46fcde06_MWBP.owl_functional.owl,11176793,1310820,12487613
approximated_35ebf81e-40bd-439b-a8b8-ca6238f16157_oso_cheese.rdf_functional.owl,10030091,3864987,13895078
7675644b-edc3-4a79-87fd-f0fa17385d8c_xmfprotein.obo_functional.owl,27507137,9044276,36551413
approximated_kb-owl-syntax-coreference-IDs-cardinalities-disjointness-triggers-constant-classes-relation-axioms-value-classes.ofn_functional.owl,908789789,2311708902,3220498691
f9d76293-60b9-4cac-8e73-dd977b5314c6_FPROBridge.owl_functional.owl,44513804,3547426,48061230
0a435c56-b3a2-4a6d-85ed-aec812144793_nt_anatomy.obo_functional.owl,21057024,3634022,24691046
approximated_0ebb2014-7b9d-4107-8fc3-ea7e2ba9081e_complex1.0.owl_functional.owl,13214983,5437789,18652772
approximated_d43ba1f0-44f5-4ee1-aaa1-6480e6ce6a8f_chemtop.owl_functional.owl,14467731,7709165,22176896
approximated_00395.owl_functional.owl,1544311801,4201601127,5745912928
approximated_4f380b6e-2f78-4edd-a873-5e07adebabfb_Manna.rdf_functional.owl,12022442,3977776,16000218
approximated_beacef2e-d2e7-4597-9ff6-4cebe9b5f839_cexamplegraph4_functional.owl,19566170,12306993,31873163
approximated_cb286f12-e925-4957-8769-b418168c5765_umn20names.owl_functional.owl,56675483,33259642,89935125
ef6d18b2-4e31-4c28-b16d-7624b51bd4d0_spdmerged.owl_functional.owl,25717886,40989925,66707811
approximated_54eb2062-5d19-45ab-af4b-34ade395d2e9_dicom.owl_functional.owl,296843471,310038287,606881758
approximated_6255a645-b305-41c3-8149-15de9bb4b70f_Microphone.ttl_functional.owl,12490892,3810246,16301138
approximated_3069d1e1-237f-45d9-8cbf-f695798c99aa_Milk_Duds.ttl_functional.owl,18339201,3638560,21977761
approximated_e4d84c98-50b3-4b0f-8553-59bece466196_onto.owl_functional.owl,12631632,8260748,20892380
approximated_19f93cdb-1c97-4a5b-9ca2-ac3f608be2fc_atmo.owl_functional.owl,73336251,128173402,201509653
approximated_5e5bf66a-d152-4d47-9ff6-a868e45a4763_provo.owl_functional.owl,17267215,3732220,20999435
approximated_e69e97d6-3d51-4c90-88be-550c74532a1c_emCompound.owl_functional.owl,29418987,38757915,68176902
ad488721-c256-4349-870f-df3a06a04ffb_onto.rdf_functional.owl,9218282,1680635,10898917
approximated_d672098e-2d7a-4637-a4d3-fa11c16d36ff_rm_current.owl_functional.owl,23987311,22004353,45991664
approximated_940c1fc4-4406-4e42-bcb6-a0d778976b3f_FGED_subset.owl_functional.owl,78912394,157016839,235929233
approximated_36c6ee3a-5e05-4b19-94ce-f9375137cdd8_ta_dUrbino.rdf_functional.owl,16975518,3749822,20725340
approximated_29fb0b9b-d407-4e91-9f60-088507d77375_Surform.rdf_functional.owl,15194703,3652419,18847122
approximated_ac5d9c64-c90b-4d67-a6d2-31fff16e5b13_Ornithopter.rdf_functional.owl,11608520,3698802,15307322
approximated_1e844665-955c-4337-ba96-240878e526b5_Rotational.owl_functional.owl,32073481,49046231,81119712
b7be2123-897c-4477-b923-cd8b4c329018_dposimple.obo_functional.owl,28034825,45468749,73503574
approximated_681967da-c3aa-43f6-b59f-417fa85112cb_Gamalost.ttl_functional.owl,15152463,3790815,18943278
approximated_0d798700-ebba-4c5e-9ed8-477e85c1a7ba_ategorical.owl_functional.owl,18208574,19049499,37258073
approximated_00285.owl_functional.owl,3285966371,13331224136,16617190507
approximated_91b3741d-4a4a-4f61-b5d7-7b9224090412_DP1.23.owl_functional.owl,19970300,3147367,23117667
approximated_7baeb4a0-8f56-4a40-9a34-c9fb6dd3c9bf_Politician.ttl_functional.owl,9591607,3822528,13414135
approximated_kb-owl-syntax-unraveled-depth-4-km-relevant-cardinalities-triggers-constant-classes-value-nominals.ofn_functional.owl,353330266,851521291,1204851557
1144a147-9b29-4096-85ec-ec9c8cfaa7c2_icalisexpr.obo_functional.owl,282216831,557706012,839922843
approximated_be93d1e8-ada6-4a9c-a173-38e8892f991b_ntry_in_Europe_functional.owl,16542126,1823146,18365272
approximated_c045c692-cd15-44b2-a9ba-2c6f7a7bd1bd_bspoedit.obo_functional.owl,15149098,16319047,31468145
02359e23-1f62-4cf6-83b4-2d75088fc4b6_lom.owl_functional.owl,15677938,815806,16493744
approximated_02e0c38f-63b0-42f9-ac43-fd2f2ddf00f0_ans_pliers.rdf_functional.owl,11806922,3723877,15530799
approximated_0d73f4e2-ad42-4b3a-a9f8-8faa7e7df9f9_wing_table.rdf_functional.owl,15321711,3805754,19127465
uo.units-of-measurement-ontology.43.owl.xml_functional.owl,14997692,18969497,33967189
kb-owl-syntax-unraveled-depth-0-cardinalities-disjointness.ofn_functional.owl,257710384,395155980,652866364
approximated_221e430f-3493-4591-a71b-5e3548caf1bc_bservation.owl_functional.owl,17404337,3630065,21034402
approximated_c6cc293e-a06c-4356-93a3-32a935e8bd4d_onto.rdf_functional.owl,15449771,6656471,22106242
approximated_1881a20b-ff2d-415b-b2cf-d353fb45f31b_rway_valve.ttl_functional.owl,13889222,3820318,17709540
approximated_4bd836c3-a3b6-4446-b5ba-f0349c55f08e_realmRegion.owl_functional.owl,130523472,207953845,338477317
approximated_332fca62-6ed5-40ac-8d7e-46f57a5b484f_Beer_tap.rdf_functional.owl,15363627,7157921,22521548
approximated_05f0c010-1558-4fee-977d-7a4aa145eb73_testinalis.obo_functional.owl,1357928941,3385369161,4743298102
approximated_edam.edam-bioinformatics-operations-data-types-formats-identifiers-and-topics.19.owl.xml_functional.owl,83290697,210078392,293369089
approximated_0355f6ff-fb00-4890-82a8-02a773f012c6_Spoonplug.ttl_functional.owl,10749680,3953202,14702882
approximated_0e466cab-e10b-4441-aaeb-31973d491e42_IAO.obo_functional.owl,14537003,8231613,22768616
approximated_kb-owl-syntax-coreference-IDs-triggers-constant-classes-value-classes.ofn_functional.owl,599217805,1678935471,2278153276
approximated_812ff298-aaf9-48d3-be33-3296a9788cb2_PaulFisher.rdf_functional.owl,16942246,2911009,19853255
approximated_0eae5f2a-f8ad-4989-8a12-c2053b9a6bf8_Duffle_coat.rdf_functional.owl,18070705,3823773,21894478
approximated_f3ff1191-4b1f-416d-a030-062313a988cd_ulusModIDs.obo_functional.owl,4551013004,10365191416,14916204420
approximated_046dafd6-20c8-480a-8fc1-b8b5c167c66d_Eisbein.rdf_functional.owl,21510536,6376397,27886933
approximated_kb-owl-syntax-unraveled-depth-0-km-relevant-cardinalities-constant-classes-relation-axioms-value-classes.ofn_functional.owl,160959896,401394426,562354322
approximated_850eb240-df81-498f-a047-ca9a705072e2_go.owl_functional.owl,1694843898,4656708480,6351552378
approximated_72ebc752-8159-4388-9a00-31e93eee3a19_vatheAwong.owl_functional.owl,108057757,10889908,118947665
approximated_90ffb1bd-1675-4313-9f33-b4041988aeb7_nAtmoCloud.owl_functional.owl,222085760,244166335,466252095
9118d253-8c4e-45f5-96ac-3505f33fd9c6_L_very_old.obo_functional.owl,50557938,99688560,150246498
approximated_8a3404ec-15af-43a8-92bc-348339b66ca1_model.owl_functional.owl,15056884,15935518,30992402
approximated_aa249beb-d54b-4283-a732-7b1bbad84503_musicrdfs.rdf_functional.owl,19077275,5461274,24538549
approximated_85818e57-8abb-4f86-a07d-7496964509a5_transistor.rdf_functional.owl,15390438,3604878,18995316
approximated_46470abe-16f0-476c-948f-341c26e01ef9_codkernel.owl_functional.owl,16939923,5903719,22843642
approximated_21b69bd3-4904-431d-9acb-03d9ed157c77_Ball_valve.ttl_functional.owl,12203404,3596826,15800230
approximated_b0d38668-89e1-4e23-8b13-225e246c2d4e_Stracchino.ttl_functional.owl,13627441,4126733,17754174
e317dc36-8758-4565-9835-c51b51861a90_tgmamerged.obo_functional.owl,73210771,142570657,215781428
5a7c192c-3b33-469c-8a10-c758877531ef_MAO.obo_functional.owl,16284389,8098554,24382943
approximated_kb-owl-syntax-unraveled-depth-2-triggers-constant-classes-value-nominals.ofn_functional.owl,398760448,979790143,1378550591
approximated_14bf82fb-80d2-443b-85ec-607990d3c127_flybase_vocab_functional.owl,35473920,44041196,79515116
approximated_1ba6e8d8-1a1d-4e0f-a0c9-b1ce708fd00e_envo_xp.owl_functional.owl,52680569,103425639,156106208
c7b3b495-298c-4356-9660-5b7fffc326d4_russiaA.rdf_functional.owl,13797197,9029964,22827161
approximated_17184319-3dc8-46d5-8d8f-b46ca3896637_atch_stock.rdf_functional.owl,9932025,3708368,13640393
approximated_b8091d7a-ca0d-4bcb-8162-8d661834025a_Esox.ttl_functional.owl,10439567,3742652,14182219
approximated_kb-owl-syntax-unraveled-depth-3-km-relevant-cardinalities-disjointness-triggers-constant-classes-relation-axioms-value-nominals.ofn_functional.owl,665855752,1479324687,2145180439
approximated_8df0e37b-f8d5-404c-a804-b4299aaab114_Angry_Birds.ttl_functional.owl,11686595,3881509,15568104
approximated_275c5155-defc-4f51-8409-1c5ff1ec6fb2_schema_v08.owl_functional.owl,17037254,6417889,23455143
00401.owl_functional.owl,36785928,11591985,48377913
approximated_59becabb-e724-427f-99a2-068906aaf63e_Favicon.rdf_functional.owl,10394055,3743755,14137810
approximated_kb-owl-syntax-unraveled-depth-3-cardinalities-constant-classes-value-classes.ofn_functional.owl,417911076,1009678980,1427590056
8e7667b5-696a-4991-8a75-e7b51d11b693_ssimplegaf.obo_functional.owl,5827279515,12404828837,18232108352
approximated_kb-owl-syntax-coreference-IDs-cardinalities-triggers.ofn_functional.owl,722485679,1657278582,2379764261
approximated_1600de26-238e-4068-961b-5801b316dfd6_se_anatomy.owl_functional.owl,83856734,173013108,256869842
approximated_d2cafb79-d3ee-4fa0-adc7-d6f115199310_Plans.owl_functional.owl,24782301,27327636,52109937
approximated_b78e0844-9bc3-42c6-8bef-84588035cab4_eOntology.daml_functional.owl,14872997,5123089,19996086
2cd2c49b-c46e-4a57-bd98-52535880cf48__component.obo_functional.owl,50894848,15887597,66782445
approximated_41609dfd-8b85-4183-8ca5-2b94314d9d20_cocus.owl_functional.owl,9677229,4652077,14329306
approximated_2817c739-61d6-41ad-91b1-bc81ff6c970b_serve_wine.rdf_functional.owl,13847644,3692046,17539690
approximated_a36e84d7-1a57-4b99-a72d-66f3ba649c6d_sequence.owl_functional.owl,128774134,260812465,389586599
approximated_f7b25351-e5ef-4434-866c-428add955e00_ecosimple.owl_functional.owl,22362823,22528675,44891498
approximated_85bf72cf-efac-4310-81ff-e8dee625cb22_Apple_juice.rdf_functional.owl,16802050,3891345,20693395
approximated_dc10dcec-2ab3-4ddf-9af9-04326b849333_classified.owl_functional.owl,44589113,70115160,114704273
approximated_0aae2402-71fa-4a61-b847-b188c52f054e__red_brick.ttl_functional.owl,17138062,3650098,20788160
approximated_51e4acad-f9da-4f54-98f1-38e0794aecdb_OBI.owl_functional.owl,19961020,10515794,30476814
approximated_00415c44-c970-4f58-bc58-d909c6279bf7_shing_line.rdf_functional.owl,11728843,3879535,15608378
approximated_321df25d-990b-42b9-a1b5-9bfae0336ae7_g_sandwich.ttl_functional.owl,16393502,3689172,20082674
approximated_21ec9bd9-8307-402d-802b-47ae37593c0d_Boutonnire.ttl_functional.owl,16485780,3645293,20131073
approximated_7890c5b4-5aef-47e4-92e1-5d5a2fa3f764_Dry_box.rdf_functional.owl,15448258,3589233,19037491
approximated_b2381c4d-a337-4bdf-8f0b-688cc7737fd6_NLexOBOUBO.owl_functional.owl,53018649,108584385,161603034
approximated_051e47bd-48b7-4916-96e3-ca208b2b81b5_CBO.owl_functional.owl,14006811,11229605,25236416
approximated_00344.owl_functional.owl,30173436,17502795,47676231
approximated_09f8f2d1-1043-4794-a181-fb78c39ef1b7_uence_slim.owl_functional.owl,69643457,144072789,213716246
approximated_c684027a-185a-4005-b9b8-dce2dd7c7fe3_nAtmoCloud.owl_functional.owl,130531669,206223162,336754831
approximated_kb-owl-syntax-unraveled-depth-0-km-relevant-cardinalities-disjointness-relation-axioms.ofn_functional.owl,368970394,796430484,1165400878
approximated_7c634c9e-34c5-4b25-86fa-11f70c6a3da1_cilloscope.rdf_functional.owl,17810722,3757094,21567816
approximated_67f38410-04fa-45ee-9d68-8ae7bb37ba3c_videojuegos.owl_functional.owl,24246377,23473771,47720148
approximated_3557febb-bfae-426c-97b5-601955fa133a_gio_cheese.ttl_functional.owl,11578688,3722766,15301454
8d621077-1a0d-486c-9860-df6663dd8cc8_usequivmod.owl_functional.owl,240613374,207982717,448596091
approximated_527636f7-ab2f-4a25-8b93-082a92d7d9c1_Biological.owl_functional.owl,162489155,244042951,406532106
approximated_c402954a-7da5-4a76-80d7-fe6c68f45ea9_elAssembly.owl_functional.owl,32176179,20578703,52754882
approximated_kb-owl-syntax-unraveled-depth-2-km-relevant-cardinalities-disjointness-triggers-constant-classes-value-nominals.ofn_functional.owl,691932502,1534189775,2226122277
01c9d8c9-b9a0-4a82-a405-85f29d76cebb_nnotations.owl_functional.owl,29878630385,22657401794,52536032179
approximated_7760a14e-8a3e-4e64-aeba-f539b7ce2fdd_PaulFisher.rdf_functional.owl,16606511,2920595,19527106
approximated_f36ffc63-a5c0-44df-afea-c463d907ccb5_Molecule_1.owl_functional.owl,386450276,823344400,1209794676
approximated_5683efe6-84b7-40e8-97df-f709d5cc88fb_.dlhome_cfg.owl_functional.owl,84554151,5202220,89756371
d9d29ab5-8665-4920-ac5a-48dc3ff86bbd_classified.obo_functional.owl,536559063,696372604,1232931667
approximated_5317906e-1fdf-466a-b300-fc3b2beef8cd_e_dressing.rdf_functional.owl,18480603,3742552,22223155
approximated_e90200c9-87bf-45b2-aea5-c2f2c9e1d50e_PaulFisher.rdf_functional.owl,11666264,3162673,14828937
7906d2bf-a371-46b8-8eb7-5766c09985db_cl_import.owl_functional.owl,26325208,49064527,75389735
approximated_d722cafd-eb8f-4772-acd1-4b67dd0c9c63_matrElement.owl_functional.owl,130916932,208985396,339902328
approximated_4ff3fe73-23ae-44a2-9acc-623541e141e5_olev_Tu160.ttl_functional.owl,17460318,3721482,21181800
approximated_34d1da0b-1831-4e6b-8d55-7d32b7a51eea_Sailboat.ttl_functional.owl,14516841,3702123,18218964
approximated_6e9b011b-c89f-4ab2-aec0-3d97e4531c44_Assessment.owl_functional.owl,137918839,212306831,350225670
approximated_5d56b0c3-7b67-4af9-a33d-d2a13fcea97e_event_functional.owl,14638611,7740090,22378701
approximated_3294b5fa-47ca-4f4f-a040-285ef30a3e51_Spade.rdf_functional.owl,12491919,4025784,16517703
approximated_154274de-6436-4679-8ee4-86c0bb9b1bd5_ategy_game.ttl_functional.owl,12991168,3685886,16677054
approximated_c846533b-b33c-41da-9c86-e5fcc764c557_dKnowledge.owl_functional.owl,16503562,4998285,21501847
2a12aafe-78c0-4746-b6bc-c6c3326a7a53_ryFoafDocument_functional.owl,14692935,977292,15670227
02a93afd-d26b-46b4-8c27-158c0cff8f63_loggerhead.owl_functional.owl,15712563,16447399,32159962
approximated_00575.owl_functional.owl,33986586,43952832,77939418
092612bc-e768-4ecf-b6f1-0f9ba6735033_ss_xp_cell.obo_functional.owl,52300586,18887268,71187854
approximated_c21993bf-26c2-4926-a259-30191660db6d_compute.owl_functional.owl,22548932,15012753,37561685
approximated_91589cf6-0a73-4a5c-bc4d-b50e5e1efbe0_mao.owl_functional.owl,13684047,9303565,22987612
trak.taxonomy-for-rehabilitation-of-knee-conditions.3.owl.xml_functional.owl,42240023,89526233,131766256
approximated_kb-owl-syntax-unraveled-depth-4-disjointness-constant-classes-value-classes.ofn_functional.owl,630129844,1496166268,2126296112
approximated_4be1601b-4d3e-454b-890c-e24ba41dd63b_Opgezwolle.rdf_functional.owl,10981847,4037852,15019699
approximated_59b80bc4-bf58-40f9-84d4-9ec154536b46_matrMineral.owl_functional.owl,133519412,212595250,346114662
approximated_77350562-dd03-4630-b4af-37b1b2e88463_Manifest.rdf_functional.owl,84325580,4682502,89008082
approximated_typon.microbial-typing-ontology.9.owl.xml_functional.owl,240223836,407587653,647811489
approximated_5c1c11c3-8441-4540-a306-78c83eab9643_PaulFisher.rdf_functional.owl,88630157,2920100,91550257
approximated_5ea9dbb6-eec0-426e-aba1-9bd58eda8609_ogolod2.owl_functional.owl,15201001,10129324,25330325
approximated_1008aff4-0020-4095-b470-5cfdd5255140_Mower.ttl_functional.owl,68516958,4001260,72518218
approximated_1bcc0e8d-44f9-49ae-a5c9-7e5facd42cfd_Bombarda.ttl_functional.owl,13496532,4047644,17544176
approximated_a6561dd7-98ad-4047-9a6d-da04cf7b3522_rraConcept.owl_functional.owl,17369405,6055832,23425237
approximated_9d2d4520-aaf7-43ba-86ca-48364f91607a_QVTCore.owl_functional.owl,77552111,18936655,96488766
91fd4c67-8861-4f72-94dc-d28254146d3d_School.owl_functional.owl,103300691,3607630,106908321
approximated_1833bcb6-6f74-45b9-9600-3a66f79bfc41_ng_T_bevel.rdf_functional.owl,69878078,3613706,73491784
approximated_04e1faf1-332d-4e64-bfdd-39b4d537ece8_Phenom4.0.1.owl_functional.owl,20576846,18168740,38745586
approximated_00650.owl_functional.owl,91460133,51008100,142468233
approximated_4e044446-97f0-4ceb-ab5f-785c3456092d_cedar.owl_functional.owl,128702505,26027144,154729649
ae1ad5a1-9410-4479-a2a0-2ad56c7d03a5_mao.owl_functional.owl,168740469,201675491,370415960
approximated_9925e7d0-5dc8-45bb-aee7-71eb5aef5ef5_wsOntology.owl_functional.owl,103777317,36240066,140017383
approximated_053b07f4-6232-4ffd-ae04-c2c266d2e3d0_cmmi.owl_functional.owl,105998953,35539387,141538340
approximated_fb2450f7-4a1f-45da-a91c-2e07974c8f60_pulsall.owl_functional.owl,497682855,190272410,687955265
approximated_00725.owl_functional.owl,18684290,2138656,20822946
760060fd-0123-4650-bb63-01b483d4460b_EbGdrcN5Y29ycA_functional.owl,16498366,4903874,21402240
approximated_DMEX.owl_functional.owl,8611786,456860,9068646
approximated_9366642f-4551-497f-9929-9f454ee25b41_stOntology.owl_functional.owl,16031072,4896838,20927910
approximated_56f473f0-043a-4970-a5a3-d9a20781a872_Flat_white.rdf_functional.owl,17958704,3992330,21951034
approximated_00019.owl_functional.owl,24276728,20446645,44723373
approximated_2ba428a5-ea97-4098-9ab9-0e7716620839_testsl2.owl_functional.owl,53083875,8683369,61767244
approximated_7440dbfd-ecc2-455a-8b66-debb990edfce_higgins_functional.owl,16398320,4657752,21056072
approximated_a002639d-31ba-4014-9840-2b950ebc6bed_felschorle.ttl_functional.owl,18305624,3700216,22005840
approximated_28fced52-b963-4759-a548-f25e5bbad522_nstability.owl_functional.owl,141640883,206289310,347930193
approximated_31ea33c0-66f5-4444-a561-5dfdaa66915a_Souvenir.rdf_functional.owl,18075309,3731715,21807024
approximated_1ffe15c3-627c-4b24-af16-070d133e7fe6_reo_camera.rdf_functional.owl,13209181,3685720,16894901
approximated_176b11f0-5156-49f0-9eb6-ec86def2f2e5_Fynbo.ttl_functional.owl,15477433,3617694,19095127
898ae855-4e43-42c0-bc4c-e2e202e8185c_nsequivmod.owl_functional.owl,479585534,391157240,870742774
approximated_5372e0cc-3d0c-4c5f-a1f7-821ad165f4e5_3134889031.owl_functional.owl,96510550,109471603,205982153
approximated_kb-owl-syntax-unraveled-depth-2-cardinalities-constant-classes-value-nominals.ofn_functional.owl,444924513,1030237686,1475162199
approximated_3b62d888-0cb8-41c4-a9b2-3493b5ebf4a5_Metsovone.ttl_functional.owl,14878943,3667917,18546860
approximated_483bced0-f4b7-4dda-9146-dc885622e47e_closureids.owl_functional.owl,842103721,69406260,911509981
approximated_070d822b-4a42-4f69-b5b6-87166032906d_TGMA.owl_functional.owl,68531114,144541536,213072650
hp.human-phenotype-ontology.442.owl.xml_functional.owl,236246673,712864508,949111181
approximated_8f859b16-e8d8-4d4d-b393-79a51a3b81fb_ck_grinder.ttl_functional.owl,14144380,3751806,17896186
approximated_kb-owl-syntax-unraveled-depth-1-disjointness-triggers-constant-classes-relation-axioms-value-classes.ofn_functional.owl,755760354,1636611758,2392372112
approximated_5a47a7fa-d1ba-4d0b-9402-d1aa04821386_hed_potato.rdf_functional.owl,16495756,5230900,21726656
approximated_776e98a0-00b0-41d0-bf08-ca0a22f653b1_4_09_18_45.owl_functional.owl,19564512,15079320,34643832
approximated_5fb4c8e1-da7f-478c-a9c6-1ebafcbf5f61_bauutility.owl_functional.owl,14733001,3729535,18462536
approximated_557235cb-d111-4a9c-9948-21c1456ce79f__cream_pie.rdf_functional.owl,10605221,3643384,14248605
approximated_820dd1ed-fdf7-4846-abab-39e44c177188_stuffbfo.owl_functional.owl,9538956,5433133,14972089
07f1dd31-69eb-4bfd-9d85-4dbcc9104246_event.obo_functional.owl,116855673,248820760,365676433
approximated_35e673e7-c098-497f-98a0-40dd5f6070b3_opics_v0.3.owl_functional.owl,12897181,3232061,16129242
approximated_4f9f49db-cfce-4643-b5ad-19fad07bc97c_classified.owl_functional.owl,14028215,4128731,18156946
approximated_9707b9b1-0425-4bbc-b4ad-e55c88c0d362_eganstaxon.owl_functional.owl,1326972627,2482849135,3809821762
approximated_0f2dbdff-51b0-4b60-a5ec-f253e447d441_NEC_V25.rdf_functional.owl,16071107,3686639,19757746
approximated_987441aa-047f-4fce-98d6-5ec90ae51b19_xpressions.ttl_functional.owl,75752029,133004380,208756409
approximated_7136ea89-edf6-4a44-9682-fcf9db501ff5_Moling.ttl_functional.owl,11490850,4073120,15563970
approximated_kb-owl-syntax-unraveled-depth-4-cardinalities-triggers-constant-classes-value-classes.ofn_functional.owl,380931606,941426830,1322358436
approximated_kb-owl-syntax-unraveled-depth-4-cardinalities-disjointness-triggers-constant-classes-value-classes.ofn_functional.owl,663307230,1498002134,2161309364
approximated_083954f3-e343-4b40-9b8b-48559470ee53_DP1.29.owl_functional.owl,25004709,3540484,28545193
approximated_3434ba24-0f64-4a1d-9bb4-f7883804c74c_shing_reel.rdf_functional.owl,14028880,3761833,17790713
76918eda-da1b-46ee-a0c1-3d5b0c705f0a_2.obo.PREVIOUS_functional.owl,319330577,660889559,980220136
approximated_7b46ae75-957d-41e8-85b9-2588daea4a75_bass_flute.ttl_functional.owl,15458624,3787988,19246612
approximated_975b525a-1324-4a73-9ecb-5efdfc59b3b7_locomotive.rdf_functional.owl,12406976,3768484,16175460
edd6a66a-b8bf-4719-93cb-43be2a14b03d_icalistype.owl_functional.owl,392563795,1039821968,1432385763
approximated_2e12c710-f1a4-4751-a51c-f8e8925b9e18_wn_aerator.ttl_functional.owl,15113056,7199377,22312433
3ea4d47a-f532-4101-80ec-d77493895c44_ERONBridge.owl_functional.owl,51193455,16561090,67754545
approximated_f6dd4a49-7e2f-449b-9791-a34ee80b797c_.rdf_functional.owl,15724053,4047859,19771912
8c10c42b-1bea-48cf-8f84-142edced81a1_gy.obo.CURRENT_functional.owl,133071240,342376243,475447483
approximated_192187d1-4123-4eff-90b3-edfe394f1432_3B8_cheese.ttl_functional.owl,15687314,3629358,19316672
approximated_mirnao.microrna-ontology.11.owl.xml_functional.owl,21239186,36926124,58165310
approximated_ed93aaec-ff97-41fd-9f21-693dfcfbc538_matrAnimal.owl_functional.owl,132412906,209022762,341435668
approximated_kb-owl-syntax-coreference-IDs-km-relevant-cardinalities-disjointness-triggers-constant-classes-value-nominals.ofn_functional.owl,906572675,2096560086,3003132761
approximated_235b03f4-be99-4075-af99-3e7c23f5ddb1_ngroupings.owl_functional.owl,102377211,224431290,326808501
approximated_c5eedadd-67b6-4a28-9cd7-7d4d605e0ac2_Odor_Eaters.rdf_functional.owl,87152915,3594421,90747336
03b7d71f-8d52-4d70-8000-9209ef0958dc_LIQO_ver1.0.owl_functional.owl,42893370,20432991,63326361
approximated_d76745dd-e2bd-422d-aca5-55fb0bdd0c2a_spr_functional.owl,25271350,10762045,36033395
approximated_kb-owl-syntax-unraveled-depth-4-cardinalities-disjointness-triggers.ofn_functional.owl,640702925,1368480742,2009183667
approximated_00689.owl_functional.owl,59766688,73499263,133265951
approximated_073a5273-8b0a-4518-a4da-09212010b348_usculusMOD.obo_functional.owl,4329054816,10605541442,14934596258
approximated_e7476bf2-d985-4c83-b513-9d822e1d558e_omic_clock.ttl_functional.owl,17689231,3758494,21447725
approximated_0c9997cf-3e77-4f90-ad68-d53d1ec91006_raightedge.rdf_functional.owl,16421178,3870287,20291465
approximated_cd073d8a-6a7b-4bcb-8cff-f2e461bb9d09_ll_control.owl_functional.owl,49170581,79161994,128332575
approximated_f924d6d0-684b-4528-ac7e-750639327d62_onto.rdf_functional.owl,20457214,7999950,28457164
approximated_cd73ae6f-faa1-4762-841e-c1b467997fb3_Concrete.rdf_functional.owl,19297354,7736234,27033588
approximated_aaef1d41-0710-4e1d-832a-2725b8b99e0b_ciFunction.owl_functional.owl,143807802,207398946,351206748
fe701538-532f-44b4-aade-983d6adc8f5f_imitive2.0.owl_functional.owl,14346781,7793445,22140226
3699122b-374c-4325-9ccf-c07284ecee36_classified.owl_functional.owl,17140683,17037114,34177797
approximated_ef910956-8ef3-43c0-92a5-7f6e4a40b03a_WL2DLtest3.owl_functional.owl,16457329,6724985,23182314
01465c1b-9738-418e-baaa-b0b421453a15_miro.owl_functional.owl,95530203,531932366,627462569
approximated_1005ae0f-2067-4cb9-95a3-98084024cf9d_Comparator.ttl_functional.owl,14535938,6318747,20854685
approximated_525cff87-79c7-4168-a23b-dcfb5d27d019_gibleThing.owl_functional.owl,16932612,4272010,21204622
approximated_33ddb4c1-e788-4934-a482-5f9ac1164b2f_spra_functional.owl,13627918,11263691,24891609
3fc23b17-540c-49ee-bdcc-d2e17e9038a3_classified.obo_functional.owl,22009643,44929165,66938808
44473801-244a-4dea-bdff-2363969aed39_Philosopher.owl_functional.owl,26742115,2176687,28918802
approximated_47f38025-3d90-4c25-8c94-6d10911e7552_onto.rdf_functional.owl,15377033,4603888,19980921
approximated_224f7e06-aae1-46c8-b560-fe0eb8ce58e1_phenSystem.owl_functional.owl,144278929,207859789,352138718
approximated_8fb51032-7709-4a8c-8a12-a514ab8aee18_iasted.owl_functional.owl,14150988,14814249,28965237
ee9f124f-5e7c-4d51-bfe4-bd647e866174_mpicResult.owl_functional.owl,13739391,1127738,14867129
approximated_kb-owl-syntax-unraveled-depth-1-constant-classes-relation-axioms-value-nominals.ofn_functional.owl,453179245,1071648918,1524828163
approximated_e61c8bf4-3404-46f6-be37-eed23c7592d6_nsverylite.owl_functional.owl,26216268,8790912,35007180
approximated_bbbb8e39-27d8-4411-91bc-fc097495fcee_aodontidae.rdf_functional.owl,15471444,4164565,19636009
approximated_16929795-918e-4eb0-81bb-c37ef06c372c_location.owl_functional.owl,626755335,85817128,712572463
approximated_d89951a6-6b3e-4c7e-b7f0-298a8667bd7c_cusuniprot.owl_functional.owl,180620723,67187815,247808538
approximated_eba921b0-589b-4d65-9f4b-30414792fc23_esg.owl_functional.owl,90185965,9231158,99417123
approximated_9a186bc4-6dce-4775-9875-1cb11bb4a8d5_pr.owl_functional.owl,3339942154,8062172571,11402114725
approximated_3ac190e3-3a57-4e5a-bc4a-ceb326d198b6_ory_funnel.rdf_functional.owl,21728094,4536259,26264353
approximated_26be8e69-c81e-47f5-b2d7-1e21e2e91527_Lego_Trains.ttl_functional.owl,15494247,3814817,19309064
e020a08d-3f18-4cbb-9161-d398e7f72c6b_fly_anatomy.obo_functional.owl,301536356,738970248,1040506604
approximated_13404249-8796-4671-8151-128425af6674_uided_bomb.ttl_functional.owl,18017880,3621895,21639775
2ad15741-ad4e-4cc4-b0ac-8023c687a64e_eML2011BRF.owl_functional.owl,10066760,1109241,11176001
approximated_696e4d48-c7d9-4d01-97e7-2e9b83d86fad_Insect.rdf_functional.owl,17416654,3762236,21178890
approximated_70531359-70b1-4ead-9426-7ec4f5bb68be_Fresco.rdf_functional.owl,10919275,3646110,14565385
approximated_kb-owl-syntax-unraveled-depth-4-km-relevant-cardinalities-triggers.ofn_functional.owl,341461350,828947069,1170408419
approximated_eda3a6d1-1183-4a9b-9e2a-fca3f53e47d9_ethernet.owl_functional.owl,18645110,9551090,28196200
approximated_125a4f9f-52e4-4675-add9-c046d5a377f5_CHEBI.owl_functional.owl,1510145465,3727665018,5237810483
approximated_65d4331a-e88a-47dd-8b4c-993211389917_pe_xp_all.owl2_functional.owl,587160369,1652713904,2239874273
approximated_01db9b9a-d7f8-460b-9dd2-e39a70fcdd18_chemState.owl_functional.owl,36284158,46316752,82600910
approximated_4fd43891-12be-4e41-937a-180c59d802ad_torDefault.owl_functional.owl,17147764,7819821,24967585
approximated_kb-owl-syntax-unraveled-depth-1-cardinalities-constant-classes-relation-axioms-value-nominals.ofn_functional.owl,496227635,1099560665,1595788300
approximated_kb-owl-syntax-unraveled-depth-4-disjointness-constant-classes-value-nominals.ofn_functional.owl,643366335,1418834857,2062201192
approximated_9dee045d-869f-4ff2-88be-60f1ee4d5923_core_200908.owl_functional.owl,13090334,5250682,18341016
approximated_06a8f1a3-e203-4d15-8924-cf05f085dda1_uberon.obo_functional.owl,729708554,1819103212,2548811766
approximated_da178474-5ccf-4e53-815b-d5da55077d5f_Crusher.ttl_functional.owl,12678924,3858160,16537084
approximated_63d54963-d135-413a-9909-d85d6d81e092_oll_holder.rdf_functional.owl,17093207,3648272,20741479
710f8c1d-3630-4409-9600-f945cdcf28ae_xccinternal.owl_functional.owl,20071103,6557287,26628390
approximated_38e427d5-a197-405c-8cf1-fad46acbe827_Tobiko.rdf_functional.owl,11801043,3776066,15577109
approximated_a8159caa-7d20-4d8f-99f1-c358e6128730_ceRelation.owl_functional.owl,139422956,211372858,350795814
5f9cc8c6-8822-4fd3-abd9-8e4e8738b604_brenda.owl2_functional.owl,119646542,254087423,373733965
1b2f946f-054c-41e1-a2f3-40e9c8c60bd5_A.obo.PREVIOUS_functional.owl,285410032,670760772,956170804
approximated_6ebda30a-362a-4099-ad77-ce56dc0c164b__assistant.ttl_functional.owl,13361859,3675620,17037479
9cdea447-f0b7-42a2-a0dc-3ebaea4daa9d_EbGdrcN5Y29ycA_functional.owl,15697845,7174754,22872599
ec3de862-3d9b-4195-953a-968a0185b875_imitive1.0.owl_functional.owl,16151911,6572052,22723963
approximated_d571fb06-41c5-47ca-9449-237d7410d8dd_EnergyFlux.owl_functional.owl,138110825,248465157,386575982
d2180b08-67a0-4a1b-8302-000032c6aebe_Heilpflanzen_W_functional.owl,46979905,754433,47734338
90971a62-73d9-4a42-9fe6-2c5934cf151d_classified.owl_functional.owl,23746132,28326009,52072141
approximated_8f31d28f-cc74-43aa-ab01-9bce73015243_on_example.owl_functional.owl,65443014,3485293,68928307
approximated_0870185e-b96d-42b0-9804-f7f688587d9b_biotoplite.owl_functional.owl,12367132,4656561,17023693
approximated_11b73a51-a69f-49f0-b52e-79a7ddec1ad6_te20050228.owl_functional.owl,21412263,10575148,31987411
861440fd-a371-4ec5-86cd-3ef8649e0cd3_event.owl2_functional.owl,192749226,362052997,554802223
approximated_6dc40307-ab7c-4098-a2f1-ec7032ac442d_iginal_sin.rdf_functional.owl,17264650,3622487,20887137
approximated_e17f2f58-2679-4fc0-a88d-362b71478ade_andGlacial.owl_functional.owl,133134890,211166867,344301757
approximated_1acd790d-6925-4043-af18-f6e071fb7839_CategoryCC0_functional.owl,13704960,1943580,15648540
approximated_146592d5-d7cc-475a-8f9d-a8c2cfd210ea_Biological.owl_functional.owl,147858207,204392962,352251169
66264283-572b-428d-acc1-7e1eb9f7136f_otballTeam.owl_functional.owl,14011080,1474916,15485996
approximated_a4541dc9-44a9-4199-9c53-03fc89757ca0_quantities_functional.owl,17993608,6653569,24647177
approximated_0ea8cb50-1c16-48e9-aa49-28d66bb44c6c_ogy_en_ins.owl_functional.owl,31330338,8298491,39628829
approximated_a0e9ae78-5c7c-4928-a16b-56562d9e989b_onto.owl_functional.owl,15473021,8797056,24270077
approximated_d2b462f4-216a-4951-a8e8-7686640f9299_stateSystem.owl_functional.owl,141125420,246815296,387940716
approximated_4a399179-1e7d-46a3-a2cc-264998a91a99_corinesi.owl_functional.owl,29744690,24329955,54074645
approximated_1932acc6-3fa9-41e7-a761-43396ae10494_ontomusica.owl_functional.owl,30083754,2416231,32499985
approximated_794c1f3c-e392-4882-8ef9-fb44927c5203_frbrer.rdf_functional.owl,19779767,10975168,30754935
approximated_0232d9d1-3df9-487e-bc5f-80b9ff536917_onOntology.owl_functional.owl,149310291,245941621,395251912
approximated_00398.owl_functional.owl,625066463,1871429608,2496496071
approximated_46911a51-23b7-4e45-a6e0-e060c9bd69a1_0922_5_0_1.owl_functional.owl,97358861,22653749,120012610
approximated_61127566-0e52-4c50-b394-d1fa25924254_LR5.ttl_functional.owl,96097231,3874818,99972049
approximated_5df845a1-4c35-4f74-916d-d519cb7ce706_onto.rdf_functional.owl,19457486,6416237,25873723
9fefee31-96df-4d71-b95b-b7def560dec9_imitive1.0.owl_functional.owl,74221247,6632831,80854078
approximated_3e64de8f-a1d9-4be4-b13d-91beccbd53e8_lout_shelf.ttl_functional.owl,61995302,3761864,65757166
cd3beaf8-366b-4e38-9b34-884b6655557f_sgenechrom.owl_functional.owl,1192116452,1668468469,2860584921
approximated_ae4767ac-f984-43e4-a024-719e8126c4d8_ensionv1.1.ttl_functional.owl,23352588,12164986,35517574
80c6d8a7-ec0e-4365-82a3-9230679c1acc_nalischrom.owl_functional.owl,38908129,79749442,118657571
approximated_fb227643-4b91-453a-a0bf-3a9cf6e8cbff_ectralBand.owl_functional.owl,145307648,213832326,359139974
88b6ce5b-b0e9-4722-bd85-6d4759abd94f_k_anatomy.owl2_functional.owl,31086507,50848410,81934917
approximated_00788.owl_functional.owl,53921782,85904183,139825965
approximated_f468e940-3a50-4b60-bd2a-e628b73838ec_prSciUnits.owl_functional.owl,138586215,212576112,351162327
approximated_kb-owl-syntax-unraveled-depth-4-disjointness-triggers-relation-axioms.ofn_functional.owl,589514153,1333521031,1923035184
approximated_8e3d7187-16d5-4ebf-9bb7-df4cb2b38bac_Beer_bread.rdf_functional.owl,13304538,3671586,16976124
approximated_2f702e0d-42ca-4819-8975-af65d131662e_Breadboard.rdf_functional.owl,12795716,3738992,16534708
approximated_f2eaf3e5-47ed-4431-9f77-3766d7e0d128_y_analyser.rdf_functional.owl,12103943,3898840,16002783
approximated_122a4bf7-019e-4b0e-98a4-fc2cc7d9f408_cmmi_inst1.owl_functional.owl,21261577,12637121,33898698
approximated_0205c986-1808-4ebe-a5db-1a05e6840778_onto.rdf_functional.owl,18268220,5042827,23311047
approximated_0be6be5d-7f65-4a49-afc4-b48e77d8b9cb_olympics.owl_functional.owl,14998943,9850042,24848985
approximated_60445597-6f04-4656-9f6c-b37f8a349237_chteplatte.ttl_functional.owl,10630055,3715570,14345625
approximated_507bda21-9cd8-4bee-a195-33257268b74b_Coordinate.owl_functional.owl,134989654,211656374,346646028
approximated_55210bd3-9230-4ed5-b428-cd056ff8fac5_COSMOtop979.owl_functional.owl,474443218,812627739,1287070957
approximated_09331129-d6d9-4521-a386-5ab27451b0db_etworkv0.1.owl_functional.owl,22476311,2892909,25369220
approximated_273e2354-96f7-407e-a201-c97bdcce217f_mergedtbox.owl_functional.owl,8747260603,18376783689,27124044292
approximated_3ddaa2c3-36cc-4f37-b1b5-18b7cfe0226f_biotop.owl_functional.owl,30289426,20216260,50505686
approximated_028dbdf6-a47b-4b86-92e6-cd41618f68ff_n_solenoid.rdf_functional.owl,15472982,3720515,19193497
approximated_56aa7fb9-6e6b-4b60-858e-8ec80ef3110d_bservation.owl_functional.owl,18514545,6311403,24825948
approximated_02284043-fd5d-4a42-ab11-f3995f08d802_provlinks_functional.owl,18325446,3702625,22028071
approximated_140e8a14-345e-4a5e-a1b4-0250890488c2_kscratcher.rdf_functional.owl,21294038,3840896,25134934
ehdaa2.human-developmental-anatomy-ontology-abstract-version-2.31.owl.xml_functional.owl,408964050,710482200,1119446250
bb2dd2b7-9bcd-4cf0-8508-a80e584485ed_o.obo.PREVIOUS_functional.owl,19793023,17610275,37403298
approximated_4015207e-8440-42a3-9a8a-aa4932f58768_Woodchipper.ttl_functional.owl,9820202,3602633,13422835
8607a3cb-28dd-4be1-8832-ddee854848b0_xtaxon.owl_functional.owl,23685204,25761905,49447109
approximated_a8b4bdca-a357-42bd-b4b4-6fe776134800_ectralLine.owl_functional.owl,135086071,209735564,344821635
ae2ecc7e-7c93-4f93-b798-f0d2d6881734_y.obo.PREVIOUS_functional.owl,87038496,181936058,268974554
approximated_00367.owl_functional.owl,14090547,6360423,20450970
approximated_c0d3957d-6557-455f-95be-6d2bc562da88_one_record.rdf_functional.owl,16001747,3849494,19851241
90244d5a-e2d5-4a1b-b405-946d055047ff_oyPlaymate.owl_functional.owl,13506833,1919975,15426808
1c1bb546-5320-4c51-80d7-c3e7157cc5ac_terpro2go.owl2_functional.owl,1213258145,1492455628,2705713773
approximated_16525ef8-6b8f-4945-b991-ad5bbd1f2e1b_ing_pencil.rdf_functional.owl,19356010,3631572,22987582
17fc0f77-5dd7-4023-a389-ad7398d8327a_nt_xp_self.obo_functional.owl,45696969,10603704,56300673
b1fa7191-c918-4202-a23c-b3c7a8843536_TradeUnion.owl_functional.owl,18115585,1693266,19808851
approximated_49a57008-ccc8-451e-8072-32c9e85ad865_trCompound.owl_functional.owl,132636029,209021157,341657186
approximated_168b3169-b5af-42f6-b93e-b5aef12a4194_onto.rdf_functional.owl,12257995,5001525,17259520
approximated_803812f9-a7c7-4d42-a6c3-6d235b91fc78_odm2codo.owl_functional.owl,22599460,10427285,33026745
approximated_e52eb92f-6435-4cf5-9f64-7a2fbb5d93d1_0Instances.owl_functional.owl,14277226,2331297,16608523
5917bc2f-321b-43f0-a14b-566557356488_m_process.owl2_functional.owl,41633455,10488928,52122383
approximated_FMA-constitutionalPartForNS_ALCOI(D).owl_functional.owl,4248362892,12782333491,17030696383
approximated_d3ebc3b0-ee99-461a-bbda-3ff315aa94e4_schema.owl_functional.owl,16753305,6425031,23178336
approximated_42d1cf56-fd2d-49bd-a452-24910cf6c7d9_COSMOtop995.owl_functional.owl,496719576,831892659,1328612235
approximated_877e1ab4-884f-489e-b9b0-5b620ec7ef21_premises668_functional.owl,19460549,8067630,27528179
approximated_591b87da-2f33-43f6-96bb-073738cbfaba_concept.owl_functional.owl,17033059,9764935,26797994
approximated_0605ce0f-faf6-426a-b275-af15a9eccbba_cl.owl_functional.owl,316530603,840540184,1157070787
approximated_55c99860-51ef-43ff-aa5e-6d4de55690b5_siaemerged.owl_functional.owl,1242432977,3141756940,4384189917
approximated_7d0b4799-123f-41df-8ca5-b07918d6175e_ragm_valve.rdf_functional.owl,11974965,3761611,15736576
approximated_0e3e6c73-e566-403c-b18f-8856c222c222_y_cocktail.ttl_functional.owl,17285197,3706638,20991835
approximated_28151b62-da96-43cd-bf1f-f2f369945685_Workbench.ttl_functional.owl,15728178,3794722,19522900
approximated_kb-owl-syntax-unraveled-depth-4-cardinalities-disjointness-constant-classes-relation-axioms-value-nominals.ofn_functional.owl,707554785,1456423094,2163977879
approximated_1309411a-7d91-4264-a132-4a7512d8a563_moire_desk.rdf_functional.owl,15130722,3834239,18964961
approximated_88ab0722-23b2-4e92-a716-7eb2080789e3_phenCryo.owl_functional.owl,196228292,212161398,408389690
approximated_kb-owl-syntax-unraveled-depth-3-disjointness-constant-classes-value-classes.ofn_functional.owl,666913089,1507068244,2173981333
approximated_kb-owl-syntax-unraveled-depth-3-cardinalities-disjointness-triggers-constant-classes-value-classes.ofn_functional.owl,722023598,1513030234,2235053832
approximated_15a31bac-93d6-40e3-881d-78cbcc91f8c3_TOLOGYv102.owl_functional.owl,83211576,124201169,207412745
approximated_94a41d39-9b53-4254-addd-d7c84b948608_iss_cheese.ttl_functional.owl,66668037,3604686,70272723
approximated_95a0397e-5837-4800-9848-a7d8411919e4_ne_battery.rdf_functional.owl,14089312,3686158,17775470
00538.owl_functional.owl,14507130,2545201,17052331
approximated_00495.owl_functional.owl,141035289,133608697,274643986
approximated_1b77b238-0497-4666-89c7-af93b706ed69_VAX.rdf_functional.owl,85901994,3704500,89606494
approximated_6e1864f9-8c90-4f07-92ac-7e3b27cfd7d2_physElecMag.owl_functional.owl,84845394,125983618,210829012
76f32c42-ddda-480e-ae7d-d5bb3e6efc02_latest.08.owl_functional.owl,3543910981,791879011,4335789992
approximated_00028.owl_functional.owl,1061900723,3111612600,4173513323
approximated_11494eb9-a8f9-4de0-a5bb-505cfa39f6fd_e_software.rdf_functional.owl,28964994,5381207,34346201
approximated_0243f046-ca3b-4523-b4ef-29715268166c_Molecule_1.owl_functional.owl,386433962,758315915,1144749877
approximated_5d785baa-7329-4194-b0de-33ec4ac031d3_ohistology.owl_functional.owl,17348527,13219451,30567978
53c1e890-09c7-4789-a3e7-32a3d53dadbb_ntInferred.owl_functional.owl,15599517,16941272,32540789
1271751c-84eb-4d2d-b325-e27752da1578_zfs.owl_functional.owl,14761449,7223704,21985153
approximated_9d2b50a0-3f0c-44e6-b6b1-e35753ae431d_russiaB.owl_functional.owl,7103157,7875467,14978624
034dfba3-de08-41c0-a828-1e4fd9ffacfa_ct.obo.CURRENT_functional.owl,87361628,129737585,217099213
approximated_acd954bf-244f-4154-8b9a-7fff6fa47c9f_bib2.n3_functional.owl,9912273,4527475,14439748
approximated_kb-owl-syntax-unraveled-depth-4-cardinalities-triggers-constant-classes-relation-axioms-value-nominals.ofn_functional.owl,409299935,940210407,1349510342
approximated_0c7d3508-792c-4d89-9b00-beb5896619a7_eHierarchy.owl_functional.owl,17207101,8130263,25337364
approximated_0af07fbc-a273-4fce-af98-293f6b7c055b_Carrot_cake.rdf_functional.owl,15726866,3776000,19502866
approximated_812b4ad7-4cfc-4619-9be4-69a36ada470c_Burin.ttl_functional.owl,10466981,4394284,14861265
ace2e44b-ad39-4e38-bfe9-235e4a91441f_chebi.owl_functional.owl,408239736,951516166,1359755902
approximated_6c53262b-c33f-424f-99bc-348bb995a77b_hReference.owl_functional.owl,88638253,161771417,250409670
approximated_7372a035-ba2d-43f8-a26a-d5839f43a966_onto.rdf_functional.owl,21885317,6996338,28881655
approximated_9e1da18e-d6c2-45b8-93c9-cd05964fa627_DUL_v318.owl_functional.owl,18801324,10643974,29445298
approximated_4fbf88fc-3ea1-42ce-92c9-4d816a359068_obi.obo_functional.owl,114001671,246432276,360433947
approximated_2cd73d6c-923e-402b-b0cc-6f6893bede3e_Ingredient.rdf_functional.owl,13657456,3623125,17280581
approximated_kb-owl-syntax-unraveled-depth-1-km-relevant-cardinalities-triggers-relation-axioms.ofn_functional.owl,427943869,1049218729,1477162598
approximated_kb-owl-syntax-unraveled-depth-2-cardinalities-disjointness-triggers-constant-classes-relation-axioms-value-classes.ofn_functional.owl,727177169,1634529194,2361706363
approximated_3268baa6-91a8-4b4a-8386-1aab21635354_s_software.rdf_functional.owl,21527711,17029858,38557569
approximated_972c6928-9ea3-421e-b18f-b3892e0ca37c_emtopbforo.owl_functional.owl,19378415,11396232,30774647
approximated_8ba3ab14-633e-4373-80b0-212bede79143_cicero2codo.owl_functional.owl,35357800,15434370,50792170
ba597464-1575-41ec-938b-b8851ee0b1de_eKrankheiten_E_functional.owl,8083871,872606,8956477
approximated_3b00e0dc-b125-4a2d-b057-a25e683d978e_iswccompbib.owl_functional.owl,17356208,2130725,19486933
328d34b5-9818-4911-852c-0376c9ab7ec3_Journalist.owl_functional.owl,18335739,2325111,20660850
approximated_d9d082b0-543c-475b-93ec-fcaf4d491618_landFluvial.owl_functional.owl,72685970,141425535,214111505
approximated_cpro.computer-based-patient-record-ontology.3.owl.xml_functional.owl,15072532,9384268,24456800
approximated_kb-owl-syntax-coreference-IDs-cardinalities-disjointness-constant-classes-relation-axioms-value-nominals.ofn_functional.owl,924537593,2294030682,3218568275
approximated_0747f957-3fde-418d-adc2-366c2de266a7_Intel_Core.rdf_functional.owl,14881941,3671901,18553842
approximated_77484b57-9029-44e1-8626-a3a8916b420e_andGlacial.owl_functional.owl,135786699,208581817,344368516
approximated_kb-owl-syntax-unraveled-depth-2-disjointness-constant-classes-value-classes.ofn_functional.owl,719234008,1533186746,2252420754
approximated_e4a4088d-763a-484b-a356-d8e08c927180_Sinclair_C5.rdf_functional.owl,9491875,4026791,13518666
approximated_cc3bbb49-9b4a-4f83-8364-25ac064a31ca_onto.rdf_functional.owl,16402972,4826020,21228992
approximated_51dc9a74-664e-4ef1-8ab7-13350a0a3b4e_undry_ball.rdf_functional.owl,16170228,3625134,19795362
approximated_01ddc38c-7382-4fc7-8880-26b0d6239e72_Rauchkse.ttl_functional.owl,11588233,4009598,15597831
c3fe2a82-056e-491d-8add-360146dde493_atOntology.owl_functional.owl,17532547,2185319,19717866
approximated_e63ade70-0b13-45f6-bdae-c43f816f5e66_nvirImpact.owl_functional.owl,145112548,244824626,389937174
approximated_bf0757de-7674-4c09-a111-d318be2ee51a_schemaorg.owl_functional.owl,12524803,14450241,26975044
44b5dcbf-ec45-4d45-9624-d0e3ee77c6a1_onto.rdf_functional.owl,10360963,681360,11042323
approximated_00766.owl_functional.owl,46664923,92403186,139068109
approximated_kb-owl-syntax-coreference-IDs-disjointness-triggers-constant-classes-relation-axioms-value-classes.ofn_functional.owl,896830905,2324657371,3221488276
approximated_274821ff-becd-419a-83b4-f1ae3bde8631_Mop.rdf_functional.owl,4711848,3590377,8302225
approximated_kb-owl-syntax-unraveled-depth-1-triggers-constant-classes-value-classes.ofn_functional.owl,465778981,1111091938,1576870919
9944f33a-3e28-4dad-875c-de37c7fc28dd_ganisation.owl_functional.owl,16669485,1712713,18382198
approximated_bdf9de5d-1052-410e-b2a4-d077cd84152d_ked_cheese.ttl_functional.owl,11727798,3760213,15488011
af899fda-cfb0-49ed-b23a-2a0467d9eb73_fbdvsimple.obo_functional.owl,17128692,20391992,37520684
approximated_c8c7523d-017c-4818-a182-82975efde460_chem.owl_functional.owl,20499036,23357208,43856244
approximated_f7c3cfe6-5b35-46b2-88a5-fe7ae8fd67b4_realmSoil.owl_functional.owl,127450339,213741189,341191528
approximated_4b0357e5-15b4-49d7-838f-b27d306a374e_onto.rdf_functional.owl,14023243,3828791,17852034
approximated_26350832-437f-405a-b80d-90310ef0a0ba_Vocabulary.owl_functional.owl,21198084,19336329,40534413
approximated_0c22d7cc-e258-4c72-b6c1-ff0fd22c8b94_anzbrtchen.rdf_functional.owl,13312453,3882319,17194772
approximated_447b4abc-c437-4868-9932-c9c0e7ef8ac0_phenMixing.owl_functional.owl,141861631,212575233,354436864
approximated_00371.owl_functional.owl,835328601,1903964141,2739292742
0f78323e-4396-45c3-9059-dcacf396848f_wbbt.owl_functional.owl,291101900,689929004,981030904
approximated_8ce4cf5f-638d-45c6-9b00-07897685b1ea_FN1.41.owl_functional.owl,13543211,7645482,21188693
approximated_74f11c74-d7db-498d-b15f-8a1e5c935582_Solvent.ttl_functional.owl,13896511,3659875,17556386
approximated_44ef69b3-d481-4355-b458-f4cca1cd5aec_onto.rdf_functional.owl,13063407,6801818,19865225
15642674-7893-4b0c-806b-8b7358526824_nbosimple.owl_functional.owl,23952312,42203113,66155425
approximated_5bd95963-91a1-481d-91bb-d461bcf442dd_de_l27Isle.ttl_functional.owl,11964635,3708126,15672761
449e618d-6e36-4068-b415-240b7e379d22_culusensfm.owl_functional.owl,638071229,1446004358,2084075587
approximated_341aee03-a6fe-4465-a8cb-7c563cec6943_protonext.ttl_functional.owl,32495781,34382605,66878386
approximated_da10572f-958b-45a7-a113-525434682a44_ssn.owl_functional.owl,13257024,14485222,27742246
approximated_9b5b7c07-18f1-4ace-baf9-b02ca2611539_iser_blade.ttl_functional.owl,13670549,3857218,17527767
01c6900c-64b6-43ca-b529-c83ea06637b2__component.owl_functional.owl,43375715,15762687,59138402
e6f5eade-7f0e-4258-b785-752a73da6f8d_ialairport.owl_functional.owl,108486200,14752642,123238842
approximated_27c7485c-d3ea-4664-af3c-e3ea13fd2ff1_ysPressure.owl_functional.owl,35102364,45239425,80341789
approximated_09fe783a-e2e5-4cae-ac98-2fd4607fd422_dtn.owl_functional.owl,17789941,6897875,24687816
approximated_27e139b4-1628-4510-8c38-ad95bea58a99_X87.ttl_functional.owl,16091757,3691530,19783287
approximated_d063c3bc-c3ab-42da-b94c-32aacd59deb3_a4a.owl_functional.owl,14572641,4402131,18974772
approximated_07fd1416-9e56-4bae-abc6-c67434fedd00_ganism_process_functional.owl,31955477,59099530,91055007
21ec3256-a2d2-425c-9781-80e266f491cc_us_anatomy.obo_functional.owl,45822014,79699197,125521211
approximated_012d8979-03c7-4b9d-b9c1-5e416f669e6a_Crayfish.rdf_functional.owl,13506274,3737055,17243329
approximated_c60d6497-cb91-40f0-ab4c-0313387481ec_TravelCNO.owl_functional.owl,11108002,13638200,24746202
approximated_ab48a29d-bf74-4c1e-8e9d-4165df148dfa_meGeologic.owl_functional.owl,132598573,211767896,344366469
de19df21-5965-45c8-98c1-3c548465cbc4_psimi.owl2_functional.owl,53343049,113704413,167047462
263f4269-6da5-4ce6-9a61-529f1571793b_ubcellular.owl_functional.owl,28713608,21579246,50292854
approximated_3da9d4db-08ba-4527-9af1-8af5cb29bce8_scro.owl_functional.owl,19387608,4351456,23739064
approximated_3af04830-8401-4ed1-b61a-98600dda85f5_complex2.0.owl_functional.owl,14327305,20095050,34422355
c013a770-9858-4879-85c4-f707812c6f81_Taxonomy.owl_functional.owl,13734502,5413365,19147867
507614f5-0606-4ee8-af67-c0ed815822c6_uosimple.obo_functional.owl,12884892,15394783,28279675
approximated_4fa00a12-df62-44ca-b135-d01a9258a358_Sword.rdf_functional.owl,11859964,3601614,15461578
18aea2c7-e745-4307-8206-d1aa4daa3224_rs.owl_functional.owl,86430161,248882805,335312966
approximated_3a069e05-be9a-445b-bc9c-837842280411_Apple.ttl_functional.owl,11369840,4370702,15740542
approximated_4a5aa7fd-91e8-4f20-9554-15f56b4c5c53_Duke081230.owl_functional.owl,34920992,3275948,38196940
approximated_59966f1a-3ce4-4240-88ae-56c3cf3ebcad_stateTime.owl_functional.owl,140309866,242591460,382901326
approximated_8afb1df6-8442-459c-aa0a-8b918992252a_opjk.owl.xml_functional.owl,17549821,6552390,24102211
approximated_0eaa74fc-399a-4eb5-a93b-0806f3c693ef_morphology.owl_functional.owl,130911792,209568436,340480228
approximated_00431.owl_functional.owl,23117438,26487555,49604993
approximated_2253263d-3b7e-48dd-9f9e-307a0d19ce48_ov20120724.owl_functional.owl,8692982,4050472,12743454
7b771b35-0f86-4b7d-ba71-034b180bf31f_SoccerClub.owl_functional.owl,17743546,2535681,20279227
approximated_12f929ce-75f3-4ff6-b82b-92306291ea16_harichthys.ttl_functional.owl,14561503,3783408,18344911
approximated_DMKB.owl_functional.owl,81540882,84368507,165909389
approximated_231ebb0e-eeeb-470f-bb3b-80a210de0426_Razor.rdf_functional.owl,18093669,3815033,21908702
approximated_2a4e15eb-a4d4-4318-83c0-ce1362efb391_Intel_80186.rdf_functional.owl,6796547,3886574,10683121
approximated_54ef5e1f-81ee-4c58-8bbd-b222addcec38_onkeymedia.owl_functional.owl,20713776,18120458,38834234
approximated_a94531a4-91cc-4698-87b8-e628f14518c3_IOLite.owl_functional.owl,17435202,16381875,33817077
0075a29f-7bd0-4861-8b22-65a2c25ec039_vt.obo_functional.owl,68639794,180813449,249453243
approximated_2e7972c1-50c9-4874-a3ac-9b15c0462b9a_Springerle.ttl_functional.owl,17523030,3725370,21248400
approximated_00556.owl_functional.owl,39919367,84797091,124716458
5c7199bd-89f2-4c65-8ea0-bca0502aaf97_ballLeague.owl_functional.owl,9666336,866490,10532826
15c26c24-6bff-496f-b6fe-49270e2598ba_meshonto.owl_functional.owl,617342907,1783718531,2401061438
approximated_7014f294-25ea-4ca0-9847-43ebbbbf9b50_schema.owl_functional.owl,18763827,8926082,27689909
approximated_667a63e6-5af1-412e-9043-b73b2479fc07_imitive1.0.owl_functional.owl,15260731,6441863,21702594
approximated_8064077a-4fb0-481a-8489-4bafb297e42b_tambis.owl_functional.owl,27917605,28547571,56465176
approximated_2741d264-4cea-45d9-81eb-1ea58876865f_Broom.rdf_functional.owl,13792525,3687041,17479566
approximated_80150995-a5eb-433a-b2eb-c4a8c4e13782_Conference.owl_functional.owl,16188944,5838513,22027457
approximated_3f47207c-7eef-4756-b676-9a5cc430c807_Ham_hock.rdf_functional.owl,11346802,3825356,15172158
approximated_4620d329-3cc3-45ca-8695-107e162b6ba4_Chocolate.ttl_functional.owl,10839281,3750834,14590115
approximated_89d9a26a-e15d-4e0f-94cf-cdb85965c7bf_OCC3.owl_functional.owl,488312051,233970608,722282659
49be9626-985e-40ff-a4f3-4b2b3ad7a4a0_classified.obo_functional.owl,84483593,129465839,213949432
approximated_8e4c018f-5a32-49bc-a8ab-db09bd67d826_ndTectonic.owl_functional.owl,144451611,241714816,386166427
c47304fa-a28c-4795-8dc2-c06654c4fe62_gicusensfm.owl_functional.owl,650994168,1436947420,2087941588
approximated_3ad00d64-a377-4eee-b24b-415c15dd6b40_illon_cube.rdf_functional.owl,14831242,3810091,18641333
approximated_3c1fb727-13c9-40aa-934f-c909cee24a76_Orographic.owl_functional.owl,140256270,246804442,387060712
approximated_e569e871-0395-4615-9e65-b01afccb1336_alResource.owl_functional.owl,248915321,214004097,462919418
approximated_89ca80e5-4643-4b46-8403-cc1e1329b2a0_onto.rdf_functional.owl,57126026,5494004,62620030
57cf3a27-ed27-402c-b634-0f7ae68d8d65_ecomerged.obo_functional.owl,50656123,13954418,64610541
approximated_023dca16-a3d1-478f-b3cc-b16120b226e0_zyWine.1.0.owl_functional.owl,21072815,17408481,38481296
approximated_7ca7d231-62c9-4f98-958e-24803ea0a5a9_Ricola.ttl_functional.owl,11407970,4091663,15499633
9a13d295-8ab3-46b6-b569-d485303b0e29_fix.owl_functional.owl,38067212,83232532,121299744
approximated_013ee5a1-63bc-4f12-92dc-04492eecbc9a_rus_05.03f.owl_functional.owl,2524521987,5228290267,7752812254
approximated_08cee650-215e-427c-9582-60e0c75394cd_family.swrl.owl_functional.owl,13917705,4008717,17926422
approximated_91351cc0-74a4-45f7-b10c-194c8476af71_finance.owl_functional.owl,14021438,13544175,27565613
approximated_kb-owl-syntax-unraveled-depth-1-km-relevant-cardinalities-disjointness-triggers.ofn_functional.owl,678920657,1513861258,2192781915
approximated_22b95e29-74ed-49e5-bfa0-4ff88d47904f_Enlarger.ttl_functional.owl,23043545,5764130,28807675
approximated_kb-owl-syntax-unraveled-depth-1-cardinalities-constant-classes-relation-axioms-value-classes.ofn_functional.owl,691996070,1171605899,1863601969
approximated_07ae1e72-6d16-4f8a-8a5d-bb730fe9b6f4_Bow_tie.ttl_functional.owl,14857862,3732148,18590010
2ca84707-732c-46e4-a101-2928a00da37f_lgcl.rdfs_functional.owl,37342706,72905982,110248688
approximated_747c721b-14b2-43de-94a1-770e0e712354_matrPlant.owl_functional.owl,145661649,244183998,389845647
approximated_4e9d6eee-cf20-4a02-bbed-5c587c282d29_onto.rdf_functional.owl,13430368,6599329,20029697
70668597-28d0-4179-9f74-8d2dd1b51bba_zfasimple.owl_functional.owl,118871880,275963870,394835750
approximated_12cc88b8-987e-4b15-8a46-2909d01cc984_EO.owl_functional.owl,21243077,24254437,45497514
approximated_0edd161d-aae5-4d5a-93cd-010c77e5fe44_Cone_wrench.rdf_functional.owl,12729228,4014303,16743531
approximated_1d75b1e3-7859-41ea-8628-0d155cd20e01_phenCryo.owl_functional.owl,149647428,245175149,394822577
approximated_f8206324-8607-422b-9b57-c94839469762_DP1.25.owl_functional.owl,21526050,3271912,24797962
866be4de-920f-41a0-9a5c-a2ff7aeedfdd_uo.owl_functional.owl,15647815,18510980,34158795
approximated_e333af9b-cc1b-427b-a38e-4f931e096a5e_cation0918.owl_functional.owl,14406796,4750862,19157658
approximated_281e7205-2283-449c-a78a-363a61515f51_nsion_cord.rdf_functional.owl,15625389,6019992,21645381
approximated_639e6600-cb72-4314-bb3c-2bbdcb97f559_old_cheese.ttl_functional.owl,33054143,3739007,36793150
approximated_fae65f4c-dcf0-400f-a943-5a2ce403d925_classified.obo_functional.owl,3573508278,7045659098,10619167376
approximated_e3a8112a-c481-469a-9fd7-ccce9d9a5737_Tape_drive.rdf_functional.owl,48018776,3668800,51687576
approximated_a7198a8e-84a3-47be-9cc6-c4e98cc3fc95_ianamerged.owl_functional.owl,7180356640,13773835577,20954192217
approximated_38744b24-af2f-4548-ba45-555484d05afc_onto.rdf_functional.owl,52206140,5431377,57637517
approximated_7e30ff6a-7e7b-4ce2-b472-a33aa683e95e_Coordinate.owl_functional.owl,248969979,250731180,499701159
approximated_d6402345-f94f-4226-a9f8-ee64a8182d16_onto.rdf_functional.owl,80489315,3633292,84122607
approximated_56b2d2ff-cf48-4280-b16b-6063f5f1518c_Smarties.rdf_functional.owl,28670742,3763923,32434665
approximated_9baab2c6-7cc7-42b6-8014-e3c786f21817_shing_line.rdf_functional.owl,26296009,3800912,30096921
approximated_c3f7d776-eca3-414e-9f27-5fb0c4665287_onto.rdf_functional.owl,16380873,4905368,21286241
approximated_869d4469-849c-474c-bdbb-428003d302dd_Marzipan.rdf_functional.owl,151599031,3625754,155224785
approximated_3ff97ec4-4ad1-41b8-906b-70a5fcef13d3_Laser.ttl_functional.owl,85756787,3691494,89448281
d373a56f-2522-4161-aad8-52a3741fc815_e.obo.PREVIOUS_functional.owl,751847403,671605302,1423452705
approximated_09134c93-4af4-4336-99c2-74bbcd6d448b_matr.owl_functional.owl,132898871,210271414,343170285
7bf54418-b87a-493f-84f6-9ef2c312dda1_nsequivmod.owl_functional.owl,1712310771,1328306928,3040617699
approximated_c01f3dd3-56f5-49f6-b77c-bd89a529c3cb_Phenom_II.ttl_functional.owl,17597070,3754370,21351440
e6399cef-5126-4626-93f9-86a85260af1b_mesh.owl_functional.owl,8397089381,21719782772,30116872153
1616782f-99dc-497f-afd4-38f4cc4229bb_my.obo.CURRENT_functional.owl,140864537,115238694,256103231
approximated_00504f28-30ed-49ad-b3d5-fb0983076961_Microdrive.rdf_functional.owl,115832425,3721971,119554396
ebe1876a-3917-4ca1-bb67-6e018a07b5b8_tableprimitive_functional.owl,38503427,7816629,46320056
approximated_987dc2ac-8fd8-4387-9524-5a2eb19a939c_OC4.owl_functional.owl,1173279308,197217532,1370496840
approximated_22feb293-c539-4092-8656-d82d3074f64f_te_couture.ttl_functional.owl,149838755,3719762,153558517
c28df9d6-9b82-40e9-9108-28653111c9e6_IAO.obo_functional.owl,85587863,5251505,90839368
approximated_2df59b00-e3d7-4b16-bce9-694e7bcf0899_myspace.owl_functional.owl,63999391,8701107,72700498
approximated_23c96a34-e03f-4334-bd82-594c765f7886_ping_knife.ttl_functional.owl,69052386,3715838,72768224
approximated_pco.population-and-community-ontology.10.owl.xml_functional.owl,61688286,113410690,175098976
approximated_ea5cffcb-e836-4892-a2e2-12d0d6458614__qudtv1.01.ttl_functional.owl,94826017,9872782,104698799
approximated_00378.owl_functional.owl,3891228348,4207174510,8098402858
approximated_00639.owl_functional.owl,50943242,31010275,81953517
approximated_49d33387-b9ee-47bd-adff-90c411dd8749_tegoryFiletype_functional.owl,10475960,1966888,12442848
approximated_16df653b-97f8-4d9b-924f-2fc232cf901d_ible_steel.ttl_functional.owl,14757389,3721191,18478580
approximated_5fcb6f5d-eda5-4d84-a834-e473b04f428d_920_v0.920.owl_functional.owl,21915675,29606996,51522671
approximated_015e0fd4-bede-40a3-8406-3dfc6fc6a8dd_all.rdf_functional.owl,23693747,27105244,50798991
asdpto.autism-spectrum-disorder-phenotype-ontology.1.owl.xml_functional.owl,16929570,13166104,30095674
approximated_kb-owl-syntax-coreference-IDs-cardinalities-disjointness-triggers.ofn_functional.owl,887392150,2122131626,3009523776
approximated_d2b0cb15-5d7f-4782-8966-9e679ce1f039_hOperation.owl_functional.owl,28832093,18475957,47308050
approximated_kb-owl-syntax-unraveled-depth-3-cardinalities-triggers-constant-classes-value-classes.ofn_functional.owl,407101523,1025599181,1432700704
approximated_f2283d50-56f4-4660-8e5f-a016753cca10_Production.owl_functional.owl,19428559,11479722,30908281
approximated_idoden.dengue-fever-ontology.6.owl.xml_functional.owl,120932010,299890256,420822266
approximated_00609.owl_functional.owl,15938362,4021798,19960160
approximated_00485.owl_functional.owl,125705036,284665561,410370597
d31b8bc3-dac3-4a99-9ca4-091647f37eb5_ologies_bridge_functional.owl,277695912,692304040,969999952
2cfefb4c-d1a5-4e4f-9007-7eebddcc3a38_ss_xp_self.owl_functional.owl,39224808,11499956,50724764
approximated_aa9a572c-5499-432b-9028-c291eb28ef7b_tsors.owl_functional.owl,27551908,20516773,48068681
approximated_521a2aac-0666-4be2-a32a-39a8d855a964_Frikadeller.rdf_functional.owl,12001260,3926064,15927324
approximated_8eeb7087-a720-4abe-89e2-90c10f7248ff_er_Printen.ttl_functional.owl,17858517,3874489,21733006
approximated_04c8db98-3799-4369-9273-60e96e4d1981__converter.ttl_functional.owl,11473927,3802390,15276317
approximated_018599de-413f-460d-9d21-864172b46e6b_ale_Cheese.ttl_functional.owl,13735761,3794805,17530566
approximated_1e9f85c5-8420-4fa2-965a-1f2fa950bc42_Whisky.rdf_functional.owl,16219280,3921972,20141252
approximated_85282586-6440-4147-b138-33ab8d915dff_Brs.ttl_functional.owl,14298312,3876389,18174701
approximated_45646e5a-0d5e-4cf2-a4e1-11c272d9339c_a_20110201.owl_functional.owl,2497913730,226323410,2724237140
approximated_49e32b9f-7972-4153-968c-973c155a8c89_ing_camera.rdf_functional.owl,16615299,3728271,20343570
2f45f5a1-5218-458e-8080-13fb462cde90_RuleML2009.owl_functional.owl,14100695,1052834,15153529
approximated_00657.owl_functional.owl,118701920,217933568,336635488
approximated_diagont.diagnostic-ontology.1.owl.xml_functional.owl,11963337,5981592,17944929
approximated_82fc42a0-5789-4e34-b68a-17c8feab0c9f_nductivity.owl_functional.owl,141231468,249663050,390894518
approximated_bcfe7bab-1eff-46af-8bde-76916ee9e109_pingChiang.owl_functional.owl,98478417,11375591,109854008
approximated_21d0e630-2b92-4004-9eaa-4df0e401509c_Gum_arabic.rdf_functional.owl,11478678,4244338,15723016
approximated_eafed82f-bce3-4472-abdb-0fed447e4480_complex1.0.owl_functional.owl,40382979,71035356,111418335
approximated_16c5632f-b014-4ff6-a7b8-7ff7def81ac9_mssoftware.owl_functional.owl,36061500,37022549,73084049
approximated_54b7dcde-1356-4d21-bee6-ff88a6865384_enAtmoWind.owl_functional.owl,152176493,206358238,358534731
approximated_945bb773-0cf6-4352-abf7-7f54b5d99bd6_education.owl_functional.owl,12184684,7992464,20177148
approximated_3000df9f-18a0-4fc6-a595-a8aec5fdf563_ne_monitor.rdf_functional.owl,18240392,3774294,22014686
approximated_12ee946c-410c-4ff7-ab62-9bad74cf4ba3_bar_switch.ttl_functional.owl,15033495,3773287,18806782
91eab472-562a-4fc9-823a-ad334aeebc37_i.obo.PREVIOUS_functional.owl,51141296,109363875,160505171
fc15c388-e34a-4fc7-a665-07df021957b5_zfs.obo_functional.owl,14020017,6770416,20790433
approximated_5c5472da-f4f3-43f1-a75b-7f66d3273fcf_Flashlight.rdf_functional.owl,12597077,3620117,16217194
approximated_3b292cb4-dcf6-4cb1-9b4e-cd42fdd43da7_oStability.owl_functional.owl,94980363,204439855,299420218
approximated_652ba424-0679-4917-a091-ed2edb9b08a1_emistrycomplex_functional.owl,42575268,83289636,125864904
approximated_42a9f0ea-d01f-4fa6-bf78-10c746418590_Shark.ttl_functional.owl,14172202,3748619,17920821
approximated_40375844-cf95-46d4-9c5a-c49417fc3a11_onto.rdf_functional.owl,17039060,4675102,21714162
approximated_kb-owl-syntax-unraveled-depth-4-cardinalities-disjointness-triggers-relation-axioms.ofn_functional.owl,620910902,1398161077,2019071979
approximated_9509647c-5552-4239-953f-a183d0a04a6c_atmoFront.owl_functional.owl,105562474,203277299,308839773
approximated_sweet.semantic-web-for-earth-and-environment-technology-ontology.1.owl.xml_functional.owl,193758541,334582802,528341343
approximated_00631.owl_functional.owl,53581124,151154624,204735748
approximated_6510a030-3103-4cec-ad79-e0e9137cd17e_maontrev30.owl_functional.owl,10463415,4981114,15444529
approximated_4d33c383-02da-4ca9-aa45-1438103f9f33_onto.rdf_functional.owl,9486998,4671630,14158628
approximated_e2bbd7df-80ac-4aa5-9c80-ac21a8bb7ee7_SAO.owl_functional.owl,31032120,51341358,82373478
approximated_161e0e35-344d-4665-aa70-8fa9193a9eb7_SpaceScale.owl_functional.owl,134071214,214850675,348921889
approximated_c32c3281-871a-4147-b037-81fe2a0ad14d_so.owl_functional.owl,54949866,121631968,176581834
46793b6a-fac5-4e9a-83e3-0092c9509223_mo_sapiens.owl_functional.owl,442858927,1005280069,1448138996
approximated_1d32c9c1-93ae-49bf-a5b3-34e8780a80b1_Trout.rdf_functional.owl,15128049,3784172,18912221
approximated_f09e3b70-1fd6-40ec-b82a-01d3f28fba72_complex1.0.owl_functional.owl,16023270,7440414,23463684
0a314cbc-3ffe-4f6e-b6a5-cae94a760fbb_Settlement.owl_functional.owl,13022902,1031686,14054588
approximated_d4af5918-ea4f-41f6-af2c-1aac74993011_RIMDatatype_functional.owl,15094758,11289039,26383797
b6afdcae-e903-4495-a590-aa910d96f6e3_latest.04.owl_functional.owl,1804658339,1785466488,3590124827
6ab72720-f117-46bc-9cb6-56b7ea4dcae5_FTTv01.owl_functional.owl,38916535,62315077,101231612
approximated_ff8b7790-3d45-4b79-b92e-96f590dc8971_Design.v12.owl_functional.owl,11582314,7547003,19129317
approximated_1e574289-de70-4647-9fe0-5ee8eaf3d0da_2009closed.owl_functional.owl,1.23392E+11,8031870122,1.31424E+11
approximated_9c301ecf-a0f8-442d-9b4f-04a091bfd3be_XPOMay2008.owl_functional.owl,18774670,8930159,27704829
approximated_f8149d7a-961e-4bf5-8f49-1878d849510b_raction_02.owl_functional.owl,19068937,8124136,27193073
79b66c5b-ecd0-4f51-b55b-ce6c60cee9f9_lontology.rdfs_functional.owl,20063146,11866606,31929752
approximated_7a6061b9-9831-441e-8f0c-e846ad50ea4c_omposition.owl_functional.owl,29934627,39727867,69662494
approximated_03492129-24e2-4f25-aae6-c39c10fb53a9_ganisation.owl_functional.owl,16314729,5118937,21433666
approximated_479b0fdb-14cd-49c8-9ff2-0949cf9b7af0_bilasimple.owl_functional.owl,10013714,5903716,15917430
approximated_0f1dd268-7c91-46fc-ad91-1a9d94547ff4_alontology.owl_functional.owl,30185078,29149034,59334112
cc86f13b-a23f-4d5d-8207-43cb072de4bc_actpathway.obo_functional.owl,451865926,1000681485,1452547411
approximated_3fb3e4a6-34cd-4f68-9a92-b6b893afef3e_ompoundcomplex_functional.owl,16491232,8306108,24797340
approximated_7d8395a3-d35d-43d8-8e74-80ae639ae514_edgehammer.ttl_functional.owl,16091367,3717720,19809087
approximated_9dd7d0b1-36b3-4675-b677-0f3a8cd53e51_propEnergy.owl_functional.owl,144528425,212090726,356619151
approximated_62c5062d-1749-47e7-987e-3a3cf4778c43_ienceOWLq2.owl_functional.owl,37037166,13292422,50329588
approximated_0e7c85d3-5d17-454e-8177-a833127d9c0e_wine.owl_functional.owl,76508374,7845274,84353648
approximated_537fe49e-78f4-4fe6-8369-ce284618d3f7_Intel_8086.ttl_functional.owl,84165449,3648234,87813683
approximated_354ab018-6e80-403d-84e6-b2ce50ce77f0_Paracetamol.rdf_functional.owl,23002370,4150619,27152989
approximated_52407ffc-afd6-48e3-a571-9cedd7e1f570_anDynamics.owl_functional.owl,230404808,214252671,444657479
approximated_9a00a97b-7bf6-4dec-949f-bf67cdb168b4_ing_tackle.rdf_functional.owl,20281041,3629684,23910725
approximated_16a5ab76-3e14-4e45-a9f4-43f5e0e18752_Chimney.rdf_functional.owl,15110114,3793665,18903779
approximated_00159.owl_functional.owl,16464433,15172012,31636445
6f8b3993-cb48-4086-9de1-49c6cb162684_onto.rdf_functional.owl,12396019,1789367,14185386
0d0326ee-0d02-4ec8-9bf5-e05ecbf8927f_OpenDrama.owl_functional.owl,13410486,14762093,28172579
approximated_5217a66c-ae9d-4ea3-9d72-02c7a9b33f70_Side_dish.ttl_functional.owl,13691200,3698250,17389450
approximated_5e4df32d-fbe6-4e5a-be1b-68d0755c913b_oo_fly_rod.ttl_functional.owl,15761749,3622809,19384558
approximated_4d4540f0-f8ad-44af-841f-decc2c585fff_Scientific.owl_functional.owl,11696879,2705219,14402098
1461812b-66ba-4f90-b63e-5a4060c71558_dioStation.owl_functional.owl,15626684,2555714,18182398
approximated_30b1e06e-031b-4325-84d8-2993eba83fb5_wena_bread.ttl_functional.owl,17651824,3718817,21370641
approximated_kb-owl-syntax-unraveled-depth-4-disjointness-triggers.ofn_functional.owl,588572506,1303414202,1891986708
approximated_19bfda4d-1bd0-490b-91b8-a5740891fe29_le_grinder.rdf_functional.owl,14860643,3688084,18548727
approximated_c94dceec-e4b2-444a-a2ca-af0cddd0391f_ed_vehicle.owl_functional.owl,59942918,19327040,79269958
approximated_1b7aee41-fe50-4f81-bfd2-69a5d50b862f_xml_v0.1.owl_functional.owl,14269963,1987202,16257165
3890b6af-c334-4d2b-97fe-59535381685c_classified.obo_functional.owl,266184974,556726904,822911878
approximated_5609dbab-ccd2-414f-8634-ac95e4829a2f_ontopic_v14.owl_functional.owl,29494136,24214871,53709007
approximated_6a7bc509-ae87-4a44-bcf9-6abbcce71d34_a_20110127.owl_functional.owl,55206243,9482588,64688831
approximated_bdc0c12b-3716-4954-ae1b-faab5f034833_etourism.owl_functional.owl,16605873,4062120,20667993
c6d2f80f-d475-4e13-9eaa-a98b8f2414c4_Fish.owl_functional.owl,16158991,1652986,17811977
approximated_33f0ca8f-6ed1-4d05-a0b0-9bcdf6f2a301_Buccellato.ttl_functional.owl,13565448,3646208,17211656
approximated_7b169a03-e1b7-4bcf-bd9f-ffa92fc63db1_activities.owl_functional.owl,24788768,20131262,44920030
approximated_00b8d6b8-6469-43dd-8422-720763b32c3a_Harpoon.rdf_functional.owl,15661701,3730528,19392229
approximated_329320d0-ea26-491d-9f05-1496ce3ae94e_Simit.rdf_functional.owl,11386968,4219827,15606795
approximated_9d243478-e723-4f3f-87a6-74e44723926f_propIndex.owl_functional.owl,139621823,247406426,387028249
approximated_0dcd1ab1-db01-4e7b-9c92-f6a021cd4e0d_onto.rdf_functional.owl,13167665,5080563,18248228
666b4d97-55a5-4611-b22a-60d97d6a45c8_onto.rdf_functional.owl,12097138,653822,12750960
14a56bda-2c24-4a1e-8a7b-51c58eab38e0_i_taxonomy.obo_functional.owl,23246880356,57848121359,81095001715
approximated_3490dc00-3d83-422d-ab5e-ae16aa638378_graphrules.owl_functional.owl,37206200,9261604,46467804
e39dad8c-77b2-44bd-b5fe-a57de334a5ab_PICO2.owl_functional.owl,15811962,7104933,22916895
approximated_9fefd6bf-5ce4-4ba3-8333-ab079add9694_dimension_functional.owl,15236785,10356859,25593644
approximated_00385.owl_functional.owl,39622650,60668586,100291236
4e8485c1-e686-4df9-ad50-72ec36a95dad_Actor.owl_functional.owl,13319907,1437456,14757363
approximated_1379b30f-b808-414c-bcc4-0aa30c680672_eLearning.owl_functional.owl,12093146,3337179,15430325
approximated_245172fe-2a40-4d81-af82-e3a6f974050e_Zwieback.rdf_functional.owl,14703634,3655899,18359533
approximated_3396d2a2-870c-4f8b-9a4f-eba9dfc20c1d_Texas_rig.ttl_functional.owl,12927413,3581614,16509027
approximated_96ee14f4-2089-4f32-95ca-fe1433707bd4_food_functional.owl,36117732,15807299,51925031
8cd3e7ca-e898-485e-9fbf-e7c43bd5edd5_chebisimple.obo_functional.owl,1225364632,3463686338,4689050970
approximated_acc233de-8277-46fc-b5f4-6f9941bb5dce_ingmachine.owl_functional.owl,62945106,6360400,69305506
approximated_7b005a6a-239b-45a9-a5f2-582c2398f216_uegal_pitu.ttl_functional.owl,14014515,4108112,18122627
approximated_kb-owl-syntax-unraveled-depth-3-constant-classes-relation-axioms-value-nominals.ofn_functional.owl,389488596,925593006,1315081602
approximated_7b9261f8-3ecb-4340-9bb3-effbc28c41fb_nStructure.owl_functional.owl,21320520,22225686,43546206
approximated_1707b776-2d97-4f5d-9720-a1a2adcaf5c5_IMac_G4.ttl_functional.owl,14098953,4433955,18532908
approximated_50849cb1-d1f5-4be9-b7e0-88580189351e_brenda.owl_functional.owl,163730057,331014685,494744742
approximated_01bb45bb-9a9a-4854-97c8-57f9bcfc0ea3_eryContext.owl_functional.owl,22321150,6422774,28743924
approximated_d5b7cf05-fab9-4dec-9a97-61cfba514a23_esg.owl_functional.owl,35923217,8470163,44393380
approximated_9222baa4-74bc-4195-a2a1-c226076b2fd3_region.owl_functional.owl,30222870,4490900,34713770
approximated_56911df0-829a-4bb1-a4ef-c89ab846aff8_imitive1.0.owl_functional.owl,12675614,8384943,21060557
approximated_1bbca25a-0aa8-4cc0-acbf-3634ed453ae5_UBERON_functional.owl,445496884,1188902335,1634399219
approximated_815fd0af-397b-4668-8847-27d1abca3d6b_Bisquick.rdf_functional.owl,15623729,6165846,21789575
approximated_5a64c2dd-df27-44b5-8e86-b8abd468a047_mergedtbox.owl_functional.owl,2460100227,6259450430,8719550657
approximated_dd68603b-5da7-46aa-a92f-7b3d88f9eab5_netClimate.owl_functional.owl,146802224,244500275,391302499
approximated_741ec27e-9cd1-463c-9765-fd849979b35c_ast_Hawaii.rdf_functional.owl,9322985,4003343,13326328
approximated_b3a4a488-80b0-4367-8d68-bee90dfaaa6e_ossAnatomy.owl_functional.owl,81481718,138542991,220024709
approximated_07a910c7-e3c4-43a3-8a59-305cb58f0513_progetti.owl_functional.owl,12476102,8797645,21273747
approximated_4235bb59-aea7-45ff-a6b7-9d844b526f79_anRotation.owl_functional.owl,140739098,210372593,351111691
approximated_00637.owl_functional.owl,18118019,9992785,28110804
approximated_34792309-f5b3-4c6e-8a29-7828bafc4461_vertebrate.owl_functional.owl,1211289481,3224722154,4436011635
approximated_246322b9-8192-41cb-94e4-e89098f22817_Cocoa_bean.ttl_functional.owl,18545228,3694246,22239474
approximated_125cba31-9c30-44b3-a79a-4d9046582bf8_erg_cheese.rdf_functional.owl,12330323,3678339,16008662
approximated_e1495808-eb85-48d2-af88-dbde30c99c19_AX.owl_functional.owl,9619037,5333813,14952850
approximated_5639ee2f-8a3e-4de7-be88-8e1ba6cb0538_Rex.owl_functional.owl,12738806,4982443,17721249
e0a109c2-83f0-4d25-8cdc-f8068804dbb2_rsimplegaf.owl_functional.owl,1689177872,3471216000,5160393872
approximated_213d52f2-05f9-42e3-b828-d948795cd42e_rPollutant.owl_functional.owl,86209649,155917892,242127541
approximated_34655bb7-94fb-44cb-89d6-57c1d5d888f0_Meat_hook.ttl_functional.owl,16609983,3851456,20461439
approximated_kb-owl-syntax-unraveled-depth-2-disjointness-triggers-constant-classes-relation-axioms-value-nominals.ofn_functional.owl,714874894,1525301157,2240176051
approximated_3e5d6a4d-f39f-4f97-bfec-581b134cb875_CVAX.ttl_functional.owl,17851656,3815833,21667489
approximated_dc348799-c845-4053-9001-4f0219f19f46_phenCryo.owl_functional.owl,138442242,212494620,350936862
approximated_kb-owl-syntax-unraveled-depth-2-constant-classes-relation-axioms-value-classes.ofn_functional.owl,781815605,1040943082,1822758687
approximated_gfo.general-formal-ontology.1.owl.xml_functional.owl,16476594,4618865,21095459
approximated_69053d2a-5eb1-41ad-88d1-3e72684e0bb5_family.swrl.owl_functional.owl,15561486,3576753,19138239
approximated_3d8fd997-6f54-481c-ae2c-1f33a9359e49_OWN.owl_functional.owl,1625906347,3502737825,5128644172
0d55b00e-1007-4901-ad21-f380ece0f54a_pe.obo.CURRENT_functional.owl,59336310,118124705,177461015
approximated_b6492426-af63-4e8b-85de-0b8c0bdb2d47_Mint_sauce.ttl_functional.owl,15747298,3743143,19490441
approximated_e6b9ec7f-c038-4970-9081-c2b1c474c365_qosont2.owl_functional.owl,25007507,22508535,47516042
approximated_ce84853d-02a9-426d-a0a9-67431813c944_9noclosure.owl_functional.owl,917080740,64918235,981998975
987e6363-3476-4721-93f1-00410aee9c1b_OMAL_1.2.2.obo_functional.owl,68544865,157468049,226012914
approximated_1353423e-eadf-431d-80b8-954ff7a8d7ac_WizFolio.rdf_functional.owl,16420328,3708465,20128793
approximated_4a024b1c-5e8f-4013-986d-9924527d95ec_sicrenamed.owl_functional.owl,11292625,4461928,15754553
approximated_243647fb-9967-4c2c-b2b5-882c7d8cead5_Cup_cheese.ttl_functional.owl,14909844,3814175,18724019
approximated_50fe2124-bdfc-48e2-82a3-d196e904fdba_zeitssuppe.ttl_functional.owl,13241883,3737049,16978932
167f1c6f-cbd0-4125-8c6f-2aa8fe633125_fypo.owl_functional.owl,525022770,875214762,1400237532
kb-owl-syntax-unraveled-depth-1.ofn_functional.owl,867490255,645104535,1512594790
approximated_b04ff453-b305-4b3b-91a1-4814a11b9a3c_ionObjects.owl_functional.owl,47626743,23436910,71063653
approximated_1b396a4a-3993-442c-8733-2f8e6f09f7a4_ments_View.owl_functional.owl,41043524,35614495,76658019
approximated_13ef84d7-c750-4c57-93ce-5cec2a14a564_.upload_cfg.owl_functional.owl,11367964,4620768,15988732
approximated_ee940636-1579-4735-946b-baaf38d8efba_asfarttbox.owl_functional.owl,355680808,791533503,1147214311
08d5f44e-5e8d-498f-ab9c-ecdc7d27565e_evelopment.obo_functional.owl,14738593,9397746,24136339
approximated_00021.owl_functional.owl,31792382,26375999,58168381
approximated_kb-owl-syntax-unraveled-depth-3-constant-classes-value-nominals.ofn_functional.owl,370204182,914679906,1284884088
approximated_58e02375-27c3-4993-b450-34eee47abe5c_mbDelivery.owl_functional.owl,43291192,5004600,48295792
approximated_6a60071f-a461-4ca3-829c-14adc9882e5a_WLq_Agosto.owl_functional.owl,39236250,15052336,54288586
approximated_00002.owl_functional.owl,45592372,64233360,109825732
approximated_084f56a1-47ae-4d0d-af55-86c260e02485_Pizza.rdf_functional.owl,18508718,3667958,22176676
approximated_GALEN-Full-Union_ALCHOI(D).owl_functional.owl,1087163334,3091367144,4178530478
approximated_24306c71-002e-474e-88c4-da4380d32205_ng_machine.rdf_functional.owl,19954943,3846322,23801265
approximated_aeaf5965-86f8-4edc-a5bf-10efcff4f5a0_cledit.owl_functional.owl,311876445,813580292,1125456737
5b3ce453-8b90-4051-b6f4-482fe3ad3e38_Insect.owl_functional.owl,20061987,1565276,21627263
c0182795-ffc7-4be5-8ab3-0e7ee99bcc21_onto.owl_functional.owl,15615582,3622593,19238175
approximated_kb-owl-syntax-unraveled-depth-0-cardinalities-triggers-constant-classes-value-classes.ofn_functional.owl,150738675,388893160,539631835
4cc35b83-261c-4cfb-9e10-b353b5e8f8e5_ehdaa2.obo_functional.owl,319037939,675863877,994901816
approximated_c70b2123-5447-4c39-b212-f44f399c7cdc_DMKB.owl_functional.owl,85970830,85312720,171283550
8ee7a7f5-ad8c-4ac5-afbe-207e3ff285c8_HARMONISE.owl_functional.owl,11878151,4424311,16302462
approximated_ae818388-bf1a-4b08-9f59-0f6458ec4539_mygrid.owl_functional.owl,30425566,41215875,71641441
approximated_1669ff51-75d6-4075-98c1-03d415d1422b_ing_system.ttl_functional.owl,11487585,3707015,15194600
747ab064-025d-4c21-945e-10d52abb1f07_NIFQuality.owl_functional.owl,20203824,8967063,29170887
82418f21-2ce4-44ca-92f1-450cf2661732_plants_TREE.owl_functional.owl,23553035,34166309,57719344
approximated_0e8872ce-6f5c-4858-8df5-e6ea8b06c528_ian_cheese.rdf_functional.owl,11598240,3733473,15331713
approximated_3c2dd1bd-ae24-4fb3-82e6-7e114c5cb78b_im_candida.owl_functional.owl,10753988,5963723,16717711
approximated_04f334ef-77bf-4983-af51-ed5315a9269b_Complexity.owl_functional.owl,139165061,243264132,382429193
approximated_0b4a1363-7f15-46b3-9ce7-1b3a070dea4f_torDefault.owl_functional.owl,12832727,6967542,19800269
approximated_41656d17-da24-4bac-93b2-c727ffe57f49_Tomar.ttl_functional.owl,16585866,3731910,20317776
approximated_abfbfdc6-9ba4-4d93-8d1d-e3b30977a3e4_ciocavallo.ttl_functional.owl,12111602,3752940,15864542
8a65d389-a1ff-48a8-ad55-536a84c709a2_ish_label.rdfs_functional.owl,24473711,6366570,30840281
dermo.human-dermatological-disease-ontology.8.owl.xml_functional.owl,87061231,212635898,299697129
1b104481-2d27-43b4-86a3-98e6b2fdd413_fbdv.owl_functional.owl,18286925,21535070,39821995
approximated_c35ee686-bad3-4367-a7c2-e1d611dfa1f7_premises206.rdf_functional.owl,11386165,3938854,15325019
81ed4d0a-020e-414b-b2aa-6746f0ea6aa1_visionShow.owl_functional.owl,25897596,3442570,29340166
approximated_eb3b9e5c-614a-4982-8ff4-46e69e5205b5_DeTiroides.owl_functional.owl,12980208,6782109,19762317
032ec1a0-864c-48d8-b381-cf2a152ec49a_oc.obo.CURRENT_functional.owl,35128243,47761552,82889795
approximated_5599441e-9bd5-4094-a4ce-3a21234c7c4a_virControl.owl_functional.owl,140908338,244571459,385479797
approximated_ba5675e9-83c4-4891-b502-28bb51c65038_tionAction.owl_functional.owl,20175077,12542206,32717283
approximated_natpro.natural-products-ontology.1.owl.xml_functional.owl,3983820200,6309411900,10293232100
286d7baf-6865-420a-bbf8-61994be40c28_it.obo.CURRENT_functional.owl,36419653,65436051,101855704
approximated_185aac3e-dc0a-4213-8ec1-03016e933276_KCO.owl_functional.owl,20060726,19730745,39791471
approximated_ced7b027-ea39-48a0-92b0-809446fc721f_region_functional.owl,30237544,4568073,34805617
approximated_10c4edb6-ecac-4dd6-a4e5-046f5cec52a3_software.obo_functional.owl,45369922,77429553,122799475
approximated_094c9196-fdfb-4d25-97f8-2498deeddf0c_onto.rdf_functional.owl,10750195,5550960,16301155
approximated_6b5ddca6-2f72-4dca-9ce5-c95c5dbc391a_re_railway.ttl_functional.owl,10464472,4330639,14795111
approximated_39232cfd-d53a-4f35-999f-62023c7af553_Rodoric.ttl_functional.owl,16112710,3849712,19962422
approximated_7176f8d9-aa7d-46a0-b860-f053877b4115_Voigt.rdf_functional.owl,15389914,1987720,17377634
approximated_3aba9405-d20a-4dd2-85cd-59fa658cc22a_fbbtsimple.owl_functional.owl,413586411,1100355654,1513942065
approximated_421e3867-671a-4993-878a-19292f779c62_ZX81.ttl_functional.owl,18262555,10348918,28611473
approximated_42fd199e-4475-467d-837f-b3aa8ce1dacf_Map.ttl_functional.owl,36282631,3751095,40033726
approximated_4c27cb58-96fd-42b3-8b35-8f05384cd32e_syntaxlink.rdf_functional.owl,31551888,57040513,88592401
approximated_ddcbc02d-ed1f-414b-babd-9ffb4029f51f_sio.owl_functional.owl,48314535,81271788,129586323
approximated_0e662bf3-f86f-41be-baab-cd4265cd3126_dacts_v0.3.owl_functional.owl,13925366,6329273,20254639
approximated_95e643e8-e7f6-4acb-921c-315cf79101f6_demosession_functional.owl,19260314,9059022,28319336
approximated_b8dc042b-00a2-4f2b-9d8e-3347696b7b4e_PaulFisher.rdf_functional.owl,12413733,3037786,15451519
approximated_5ca137b1-1090-44cb-8278-1cfdf4fe69ca_Debugger.ttl_functional.owl,12954130,3735972,16690102
approximated_52f7ba29-6e5f-4307-b8be-ab1e8358120d_Kajandu.ttl_functional.owl,17945592,3723511,21669103
approximated_add1ee06-fc85-4e8c-99e5-317a499aac30_nvirImpact.owl_functional.owl,138975835,230767163,369742998
approximated_b5f40c6c-94c8-4019-9a27-36bde08e042b_im_generic.owl_functional.owl,87496485,11660485,99156970
approximated_2884f6d8-a9f0-474b-b953-4c0b2ce77022_Duxelles.ttl_functional.owl,67003243,3939819,70943062
approximated_288eb1d2-7fe1-4c95-9fab-229c780fa5ce_Egg_barley.ttl_functional.owl,12227985,4118543,16346528
approximated_DMOP.owl_functional.owl,64682258,89039844,153722102
approximated_0debda66-e525-440b-8390-ddac9d19e104_Turbine.rdf_functional.owl,87479336,3609008,91088344
approximated_70c07f2d-cdc2-4cbc-b617-35e0c20ce3a3_Aplicacion.owl_functional.owl,138748841,25412006,164160847
approximated_3f166081-d518-461c-8c29-02f39e7e85bd_tic_device.rdf_functional.owl,18193557,3900179,22093736
approximated_kb-owl-syntax-unraveled-depth-0-triggers-constant-classes-relation-axioms-value-classes.ofn_functional.owl,164553057,399597016,564150073
approximated_9ddc9cf1-de91-4aa0-83e9-eddbb93da8ac_SystemsLite.owl_functional.owl,28856665,19293177,48149842
approximated_8892c4b5-f18f-4022-843c-7616064caf42_Film.rdf_functional.owl,16652995,3706955,20359950
approximated_00465.owl_functional.owl,19402549,20415067,39817616
440cc70b-177a-4428-bf83-1687e6d7dd8c_EthnicGroup.owl_functional.owl,16474495,2676249,19150744
54a1eeb1-b97b-47b0-8f54-ddcb3e7c74ba_onto.owl_functional.owl,10978451,7055815,18034266
approximated_00697.owl_functional.owl,223163919,513498870,736662789
c52f7445-1121-4448-aa71-c966859206ec_FBcv.obo_functional.owl,31680391,37392981,69073372
approximated_36e842d4-42e6-4ec4-8985-92fe32db257b_MatC3B3.rdf_functional.owl,22099471,5894044,27993515
07dbe207-ab0b-4570-8579-04296a7bc115_ernational.rdf_functional.owl,26102819,16530303,42633122
approximated_1e638552-57fd-4e20-8de4-743eeda8cd32_her_cheese.ttl_functional.owl,17692569,3842439,21535008
approximated_7fe4416d-089d-485a-b64a-69f875cfdc4e_er_monitor.rdf_functional.owl,13536451,3691979,17228430
approximated_e841876b-3c65-4c5f-96b2-4b9a738aa05d_roboearth.owl_functional.owl,40959580,58968921,99928501
approximated_2727faa0-670a-4cbe-bfa4-dce83d8ce272_cktail_hat.ttl_functional.owl,13140693,3818481,16959174
approximated_01a3c1bb-67aa-4262-9749-765841d10d48_Danbo.rdf_functional.owl,14026714,3747471,17774185
approximated_8cac76e3-9c04-4139-9e22-f9a8084617f1_Chain_pump.ttl_functional.owl,14947008,3702744,18649752
19fce90d-acbd-4846-ac69-8c4ad52fd44a_mirosimple.owl_functional.owl,88273930,215248053,303521983
approximated_4aaa63cc-1298-4412-a7f8-08ef35db0bef_geo.owl_functional.owl,14048118,4684233,18732351
06a405d6-f348-4ba3-a8ad-bd66210fa433_us.owl_functional.owl,12730245,1831192,14561437
approximated_0189e0b6-51b1-4778-a839-9e9045f9cbee_Collection_functional.owl,16967027,2207202,19174229
approximated_51ce0e32-5185-43fa-ac89-9a410cd1bbd2_Ischoklad.rdf_functional.owl,9423570,4031394,13454964
approximated_eb4ac1e9-bba1-43e3-ab89-2cbcaa98cdc7_pe_xp_all.owl2_functional.owl,578125055,1654969927,2233094982
approximated_8c45612c-5725-4b52-a003-1d164ac2cf72_lar27s_Aid.rdf_functional.owl,92666207,3681969,96348176
approximated_4d178fc1-db11-424f-aa23-bacbe23da646_Rum.ttl_functional.owl,30615629,3744838,34360467
approximated_4ae6de5b-551d-4225-ae6b-fce235f121d4_Intel_80376.rdf_functional.owl,14436288,17148198,31584486
59a00fe9-ba8b-4a08-984f-4152ae438c34_classified.obo_functional.owl,93682367,44399441,138081808
approximated_0047511c-b159-4b96-9e3f-599c35c189a2_RapidMiner.owl_functional.owl,92751232,24920226,117671458
approximated_566cad4a-9752-4bcc-8461-6366bf4cd688_FN1.48.owl_functional.owl,32648696,8010972,40659668
approximated_795dd800-9f76-44f9-b67b-0531efe918d5_Hole_punch.ttl_functional.owl,11991458,3723510,15714968
477372c6-36b2-4ceb-9bc0-06b407313f88__component.obo_functional.owl,100434835,270965316,371400151
approximated_9073a83f-df12-4abb-b3c6-f6646054caf5_jet_engine.ttl_functional.owl,16169878,4130187,20300065
approximated_27220224-5626-490e-8f78-b4d409053bc8_serf.owl_functional.owl,12531514,2229806,14761320
approximated_03db5cc1-3cde-4d5c-85a0-a1facef62b17_Rye_bread.ttl_functional.owl,17261078,3696218,20957296
78743c32-08b0-45c1-9cdf-973ae1e5529a_laOneRacer.owl_functional.owl,15670659,1482299,17152958
ncco.nursing-care-coordination-ontology.1.owl.xml_functional.owl,17716072,20263599,37979671
2d00a1f4-6b78-423e-b788-aca98d53bf28_geon_themes.owl_functional.owl,20600475,23212317,43812792
approximated_98e3c24c-44b8-46b6-8b43-cb9e060c1489_Heat_pump.rdf_functional.owl,10089433,3785340,13874773
approximated_bc036019-2b9c-40a4-874e-b25be48dad42_SUMO.owl_functional.owl,44159774,64846275,109006049
approximated_b1940850-3559-459d-a303-d269c07b35ed_Arkin.rdf_functional.owl,15896905,2305961,18202866
1c235974-d539-464b-a537-718184db94ed_nt_anatomy.owl_functional.owl,20066025,2577997,22644022
approximated_37c94c20-67a2-41b7-8081-92af45f5fef5_mnognathia.rdf_functional.owl,12137213,3725768,15862981
approximated_1c0bc649-8593-4a35-af71-085d3ce54573_onto.rdf_functional.owl,12730784,4979384,17710168
approximated_786ca6d8-daa8-42c5-8847-b8c1daac28d4_Air_gun.ttl_functional.owl,12780777,3685794,16466571
approximated_b46b68f4-8239-4a16-99a3-5c39c068d458_matrIsotope.owl_functional.owl,129094519,209177970,338272489
fypo.fission-yeast-phenotype-ontology.190.owl.xml_functional.owl,547674218,915557232,1463231450
approximated_1eba8609-4716-4f68-9f23-cc5c935c4b32_lepets.owl.rdf_functional.owl,11236595,4202736,15439331
approximated_kb-owl-syntax-unraveled-depth-0-triggers-constant-classes-value-classes.ofn_functional.owl,147468544,393372394,540840938
approximated_00015.owl_functional.owl,11167895,6136036,17303931
approximated_97441988-4f0c-441f-9e9a-e1b5ecbf223b_Manga.ttl_functional.owl,13951099,3698684,17649783
approximated_9484de67-5644-482a-88db-94870b5f8c8d_lligan_bar.ttl_functional.owl,15731324,3620358,19351682
0e8cd331-90e6-40f6-8818-52250fcad208_quality.owl2_functional.owl,41553243,75983523,117536766
10fd0b83-2c14-4c7d-9a29-e7b280a6e2f2_tads.owl_functional.owl,34435198,49816863,84252061
approximated_4b1ba00e-d3d8-42e5-ae4e-2f72e78f7d78_andAeolian.owl_functional.owl,136332418,244557084,380889502
approximated_9fe40968-0b3e-487f-8019-9a288ee1c249_Intel_80286.rdf_functional.owl,14710789,3651480,18362269
e357ecc5-5d32-41d9-846c-134853ef90c3_Rocket.owl_functional.owl,14713920,843411,15557331
04e99da3-9bae-4ba0-9acb-95f4d5a78ada_er_anatomy.obo_functional.owl,159865583,60964042,220829625
approximated_7ba25661-c5ec-43b0-af71-86cb05efe682_Monkfish.ttl_functional.owl,11935128,3954669,15889797
approximated_4a39281e-0c9a-4aea-aa6d-d467e4531d9b_Mentos.ttl_functional.owl,16529759,3605845,20135604
approximated_50fc5b44-9af0-4540-866e-a19f5eb44a23__2010_base.owl_functional.owl,36908558,54480879,91389437
approximated_229904d1-f69e-45af-891b-8ce0eceddee7_nceOWLqjun.owl_functional.owl,47565684,13911315,61476999
approximated_4036f18b-94b0-4d42-bccb-57ccf64ceb1a_eryContext.owl_functional.owl,25818139,10196864,36015003
approximated_kb-owl-syntax-unraveled-depth-1-km-relevant-cardinalities-triggers.ofn_functional.owl,429935649,1061936835,1491872484
dc8256a7-e77c-4403-816e-cb5ebeb3ff02_ephenotype.obo_functional.owl,3899178664,9468993773,13368172437
approximated_42577c40-cc33-43ff-b346-5e087a936425_KCO.owl_functional.owl,25320934,21538369,46859303
c3d1bd7b-1679-4c82-9cd3-890bffd16be3_mp.owl_functional.owl,203131414,611075693,814207107
approximated_4f5ddfc6-8389-4478-9532-3a765af38803_nnotation_tool_functional.owl,12246557,2005756,14252313
approximated_9a7579ad-664b-4778-b2a8-77187d70994b_iriterms.owl_functional.owl,14330682,4217949,18548631
approximated_0114a86b-8bbc-405d-8663-609831436cc3__phenotype.owl_functional.owl,115498431,321185090,436683521
approximated_7193a7c8-0f36-482d-928a-1880936e159f_compute.owl_functional.owl,11138486,7804859,18943345
approximated_7ca3bdda-ddb0-4bf7-9ea9-14444bb8ac04_Pea.ttl_functional.owl,9245919,3989253,13235172
approximated_b506949e-d71d-44d1-a3db-6e3591242fc2_aching2008.owl_functional.owl,23768900,20946329,44715229
approximated_e58beee7-02c0-455b-9a37-6346876048e5_propTime.owl_functional.owl,138056558,242135936,380192494
approximated_nmr.nmr-instrument-component-of-metabolomics-investigations-ontology.7.owl.xml_functional.owl,24841406,38709977,63551383
approximated_83148534-ce06-4b66-9d54-693880e8ccc9_planetlab.owl_functional.owl,20019269,18470614,38489883
approximated_ontovip.medical-image-simulation.1.owl.xml_functional.owl,145461471,262570411,408031882
5468c0ae-0169-443c-a512-0c9eff8d62a8_notype_xp.owl2_functional.owl,86135659,29066621,115202280
d754bd8c-ed12-445a-bf24-b711bdc5f290__rel_names.owl_functional.owl,350123637,630507536,980631173
approximated_7914693b-c720-4def-bef7-95412f1679da_ionObjects.owl_functional.owl,29008642,23399208,52407850
approximated_31eb29c5-e8db-4307-a913-f4e2591be614_Air_filter.ttl_functional.owl,18709064,3618796,22327860
kb-owl-syntax-unraveled-depth-0-km-relevant-cardinalities-constant-classes-value-classes.ofn_functional.owl,150114877,391317974,541432851
approximated_00692.owl_functional.owl,14309251,14504462,28813713
approximated_d79662e6-3068-4914-a5a8-71aa9de77efe_Gold.ttl_functional.owl,12961585,3680610,16642195
approximated_6428a892-ca97-4e6b-a2b9-84dc6e59b1b8_ur_sanding.rdf_functional.owl,14709307,4185037,18894344
approximated_82e8c9d6-263f-491d-822f-16e574411e14_erClosures.owl_functional.owl,14728357,13582227,28310584
852b96a9-51a8-4a47-9da0-31ac8b0edab8_es_bridge.owl2_functional.owl,267925443,697361010,965286453
approximated_89c6d2ee-cb60-4fc5-b6da-63bdb615ad00__indicator.ttl_functional.owl,11945839,3962549,15908388
approximated_00579.owl_functional.owl,45260917,104486185,149747102
5eb4d039-8cb0-4adc-96eb-136fc54bc51e_IDOMAL.obo_functional.owl,79710471,171412863,251123334
approximated_1c424762-c1ff-48b5-9271-9a62077ceba4_llekipferl.rdf_functional.owl,18558342,3920329,22478671
02ce1c5e-99f2-4209-abfa-4ab6055ebc99_flanzenatlas_H_functional.owl,9411420,784336,10195756
approximated_2afc75f0-f4ff-45dd-bdcc-96e5a96bc356_Reamer.ttl_functional.owl,15674863,3653231,19328094
approximated_4c6c4ad6-5558-48f9-ad8e-f4fdc7c53e1a_norvegicus.obo_functional.owl,4490149377,7891097506,12381246883
approximated_00792.owl_functional.owl,2224899066,4056515180,6281414246
approximated_47adbed9-2c57-4e57-a647-e7d8917ba0be_bleOWLTest.owl_functional.owl,15630216,4710949,20341165
approximated_49093845-802c-4cd1-94cd-a51cc0e4a63b_m_090120_5.owl_functional.owl,23722513,22129476,45851989
a1d12508-48bc-46aa-b4b9-7a32a45f3242_ABOfinal.owl_functional.owl,24632142,19496797,44128939
dde3b23b-5c7d-4490-8f3f-22c73405841f_onto.rdf_functional.owl,10143313,1614848,11758161
approximated_487f18f2-db2e-40c3-92a1-e85c9a92def4_rola.owl_functional.owl,17410983,10472259,27883242
83fe111f-3b81-4832-aa63-2f2300753d68_toricPlace.owl_functional.owl,17100875,3014086,20114961
approximated_4c14690b-3212-4c61-94b7-2bad8820682a_text.owl_functional.owl,40203060,28503030,68706090
approximated_006859fa-22a0-4208-ae0c-78826f8a2cb7_esontology.owl_functional.owl,26051042,13642697,39693739
approximated_6f5d7910-52ab-4e12-894b-24910ebd2c8e_icken_soup.rdf_functional.owl,8996019,3936648,12932667
approximated_979a01b7-0c32-424b-b509-af69c5ac224f_onto.rdf_functional.owl,17702391,4854863,22557254
approximated_84af5a55-e26c-46df-a649-86f111a2233b_artedl.owl_functional.owl,13289469,9632782,22922251
approximated_2b2936b2-752d-4a50-ad73-16efb6851fe7_Comedy.rdf_functional.owl,10386911,3786668,14173579
4809e1c7-9c92-402b-b4a4-32b2ec855850_DO_XP_FMA.obo_functional.owl,100111875,40362315,140474190
approximated_d5f27d58-be91-4af0-86ba-b14cb780e582_tension_02.owl_functional.owl,110850043,136613766,247463809
approximated_0b9f4e9e-ffbe-4dd1-a0f9-5c7440ce2623_rfly_valve.rdf_functional.owl,15981383,3904070,19885453
approximated_59f7aa2a-8b42-4f8a-8182-ab9162bce995_Sauerkraut.ttl_functional.owl,18884097,5940337,24824434
approximated_524cd7ac-7cab-4dc1-a759-87c9be06b417_aulic_seal.ttl_functional.owl,13955742,4585830,18541572
approximated_cbc0604b-7fdf-4973-ac95-222e00fa8d3f_nni_cheese.rdf_functional.owl,10789737,3741884,14531621
approximated_1facd7c7-2d76-4a7f-9d81-8f00a53c50d5_Leberkse.ttl_functional.owl,12066923,4463212,16530135
approximated_c215118f-a5b5-4631-94cc-651fd7dc8140_Humpy.rdf_functional.owl,10866995,3864433,14731428
baae0695-d158-4274-8c77-160cccb79cb0_FQuality_1.owl_functional.owl,19094059,6471085,25565144
approximated_9324dd2c-1a72-45b0-b3c8-b203efb5a936_Bundz.ttl_functional.owl,16339826,3604714,19944540
approximated_57a4a5dd-ff72-4390-af52-aac713a7f3b0__component.owl_functional.owl,23853182,19910196,43763378
approximated_b79fa6f8-5629-4c30-92a7-df754e704fc6_PlanDMWFTM.owl_functional.owl,21535664,15634248,37169912
approximated_338e6a0c-7602-4b16-819c-e0530b00d312_Situation0.owl_functional.owl,22285489,5644212,27929701
approximated_9c056f63-a0ca-4866-996f-e431ae92971d_ceverylite.owl_functional.owl,18652166,5383973,24036139
approximated_kb-owl-syntax-unraveled-depth-4-disjointness-constant-classes-relation-axioms-value-classes.ofn_functional.owl,662589799,1413946552,2076536351
approximated_4a029d10-9bab-4874-9f77-b6e7b3f3c325_Loppers.rdf_functional.owl,13954734,3633118,17587852
231d1469-68dc-455a-8236-8e24eea1d5d0_IDOMAL_1.0.obo_functional.owl,68297796,151437292,219735088
approximated_0932ed8d-eeb1-4f15-aa0c-9766208ae5c7_enReaction.owl_functional.owl,132528864,208582728,341111592
approximated_866f385e-4a0b-4a5e-bba2-1d13141ea5f0_Alpha_21164.ttl_functional.owl,22830974,3766513,26597487
approximated_e26e0fdf-97ba-4afa-96df-b18d2db21d51_anatomy_xp.owl_functional.owl,285953502,704459772,990413274
approximated_59bca038-fe73-4a7b-a7b4-fc2239aef0af_matrWater.owl_functional.owl,136482461,211305694,347788155
approximated_1a17a2b9-a2ce-4c18-b7f4-5af134f05ca9_dTransport.owl_functional.owl,127003159,228182697,355185856
approximated_2a0359d1-59fe-41ec-b8fb-e602a09afd81_Water.rdf_functional.owl,14027817,4780604,18808421
approximated_kb-owl-syntax-unraveled-depth-0-cardinalities-constant-classes-relation-axioms-value-classes.ofn_functional.owl,154004631,404480675,558485306
approximated_813dcff3-5537-47d3-804d-2ece0a44729d_heets.swrl.owl_functional.owl,39129576,4344843,43474419
approximated_521e4dc8-b681-4e4a-b846-9e069e4ca8c9_Profile.owl_functional.owl,16313187,7083921,23397108
approximated_9130ad21-e7e2-4cb1-894b-f03b31026332_ela_cheese.rdf_functional.owl,12518289,3606122,16124411
approximated_30ef68e3-0246-420c-8f07-b956e919ed1d_info.owl_functional.owl,24493802,27889325,52383127
approximated_3e27f8ef-1805-4168-94f3-57ca15ba410f_angenbowle.rdf_functional.owl,8832061,3830520,12662581
approximated_0f8b74cf-6ccd-423c-8c4b-1670be46183f_COSMOr595.owl_functional.owl,212251788,347605062,559856850
approximated_fafe5c15-e3f5-4c12-932e-069681f8e05b_quality.owl_functional.owl,46492051,103367273,149859324
approximated_00410.owl_functional.owl,45745173,77483457,123228630
120f56c8-64ee-4896-9433-ecc1e1d2c1c7_base_vocab.obo_functional.owl,22559015,34428266,56987281
approximated_510624e1-6c5d-440d-8332-38ba73ec45f2_S2.owl_functional.owl,13178893,3881679,17060572
approximated_68633d69-9aed-49eb-b11c-e08d3f047a83_contextk_functional.owl,14248752,8894054,23142806
approximated_3a0eb51d-f350-4c4c-8b08-6c567beda912_nd_cabbage.ttl_functional.owl,14062420,3645182,17707602
approximated_141b4419-913d-4eb5-8e8f-a19b1f0fd975_no_Toscano.rdf_functional.owl,12533815,3877780,16411595
approximated_34ddde4e-7712-4543-b230-3debdf828569_Cast_net.rdf_functional.owl,14822388,3603776,18426164
approximated_4a684cd5-2e26-4206-9820-f7356519f691_ito_cheese.rdf_functional.owl,19133683,3619674,22753357
approximated_8d57e017-1cb5-49e0-a4bc-df960cca944f__down_tool.rdf_functional.owl,15627556,3597992,19225548
approximated_38a06c2c-b228-458c-9e1c-467e8b571b20_Fire_hose.rdf_functional.owl,17610978,3653117,21264095
approximated_d7886071-b40f-486e-a135-29c316a568a1_paceHeight.owl_functional.owl,132529826,217197455,349727281
approximated_8218f10b-5cba-4f3a-9630-c77904c23e8b_types_functional.owl,73932846,4738261,78671107
94cac71f-5673-4dc0-804f-59438e6b5077_resist_functional.owl,33227056,9628426,42855482
approximated_d1aef8fd-f482-4baf-80a4-0f0ce6670fde_eme_cheese.rdf_functional.owl,41336925,3993747,45330672
approximated_d6d9aebb-9ff4-4d4d-b6a2-d537bbddd527_onto.rdf_functional.owl,23502085,4671078,28173163
approximated_kb-owl-syntax-unraveled-depth-1-disjointness-constant-classes-relation-axioms-value-nominals.ofn_functional.owl,901764757,1685746015,2587510772
approximated_6516ed2a-3286-4f34-b25e-843be41f8270_ataService.owl_functional.owl,148075662,208837397,356913059
bf34ded4-84f7-48d9-99ff-46afcd069112_classified.owl_functional.owl,287086135,691628317,978714452
fd4db06a-5810-4e3a-b78c-2a0afdeb921f_y.obo.PREVIOUS_functional.owl,51854677,97406415,149261092
approximated_e4144622-ebbe-4175-a642-2ab2515c54a6_inter.rdf_functional.owl,16052166,4493194,20545360
approximated_a899f617-332e-4c2d-afff-955873523225_Diode.ttl_functional.owl,15496857,3740436,19237293
approximated_gro.gene-regulation-ontology.3.owl.xml_functional.owl,26558173,43524660,70082833
approximated_e2fd8324-4b81-4c76-8aa9-8e0f52fb54f4_stateSolid.owl_functional.owl,128731570,208811734,337543304
approximated_17f88bf0-ac57-4e09-9687-c0c3d30eb447_moPressure.owl_functional.owl,141547749,249140235,390687984
5e45e9af-d64b-4ea6-81ab-c90fde9887f6_go_import.owl_functional.owl,116830840,96697156,213527996
approximated_ed8ad42d-1992-4208-b3e2-e7410a08d961_daberg_Rum.rdf_functional.owl,94584787,3643199,98227986
approximated_c4ec38c4-bcb7-4298-a051-caaa16949c67_commsbasic.owl_functional.owl,13734832,9087845,22822677
approximated_20fb95ca-a5c1-485d-bf1c-b97e03733c1c_loo_cheese.rdf_functional.owl,81453850,3583353,85037203
9b8e3831-0e1e-41f8-8cb7-6faf59bd8d7c_misimple.owl_functional.owl,36092406,63481017,99573423
approximated_00483.owl_functional.owl,3874618724,7590177052,11464795776
approximated_5a442b37-7b20-46bc-b5ed-4c3351bb7659_lus_gallus.obo_functional.owl,2068967548,4811310544,6880278092
approximated_14fd4300-c690-4ede-a13d-d037249551ee_Squid.rdf_functional.owl,18042226,5372912,23415138
approximated_npo.nanoparticle-ontology.31.owl.xml_functional.owl,476994445,978979652,1455974097
kb-owl-syntax-unraveled-depth-1-disjointness.ofn_functional.owl,1284021646,688051124,1972072770
approximated_ab9106cd-f108-46ef-9e19-00897ed3fb00_esg.owl_functional.owl,39610826,9398375,49009201
approximated_5044151d-f798-4096-8c03-f5d106bfe71f_nd_egg_pie.ttl_functional.owl,19561322,6307233,25868555
approximated_d31508d4-b024-4046-b16c-d2a191e4b4a2_i.owl.PREVIOUS_functional.owl,790765505,1639298277,2430063782
approximated_ae532754-910b-4fa8-8c09-200fcd5469d5_tologytest.owl_functional.owl,24964286,8883548,33847834
aad32635-3592-4f19-9d28-76fdd0ae36bc_eKrankheiten_H_functional.owl,16674520,886679,17561199
approximated_b489c8e9-6ff7-44c5-b3b1-355827e88dfa_ccdbSchema.owl_functional.owl,27340068,34700623,62040691
approximated_d105a793-e073-49d6-aa66-cbaa98aaac13_Metakaolin.ttl_functional.owl,14389926,3934344,18324270
approximated_4a3cf2e1-cbde-4406-bbf1-867390e5e9c6_dc2lmm.owl_functional.owl,35808622,47292355,83100977
approximated_342c50d6-c255-4d47-bc5b-094e5b4e2fee_Mandazi.ttl_functional.owl,17247160,3581518,20828678
c714a503-6711-46c7-b14c-c9b6c70cbe2b_mp.owl_functional.owl,203346624,624503756,827850380
371e7c78-8d25-41b2-af2e-680eaa9fe40e_cinfo_property_functional.owl,92528607,763374,93291981
411721c2-c335-4170-849d-9852ac8724e8_poro.obo_functional.owl,41407002,37185315,78592317
approximated_88249fa0-5134-42b5-bded-3fe60fd7cd2c_ceph.owl_functional.owl,126160372,87584149,213744521
approximated_d5751143-fe9d-4a14-8045-b9450f7d3df5_infoService.owl_functional.owl,54287057,32586383,86873440
approximated_00678.owl_functional.owl,406111888,1031226443,1437338331
approximated_66a26010-c901-48c6-8877-2bfa2f7963c9_index.php_functional.owl,12478470,1958023,14436493
approximated_ff4a2728-4921-46ca-8082-86bd2d52424b_Lineage.owl_functional.owl,18618280,6183158,24801438
approximated_034963eb-e47b-4f28-84cc-3b775b35b6d8_v1.nt_functional.owl,15773332,4106436,19879768
approximated_30c59ee1-e1d9-4fc4-9bdc-d603fb9bfc35_pper_motor.rdf_functional.owl,15374566,3741568,19116134
approximated_8c1cb4cd-1986-4268-b0ab-ec88059f984e_quality.owl_functional.owl,54483681,94787300,149270981
4af93cf9-923a-4098-acdc-5a28486868dc_mo_sapiens.owl_functional.owl,445022465,1032620838,1477643303
04c27412-1ec9-4ca3-8d7b-4af522de50b2_doid.obo_functional.owl,130386057,345328739,475714796
6e738d26-b8a7-484d-9739-045c8fb75aea_us_functional.owl,11972181,2016431,13988612
e97d85f4-e837-42b0-8f76-89a433fc3b92_Game.owl_functional.owl,14842587,1989432,16832019
approximated_dd5a7075-fe7d-403c-b3f4-d78d44e88d4b_onto.rdf_functional.owl,17879885,3748498,21628383
approximated_3792629f-be17-4fda-9feb-429da30bffa9_noacrylate.ttl_functional.owl,10952318,3757144,14709462
approximated_9a5cb264-fa24-4721-b81e-3d6cc91d8465_Adidas.ttl_functional.owl,15270786,3683014,18953800
137d2b40-ac32-4f8b-9901-3a34f4a77e5b_yposimple.obo_functional.owl,15062599,12663011,27725610
approximated_955e6e5a-3e5c-4287-8bb9-91c1e7db6f80_realmCryo.owl_functional.owl,131815570,211345373,343160943
approximated_5bc495eb-68e5-4098-bf94-7e54bcd50b31_onto.rdf_functional.owl,16463538,4556299,21019837
approximated_8cdb7cb1-4df2-4980-9f6f-7187453ec2df_sttslink.rdf_functional.owl,35475599,55503041,90978640
ba66a35c-438f-4f12-b5da-124e84a76b31_dolce.kaon_functional.owl,72283737,9131169,81414906
approximated_c206cca5-429f-402c-8aa3-04eb9aa5cf83_FN1.53.owl_functional.owl,40874470,8828476,49702946
5682893a-e975-4e35-b1ff-d4509ac171a6_RecordLabel.owl_functional.owl,81040182,1645859,82686041
approximated_00c461bd-d22f-46e9-998e-c933d27ad321_N_battery.ttl_functional.owl,24189817,3886940,28076757
19df6f2a-2015-476f-8e81-584c16d29434_icInterest.owl_functional.owl,16326918,992408,17319326
approximated_00412d8c-f97f-4e3d-b184-9a8133e74e61_phenWave.owl_functional.owl,218177341,214739068,432916409
approximated_b3fa9c33-27ed-41e7-ad65-0c0cd3b18e1b_concept.owl_functional.owl,79757705,10689157,90446862
approximated_8d6ebbf7-ea79-490d-997b-49013c43b5a0_iographies.rdf_functional.owl,82811613,25617580,108429193
approximated_c60b39aa-4b39-4e99-a22a-6a329fa29854_090320.owl.xml_functional.owl,86293733,6695909,92989642
approximated_1715aa0a-05d5-40f1-b907-84cee9a76899__converter.ttl_functional.owl,75610683,3632682,79243365
approximated_0a8113ee-d5c4-4924-9114-45af0135a0a7_Rock_candy.ttl_functional.owl,28285832,3729546,32015378
approximated_28fc2efd-7873-457a-9548-5cd83215d506_Twix.rdf_functional.owl,25355725,3689615,29045340
7a8a19a0-b83a-4ede-85fe-2322f1ff629a__component.obo_functional.owl,56928653,17840000,74768653
166f3294-47c1-423e-8832-8c0790cf7467_mat.obo_functional.owl,91034062,27862406,118896468
approximated_ba4c0705-2694-40c5-a37e-4447eccca489_quONTOm2.3.owl_functional.owl,88712261,3124464,91836725
approximated_cogpo.cognitive-paradigm-ontology.1.owl.xml_functional.owl,32277604,21905125,54182729
approximated_a25ff09e-3be5-4b89-88b0-ac91cabf7b65_tateChange.owl_functional.owl,117284940,62307407,179592347
approximated_89bc52ad-3bfb-44c4-8f29-7c893b334274_habs.owl_functional.owl,98572752,10184122,108756874
approximated_00041.owl_functional.owl,1837172356,3918124273,5755296629
approximated_a9712c71-8004-4e17-b056-4f7a11e7d64d_ABGSegment.owl_functional.owl,83494151,150434039,233928190
approximated_830b48d6-aa33-4f66-bef4-dc562ee06432_Orthogonal.owl_functional.owl,134489467,246827945,381317412
approximated_62c8c490-ccb2-486d-aa8d-4950990d0b84_rammer_Max.rdf_functional.owl,9646556,4065096,13711652
00388.owl_functional.owl,13331100,2848245,16179345
approximated_00302.owl_functional.owl,16953398,15150462,32103860
d91806f3-5470-4b24-8adb-d2e17512028f_function_1.owl_functional.owl,14706092,16112362,30818454
approximated_d66b3e42-998b-41d1-8c31-c2ce8d2c5fab_PaulFisher.rdf_functional.owl,17432067,4584584,22016651
1931e787-0ba7-457b-93d3-781adab5a9a8_prerelease.obo_functional.owl,1297945117,3506488255,4804433372
approximated_62a26c3a-225e-49ad-934d-1a9beb9f380d_sist092606.owl_functional.owl,19032611,10356296,29388907
approximated_7cd38d2d-9407-4a91-9ff9-9e45b5834a4e_Amaretto.ttl_functional.owl,4772618,3595569,8368187
fb-dv.drosophila-development-ontology.15.owl.xml_functional.owl,19344914,31118295,50463209
2e9c776a-c71e-40a1-9694-74cca81c863c_OAE.obo_functional.owl,46092266,89503579,135595845
approximated_632218de-a57a-49e6-885d-d04190ff3d97_vsaosimple.owl_functional.owl,17070984,12132675,29203659
approximated_4e94701b-5b03-4faf-a7fd-c66be0e7a1c5_Malted_milk.rdf_functional.owl,15951912,3611693,19563605
approximated_effd30ce-18ca-4816-b055-33723ce6a1b7_RO.owl_functional.owl,15039472,3989609,19029081
approximated_8b075aae-de78-4da8-ab82-5c5afbeab78f_leost_taxonomy_functional.owl,726262399,2178615491,2904877890
approximated_b9d54bd5-a436-445f-84d9-1e49983a08c1_Pitchfork.ttl_functional.owl,84589203,5254393,89843596
approximated_f029645a-2ada-431e-90ae-6d78382e4687_ns.owl_functional.owl,73844179,6212917,80057096
approximated_teddy.terminology-for-the-description-of-dynamics.11.owl.xml_functional.owl,55444804,11890340,67335144
approximated_0faa5b27-8e28-4fa0-8682-787b9b2d43e3_wine.rdf_functional.owl,34154703,17065894,51220597
approximated_d297d8ef-83ce-411c-9dd9-74c18fdebf0d_substance.owl_functional.owl,66049640,108707795,174757435
approximated_c2647d9f-fbef-44b7-8017-6d21979c352d_Cheesecake.rdf_functional.owl,6777731,3604317,10382048
0c9b2172-a03a-4918-9875-9e2eae3fd2ad_al_process.obo_functional.owl,762980769,2204976614,2967957383
approximated_43b1a445-7fdb-4ed8-8830-a6e907657507_anFraction.owl_functional.owl,137974016,213104697,351078713
approximated_7644aff6-462d-43ed-9d8f-5d7471855907_Kubdari.ttl_functional.owl,11444818,3870002,15314820
fb4227d9-aafe-469d-9f72-7e0e0c7d35ae_owlSymptom.owl_functional.owl,23224436,17494003,40718439
approximated_7a3642b0-5d16-4973-98cd-6239f6ac8bc4_realmRegion.owl_functional.owl,140682238,262999160,403681398
approximated_198b5a81-1a56-4b6a-b5e9-cdc4b3d13a02__Yorkshire.rdf_functional.owl,13977008,3670907,17647915
approximated_2c36aca1-5dd5-4b80-a260-40790c8dec0e_n_detector.rdf_functional.owl,15981523,3696206,19677729
approximated_b88ce3d5-bd1a-4e0a-92fa-d4ce93f1d247_edgeDomain.owl_functional.owl,133254561,219058598,352313159
approximated_2cbafcc5-169a-434e-8457-6ea108d1dc6d_puls.owl_functional.owl,242707379,55895701,298603080
approximated_9f00ebed-14a0-4817-b3b7-d9fdfd57d23e_wine.owl_functional.owl,24069251,11236757,35306008
d2de1f4a-7c94-4c4c-956e-38b7a836b4ed_protlabels.obo_functional.owl,303793870,802922150,1106716020
approximated_8419c249-190c-4543-8b6d-655e7c7f1dc9_exogeni.owl_functional.owl,21811933,20437383,42249316
approximated_2e646254-d55d-4ccd-9a09-3f702aabdbe1_ip4.owl_functional.owl,20257637,9327734,29585371
approximated_1ae07ec6-fe69-495e-b085-2907688d22f3_stateRole.owl_functional.owl,137440906,245769524,383210430
approximated_d41681a9-0956-46d8-8cbb-53033708c480_vao.owl_functional.owl,23793129,19373403,43166532
approximated_e70f248e-f3cf-4bc1-9164-2adb9de3a82a_onto.rdf_functional.owl,14044109,4153544,18197653
approximated_083fd346-de16-4947-b06d-365da70968cb_Speargun.ttl_functional.owl,13015863,3849818,16865681
approximated_2ca85452-a715-4f50-a916-c7e8b537149c_ed_balloon.rdf_functional.owl,16615938,3792540,20408478
approximated_ico.informed-consent-ontology.4.owl.xml_functional.owl,27996643,30744627,58741270
approximated_15f3f9c6-4de9-4a8d-b52b-81bed496ba52_PaulFisher.rdf_functional.owl,11844737,2926418,14771155
approximated_2eae9d3b-7952-4dec-a047-24de6192031a_Dress_shoe.rdf_functional.owl,26015085,3741832,29756917
approximated_6279f04d-8dec-4182-b605-da4d9b0ee3dd_Tea.rdf_functional.owl,12654965,3657585,16312550
ac101702-4c3c-4dde-a173-762a9a0122db_phenotype.owl2_functional.owl,17771840,12339216,30111056
approximated_a9a11f8b-fab9-4901-99b0-9d9570eacf34_ctryflat.owl_functional.owl,100445915,20284644,120730559
approximated_002f75a4-16ee-4437-9123-c273f399590c_odSolutions.owl_functional.owl,45505841,64097598,109603439
approximated_c7c986ba-c441-4920-8d56-a1c835f1c267_Rasp.ttl_functional.owl,14579114,3687779,18266893
approximated_1d4036de-9387-4883-a048-24ca6a437f23_umlssn.owl_functional.owl,19272974,29196838,48469812
approximated_5fcf26a8-838e-4467-bf57-9f1272942514_software.owl_functional.owl,37075220,71499037,108574257
approximated_4e525bbe-ef8f-4880-9728-2b95b159df19_sistent001.rdf_functional.owl,28574587,15759085,44333672
approximated_2dd536b5-91d4-4376-b91a-8d25b4b63684_neprogetto.owl_functional.owl,10720087,9598341,20318428
approximated_32fba828-5881-4048-945a-c93ff30e6e3b_Hfingi.ttl_functional.owl,15709046,3692050,19401096
approximated_8518f212-1e49-4d7d-95db-87375d830337_amo.owl_functional.owl,18572038,6420994,24993032
approximated_85c02ba6-ec57-4dfb-aea8-baea5adc5270_biolPlant.owl_functional.owl,31144788,51360087,82504875
approximated_2070bb2c-7c23-425d-8a44-04ef66f8ceff_nto_cheese.rdf_functional.owl,12283037,4001202,16284239
approximated_00466.owl_functional.owl,126393496,341581976,467975472
approximated_806bf3e6-b3ce-476e-a78d-08aff469898e_mer_cheese.rdf_functional.owl,11713089,3785193,15498282
approximated_9002ce3b-f07b-4105-8bba-8ca5b2738494_asfatbox.owl_functional.owl,480764650,1164942886,1645707536
approximated_08dbaed9-263b-4b6d-9e81-e0a1297eed21_wines2.owl_functional.owl,20393140,3830735,24223875
2256c7a2-9bcb-45cf-ab74-5524fe720c24_onto.rdf_functional.owl,11359594,1810984,13170578
approximated_kb-owl-syntax-unraveled-depth-2-cardinalities-disjointness-triggers-constant-classes-value-classes.ofn_functional.owl,1000613660,1640489300,2641102960
approximated_d94f31f4-bdd6-4d71-accf-3449a776d220_dump.rdf_functional.owl,84463651,108822894,193286545
approximated_1601c754-1491-414c-94d8-7f9a3cab7d57_Oxygen_mask.ttl_functional.owl,14378816,3737055,18115871
approximated_4e04b31f-1fb5-42a3-9763-b79e3b31ab8f_tologyV1.3.owl_functional.owl,18349065,9149080,27498145
approximated_8b25f695-b038-47c7-8df3-08851de25394_teChemical.owl_functional.owl,135902294,207426927,343329221
approximated_00357.owl_functional.owl,94733517,194083053,288816570
approximated_a46b6059-f693-4585-b362-ccd4058db039_Tuna.rdf_functional.owl,17391836,3697518,21089354
approximated_4e6a533d-8777-417f-a45f-61a8141471e8_antle_rope.ttl_functional.owl,14622149,3747274,18369423
approximated_kb-owl-syntax-unraveled-depth-1-km-relevant-cardinalities-triggers-constant-classes-value-nominals.ofn_functional.owl,470987205,1028740998,1499728203
192db842-c6f1-4e17-9e5f-6a9d9a54e737_appearances.owl_functional.owl,28865473,3139626,32005099
approximated_e09bfd1b-cb40-4414-9600-7eb4bff97491_Instrument.owl_functional.owl,151473950,250068539,401542489
fb-cv.flybase-controlled-vocabulary.14.owl.xml_functional.owl,29674054,42304609,71978663
approximated_36718179-cf07-4ec2-bbff-c6713f544e3f_2020120507.owl_functional.owl,5967106402,13099558581,19066664983
approximated_713b7128-5f6e-4e82-b0b4-efa54a064e5d_icCompound.owl_functional.owl,152914574,251353692,404268266
approximated_0145d471-5428-4bf1-acff-fec7e5213789_regulation.owl_functional.owl,1023642209,3179498960,4203141169
approximated_fa669ffb-b1db-4b58-8274-b4e6bb44a111_l1odm2codo.owl_functional.owl,16950183,10400714,27350897
775c4500-5a9e-4540-96ee-601e28b210f3_ce_by_role.owl_functional.owl,17686254,9342618,27028872
approximated_01cfcf57-b094-4864-a354-d08954c087dc_Endy.rdf_functional.owl,20010780,5040070,25050850
approximated_b4bbe763-01d5-4429-97f4-5a26878e934e_Watch.rdf_functional.owl,10613412,4293501,14906913
approximated_6fb3d5fa-0f13-4776-bfa0-793f3ebc628a_onto.rdf_functional.owl,10319478,6133810,16453288
approximated_4fd5414a-a316-41b1-b13e-a9500e1002f6_et_aerator.ttl_functional.owl,9853053,3644500,13497553
approximated_00673.owl_functional.owl,49437887,105973139,155411026
go.gene-ontology.1406.owl.xml_functional.owl,1459378207,4364639149,5824017356
approximated_0db7956e-9797-40af-895d-d1e73a85226d_ing_device.rdf_functional.owl,18663081,3721954,22385035
0147e189-1bbb-4e53-bf7a-5a45f561fc5c_nnotations.owl_functional.owl,8969804449,7264470005,16234274454
approximated_2b7cf1e5-5e23-4286-875f-5c7f800f3eda_Pastry.ttl_functional.owl,15008033,6277571,21285604
approximated_0f8abb6b-3e0a-4520-aacb-4f745ed5b0d5_Hovercraft.ttl_functional.owl,15346488,3939781,19286269
approximated_7084c957-7ba6-4a3d-a592-aef6beb5211f_PaulFisher.rdf_functional.owl,9145917,2991554,12137471
00076.owl_functional.owl,15999650,8374843,24374493
approximated_1070fe1a-c75a-4a17-b88a-568a6bceae7b_nulo.owl_functional.owl,11343508,4215481,15558989
approximated_f0a2d50f-178b-43ea-9f36-cad568136e63_cmmi_test15.owl_functional.owl,40930533,35476170,76406703
approximated_f171800c-62e0-429a-a1fd-2679bae47ba5_Reed_valve.rdf_functional.owl,11059805,3694697,14754502
approximated_46bb723b-99fc-41e2-8f73-c827ebd468dd_SystemsLite.owl_functional.owl,23830065,19466429,43296494
approximated_7b26af21-9a57-4db3-8a1f-f6f723ce8baf_Manouri.rdf_functional.owl,12584556,3785202,16369758
idomal.malaria-ontology.28.owl.xml_functional.owl,78919099,174738566,253657665
approximated_4a77d4f2-a093-4d45-b9c5-62a4e79ef330_gun_scaler.ttl_functional.owl,14015194,3795934,17811128
3e8988dd-d423-41eb-bce0-0651a2e84942_kupomodels.owl_functional.owl,21946260,23786102,45732362
approximated_3306dfe2-1e10-4dbf-842b-0bec08bba814_Support2.0.owl_functional.owl,33039158,23349269,56388427
approximated_42e22f9d-9f61-4b7f-9b27-0629f2fc86b2_Vinaigrette.ttl_functional.owl,16163678,3767667,19931345
23bffcfb-32b2-40bc-b17d-e26fee64fb50_visionShow.owl_functional.owl,16317441,830782,17148223
approximated_29772105-dfde-4d00-9bac-fbb6af110722_szenario.owl_functional.owl,14924627,11547718,26472345
cc326d98-1b73-4173-9b6f-c0a7be7c21f4_4577.rdf_functional.owl,9941698,888337,10830035
approximated_929488ac-ad2e-454b-a058-e339496a4ff4_ro.owl_functional.owl,12684348,4221159,16905507
approximated_onl-msa.mental-state-assessment.1.owl.xml_functional.owl,141251896,202941997,344193893
approximated_00494.owl_functional.owl,71429583,127119215,198548798
approximated_7dbcb4f3-5945-4d3d-a1a1-2aa0e544f321_d_dressing.rdf_functional.owl,11436680,3906032,15342712
approximated_eede63b0-ebd8-4d19-84e4-1bf2f235f456__pathology.owl_functional.owl,16913715,35021152,51934867
5509b082-747d-403c-b3e9-5dacdcfce82e_classified.owl_functional.owl,562343646,834223535,1396567181
1b301cbb-0276-4463-8e46-572b14c6948c_sc84title.rdfs_functional.owl,1232681600,1072998509,2305680109
approximated_9aebe632-2215-4810-b8de-0ab407b026d9_Trap_primer.ttl_functional.owl,91782254,3634799,95417053
approximated_2fa0a8d5-641c-4587-b8ec-a8497086ffc2_observer.owl_functional.owl,37496567,5746821,43243388
approximated_59741353-0411-4b56-9c9c-d0c2a2729ab2_Theremin.ttl_functional.owl,74093785,3693722,77787507
approximated_48da0b47-a401-4bb4-b209-2d217bf79c88_onto.rdf_functional.owl,13027395,5518903,18546298
approximated_41ee1066-ddfd-4c98-8d0a-b613c2ed609d_Jackhammer.rdf_functional.owl,70624644,3615291,74239935
approximated_3ca38401-79a4-4ff0-8bcd-fcd9d0508846_BergkC3A4se.ttl_functional.owl,12186138,3578536,15764674
approximated_1082fb0e-824a-4a4f-a775-a8edfd28786c_PO_functional.owl,60314199,125048480,185362679
approximated_kb-owl-syntax-unraveled-depth-4-cardinalities-constant-classes-relation-axioms-value-nominals.ofn_functional.owl,390834416,930239016,1321073432
approximated_3d1a06b5-7167-40e2-ac0d-3ce6f7ff96de_rial_robot.rdf_functional.owl,13301090,3747596,17048686
8c936c24-12b1-4c8c-a90d-0a735f369da3_ficeHolder.owl_functional.owl,18316609,1062534,19379143
approximated_2d3be51c-840f-4a0b-90d3-f34a074882de_ging_steel.rdf_functional.owl,12493688,3589614,16083302
approximated_9fdac05c-0a73-4825-b361-77df9d540890_quanSpeed.owl_functional.owl,137516371,209086575,346602946
approximated_kb-owl-syntax-unraveled-depth-3.ofn_functional.owl,362619832,900937031,1263556863
00381.owl_functional.owl,254526646,115409584,369936230
approximated_61dce8c0-8134-4870-8452-b70144f79f1f_Fishing_net.rdf_functional.owl,14811911,3739468,18551379
approximated_b2c45efe-d5c2-40ac-b38f-d0e69ef291d8_Barm_cake.ttl_functional.owl,18522494,3664185,22186679
c44095fc-e911-4a16-9bdc-20224e839a76_e.obo.PREVIOUS_functional.owl,92200196,215528996,307729192
approximated_362a4af7-7264-4a82-832e-1003e491c018_LeibnizKeks.ttl_functional.owl,12746653,3669455,16416108
approximated_bdbcec0c-4e96-4cc6-978e-85a96640130e_orest_cake.ttl_functional.owl,11478577,3867567,15346144
approximated_1ca8bc80-f74e-4145-a5fd-66c9fed0246e_dMesoscale.owl_functional.owl,129570823,207452045,337022868
9968af30-d685-4c29-b937-1b59a257a8ec_ant_trait.owl2_functional.owl,34516756,66410776,100927532
approximated_provo.provenance-ontology.124.owl.xml_functional.owl,16790243,5174741,21964984
approximated_kb-owl-syntax-unraveled-depth-0-km-relevant-cardinalities-triggers.ofn_functional.owl,139397021,341867568,481264589
approximated_00486.owl_functional.owl,1350708996,2763925279,4114634275
approximated_538709b1-b7e8-4424-8d99-9d0bafeee68f_tification.owl_functional.owl,17732344,4797698,22530042
approximated_8a0e18ac-91b2-46c1-897b-57063d2a44a2_Validation.owl_functional.owl,138300623,210774431,349075054
approximated_443a0dc5-8133-438c-b00f-e7c564ae7dc1_estigation.owl_functional.owl,30019473,31321716,61341189
approximated_8c8e5979-9214-40e9-992f-05f4147ac45b_st_anatomy.owl_functional.owl,105926019,250654862,356580881
approximated_66e7427e-6588-4885-aeef-b3496f1e3541_timization.ttl_functional.owl,80962394,3698430,84660824
f4c54e2e-a1e0-4317-9b84-7d4e8baeb6ae_nt_xp_self.obo_functional.owl,48448596,11379577,59828173
approximated_3287d379-3ee6-4e0f-ad90-3702d2112384_galen.owl_functional.owl,171774910,219738922,391513832
approximated_00718.owl_functional.owl,204747623,19402575,224150198
approximated_ef43a553-4f1a-4a55-a4be-3ea879c6eaf8_dore_VIC20.rdf_functional.owl,102949928,3615770,106565698
approximated_00281.owl_functional.owl,12637223,6726708,19363931
approximated_36faa6ac-6b7a-42cc-8490-574e16f8fe5b_Rokpol.rdf_functional.owl,70721340,3795399,74516739
0236fd90-bb5c-4c11-ac91-d3be2fa17611_es_bridge.owl2_functional.owl,279061677,755600014,1034661691
approximated_94acb37a-ecef-431d-bcfc-501977deaaa6_Golf.rdf_functional.owl,12975121,3843307,16818428
approximated_6558799a-535b-4c2e-842e-1ce941f28dc2_ec2.owl_functional.owl,21500149,17928038,39428187
approximated_83d1a26f-23ca-43a2-af64-da1b3a06dbf9_onto.rdf_functional.owl,16428819,4828463,21257282
approximated_41cf527b-0442-43c1-964e-1eaceb8b0322_etter_tile.ttl_functional.owl,16249707,3859946,20109653
approximated_d7cca021-c673-4a84-9e7c-b1c508a453d8_financial.owl_functional.owl,1134600640,199230282,1333830922
284b2c2d-9bd4-4417-989e-2aad9564eef1_protlabels.owl_functional.owl,293122448,816163666,1109286114
approximated_0414faab-a884-43bf-8ecc-70ddf5e03cd8_visual.owl_functional.owl,35409284,49749920,85159204
approximated_jerm.sysmo-jerm-ontology-of-systems-biology-for-micro-organisms.14.owl.xml_functional.owl,16883867,15057262,31941129
approximated_61dd50e3-25ec-47c8-b154-1a85cce0e451_ilk_powder.ttl_functional.owl,11816515,3923615,15740130
approximated_c797be95-1e57-4454-977d-a2429045dce5_dtn.owl_functional.owl,19948790,8422081,28370871
approximated_08fb41c5-f8b2-4c39-8db8-af818ac530e8_nomizithra.ttl_functional.owl,4775418,3731557,8506975
0fc1b578-c393-433a-a76d-edb95a415bf4_gorieBlC3BCten_functional.owl,11720015,779352,12499367
approximated_32d8a12b-5c75-4d62-a3a2-b3bc235d506d_expression.owl_functional.owl,70746684,39852010,110598694
approximated_2cfc4281-7cba-41da-9331-8c54237c01d9_Buttermilk.rdf_functional.owl,9126931,3615551,12742482
approximated_28b40df6-fa4c-466c-8b04-294817e0881a_e_computer.rdf_functional.owl,12546590,3618662,16165252
297f501f-a2ad-429f-9037-832cc469c7d6_classified.owl_functional.owl,252143125,579701970,831845095
flopo.flora-phenotype-ontology.3.owl.xml_functional.owl,656526425,1726979834,2383506259
approximated_5655676f-466a-4ee7-9695-32978410deb2_ural_steel.rdf_functional.owl,4763658,3845049,8608707
approximated_5d2e0291-e273-4df5-a632-2b2dfaaea053_Ice_tool.ttl_functional.owl,11233249,3656884,14890133
approximated_36a39012-b7ac-4078-b427-4d54735227fa_EMD_F40PH.rdf_functional.owl,15008644,3733847,18742491
approximated_0eae551f-38f1-4fee-ac89-046d6c0993b6_onto.rdf_functional.owl,16952949,5657388,22610337
approximated_1dc94f07-41c3-4171-abb5-3c2955a8a750_eformation.owl_functional.owl,75266414,126182552,201448966
approximated_00343.owl_functional.owl,31789012,15788944,47577956
approximated_d5d92734-f617-4a27-b226-9f8b9bf7d588__functional.owl,25525766,29203087,54728853
approximated_0f0f58e3-859d-483a-9eb8-ea9d479dc430_ataProduct.owl_functional.owl,135615222,253861167,389476389
approximated_4f2a332c-4926-462b-a6f4-7ae3a9d9c162_chemistryv4.owl_functional.owl,15075185,6819133,21894318
approximated_88a14c68-273a-4635-b6a5-8b2fdb50449d_uberon.obo_functional.owl,216384724,550038197,766422921
21d5676e-66c1-4767-8348-5d3f59d74775_iedatabase.rdf_functional.owl,30168910,6897963,37066873
approximated_00382.owl_functional.owl,927280364,2899315066,3826595430
approximated_08c1ae81-1379-4f60-8bc4-20dcb4d5a2d1_ESG_test_5.owl_functional.owl,32177627,7357406,39535033
approximated_e46419ed-517e-4d94-b606-a94ab571d405_Parameters.owl_functional.owl,10788815,7488877,18277692
approximated_kb-owl-syntax-unraveled-depth-1-relation-axioms.ofn_functional.owl,449500117,1056647530,1506147647
approximated_kb-owl-syntax-coreference-IDs-cardinalities-constant-classes-relation-axioms-value-nominals.ofn_functional.owl,906985471,1821973802,2728959273
approximated_0d0ea454-c4e4-45fa-bf5c-f5f94f863af3_European_Union_functional.owl,17271494,1747774,19019268
approximated_81ff541e-2600-4862-95fe-83813875124d_ss_bracing.rdf_functional.owl,11441788,3824002,15265790
approximated_3d2784e0-f119-4af5-89a5-fc8d96282bba_Lobe_pump.ttl_functional.owl,16750111,3724694,20474805
approximated_85f662ef-f07a-4cc3-956d-9628d7f10e75_eloEmocoes.owl_functional.owl,9571331,5351462,14922793
56a24a04-c242-4db0-b565-7033f8e372c9_tgma.obo_functional.owl,82068558,144104662,226173220
approximated_galen.galen-ontology.1.owl.xml_functional.owl,1054435175,3172603937,4227039112
approximated_159f0a31-0933-4f79-8563-0d71147a50e4_SO.obo_functional.owl,67335935,129532280,196868215
approximated_eacaa4c8-f785-40e0-8348-450d76ad76b1_mpoundAcid.owl_functional.owl,72973519,127704108,200677627
approximated_15f81d44-80e2-47b8-8082-e5d346264ab6_mlso.owl_functional.owl,20804247,18338490,39142737
approximated_0ec6e375-30a6-4701-a0f9-b51634fb7605_ethernet.owl_functional.owl,15147632,9474045,24621677
approximated_1673b157-5dd9-45b6-98b1-a5f8053c6586_iteseermap.owl_functional.owl,13116867,9036768,22153635
dee51ea7-60c0-48c7-9076-957b687f57b6_o.obo.PREVIOUS_functional.owl,12288034,8059672,20347706
approximated_d5d1d292-82d8-4642-8a89-1e77740e5e3d_amo2.owl_functional.owl,12906121,6155178,19061299
approximated_619677f1-3bd0-4721-903d-17bb674e54d8_PaulFisher.rdf_functional.owl,10747416,2855652,13603068
00677.owl_functional.owl,87926877,30187356,118114233
0a331e49-6855-471e-b7c3-0a1d751be064_anatstaged.obo_functional.owl,280851872,509754657,790606529
approximated_d1017e80-ac50-40cb-b62e-82028c94d84d_steel36.owl_functional.owl,15883112,2910756,18793868
approximated_41b5f94e-10fb-410d-8419-5e0eafcf4d89_eanCoastal.owl_functional.owl,135492173,205987894,341480067
0780c1cc-9351-42a5-b0c6-21204bccf8df_classified.obo_functional.owl,2479673933,6307783629,8787457562
approximated_8633be47-0c02-4c78-84ff-b7d76da6aef1_y_ontology.owl_functional.owl,21954369,9707024,31661393
75920c15-8968-49c8-a10b-2b6db1968d38_resistance.obo_functional.owl,88307142,220946502,309253644
approximated_83069b3b-0d39-45d7-9db3-860413bd53bc_onto.rdf_functional.owl,15966621,4574172,20540793
approximated_c75c8486-e943-4890-a5e6-a2c8369d73f4_PaulFisher.rdf_functional.owl,11872382,2960552,14832934
approximated_04c0c4ef-e210-41a7-b86b-1f945045bc8f_kupocells.owl_functional.owl,20289687,37739223,58028910
approximated_6c60bc0e-5483-47e3-9625-dfdaecc6669b_er_anatomy.owl_functional.owl,26226157,41719059,67945216
fb93111d-d1a2-44fe-a5aa-e613583e9c60_classified.owl_functional.owl,30795245,44664315,75459560
approximated_00606.owl_functional.owl,24635480,35190982,59826462
approximated_030693d5-82aa-40eb-88d4-48a9d5fdbcbb_t_taxonomy.owl_functional.owl,784109430,2064656661,2848766091
approximated_358e8a5e-c2ee-435d-b06a-3f218806ea37_obi.owl_functional.owl,119567709,265192296,384760005
approximated_3d4fb48f-6df9-476a-8bb3-b588b32e62dd_oceanFloor.owl_functional.owl,107352229,219446225,326798454
325dcb54-e87b-4088-90ae-c12d2f166244_classified.obo_functional.owl,77702476,170166289,247868765
approximated_c69ff792-4734-4da3-a279-82bcd22e77a1_crime11.owl_functional.owl,21000982,10176085,31177067
ogmd.ontology-of-glucose-metabolism-disorder.19.owl.xml_functional.owl,16303572,6356084,22659656
approximated_53638c75-7ece-441d-8e20-0af1d7e7e77c_biotopcore.owl_functional.owl,20478467,18972971,39451438
f5c2d5ab-fd49-4bb9-94cd-f89f490a9b6a_ailytermdb.owl_functional.owl,555860674,1671873311,2227733985
approximated_87e626a2-5e10-4124-b622-bbfbbb14fb6e_mathVector.owl_functional.owl,22140082,19716555,41856637
approximated_05b08894-f669-48d0-9806-e52c567f77be_PaulFisher.rdf_functional.owl,7986360,2881246,10867606
approximated_0d8417cb-3c46-4157-9f8a-905d8cd3c2c3_eco.owl_functional.owl,17154002,21160403,38314405
approximated_kb-owl-syntax-unraveled-depth-3-cardinalities-disjointness-triggers-constant-classes-value-nominals.ofn_functional.owl,680058946,1532871021,2212929967
approximated_13c089b2-5421-432c-8729-d4fae2757f4e_cm1.owl_functional.owl,15937517,3867997,19805514
approximated_8f92f4f0-0e90-4e56-aee5-510116e60fed_onto.rdf_functional.owl,11233421,4785752,16019173
1015f8a2-fadd-4d1c-a248-34edf51b214d_sgenechrom.owl_functional.owl,1382923976,2539270804,3922194780
approximated_00675.owl_functional.owl,2438569158,5153296293,7591865451
30452db5-6cd2-4630-bbe1-17ac3dade1c7_geospecies.owl_functional.owl,34962433,6179474,41141907
approximated_853b4196-cf16-479c-ba25-675b5e595cb2_ics_tablet.ttl_functional.owl,9064655,3590273,12654928
approximated_317eefae-1d72-4f99-87a3-4453c85dd4b9_ans_cheese.ttl_functional.owl,13887083,3681208,17568291
a53db3f1-2c30-4306-96f3-d0832bf27a57_VideoGame.owl_functional.owl,22069993,3182090,25252083
approximated_37c11239-ace5-4076-adcc-55d712463e66_View_camera.rdf_functional.owl,15018044,3631833,18649877
1d1247b4-7973-4e96-8fd6-29f8a0d89e43_all.ttl_functional.owl,15590330,1201277,16791607
approximated_kb-owl-syntax-unraveled-depth-1-cardinalities-disjointness-constant-classes-relation-axioms-value-nominals.ofn_functional.owl,755728587,1702184788,2457913375
0a0136fd-cd88-41a6-a3da-83380dc0af18_Heilpflanzen_E_functional.owl,13095908,983039,14078947
approximated_c1b60570-8933-4211-b98e-fecce81558ee_Manifest.rdf_functional.owl,22724975,4597379,27322354
approximated_52de505a-641a-4284-b337-e40851edfd94_Bread_bowl.rdf_functional.owl,64894873,3650118,68544991
approximated_00590.owl_functional.owl,26321587,23505291,49826878
ma.mouse-adult-gross-anatomy-ontology.31.owl.xml_functional.owl,147374781,218149289,365524070
approximated_2dfdcac4-17b4-4759-ad21-00d8ed0ba741_DSO.owl_functional.owl,83844004,8856857,92700861
approximated_99996987-5d1b-4122-a2c9-1b9291d0eab0_fly_anatomy_xp_functional.owl,560733451,1018893643,1579627094
approximated_42727c6e-058f-4348-96b8-b3696fa246f4_kflow2codo.owl_functional.owl,37133013,16970735,54103748
approximated_d1798195-1f1c-4510-ac4c-53a6847ec79d_lom.owl_functional.owl,26150479,12053476,38203955
approximated_e47d5fc3-a50c-436f-9de8-1bf8bcaf786f_odyOfWater.owl_functional.owl,82177054,155267283,237444337
approximated_a2de7172-2229-43c6-b9a3-97910453ed8c_infutur.owl_functional.owl,13786718,10268726,24055444
approximated_f1348678-6a49-4bfb-bdfe-67006140730a_GRO_v0.4.owl_functional.owl,22965905,40014114,62980019
approximated_b6c92ad5-2810-4609-b3a5-355c7911930f_Gugelhupf.rdf_functional.owl,17563288,3606227,21169515
approximated_5ce4039f-7515-4d22-b1b5-8cc98458c243_Mpeg72001.owl_functional.owl,19190988,18214571,37405559
approximated_kb-owl-syntax-unraveled-depth-3-km-relevant-cardinalities-constant-classes-value-nominals.ofn_functional.owl,375953338,896482706,1272436044
approximated_4c0e650a-2b97-45fd-93bc-5cacc07ad3e7_uniprotpro.owl_functional.owl,1006593272,1773301926,2779895198
approximated_d084d068-ba72-41f1-96c3-7b12c2cf5cf1_V3_battery.rdf_functional.owl,13940035,3724392,17664427
a38f1650-f404-4ba2-8fb5-81358f68b472_otballTeam.owl_functional.owl,17983911,798480,18782391
approximated_23e0a7bc-b285-4040-8f07-447e81ca5b95_Mudbrick.rdf_functional.owl,13672027,3707333,17379360
approximated_ee9aec54-77cf-4280-ae15-8f84d8d946c2_propEnergy.owl_functional.owl,147590434,240422615,388013049
approximated_3e14d54c-5a0c-4534-8ee3-1c0bfca5e8a0_relaSpace.owl_functional.owl,148796313,244059851,392856164
10b09c62-62fb-426a-acde-443a9be1ee1d_prerelease.obo_functional.owl,2825493205,7045627073,9871120278
approximated_388934ae-0d8e-4473-a8bd-45f29ee4badf_taxon_name.owl_functional.owl,18916062,5772146,24688208
00574.owl_functional.owl,40789780,10443618,51233398
approximated_00698.owl_functional.owl,27362841184,63096625438,90459466622
12f73982-a987-480f-85d0-6aa27a8d8fa3_Continent.owl_functional.owl,20602687,3850356,24453043
f4a84927-b8c6-4198-94f0-20b0ac862b7e_patosimple.obo_functional.owl,51189403,96309407,147498810
meo.metagenome-and-microbes-environmental-ontology.8.owl.xml_functional.owl,25627736,39381029,65008765
approximated_587cb76e-92d2-4649-8b72-ec4daee65125_tionEntity.owl_functional.owl,14889848,11494306,26384154
approximated_ba1f194d-6812-441e-9f40-4ff30d6bc96b_erball_pen.rdf_functional.owl,14449586,3712837,18162423
approximated_e221237f-51dc-4883-8a60-fa79076e4e35_realmSoil.owl_functional.owl,141140327,246757172,387897499
approximated_6fed8bf3-a384-47fb-8ea1-e1b6464db8da_higgins_functional.owl,11865014,10039575,21904589
approximated_58b29258-ab76-4e47-b715-306ed154fba3_lded_cable.rdf_functional.owl,12882723,3708916,16591639
approximated_34aab632-b464-4f0a-8d13-a2c646313b3f_ise_Tagada.ttl_functional.owl,14299958,3720039,18019997
13acd5d0-383c-492b-81d2-2a42e9ffdc11_stts.owl_functional.owl,14096105,4043789,18139894
approximated_432fe4cc-98c6-4d75-ae4c-465957dc4c0f_Toy_train.rdf_functional.owl,10934142,3827055,14761197
approximated_40bf2e5f-7613-4765-b28a-6778aee743ac_ena_cheese.rdf_functional.owl,10403062,4005707,14408769
a7e270ed-0f44-414a-8c54-3401a8d9110d_classified.owl_functional.owl,2577395974,6372874794,8950270768
approximated_0c745746-ca4d-45b0-96fd-e473b2db8123_idreasoned.owl_functional.owl,32187140,45312441,77499581
vto.vertebrate-taxonomy-ontology.8.owl.xml_functional.owl,2093675680,6137404834,8231080514
approximated_0f631613-d34a-4152-ac7d-60b60ef87a7c_DUL_v22.owl_functional.owl,14710784,10870077,25580861
approximated_64157e60-96dc-4d10-8090-5ea966d3afe7_teruniprot.owl_functional.owl,125431500,85668253,211099753
approximated_5db7d966-b192-4fdd-bc2d-2a73caa477f9_phenHelio.owl_functional.owl,212601416,213260240,425861656
approximated_6a2fa6d1-b6e0-4c4f-9d78-93e90d04e88a_onto2.rdf_functional.owl,17012645,5006981,22019626
approximated_1dfb83b5-166c-4af0-9161-b4e179dbd4ed_rete_mixer.rdf_functional.owl,12316445,3587185,15903630
approximated_7e58722b-9990-4678-b0bc-f362daed48c3_restaurant.owl_functional.owl,9836429,8021915,17858344
approximated_bb4de634-0e22-4aab-8cb2-e37e6e834392_Kayak.rdf_functional.owl,9592846,3733763,13326609
approximated_062b3e9b-7e07-4438-9c14-5a223993271b_Washboard.rdf_functional.owl,16079657,3778631,19858288
a310adc8-07d2-4b73-b4a0-161f31ff55ce_condition_4.owl_functional.owl,55609931,110213886,165823817
567bd399-d2dc-4e6f-9b18-b7add4d04495_tplusmouse.obo_functional.owl,439655585,855467587,1295123172
approximated_9241e263-89a5-4005-9aa0-5918a3176ef4_Desiccant.rdf_functional.owl,10129046,4004075,14133121
approximated_fe6bf4c8-1bd9-4e94-87c6-05f5c6b237c7__phenotype.owl_functional.owl,68808293,103243611,172051904
approximated_0917cbc4-e418-4d4d-9edf-3c1bf879a1fa_Sapphire.ttl_functional.owl,17749595,5476897,23226492
approximated_db8c814a-8452-4bd9-9049-4a4c730e593f_anDynamics.owl_functional.owl,132830957,243517512,376348469
approximated_cd735fb2-a4e1-4fa4-847a-f3a43fbc7010_egoryInstitute_functional.owl,10465419,1671606,12137025
approximated_1fef39cd-a552-477f-9f1c-327f17e7afdd_n_Model2.0.owl_functional.owl,31332157,19544013,50876170
approximated_f3eec2f1-c8dc-432c-ae05-0fdd8e4268f8_lianataxon.owl_functional.owl,1074879059,1867201279,2942080338
approximated_00455.owl_functional.owl,22818310,46949105,69767415
approximated_380b0ef8-f8fb-40cd-a850-813d398b24c0_Ticagrelor.ttl_functional.owl,16759868,3613954,20373822
approximated_ebd19a90-2a41-4775-9387-7f7ff69d953a_sportation.owl_functional.owl,145028434,242009241,387037675
approximated_c863596e-1046-4365-ae26-cab76a7f35cd_Ice_cream.ttl_functional.owl,17732945,7644954,25377899
0f261956-bd48-46ae-9133-a1b150fac054_al_process.obo_functional.owl,992474670,2533417801,3525892471
approximated_312632d1-7907-4a41-bd11-3e545ab0ff20_tambisfull.owl_functional.owl,40917158,30282225,71199383
0d983190-bc65-4c90-ad4a-a94c010fe6ab_onto.rdf_functional.owl,13706230,3318728,17024958
approximated_27af1ea1-393f-40f5-8a8c-7725fd531ded_p.qcr.fixed.owl_functional.owl,76296987,153122402,229419389
approximated_00519.owl_functional.owl,9146709,8546992,17693701
456fd22a-564d-471b-9832-d37b29822afd_EMAP.obo_functional.owl,487717301,862671490,1350388791
approximated_8cfd956c-f11a-4e37-846b-5e8bbf16b164_o_cleaning.rdf_functional.owl,12612817,3593782,16206599
approximated_2ac6a21e-e27f-4e04-aca0-3c291f60fe2f_cator_Unit.rdf_functional.owl,16363672,3874348,20238020
approximated_3572a8aa-be40-4c39-8471-1b0ec487faa9_dbpedia_3.5.owl_functional.owl,39296181,55109101,94405282
approximated_6cb81309-880e-4a62-a454-ed6aa2b74baf_necommessa.owl_functional.owl,14599581,12655987,27255568
approximated_d30cd722-7f04-4e72-a80b-fafe8ecfdc0c_ienceOWLq1.owl_functional.owl,13463792,10816898,24280690
d41142a6-be30-40e5-a5bb-82ab0b7031bc_imitive1.0.owl_functional.owl,12483182,7705092,20188274
approximated_3b49a314-d686-4591-b809-81cbe64b2c32_matrEnergy.owl_functional.owl,220142344,223558811,443701155
approximated_1610cbca-9dc9-446a-a1d6-2fd52ebf81b2_Dowelmax.ttl_functional.owl,21335987,5922000,27257987
approximated_b4f35778-b471-43d0-bac8-dc13a990a393_Mormyshka.rdf_functional.owl,13789602,3603697,17393299
49cbd881-2b40-4dce-bcd9-d8008d983a28_ysfunction.obo_functional.owl,12643669,17409101,30052770
approximated_82006a15-7367-4d03-945f-33f5e4a44273_onto.rdf_functional.owl,15713444,7027583,22741027
approximated_ac1fae27-a56b-4713-b1f8-6dcdde27aae8_oordinates.owl_functional.owl,66313740,124336867,190650607
approximated_07121eb4-c2e9-4740-a50e-bec32b357bf3_preonto.rdf_functional.owl,16692702,5054798,21747500
approximated_3431dabe-b559-42d2-811b-0c579ae9a13c_Massage.ttl_functional.owl,15875336,3623158,19498494
approximated_32f6e531-f8f3-4bb3-a0f7-25c664c6acba_ecule_role.owl_functional.owl,244052658,553304059,797356717
dc4e24d0-5256-4912-b3be-36105ab1b907_p_CLEMAPA.owl2_functional.owl,454435963,670298361,1124734324
approximated_1fc30ab1-b64a-44b2-b4fe-0402806b091c_Virtuoso.ttl_functional.owl,14667008,3772500,18439508
approximated_0fdf1f39-704c-4e6c-b3a0-c871b3bd1707_EDAM.owl_functional.owl,79863668,209959919,289823587
5bc14acf-73cd-46fc-976a-db380540101c_data_center.owl_functional.owl,43241657,72850365,116092022
approximated_56845102-ba92-4662-adbc-4fc38a355d7b_TFS.owl_functional.owl,15291232,4714802,20006034
approximated_a2920fe4-23bf-4c8f-b1b5-084212e6f3e3_ceGeometry.owl_functional.owl,135192267,209442175,344634442
approximated_953aa9d2-d6f6-453c-bb34-18a7fc47f7e3_Potato_cake.ttl_functional.owl,18073954,3712653,21786607
1bebb1d6-7fbf-4634-af0d-9fd70f878427_ts_DAG_1_3.owl_functional.owl,25623335,42206030,67829365
approximated_345f158c-997b-45ee-a3a1-83ebd2d33d2c_eryContext.owl_functional.owl,19794120,10833491,30627611
approximated_0d10680e-34e3-472f-be86-47be11db9a67_stateSpeed.owl_functional.owl,139702013,211129122,350831135
approximated_42203f3a-bde1-47ca-a6f1-a5f71044eb50_SOG_Knife.rdf_functional.owl,15792226,3808031,19600257
approximated_sso.syndromic-surveillance-ontology.1.owl.xml_functional.owl,19668909,8842541,28511450
approximated_cca6f513-d151-4a2c-9e4e-8a7dda781d0c_Rationales.owl_functional.owl,46451012,60781171,107232183
67d80e15-a36a-4f87-8f0a-99c6de37ac35_atomprimitive_functional.owl,8041273,5776123,13817396
approximated_168c1edd-a67a-494c-b1be-4b5839700243_vsao.owl_functional.owl,90617883,24026610,114644493
approximated_b3060fcd-c837-44fb-b4b0-5c8911107a9a_dtn.owl_functional.owl,14111137,7327509,21438646
approximated_5b850a43-95b6-4a41-8e17-97f2aae70514_iComponent.owl_functional.owl,130464488,207276346,337740834
8d19d7cf-e876-4f4a-8c7b-864635eb5d96_pathway.obo_functional.owl,34577184,45440597,80017781
6e0f4e17-6524-4acf-958d-b64f1376f0e7_mpathmerged.obo_functional.owl,23476703,37438134,60914837
approximated_0115df36-b26f-472f-8081-0ff27f40980b_e_blasting.ttl_functional.owl,11776457,3659446,15435903
approximated_ccf9ed40-e244-4225-a4e1-e81546e03575_1058s3s3s4.owl_functional.owl,18302735,7347852,25650587
c7d095b3-de97-45c4-b928-21511cd9f53a_orieDer_Mensch_functional.owl,18083453,2645766,20729219
approximated_3ad89c33-f622-4697-a38a-ca3c5b13b9fb_Bribery.ttl_functional.owl,9662293,3711826,13374119
b49f170d-f76e-4aab-8b29-a3710642bee2_phylobase.owl_functional.owl,20067356,27436504,47503860
approximated_7fcef5e5-6711-46da-a346-511f20a4b7b8_phenGeol.owl_functional.owl,134869276,241316556,376185832
approximated_1f6bd5c5-cbef-4d18-98f1-823f6ae30409_esc.owl_functional.owl,36735725,11081102,47816827
approximated_911780f7-fe24-4091-89f6-26be690e27dd_Endmill.rdf_functional.owl,13191265,3669279,16860544
approximated_64d2b920-0f50-49e9-9e4f-be6f28624991_mantics_v5.owl_functional.owl,29578311,22811257,52389568
approximated_357c5335-0cfb-417c-a74d-6d3779cd2adc__United_States_functional.owl,12751045,1870156,14621201
approximated_74aa452c-eb00-4ddc-a0d1-0ff78b3ec595_Bucksaw.ttl_functional.owl,9867692,3723767,13591459
approximated_0cb0ae64-8cd3-42ef-9e2f-7acfd626c4a6_COSMOtop779.owl_functional.owl,364715284,598693803,963409087
approximated_2ded1de7-16cf-4ddb-86f0-17045012df52_climZone.owl_functional.owl,73322273,137814694,211136967
approximated_058f0beb-5a40-4168-8e58-c1fc8d19a76f_ilaAnatomy.owl_functional.owl,219117950,571265844,790383794
0114933a-4dc8-4fe1-a966-81e46b6c4d89_an_anatomy.obo_functional.owl,26037917,37373580,63411497
approximated_2c18d3dc-bbf5-444f-a9c6-dd254ec84a6d_Toolbox.rdf_functional.owl,14584409,3873167,18457576
approximated_1622ff42-dc68-4e0b-afc0-ef2b5a001b8b_103onto.rdf_functional.owl,18154935,5516955,23671890
approximated_e118f370-e16d-4438-a232-c71b1d55c258_emtopbforo.owl_functional.owl,19646655,11516474,31163129
approximated_40ffe51e-eda2-4415-9d0e-973629b32524_EHDAA_functional.owl,87257043,130621911,217878954
approximated_204e5fbc-62d2-4dff-8543-1fb4ee2671c2_Norvegia.ttl_functional.owl,9564140,4048586,13612726
approximated_0eaf16b4-ad9e-4de9-8902-496ee7451c29_A23_battery.rdf_functional.owl,19052753,3656764,22709517
approximated_704f6550-dfae-4072-9b8d-47a04247b64f_s_fountain.ttl_functional.owl,10240639,3833280,14073919
approximated_00424.owl_functional.owl,43441205,102009751,145450956
approximated_19c68c88-def2-4dd2-b8de-d85544b1433f_phenElecMag.owl_functional.owl,141412155,319758670,461170825
approximated_1be661fa-43bb-4c4c-adbc-51ffd7e788c8_bookroom_functional.owl,13678544,8481325,22159869
56bcd907-a696-489d-ac44-5df521df3c60_theme.owl_functional.owl,14511633,12171235,26682868
approximated_1a6a55c4-89f4-424f-9c16-92ed1b1d5f97_matrAerosol.owl_functional.owl,129060348,207521039,336581387
approximated_kb-owl-syntax-coreference-IDs-km-relevant-cardinalities-disjointness-triggers-constant-classes-value-classes.ofn_functional.owl,882199687,2243252049,3125451736
approximated_kb-owl-syntax-unraveled-depth-4-cardinalities-triggers-constant-classes-relation-axioms-value-classes.ofn_functional.owl,876593550,933953896,1810547446
approximated_kb-owl-syntax-unraveled-depth-2-km-relevant-cardinalities-triggers-constant-classes-relation-axioms-value-classes.ofn_functional.owl,438506105,1029702403,1468208508
approximated_d510326d-c387-4e95-a41f-015d1a61f2f7__functional.owl,20486458,22854348,43340806
approximated_2e8670ac-e7aa-4a67-8c38-a62efbbf987b_Mizithra.ttl_functional.owl,9110812,3568337,12679149
approximated_122890f8-24d2-4cd9-9140-158f8f1b4c6e_Blintz.rdf_functional.owl,10178024,3606168,13784192
approximated_776220a0-e09b-4dcd-9700-4998ec01ffb7_Photograph.ttl_functional.owl,16324328,3817966,20142294
approximated_6e192eed-b4a6-428a-9658-bf6e21929dc3_tinalisMOD.obo_functional.owl,1422137981,3069135383,4491273364
approximated_00646.owl_functional.owl,116627384,247644642,364272026
approximated_41b5ecb2-1b3a-40d6-81f8-ca867ca90a71_32_battery.rdf_functional.owl,16159291,3621556,19780847
0431efde-8b36-4395-9dfd-2cec62ded032_y.obo.PREVIOUS_functional.owl,43637244,81413608,125050852
approximated_243113e0-4ba3-4f81-b5a2-e238d7cbe35e_ulic_motor.ttl_functional.owl,13038204,3755031,16793235
approximated_7d8f4faf-b854-486a-bfed-cd4a9e9a55ac_Rollmops.rdf_functional.owl,15514614,3722116,19236730
approximated_397af8f6-f399-4fff-a2cf-fe49d283259a_scro.owl_functional.owl,24391391,5170488,29561879
a1bad8f6-3744-4b83-938c-249f15bd9f4f_ccerPlayer.owl_functional.owl,19733486,2554609,22288095
approximated_037c4cc6-b478-4b19-977c-78413e2a5b50_hragm_pump.ttl_functional.owl,14386683,3857832,18244515
approximated_f36c7203-fbc7-42de-aa7b-ce2463c9dc52_family.swrl.owl_functional.owl,9556972,2824401,12381373
approximated_1931bdad-410a-4f37-bf8b-a851bebb9357_Brie.ttl_functional.owl,17439133,3615923,21055056
approximated_990efa33-1c11-471c-bbad-78ff9e7266bc_pmbokref.owl_functional.owl,54976341,82578200,137554541
approximated_4b9200c5-0285-4e2a-96ad-3ca22fef2b41_tance_edit.owl_functional.owl,47006690,45762451,92769141
approximated_6f3e3f37-8bcb-4817-80e5-35d9d1d41c86_idDynamics.owl_functional.owl,132801435,210535782,343337217
approximated_13e5ed6f-4c73-4fb9-8fe5-e172388b790e_Chainsaw.ttl_functional.owl,9378254,4053715,13431969
approximated_025133cd-6e9b-4f43-a9f8-adc548531d0b_Cementite.rdf_functional.owl,13233652,4223675,17457327
dec8903d-7933-4f80-b903-f765983da6e7_gams.rdf_functional.owl,21954655,37837787,59792442
9d039558-dfc0-488c-9a4e-92a0d699b39f_ONRT.owl_functional.owl,18835149,3996025,22831174
approximated_eb3b16cd-affa-400f-9713-98bd93cf46ae_Umnumzaan.ttl_functional.owl,19535341,3668777,23204118
approximated_be7a6d0b-0f76-4fe7-bd1f-a34ae731bd81_RLExamples.owl_functional.owl,12885196,4355734,17240930
a1e4623b-1faa-4e69-a606-5d5c4ef90f5f_Locomotive.owl_functional.owl,16160768,1403674,17564442
approximated_fe6e5805-99fe-45cd-b599-5b6b1a0c6a5b_onto.rdf_functional.owl,13355273,4836746,18192019
approximated_422f8d3e-c662-483c-a752-41647b5cc1d7_basic.owl_functional.owl,663937297,1574763943,2238701240
c5eec99a-285f-41a3-952e-1e3c06967961_Heilpflanzen_B_functional.owl,14013583,840047,14853630
approximated_0000212a-38bc-4129-898f-70d1e9114863_Lion_Bar.rdf_functional.owl,14503683,3862323,18366006
approximated_aa7460c4-3092-4c0f-a6ef-7855cfcae456_Microbiota.owl_functional.owl,127540480,211578399,339118879
approximated_02e23efb-644c-4dd3-8971-e514087e900c_programming.owl_functional.owl,18686619,11197208,29883827
689600ca-4a5f-43a4-9483-58415f627c66_ioequivmod.owl_functional.owl,752093243,583801123,1335894366
cptac.cptac-proteomics-pipeline-infrastructure-ontology.3.owl.xml_functional.owl,30123655,4047910,34171565
approximated_71a6f8a4-faa3-4998-935c-1e37b3eee4a3_Shanklish.rdf_functional.owl,16051296,3622521,19673817
18b168a3-8696-45a7-afc9-b8d532a2eb04_fbdvsimple.owl_functional.owl,18979884,20834352,39814236
66ce60c0-09e6-4dc3-bec4-c99dd234bb3a_ionAthlete.owl_functional.owl,16897182,979070,17876252
approximated_00422.owl_functional.owl,31061246,42461259,73522505
approximated_65229705-d5b1-400b-84b0-5b4c26959aa3_ceAnalysis.owl_functional.owl,137126183,265085789,402211972
approximated_kb-owl-syntax-unraveled-depth-4-km-relevant-cardinalities-disjointness.ofn_functional.owl,588957066,1301319298,1890276364
approximated_6ac8b71a-c597-420b-9166-1be85f288c05_riped_bass.ttl_functional.owl,13995989,3649865,17645854
3f612269-d41b-4e7e-b334-72a14c6549b5_t.obo.PREVIOUS_functional.owl,44595841,14721828,59317669
approximated_75a546e1-3238-4e4f-8c8b-e39bbc29ba94_tinguisher.rdf_functional.owl,15553778,4177775,19731553
approximated_3531f609-6a23-48a0-b9a1-50b7d49a26c0_Coping_saw.rdf_functional.owl,11616721,3594367,15211088
approximated_4a543d99-3243-4d9d-b47c-556c1d86b70f_situations.owl_functional.owl,15741709,12401176,28142885
47cc1fd9-225f-42f1-85d9-8ab0d77defbc_nstypetbox.owl_functional.owl,1098860237,3095957260,4194817497
approximated_0c701b3b-4333-447e-9366-5738d5b677e0_AmigoS.owl_functional.owl,14746512,9411279,24157791
30f83806-d44f-4da4-9377-fa8f7934644b_KategorieHarn_functional.owl,12851838,874290,13726128
approximated_0952a61a-ede0-4b56-b49e-6fb9ac5240dd_core.owl_functional.owl,13969840,4786999,18756839
approximated_389ecfd7-e8a0-4201-9449-de81d9f34999_se_missile.ttl_functional.owl,17755869,3724787,21480656
approximated_e3b94d04-7c87-49d5-bcb8-c1d2be6e1aad_ingObjects.owl_functional.owl,14544472,5643769,20188241
approximated_01f74aeb-1187-4a53-a22a-c1c2090aad52_Ice.rdf_functional.owl,11952929,3811950,15764879
approximated_aafab4a9-a3f2-4b35-903a-0c4e18f62ab8_raphicData.owl_functional.owl,27454448,6438428,33892876
approximated_310ab746-a1d3-4df5-ac56-39e32b776992_Informatica.rdf_functional.owl,44608199,3989796,48597995
approximated_1e958eda-7523-4a99-a4b9-9ff580a891e3_Bidet.rdf_functional.owl,28362902,4122296,32485198
approximated_ae693413-5af6-409d-b162-8f04782724d1_prSciModel.owl_functional.owl,206925243,208716791,415642034
approximated_029da1e2-d033-4a02-9b70-740b03a8511a_Salamander.rdf_functional.owl,62153134,3746137,65899271
9584f359-72cc-4c32-9560-36c5e4f405ba_asfanttbox.owl_functional.owl,226532631,347103629,573636260
approximated_9cd44199-c982-4abd-8fce-f9704e8e5672_Caviar.rdf_functional.owl,13333256,3805544,17138800
approximated_238c3531-2cf2-40fa-bd4f-8e891dad3e8f_Biological.owl_functional.owl,132662270,211870566,344532836
approximated_26eb572d-19c4-492c-b40b-46f3ad231d64_e.obo.PREVIOUS_functional.owl,370994696,949256210,1320250906
approximated_2f353011-267e-484b-92a5-9491ba8956d6_Provolone.rdf_functional.owl,19045505,3780328,22825833
5a546266-6d7d-439e-b41c-aa9cc99350ef_protlabels.owl_functional.owl,414532035,994766987,1409299022
approximated_50cc5380-a4a1-4d55-9e54-9e7753d4b53c_Powidl.rdf_functional.owl,14078559,6780868,20859427
approximated_5b6f800b-746a-4ac7-8521-89daee0ddea9_stmas_cake.rdf_functional.owl,15406694,3603263,19009957
approximated_8af409af-7d64-4e38-8335-e8c93c4c0c1b_ka.owl_functional.owl,12993248,8319630,21312878
approximated_0805c492-a3fa-41e6-b667-9968da4d9e3f_iridlcfds.owl_functional.owl,48107587,16200710,64308297
approximated_596306c9-02e6-47f4-80ab-ae06fbe67c18_d_restorer.ttl_functional.owl,10568950,3595725,14164675
5af2c637-e44f-4d50-9ed9-4d808b97a4fc_0d.owlGene.owl_functional.owl,105643334,201198103,306841437
00148.owl_functional.owl,24042226,23130536,47172762
approximated_d0c3ffdc-cb62-4793-bfcf-861b39e9369d_ore_47_36i.owl_functional.owl,79796285,91037396,170833681
approximated_0432f8dc-1084-4d4e-99ee-0aa2881c8787_gfo.owl_functional.owl,18150409,7729381,25879790
approximated_58454d3b-5616-4c00-9752-eb280af7fbf5_a_slovakia.owl_functional.owl,586555338,85447234,672002572
5f77b4a0-54b7-4abd-b9b8-508747d351da_nbosimple.obo_functional.owl,106264667,42420089,148684756
approximated_106ee998-790d-412c-b0d9-baaa1524d185_ting_bench.rdf_functional.owl,76411805,3636632,80048437
approximated_56f4822e-1527-42e5-9445-449af8b499bb_Transformer.rdf_functional.owl,9675590,3682964,13358554
approximated_19c815e6-3edc-4e5a-a0ec-85d911eac3e5_Squeegee.rdf_functional.owl,10996055,3761235,14757290
approximated_00452.owl_functional.owl,143900208,366043668,509943876
approximated_kb-owl-syntax-unraveled-depth-3-km-relevant-cardinalities-disjointness-triggers-constant-classes-relation-axioms-value-classes.ofn_functional.owl,710739393,1469487747,2180227140
c4f1cea1-28fa-4fb1-808f-e3c992206988_Musical.owl_functional.owl,15109550,1768740,16878290
d0c6d3c4-7482-4ab7-9097-dba7f1ac5988_OID_import.owl_functional.owl,15533874,9075506,24609380
approximated_63c9e5c0-326b-4cb7-a595-d9a09feaaabc_aboutserf.owl_functional.owl,20425608,2441610,22867218
5ac96124-0a4b-49d1-9e08-b1420bf133b1_classified.obo_functional.owl,351399264,381234844,732634108
00787.owl_functional.owl,2173971506,2538875082,4712846588
approximated_00557.owl_functional.owl,802641828,1675226966,2477868794
0bfc3bd6-41f4-4d29-95fe-6e72a34ec3e4_visiaetype.owl_functional.owl,136316289,369028428,505344717
vsao.vertebrate-skeletal-anatomy-ontology.20.owl.xml_functional.owl,22027543,21565053,43592596
approximated_35610ba1-5dd3-433a-8215-bfc798f2ed17_virControl.owl_functional.owl,162038016,218435895,380473911
approximated_13fac6b3-58ea-431b-935c-ae0dfb614156_Intel_MCS51.ttl_functional.owl,14072048,3696391,17768439
approximated_f50232a4-9b85-4167-8745-b80c26d30ceb_dimension_functional.owl,19856356,9466689,29323045
approximated_1e907dab-c336-46d9-acae-bbd43f866294_Intel_MCS48.rdf_functional.owl,16447018,3824209,20271227
0b0a4e5b-d23f-43b7-8058-799c8125e251_rySample_pages_functional.owl,15681508,1098294,16779802
cf23def0-f91f-4a62-b8b5-69ed4e5f5015_t.obo.PREVIOUS_functional.owl,25944497,64099095,90043592
approximated_1b5edc8a-cab0-4f29-a46e-e903eb9ab8ed_fostech.owl_functional.owl,12404944,7906815,20311759
approximated_d02b10cc-cbaa-4ae4-a4db-e360948b3c10_enceSystem.owl_functional.owl,147340089,245244716,392584805
approximated_f7136359-42c0-4dff-9ab9-765fc3485371_ATC.owl_functional.owl,29958427,5598379,35556806
4ddc0693-5ab6-4e03-81b5-3f2fc8f0eb28_Crustacean.owl_functional.owl,17070448,1097015,18167463
approximated_815a3212-921e-4396-bef9-5e8066b47e5e_Flagstone.rdf_functional.owl,11836385,3788735,15625120
approximated_5f4d3c25-d578-4a17-b8d1-144b4434d54e_Kite.ttl_functional.owl,13664512,3603079,17267591
approximated_7210d05b-eda2-42ce-a852-e6b49b0c13c5_rvation_v1.owl_functional.owl,12794631,5275030,18069661
approximated_00470.owl_functional.owl,2601666033,12732168187,15333834220
approximated_2df77c3f-725a-4665-8311-b42fd585f359_Speedometer.rdf_functional.owl,18600200,4530545,23130745
approximated_e163ba09-61cb-4387-bd2e-01179a69f1a9_bibo.n3_functional.owl,17793595,5570237,23363832
approximated_d1c6647a-3fdc-4e7e-aab6-6b771681b2d9_mdatamodel.owl_functional.owl,18019382,7666969,25686351
approximated_kb-owl-syntax-unraveled-depth-1-cardinalities-disjointness-triggers-constant-classes-relation-axioms-value-classes.ofn_functional.owl,768858414,1763333644,2532192058
approximated_a1a521cb-b92f-4b6e-9835-d2942a72c999__President.rdf_functional.owl,51571107,3689660,55260767
approximated_f6c11f60-c840-4437-8655-a0c907bd7702_onto.rdf_functional.owl,17654876,5363296,23018172
approximated_da24a8b9-ea7c-4b8d-a219-31e1f6d7c918_Processing.owl_functional.owl,179293214,223098298,402391512
approximated_fd913c9d-dcc5-4068-a69e-8280e5b63479_2netcdfobj.owl_functional.owl,16371825,6270490,22642315
268594cb-c716-4229-99c2-40c21f76164b_classified.obo_functional.owl,36712349,72890381,109602730
approximated_04b652de-64ea-4deb-b959-53ae80e1564b_nterface_1.rdf_functional.owl,10080267,4034215,14114482
approximated_7bc84fee-e6ad-4c9c-b8ac-a2d7d74bdbdf_iaomain.owl_functional.owl,15665470,7485498,23150968
approximated_2069d761-32c0-4a79-bdb4-47dfb0036c73_example1.1.owl_functional.owl,28874907,8496422,37371329
approximated_d99f46df-a7bb-4106-ae64-bebba38d6f25_Seismicity.owl_functional.owl,141301254,212507347,353808601
approximated_a0b72ed5-8dd8-4df6-95a5-272f4c232d90_TFL10niso.owl_functional.owl,13958550,5053746,19012296
approximated_462300e3-c3f0-4acc-8938-e3ac613ce7b1_Capelin.rdf_functional.owl,12133636,3802956,15936592
approximated_9fa64197-8c1e-4369-a787-62cf9b7b0743__preserves.rdf_functional.owl,13050467,3663650,16714117
approximated_b63c9718-5e0f-4712-a913-de2073471df6_goplus.owl_functional.owl,2228361546,6506774789,8735136335
3a024afe-acce-4972-b4f9-f2878a8df4d0_NIFCell4.owl_functional.owl,16736045,12740065,29476110
approximated_7cebc46f-c7de-4671-b213-106c5f366003_White_bread.rdf_functional.owl,16107318,3747239,19854557
approximated_bof.biodiversity-ontology.2.owl.xml_functional.owl,28078778,14126858,42205636
approximated_a59d81cc-3a62-43a6-bf2a-c29fc7478265_sio.owl_functional.owl,135163889,94664116,229828005
approximated_70d4edaa-92fc-4c40-af38-1f39f431fc3f_idDynamics.owl_functional.owl,160060299,206223736,366284035
approximated_9a47e70a-46f7-43d6-8021-de22fbb4ff89_een_hammer.rdf_functional.owl,18046845,3716533,21763378
approximated_f9df910c-7467-40b2-a7ab-c2c8a6175193_Wine_color.ttl_functional.owl,16107742,3844689,19952431
approximated_c7f8dc63-8b09-43ba-8abe-4ecfab37c00c_Valve_oil.ttl_functional.owl,17032007,3949033,20981040
92b4097a-bcb4-4984-9b36-81e317e9b89d_po.obo_functional.owl,60272945,132547953,192820898
approximated_00476.owl_functional.owl,91298849,208527213,299826062
approximated_d076704b-54e4-4393-93eb-e3e49fce4774_opQuantity.owl_functional.owl,155431752,242973361,398405113
approximated_98cf5a99-c63f-46e0-969b-101960e30ecf_complex1.0.owl_functional.owl,16829824,8456635,25286459
c3ade7ef-3484-4b9c-b98f-52d4ce77848b_anio_rerio.owl_functional.owl,350692035,532355810,883047845
approximated_24a6543f-8cf7-4402-a4e3-740a73b72961_it_breaker.ttl_functional.owl,53609904,3768949,57378853
approximated_18e301bd-c6a5-41f9-8542-e01175cd154d_Musk.rdf_functional.owl,11186553,3595474,14782027
approximated_00762538-1bcd-42af-9c56-bb27a71c7a39_ucd_pos.owl_functional.owl,16015329,15188166,31203495
approximated_027ab871-4b28-4d1e-bcb0-2c3742d9b353_Kasseri.rdf_functional.owl,13448911,3679151,17128062
approximated_4d0b0494-34b7-4b4d-9c91-53161f953500_pleAndPets.owl_functional.owl,14440338,3745250,18185588
approximated_08083461-91eb-4eb6-bf8c-388cde2954ef_Table_saw.rdf_functional.owl,11078934,3700690,14779624
approximated_99986c5d-c501-438d-a40f-d2da2f167ed7_eFrequency.owl_functional.owl,135884776,207542883,343427659
approximated_90afb9ed-961f-4d58-8845-5e626e9c60ff_russiaC.owl_functional.owl,18464437,8615663,27080100
approximated_afad60ce-2326-429e-81c5-ca55842c39c3_entication.owl_functional.owl,14857703,9276910,24134613
00177.owl_functional.owl,43268544,23845680,67114224
approximated_bdd10a5f-08ac-44e2-b828-a47bf2667d7f_Candy_cane.ttl_functional.owl,15785168,3783574,19568742
97f09d64-e36c-4175-bd00-c6f400535a3d_slim_yeast.obo_functional.owl,23642826,13492992,37135818
approximated_802f0e98-2591-4f4b-8f72-cb1d839e40b8_PaulFisher.rdf_functional.owl,11792499,2900996,14693495
approximated_8c47dc01-94fa-4e70-830e-c133b7f1b847_personale.owl_functional.owl,20968373,10508917,31477290
approximated_2b321d19-3909-4e14-bb2f-6c0404a3b5a8_ny_lobster.ttl_functional.owl,12739419,3620453,16359872
approximated_00104.owl_functional.owl,75447121,66125269,141572390
approximated_9af2b577-d766-46db-9569-eafc4bbe6f7f_SensoComune.owl_functional.owl,12418540,4627558,17046098
approximated_101e22b2-1bc4-4893-be05-413b83e3a2f7_Halva.rdf_functional.owl,13669238,3798491,17467729
approximated_2071f048-a776-425d-8240-30f02c14ae0f_mergedtbox.owl_functional.owl,1167020078,3298857660,4465877738
approximated_5abee09f-ccc4-4555-8628-878e575d68d9_erOntology.owl_functional.owl,20064888,6243329,26308217
approximated_08db27e2-ad96-4553-a476-473743cd766e_230onto.rdf_functional.owl,13218434,4318174,17536608
approximated_217add98-3f83-4b12-a6b3-6dce4d5b94cf_Love_Hearts.ttl_functional.owl,12981459,3942025,16923484
95c913f1-b961-4bee-85c5-6579e4904fdc_NIFQuality.owl_functional.owl,15106785,6271026,21377811
approximated_6fa27e9a-6801-4cfd-9f07-6a2416657e74_cdk.owl_functional.owl,33041023,51692327,84733350
approximated_b2cd1a83-477c-4c6b-9107-35d2a58e2b08_Montasio.rdf_functional.owl,14931670,3750171,18681841
approximated_590d0afe-c660-47ef-8950-b0a2c1159cd1_Cement.rdf_functional.owl,14394240,3755344,18149584
approximated_94ad6e1b-5bb8-4dad-8aae-3ca5664b8e4b_ster_bread.ttl_functional.owl,16258947,3725659,19984606
approximated_2ef68cf6-ed2e-4767-93e5-4adae6dace47_Jig_borer.ttl_functional.owl,21543887,6655777,28199664
approximated_0ccf8e8d-23db-495b-a2b5-bcb2c31d546c_movie.owl_functional.owl,15370371,2510353,17880724
4e6e16eb-8469-44d3-bcff-8adce2b99495_i.obo.PREVIOUS_functional.owl,217268438,123609650,340878088
approximated_da802573-e7e8-4cf0-b64e-2a2e4d24c09f_Torch.rdf_functional.owl,16474396,3752906,20227302
approximated_603edd87-ffe0-4d9a-98a1-638bc81c6de4_Horsebread.rdf_functional.owl,13713826,3915348,17629174
approximated_50265ad9-064e-4fb3-9059-d475bc7369f7_Thunnus.rdf_functional.owl,14892674,3632218,18524892
approximated_kb-owl-syntax-unraveled-depth-2-cardinalities-constant-classes-value-classes.ofn_functional.owl,434584706,1075246863,1509831569
approximated_2ce40108-030a-46b1-986d-663f0af52f90_Moresca.ttl_functional.owl,17048697,3797514,20846211
549dd079-32d8-4fb5-9102-7821da83b74f_DCD100.rdf_functional.owl,386681925,500674035,887355960
approximated_6af1bc35-b7e1-4fd3-96ab-bf6e04b1cd2f_Bigeye_tuna.ttl_functional.owl,11956896,4077998,16034894
approximated_0aa095fd-866d-4866-b0b2-4115d687deb2_nlop_valve.ttl_functional.owl,15522796,3643205,19166001
approximated_5106a42a-1d1a-4311-97a3-7017a9a4fd20_logyrdfxml.owl_functional.owl,14325978,4601827,18927805
approximated_fb75cc9c-11b0-40d1-bceb-f3395b82dafd_esg.owl_functional.owl,90343195,13859451,104202646
approximated_7ae1eceb-a85d-4883-bdad-d384cee530a8_Quesillo.rdf_functional.owl,11063522,3740738,14804260
approximated_ad25493e-5020-4eb5-bc3a-815120cd1046_Blaa.ttl_functional.owl,15215435,3579518,18794953
approximated_ce8f4c94-c83a-4ab4-97f3-b4460c0f550a_Grounding.owl_functional.owl,18246701,6731345,24978046
approximated_0321ae14-3a1e-43d9-9f39-5c28b78938b5_Dubnium.ttl_functional.owl,14875482,3775795,18651277
1afd4727-f67e-44b7-a957-6ba2f17b90c1_Hospital.owl_functional.owl,15969550,2082712,18052262
approximated_53f7b772-aa52-44f2-b0b8-b8d098d43fec_n_phenotype_xp_functional.owl,401850048,977835284,1379685332
approximated_00386.owl_functional.owl,661782657,1943538307,2605320964
approximated_713157b8-7b42-49f0-ac0a-9324da337943_Intel_80386.ttl_functional.owl,18964881,3729510,22694391
approximated_e589a49e-acb1-44d0-8860-9472a1c7a2fe_enAtmoWind.owl_functional.owl,140908151,245540622,386448773
approximated_3e3e226c-4953-485c-a92b-b8f3469cb14d_Copra.ttl_functional.owl,16720581,3607814,20328395
efb640f7-d695-4f43-9f88-58681f51947f_Legislature.owl_functional.owl,11810475,1216821,13027296
approximated_2fd0eaef-81c1-498a-8486-3c5f161e1205_btl2.owl_functional.owl,10827343,3626172,14453515
approximated_3e3ff84d-380f-4c44-b84c-c10267eaa3b0_FMolecule2.owl_functional.owl,374336286,764893073,1139229359
approximated_363c4e2a-5f18-46d3-abc5-11b6c317180b_som.owl_functional.owl,39712584,10031639,49744223
approximated_fdfa32dd-7fbf-414f-b236-856dcbca85b6_complex1.0.owl_functional.owl,12311107,6270889,18581996
approximated_1e4ed76a-e564-4dcc-9dc3-7241793e7d86_Balisto.ttl_functional.owl,15180700,3662526,18843226
f19593c7-6949-462e-b044-5c10bd2e51d7_onto.rdf_functional.owl,21799131,3505438,25304569
d2ead1db-7750-4183-850b-44fb1d70e85b_psimi.owl2_functional.owl,43649649,100566803,144216452
approximated_16382288-9d3e-418d-972a-a3ad296db399_AAO_functional.owl,54693033,128392498,183085531
approximated_44ddcb60-ad2f-4cb4-a2c1-9bde783e8bf7_Lemon_drop.rdf_functional.owl,17384087,3609193,20993280
approximated_b329befa-ad2b-45cf-b7ea-6c05846291b4_Joist.rdf_functional.owl,16574170,3702563,20276733
approximated_049ed51a-645e-44f0-ab79-8a9c046a2931_Process.owl_functional.owl,11919894,5626411,17546305
approximated_imgt-ontology.immunogenetics-ontology.4.owl.xml_functional.owl,72004441,120288411,192292852
approximated_kb-owl-syntax-unraveled-depth-4-disjointness-triggers-constant-classes-value-classes.ofn_functional.owl,656162281,1436150941,2092313222
approximated_c17f5adb-832a-4341-8644-b9a8856188e5_relaTime.owl_functional.owl,142628663,268890505,411519168
approximated_00783.owl_functional.owl,32492873,15599421,48092294
approximated_0253114e-7319-4466-a89b-4039fcf9b0c0_bila.owl_functional.owl,16065230,6472286,22537516
approximated_2f52b75f-fe0a-4a31-9ffd-603eb5f3cb0a_ter_coffee.rdf_functional.owl,11767291,3703981,15471272
d93180fb-186b-47e8-bb53-dafb7a45137e_y.obo.PREVIOUS_functional.owl,60135085,81862851,141997936
approximated_49be6fe8-8651-401f-999a-015d9131ccb8_na_symptom.owl_functional.owl,28828814,39677671,68506485
approximated_9453d545-392d-4576-992b-92a9059e7d40_nulo2.0.owl_functional.owl,10453302,4128920,14582222
approximated_1fd42b7b-6d5d-47ba-850e-ba4ce2803ba0_mappingMan.owl_functional.owl,97877470,11495728,109373198
approximated_kb-owl-syntax-coreference-IDs-triggers-constant-classes-relation-axioms-value-nominals.ofn_functional.owl,1105218343,1670460763,2775679106
approximated_2444d782-7c10-4f7f-95a6-aee244110f81_ny_galuska.ttl_functional.owl,13061960,3679227,16741187
5853f952-6e48-489d-b379-41d059f14f83_difications.n3_functional.owl,32451121,4477857,36928978
approximated_6ac35b9a-a6b8-4ae1-b321-4fcd42f1d176_relontor.owl_functional.owl,13347690,5676601,19024291
approximated_64624e03-8270-4da7-bcd1-8221bb007126_Skyr.rdf_functional.owl,10613111,3596066,14209177
eb1306d7-96bd-40dc-99cb-e8bde4517ea8_rieSchwC3A4che_functional.owl,16118203,784350,16902553
approximated_eco.evidence-codes-ontology.30.owl.xml_functional.owl,21134476,22175870,43310346
approximated_31e92e15-c020-4840-a59e-f9278822031c_Submersible.ttl_functional.owl,17162380,5576664,22739044
approximated_40d3d6b4-23de-42a1-be13-3a82129412b2_Compiler.rdf_functional.owl,18024859,3738025,21762884
approximated_d2ff4b85-8171-4aed-b36c-9eea96ee657f_bserv2codo.owl_functional.owl,28237133,18963339,47200472
approximated_135073b5-bd06-4adc-93cd-7c6cdea6f179_Foot_plough.rdf_functional.owl,16871284,6069050,22940334
approximated_2a0bf7a9-a99e-46e6-a715-2583ec9294c4_phenHydro.owl_functional.owl,133004632,211690133,344694765
approximated_0d2971d5-5c22-4db7-b53f-3995a07cbed7_basicplan.owl_functional.owl,12245387,4038411,16283798
approximated_59216815-ca0d-47c5-a0bb-a4d7e2343d1d_biotopcore.owl_functional.owl,21030062,18573422,39603484
a770643a-3a33-4581-b206-24df36f501de_sepsimple.owl_functional.owl,15068697,9853617,24922314
ordo.orphanet-rare-disease-ontology.4.owl.xml_functional.owl,969263173,2317741280,3287004453
95628c30-1531-4f71-aacf-ea8f51025b1c_DMEntities.owl_functional.owl,120285660,135285300,255570960
approximated_a86e3db3-c495-4992-b933-a09854743c7c_kalimashup.owl_functional.owl,64057443,32104316,96161759
approximated_1a383940-f47b-41f2-b035-0c4e9998e9eb_units.owl_functional.owl,12752485,1557556,14310041
approximated_064c348b-91e2-4345-8e50-b7f740645d84_SIO_000252_functional.owl,42985204,93841516,136826720
approximated_421ef9bf-ddf0-439f-84de-4fe386910d11_DAMOntology.owl_functional.owl,17635515,6715618,24351133
approximated_8bfe9fe6-3f1d-4f4a-aeac-43f34f91344e_Motorcycle.ttl_functional.owl,15846256,3702608,19548864
ffcd7609-f034-4a9f-8aa4-e47c98dd06c9_onto.rdf_functional.owl,18282836,966312,19249148
e31e4754-655e-48fa-83dc-6076b77b0c4d_us_functional.owl,17320388,3112734,20433122
approximated_3786efec-e5de-4f6a-adb4-5ff98da0008a_sin_cheese.ttl_functional.owl,12066338,4099778,16166116
approximated_8962f192-f74e-4097-8157-7a433de27411_pfmasubset.obo_functional.owl,107667519,173595556,281263075
approximated_0a1cbc1c-7d7b-4ba6-97f3-30473ae03a94_Red_Vines.rdf_functional.owl,13793429,3741253,17534682
approximated_kb-owl-syntax-unraveled-depth-0-km-relevant-cardinalities-disjointness-triggers.ofn_functional.owl,356448498,790030335,1146478833
approximated_kb-owl-syntax-unraveled-depth-2-disjointness-triggers.ofn_functional.owl,644502477,1416625422,2061127899
approximated_bcf72758-de46-45d7-89b9-e28d7e0c9b5b_ngontology.owl_functional.owl,18401523,5639865,24041388
approximated_03ffac5a-80d9-4dbd-98d6-4cccb0eaefa7_omv2codo.owl_functional.owl,27265294,19224631,46489925
approximated_a93eb6f6-c547-4728-b221-5eb34bd62bdc_ingRDB2RDF.owl_functional.owl,94949423,11124115,106073538
approximated_218b2b45-850e-4905-95fe-c72b97c2f5c4_tinstances.owl_functional.owl,26693916,33044068,59737984
approximated_47fb156d-ea03-4505-8982-f21fa848176e_Teleprinter.rdf_functional.owl,11834091,3768979,15603070
approximated_36e0985d-0f84-4051-91b0-a9fcbc5ef5d3_Wurstbrot.ttl_functional.owl,18797839,3734367,22532206
72a95ecd-8a2b-44fb-b747-99aab52a7167_emapmerged.owl_functional.owl,406124805,861325566,1267450371
approximated_405ed06c-dbd7-45e0-aa9b-9728ba84d5f2_classified.owl_functional.owl,5203062222,14323612342,19526674564
approximated_c64658e9-96f7-43fc-b47b-da2fa4f13a9d_reprMath.owl_functional.owl,143334757,211320566,354655323
approximated_f5084e5d-2777-42ff-9b6a-ee9d2a40402a_core.rdf_functional.owl,13803419,3054720,16858139
19dad552-98b6-4366-b90f-368b4b05299d_descriptor.owl_functional.owl,17211069,8439600,25650669
approximated_nifsubcell.neuroscience-information-framework-nif-subcellular-ontology.1.owl.xml_functional.owl,97805692,193154459,290960151
approximated_00758.owl_functional.owl,1426905747,3942601942,5369507689
approximated_b9dda14f-dcc5-4ef6-b004-5319e4384809_Manifest.rdf_functional.owl,21361347,3633737,24995084
approximated_18f5797b-fff5-46d8-996e-00d73f5ef981_Entity.owl_functional.owl,16964628,10268524,27233152
approximated_040bd77e-2602-4319-91b5-9e7f38e9717c_3_20124919.owl_functional.owl,184558024,101438100,285996124
0467fba4-c072-48bc-9c80-86db50415771_eo.owl_functional.owl,16394366,26214564,42608930
approximated_1831de91-c8fb-4d92-86ae-49766f64390f_eryContext.owl_functional.owl,22328913,8328773,30657686
approximated_293504a5-ccd2-41a3-b7c1-f40d93b7182b_Screw_Pump.rdf_functional.owl,12658211,3696470,16354681
approximated_9f86b682-0885-4083-89dc-55e367050ba3_compute.owl_functional.owl,17320405,7449764,24770169
approximated_c678494d-4383-43a5-b414-f1d0c212fc0b_pleRequest.owl_functional.owl,12177652,3758048,15935700
approximated_kb-owl-syntax-unraveled-depth-4-triggers-constant-classes-value-classes.ofn_functional.owl,395839057,888035269,1283874326
approximated_514b2b63-347a-4610-a6ed-c80595a68bab_Spezi.rdf_functional.owl,14055838,3901966,17957804
approximated_07b74350-b580-4676-a6b5-7cbae27cc058_onto.rdf_functional.owl,17632621,3788329,21420950
80fc854b-778d-4b4e-b711-326037255c97_nverzeichnis_Z_functional.owl,12160515,844086,13004601
approximated_92cd611e-1a32-4374-9a97-3170f09b3028_spl_functional.owl,15285237,9027851,24313088
approximated_8ec85442-57e3-4b22-9206-e64a243fcff1_ntOntology.owl_functional.owl,28078886,17600009,45678895
approximated_d909b981-0559-4105-9f84-e571416a1a05_imitive1.0.owl_functional.owl,16084359,5333410,21417769
approximated_kb-owl-syntax-unraveled-depth-0-disjointness-triggers-constant-classes-relation-axioms-value-nominals.ofn_functional.owl,427775738,903554710,1331330448
c571fc3f-01bf-421d-897b-037abfbd1ffb_ehdaa2edit.obo_functional.owl,449097615,697310848,1146408463
96b41228-bba8-4f6d-b83c-c52ea1e3eefb_go.obo_functional.owl,1992145037,4726188407,6718333444
approximated_87db0eb1-1fad-462f-91ec-7637b8a49d7b_Sage_Derby.ttl_functional.owl,15813507,3701661,19515168
approximated_dfbb09a7-cb20-43ce-842e-97e9a1e622a0_virControl.owl_functional.owl,139016414,227639592,366656006
approximated_354f82cb-1bb4-48d2-816e-def490eacfd6_compute.owl_functional.owl,16613406,7443169,24056575
approximated_2d59bafa-a0fe-4030-ab58-ece4ad3da455_esimplemap.owl_functional.owl,18321884,9290667,27612551
approximated_624d8884-8f5a-473e-8736-1fea35bc5b77_Hair_rig.rdf_functional.owl,14932055,3777869,18709924
approximated_b6b80757-e76a-4991-be81-1add2ef3740b_ecrm_110317.owl_functional.owl,18713336,21065623,39778959
approximated_e79c672e-2e98-4b42-9186-e346579f813a_cbimfs.owl_functional.owl,17192933,4113888,21306821
approximated_38dba8d2-3d9c-409f-b70d-5a1195cbdb7c_units.owl_functional.owl,12648563,6195404,18843967
approximated_kb-owl-syntax-coreference-IDs-triggers-constant-classes-value-nominals.ofn_functional.owl,599978720,1738502618,2338481338
approximated_9dfbeb83-a5df-4d98-9dc2-7a76d845ce07_anz_cheese.ttl_functional.owl,10361720,4454409,14816129
approximated_7b8dba84-3693-45fd-b8b4-3f9526867e09_NEC_V20.ttl_functional.owl,13676379,4165034,17841413
approximated_2b8d6c28-88ba-42e1-9a25-e181bfeae633_nter_punch.ttl_functional.owl,12115846,3918694,16034540
0a96c099-bca4-45f3-bc94-cda47e8f61f6_evelopment.obo_functional.owl,14266592,5393507,19660099
approximated_cab46e05-db24-418f-9351-11a6341f9835_trFacility.owl_functional.owl,138577026,245825092,384402118
approximated_f7cab057-e38c-476d-9850-9dca847c74f4_dbpedia.owl_functional.owl,55497674,87641357,143139031
50ca1d7a-c235-40fc-9ad8-a4231f4b3aaf_ebi_import.owl_functional.owl,478131219,682789373,1160920592
approximated_1c6a4af9-ac8a-4354-b401-5d7ee87e56af_Wheat.rdf_functional.owl,16739199,3781674,20520873
approximated_d0c046f2-b165-446c-af5b-797f3a740753_thSolution.owl_functional.owl,129520712,208226915,337747627
approximated_obiws.bioinformatics-web-service-ontology.2.owl.xml_functional.owl,20498210,22687440,43185650
approximated_08ff628a-d335-4502-a672-695be4f87603_Bergenost.rdf_functional.owl,15644114,4659763,20303877
35a744aa-8079-4491-8421-b5bf4b5171fc_unit.obo_functional.owl,17898248,19281221,37179469
approximated_1bd35f8a-f288-4333-9c56-be44d38fbe4d_Elephant.rdf_functional.owl,15292876,3630313,18923189
approximated_30332f15-86b6-401b-8527-4574c21f4c6d_Espresso.ttl_functional.owl,16589285,3679492,20268777
approximated_a35dc679-d6c9-48e8-ba4f-5b9138ec5af9_earquetipo.owl_functional.owl,19670657,18829583,38500240
approximated_c68fedfe-0267-404c-bc7c-ff77c03fab08_codarg.owl_functional.owl,14688474,6462014,21150488
approximated_8b62fc9a-5a0d-4a73-8a89-42d991803e7d_eable_iron.ttl_functional.owl,13084854,3645030,16729884
approximated_kb-owl-syntax-unraveled-depth-2-km-relevant-cardinalities-triggers-constant-classes-relation-axioms-value-nominals.ofn_functional.owl,485051641,971508302,1456559943
approximated_f91b8e5a-06f4-4dbe-9bb7-934158958122_virtual.owl_functional.owl,32021785,22233821,54255606
approximated_1241034b-a5e1-4c3a-81dd-2cb4eb8775ad_ndLandform.owl_functional.owl,77546878,139121640,216668518
approximated_2440d1e3-dd57-4a0a-96fb-bd4c582a9320_vsto.owl_functional.owl,21935875,17939586,39875461
approximated_5aafc0b3-0203-4ea0-b673-5ce3815eec23_Headlamp.rdf_functional.owl,12137373,3599411,15736784
approximated_kb-owl-syntax-unraveled-depth-2-triggers-constant-classes-value-classes.ofn_functional.owl,416653016,1016492360,1433145376
approximated_42e2b7aa-c73c-49c3-9fdf-4976b2461b5e_AA_battery.ttl_functional.owl,21628377,5669428,27297805
eaf5569e-69c5-4980-abcc-7ac5695816b2_ishRoyalty.owl_functional.owl,29897692,3310482,33208174
d0863f72-0ec4-4191-9eea-1ba3ef9c81f0_onto.rdf_functional.owl,15145448,3140778,18286226
approximated_59f45c14-0d4f-4af5-94cc-e7e837c853c1_ofntb.owl_functional.owl,15875170,4702336,20577506
approximated_obcs.ontology-of-biological-and-clinical-statistics.5.owl.xml_functional.owl,34720619,49315198,84035817
approximated_acb107c0-52b7-44d1-8fb1-19d68f86c01a_er_network.ttl_functional.owl,12806058,3856973,16663031
approximated_13e13197-2065-4e98-8062-a1dd355125c6_ne_roofing.rdf_functional.owl,13334098,3648701,16982799
approximated_4c4451a9-8df7-4d9b-a098-1b643d2ac234_onto.rdf_functional.owl,10804288,3933335,14737623
approximated_08e3c689-dc4b-4467-b507-66d477b85e7c_uding_daml.owl_functional.owl,20582707,6163344,26746051
approximated_549b9c23-a918-4916-be12-188c12efa044_Injera.ttl_functional.owl,14304511,3637517,17942028
approximated_47e92c63-15e1-4e84-a90e-0b4510e6ab07_onto.rdf_functional.owl,16817874,4989047,21806921
approximated_01732031-cfd0-4eef-b650-2e1262b7426d_Eel.rdf_functional.owl,10255637,3788844,14044481
approximated_75549c56-685e-448c-afe5-03755ad3217c_go.owl_functional.owl,1708348657,4743176788,6451525445
approximated_eeea106d-c741-4caf-b704-4e4bac24799a_xmp.owl_functional.owl,24551790,18780265,43332055
sep.sample-processing-and-separation-techniques-ontology.2.owl.xml_functional.owl,16596176,9115728,25711904
approximated_c0c197b4-5166-40c8-b8c4-ff8cc79d23c9_Seismicity.owl_functional.owl,132852942,212082303,344935245
approximated_8c4b2f53-65f0-4c9c-a519-d027acf42337_frbr.rdf_functional.owl,13167520,2630072,15797592
approximated_98cbec40-8cec-41cb-b347-c1c522b949e0_ndTectonic.owl_functional.owl,186049966,202139499,388189465
approximated_461668db-2ca4-4f56-8cd0-1399bb47eb9a_Childbirth.ttl_functional.owl,11674083,3938706,15612789
approximated_00605.owl_functional.owl,23191075,35654451,58845526
approximated_20ba7a96-eb12-4677-9069-3eb4dca6458a_nik_cheese.rdf_functional.owl,12601928,3617214,16219142
approximated_d825d858-b62c-4476-b847-b6a80ff35894_v1.rdf_functional.owl,10031128,4134943,14166071
approximated_297715ae-97b8-441c-a041-413102c51268_ic_methods.owl_functional.owl,30188512,47319977,77508489
d19f3654-e85b-4d6e-9aa7-c2236dce335c_cellular_1.owl_functional.owl,29027480,19576643,48604123
approximated_82597313-38cf-4eac-a1d2-9d3031d22eb3_Kirsch.rdf_functional.owl,15480902,3627285,19108187
approximated_kb-owl-syntax-unraveled-depth-0-disjointness-constant-classes-relation-axioms-value-nominals.ofn_functional.owl,425421667,907520081,1332941748
approximated_2dcb03a4-cd3f-4272-8430-5c6a7526a455_Butter_cake.ttl_functional.owl,77025421,3975129,81000550
approximated_fc178eb9-231f-4cd1-912b-044c9a097165_geolBasin.owl_functional.owl,85306748,131955620,217262368
approximated_f67ec889-9c06-4591-8b8f-3b8be5e31bf3_mo20101012.owl_functional.owl,86125686,4877340,91003026
approximated_1607d95c-2bde-46fb-be00-ba850f38d97e_01food.owl_functional.owl,31532025,5549775,37081800
c3c80e2d-3e7f-4485-8413-8772c122cb03_Album.owl_functional.owl,81533346,3020307,84553653
approximated_1d26a1b5-760e-4465-900f-4b705570fadc_ding_block.ttl_functional.owl,26480418,3715338,30195756
approximated_kb-owl-syntax-coreference-IDs-disjointness-triggers-constant-classes-relation-axioms-value-nominals.ofn_functional.owl,1254487119,2322611892,3577099011
approximated_1c8ffcd9-def5-44ca-8b8d-daa850c8af79_OuM.owl_functional.owl,27214433,12078386,39292819
approximated_c2a001e8-067a-4957-b247-7687f1861cbf_sudoku9i.owl_functional.owl,84058175,2188889,86247064
approximated_d81689be-219e-4384-ab52-bb804f7c511e_ysanddolls.owl_functional.owl,10664076,2020100,12684176
approximated_8e1743e9-25b4-4cad-8712-f900bb2f463f_web.owl_functional.owl,14228445,2326955,16555400
approximated_00013.owl_functional.owl,23523797,23721713,47245510
approximated_00275.owl_functional.owl,12439143,5443988,17883131
92c6b7fd-bff2-4fe9-9ef0-82085474a591_phenotype.owl2_functional.owl,185543397,549614033,735157430
approximated_d0b8b51f-0666-4e7d-88a3-e2247cdbdbf4_Hazelnut.ttl_functional.owl,72881228,3740048,76621276
approximated_0269c03e-4143-4b25-8639-1b14f9a88ebc_odore_SX64.ttl_functional.owl,27079396,3857718,30937114
approximated_11979774-ada1-4be0-9b8c-d6a242d35f92_an_cheeses.rdf_functional.owl,34488479,3635002,38123481
approximated_kb-owl-syntax-unraveled-depth-3-km-relevant-cardinalities-constant-classes-relation-axioms-value-classes.ofn_functional.owl,1017870147,970135802,1988005949
approximated_00451.owl_functional.owl,105829768,255320372,361150140
ff6f1956-4615-49f0-a3e5-68fcb4380b34_KategorieGalle_functional.owl,13684141,801377,14485518
approximated_62dced30-ab24-4745-869b-f0c4aef44c25_scriptions.owl_functional.owl,28822515,21401358,50223873
approximated_ea25461a-8958-4438-ae3e-d27d2ca77690_olTectonic.owl_functional.owl,137373902,210792302,348166204
approximated_f047e7e9-27d1-4b33-975b-938c82e04f8a_coddata.owl_functional.owl,13908314,7584053,21492367
approximated_0d2029f6-7690-4eca-ad6f-2a6260da91f2_Truck_tent.rdf_functional.owl,11590181,3825448,15415629
d56d19fb-adde-4057-b664-5cbf458d58bd_xon_import.owl_functional.owl,18261214,11384904,29646118
approximated_35189430-3469-4b1e-aa06-97127085b8ab_tingEntity.owl_functional.owl,16880635,11620759,28501394
approximated_d5bac22c-823c-4054-8e95-2e05fcf2c6d6_oegov.owl_functional.owl,16224959,6644820,22869779
approximated_2b213c3f-0faa-44df-848d-33c392091990_PaulFisher.rdf_functional.owl,21829099,4636794,26465893
approximated_5c2b7fb4-0c04-4f9b-a332-3d1f3466212d_presso_rub.ttl_functional.owl,14859709,7451340,22311049
approximated_8bd74e76-3dc0-4f6c-a9f7-2c0a5c9bf5e5_offerjob_functional.owl,101567861,48332604,149900465
approximated_2a037db0-d0b4-4a2d-b4ff-18d2035ab1bd_aminoacid.owl_functional.owl,20988946,11770117,32759063
approximated_22ab12ac-5ce3-4c84-85c8-5a1497f56b7f_ttky_diode.ttl_functional.owl,17104501,3739936,20844437
32f788ab-6277-42f8-9642-157fa0919bdd_o_ontology.owl_functional.owl,21264489,26197205,47461694
approximated_2d447f2e-44dd-4c3d-9c0a-c92bfeb8eaa0_nfessional.rdf_functional.owl,11590631,4243880,15834511
approximated_c0a25ce5-ba8a-467c-831b-791ecddbdd1e_SUMO.owl_functional.owl,684704365,430541315,1115245680
approximated_2061bf98-5943-42b8-a2bb-82ba88a51fc0_Mouse.rdf_functional.owl,15133038,4117520,19250558
approximated_8220a5c1-906a-489a-b7cd-9a4a5c03f643_Switch.rdf_functional.owl,17089312,3638330,20727642
approximated_00426.owl_functional.owl,1575090476,3750310395,5325400871
approximated_kb-owl-syntax-unraveled-depth-1-km-relevant-cardinalities-disjointness-constant-classes-value-nominals.ofn_functional.owl,731557011,1726894006,2458451017
approximated_kb-owl-syntax-unraveled-depth-3-km-relevant-cardinalities.ofn_functional.owl,364178562,892593747,1256772309
approximated_47c97bfc-65c0-4cc1-8577-9d62a7b18bfb_cobraont_functional.owl,10342133,4337163,14679296
approximated_16083e2b-b068-4b83-817d-18c78da59aad_phenAtmoSky.owl_functional.owl,133334543,213651776,346986319
approximated_51121304-fd21-49a9-9da4-71e7e44a0961_NEMO_vv2.98.owl_functional.owl,68537401,126484219,195021620
approximated_5ecb3ca0-051e-4731-85a6-dfb7939b426c_pochlorite.ttl_functional.owl,13229790,3814170,17043960
6060bd6f-0c1f-4386-974c-a04ea1e188f7_psimi.obo_functional.owl,42065395,103669873,145735268
approximated_194071fe-2647-424e-b75b-5b731e12df58_C_battery.rdf_functional.owl,11049962,4051071,15101033
approximated_e186d770-bbc6-470e-9f98-423f9c30fc40_SocialUnits.owl_functional.owl,29787376,26919736,56707112
approximated_00338.owl_functional.owl,15742904,6352834,22095738
approximated_125d0ac0-16a1-4cfe-9a75-20e64e826aae_SMOtop849c.owl_functional.owl,395305208,669614891,1064920099
approximated_28e5c35f-4c37-486e-aba9-8467335a4e4b_SMOtop1007.owl_functional.owl,729481204,900157629,1629638833
approximated_1b349638-ddb8-407b-897c-47f8302d4f2e_BioMeshTop3.owl_functional.owl,161880324,440573555,602453879
approximated_464b2051-1e16-4ab1-ba42-9decc86547e0_coddata_v1.owl_functional.owl,16566201,6076227,22642428
f22ea3c4-48f8-4d7e-a116-4db444c359fa_bi.obo.CURRENT_functional.owl,1494438013,3945285075,5439723088
approximated_fe09dc81-7b85-4594-8037-d8416d790ab2_Organism_1.owl_functional.owl,46572534,40458125,87030659
approximated_43aa0e99-1169-4efd-84c7-dc3b1c1f9192_mergedtbox.owl_functional.owl,5666857207,13528478177,19195335384
approximated_cec0cc2d-18ea-42ab-9ad3-48efcdb54197_culustaxon.owl_functional.owl,1107593875,2196346769,3303940644
approximated_00670.owl_functional.owl,336791489,698964761,1035756250
aae81bbe-6554-4286-a2e0-9fb74cb99609_onto.owl_functional.owl,11705690,4049273,15754963
approximated_9d2c09ec-4b6a-4f74-a878-879e0c4b421a_gwsg070612.owl_functional.owl,40969744,36733013,77702757
approximated_8924d677-7a71-4600-82b3-22a3422d5a8d_foodCR.rdf_functional.owl,24739176,20512401,45251577
approximated_50f2a2e2-063c-4045-af5a-c876ab24263d_Zeitgeist.ttl_functional.owl,14073981,3735073,17809054
approximated_hupson.human-physiology-simulation-ontology.1.owl.xml_functional.owl,92798262,189143767,281942029
a661cbf8-1d8e-4753-bac4-a6ee5a37f935_chebi.owl_functional.owl,355888802,905993503,1261882305
approximated_kb-owl-syntax-unraveled-depth-0-disjointness-triggers.ofn_functional.owl,369132123,794877302,1164009425
approximated_18e02ce2-58c2-4d3c-b85e-4546b832cdda_propTime.owl_functional.owl,189901008,204861669,394762677
approximated_7fcefc52-19de-4cb5-95d5-01508bf4d996_ebelkuchen.ttl_functional.owl,15404477,3722140,19126617
approximated_eff4881e-b670-4eb7-9924-1d9e2e3c031d_STOv2.owl_functional.owl,17092336,2907695,20000031
7e965cc4-c078-4e22-b3bf-f109fb9912bb_ubset_prok.obo_functional.owl,276941390,788470064,1065411454
approximated_b2b22791-0516-4855-a92a-77fbdf8e6866_Rouladen.ttl_functional.owl,13941124,3652350,17593474
approximated_438ed628-a630-49f6-9f84-caf2e337c71f_Clothing.ttl_functional.owl,41865143,4458190,46323333
approximated_bc06d291-864f-488c-adcd-58e90bdcf97d_trCompound.owl_functional.owl,249373736,253095763,502469499
00757.owl_functional.owl,41925153422,7.85973E+12,7.90166E+12
approximated_4e59e66c-e03c-452c-a72a-8ce36d5087c5_MFOEM.owl_functional.owl,30464987,51383569,81848556
approximated_e447595c-8c53-4b66-aa12-3ca1c0e7e0f5_ing_cutter.ttl_functional.owl,16705543,3687121,20392664
approximated_8a6fa3c5-2c89-4c5c-aa1b-eada03bb1ead_n_ontology.owl_functional.owl,111418832,126903763,238322595
approximated_00761.owl_functional.owl,430565321,963521285,1394086606
approximated_0b0227ba-ac56-4533-b3c6-e9263969cdd2_vHOG.owl_functional.owl,47799875,87861387,135661262
approximated_c3f5b505-4e57-4451-b56f-337c045b668a_gosimple.owl_functional.owl,1540339724,4393404174,5933743898
35ecb729-aba2-4be6-b883-e6df8334665f_entdiagram.rdf_functional.owl,12857394,2493257,15350651
approximated_58e3abb9-b296-49b7-ba7a-f1d18a50809f_g_mackerel.ttl_functional.owl,15980909,3828996,19809905
approximated_5232473a-9e68-40c7-a333-615f1530353d_eso_blanco.ttl_functional.owl,16547274,3826770,20374044
approximated_38d8c330-3e50-411b-b69a-19dc6d3c7f68_undOrganic.owl_functional.owl,33366490,42123328,75489818
approximated_fa6ab4fd-ed10-41d7-bf01-77adbea489ba_onto.rdf_functional.owl,9167537,5798877,14966414
72b9a133-5295-4d4e-86ca-f282ddd84718_cell.owl2_functional.owl,40705576,75392335,116097911
approximated_82365ea3-4fbb-4f4c-b1e3-0c5604f6d88a_oplweb_functional.owl,26463629,5973818,32437447
approximated_0ee26867-ddda-4388-ae25-4afb41355095_Profile.owl_functional.owl,22483400,9028999,31512399
approximated_094e650f-2c39-4385-b492-6afebcc6404f_Anthotyros.ttl_functional.owl,18767015,3851533,22618548
approximated_731e0244-2d3a-4361-b4dc-521969886d07_Feta.rdf_functional.owl,12683246,3857866,16541112
approximated_0a2c04d6-4881-48b1-b093-419e99f47614_laria_ontology_functional.owl,75352209,163334205,238686414
approximated_18eab475-a8de-4425-b334-c6961d081a8b_enotype_xp.obo_functional.owl,241547506,612867295,854414801
approximated_02fcb936-f6f1-4b54-9750-34920f0fbafa_ectroscope.rdf_functional.owl,16167364,4881551,21048915
approximated_324bf7a6-b3b2-4257-8ef2-bec8afd79d96_core_5.0.1.rdf_functional.owl,21536145,10555293,32091438
approximated_99379436-b00d-44d1-9824-5044c530a981_concept.owl_functional.owl,17555842,10971306,28527148
approximated_b8384a28-c733-4f11-861c-a212f794791b_kansei.owl_functional.owl,26406496,19193306,45599802
approximated_2f97cba1-9041-4521-b1d7-0c0ee195e88e_Bleed_screw.ttl_functional.owl,14706748,3753099,18459847
approximated_767eba58-77ba-4fcd-bacd-8969fad58d0e_cheminf.owl_functional.owl,25151176,26664818,51815994
xeo.xeml-environment-ontology.4.owl.xml_functional.owl,17585701,11320868,28906569
approximated_2c762e1a-6364-4ae3-8600-88b78825f388_aneurist1.0.owl_functional.owl,337669186,673382466,1011051652
approximated_ef5702ea-c932-4f9c-ae3e-af3c745c6ac5_Grater.ttl_functional.owl,12027595,3939689,15967284
approximated_28bc5628-d318-4ac1-a83d-9a685b1bbb75_content.owl_functional.owl,21282053,13274439,34556492
approximated_00174.owl_functional.owl,95027617,219069486,314097103
approximated_4e84f360-b747-4120-ab73-88908dab31f7_Cappuccino.ttl_functional.owl,17765140,3692642,21457782
approximated_8a6b5c8a-4b4a-4523-87be-0eef3c5f84a7_ionemodulo.owl_functional.owl,23705427,15781806,39487233
722e2c58-5ddf-4a07-9a87-b70dd23b8206_bcellular2.owl_functional.owl,25252348,19464938,44717286
approximated_00508.owl_functional.owl,16421029,12294315,28715344
approximated_kb-owl-syntax-unraveled-depth-4-cardinalities-constant-classes-value-nominals.ofn_functional.owl,377548346,934943902,1312492248
approximated_67bc887d-4476-4cb0-afd2-c3df9241dbbe_and_muller.ttl_functional.owl,15302846,3715342,19018188
approximated_93e9c6d2-59f2-4e4b-8d97-9ed749586b4b_ferjobinst.owl_functional.owl,136667899,56965214,193633113
0b23c217-9a9d-430a-84a5-b5420dcbbd10_hp.owl_functional.owl,235874311,712203874,948078185
approximated_kb-owl-syntax-unraveled-depth-3-cardinalities-triggers-relation-axioms.ofn_functional.owl,389106476,1041253874,1430360350
approximated_18d4f5ba-2e7d-45d3-b4d8-fc1b19960938_esg.owl_functional.owl,16457319,9929293,26386612
6b9ba4bf-087a-42a4-ad60-70b7ee9c1655_Automobile.owl_functional.owl,15531492,1881212,17412704
e21d5a1f-af46-4f82-8ddd-5377a02771c0_er_anatomy.owl_functional.owl,92908758,40829436,133738194
approximated_141e6559-dc51-400d-9842-4c0e0bc637d0_trFacility.owl_functional.owl,136453945,227967242,364421187
approximated_5ab3806b-35d4-460a-b1eb-5f87cc9ba2ef_figure8.owl_functional.owl,23818482,19087524,42906006
approximated_f81dd373-823a-4700-b1ae-91538cdbe055_onto.owl_functional.owl,11854307,4424451,16278758
approximated_257db575-e089-4834-911e-216feeab51cc_OCC1.owl_functional.owl,467266887,233117194,700384081
approximated_cdaae613-ae8d-4ac7-99de-ab24b986b204_Devices.owl_functional.owl,16709435,16507920,33217355
approximated_propreo.proteomics-data-and-process-provenance-ontology.1.owl.xml_functional.owl,24694200,24216126,48910326
approximated_2cb31d82-d735-4bfb-94a3-025adba5e916_m_computer.rdf_functional.owl,11799616,3890370,15689986
approximated_b51719cc-4ab8-4d12-8021-40d5a1070d5b_ng_machine.ttl_functional.owl,14640560,3678696,18319256
approximated_2667228b-07e0-4326-9b7c-d64880724fc9_Bunker_gear.rdf_functional.owl,15131390,3756893,18888283
0d3fa3e5-3e0f-4e64-81e2-ce5ec4d5f7a8_po_anatomy.obo_functional.owl,33316884,65527604,98844488
approximated_36405846-de80-4aea-bebb-668adcd9e54a_Plough.ttl_functional.owl,17374227,3790133,21164360
approximated_49d556b2-7dd4-4ffd-b060-dcd5da4d8a28_onto.rdf_functional.owl,11078533,4774393,15852926
approximated_kb-owl-syntax-unraveled-depth-2-constant-classes-value-classes.ofn_functional.owl,422811506,1019385223,1442196729
approximated_08c9b0ff-3006-4961-b311-10f16f30576e_DC_CL_functional.owl,29586629,26675011,56261640
approximated_dcec4d8f-7c1c-4bcc-bca7-7007854b74db_eLegal_v72.owl_functional.owl,25115807,18820946,43936753
approximated_0e3cd458-420f-4dfb-88f7-06dfcfa12805_lusuniprot.owl_functional.owl,92758554,142679458,235438012
approximated_3a6a4342-a624-4ab6-8901-a64f4be0eeec__furniture.ttl_functional.owl,10429879,4086227,14516106
963efac2-c2b8-49aa-8ae6-90c521869312_d.obo.PREVIOUS_functional.owl,58992928,160601426,219594354
70ad3cbe-33c7-42cd-a2ce-e7708f389320_quality.owl_functional.owl,21288186,32847311,54135497
approximated_83015321-b21b-4b61-b777-8229e7e339c5_Oatmeal.rdf_functional.owl,9333786,3849707,13183493
approximated_4561c0e8-3c05-46c0-961f-b02e8ff59994_AirProcess.owl_functional.owl,11063011,6922581,17985592
approximated_5c9d914a-2632-4ac2-b7d4-00400eef8495_d_beverage.ttl_functional.owl,9969598,3783768,13753366
approximated_f8e1d7f3-005c-4b9d-9b17-2e4a0f2105c1_vation_v12.owl_functional.owl,17789620,5990733,23780353
approximated_kb-owl-syntax-unraveled-depth-4-km-relevant-cardinalities-triggers-constant-classes-relation-axioms-value-classes.ofn_functional.owl,362128365,959627175,1321755540
approximated_0f977442-008d-4c1b-a0fc-bcb4e8e360f2_sadi.owl_functional.owl,27300601,45363123,72663724
bae07763-7a90-45fb-b07a-e9d33ea8a9d5_alCompound.owl_functional.owl,12678860,1892733,14571593
approximated_kb-owl-syntax-unraveled-depth-4-cardinalities-triggers-relation-axioms.ofn_functional.owl,368046916,914565812,1282612728
approximated_75714e9a-2962-4466-8377-5ceaad9662c7_VAST2009.owl_functional.owl,841052280,77587367,918639647
approximated_5ba8d87c-f3cc-48d2-9f42-22fbec46e048_BBC_Micro.rdf_functional.owl,15914186,3855743,19769929
approximated_e9224feb-c525-4f9f-843b-86303568f33a_Provenance.owl_functional.owl,140318920,248011813,388330733
approximated_00684.owl_functional.owl,1456902184,4066003055,5522905239
a32cafaf-a046-4403-bac3-f8b3ddab1d94_Convention.owl_functional.owl,17348480,1194989,18543469
approximated_eb8bfa42-a0ca-4977-a58f-739c3c3d96ef_people_functional.owl,17124495,3969885,21094380
approximated_4105bf30-8f37-4a8e-a98f-29c9c3145577_anFunction.owl_functional.owl,135961374,218055632,354017006
approximated_0f50cfb0-4be7-4239-8816-b5e06f63beb7_erativeOCL.owl_functional.owl,18912558,18155085,37067643
333eaf81-44d3-4f33-a2f1-b3646a0e4465_entmaproom.owl_functional.owl,17137621,4363354,21500975
approximated_8cb54cae-03a9-4d96-bdf1-dafbe3ac53ae_ent_system.rdf_functional.owl,10344952,3749678,14094630
approximated_1e853690-cdd7-4157-bef9-04a05aedac1e__component.ttl_functional.owl,18370608,5417630,23788238
0cf8ba95-e455-4d4a-b072-334f1788adba_pw.owl_functional.owl,39450770,94327131,133777901
49b0c632-cad2-4b7d-b85a-9a21c42a936a_MPEG7RoleCS.owl_functional.owl,17925099,1742920,19668019
approximated_d2290a5b-e1bc-4455-86ff-38dd19179b81_resistance.owl_functional.owl,92820916,224764116,317585032
approximated_00157.owl_functional.owl,16617639,21077660,37695299
419e8422-f608-478b-9ce7-f551abb20172_sgenechrom.owl_functional.owl,1783170017,3136328340,4919498357
620512e2-4737-4716-8dd7-2c86d76a71e3_Monarch.owl_functional.owl,60724066,1962406,62686472
approximated_1e8a0b7f-fb20-49fd-930f-fa8fe0f75341_topOnly633.owl_functional.owl,411690816,409600636,821291452
919ea0da-40f6-4c20-af02-655f2afc2d97_ary_result.owl_functional.owl,17941464,13064807,31006271
approximated_kb-owl-syntax-coreference-IDs-disjointness-constant-classes-relation-axioms-value-nominals.ofn_functional.owl,1047236138,2173298454,3220534592
786a50a5-4c43-4c39-baea-044152d1f59c_i.obo.PREVIOUS_functional.owl,1670411695,3761811436,5432223131
approximated_207644b0-9bf7-4e7e-9e64-9b741e9fb0c0_Pump.rdf_functional.owl,10510052,4032669,14542721
approximated_3caa4f42-93f1-4fa4-a4ef-a9731f813298_ativePizza.owl_functional.owl,15245756,13376210,28621966
99d6af27-158d-45de-a04b-5876fb1eaafb_icalisexpr.owl_functional.owl,283603215,577209365,860812580
nbo.neuro-behavior-ontology.22.owl.xml_functional.owl,100666449,62706467,163372916
approximated_73ed4994-0e32-4322-9c50-6ad79e7ff6dd_dbpedia_3.6.owl_functional.owl,43390830,61540578,104931408
approximated_60f4f283-378a-4acb-b339-220cc1502f15_brownlink.rdf_functional.owl,29827449,58070421,87897870
approximated_b53dc62e-1684-4e2b-abfa-02029837d347_er_vehicle.ttl_functional.owl,15476116,3764015,19240131
ca5e2442-e865-406d-90e4-fbbbc4165dfc_unit.owl2_functional.owl,15351864,17919484,33271348
069be1c1-0d67-4042-8e3e-bbc9ec34a6f6_REX.obo_functional.owl,24673475,36826459,61499934
approximated_03b5ac86-3d27-4d68-b362-9cc707873f15_alto_flute.ttl_functional.owl,10488916,3916830,14405746
approximated_93e8396e-d9b7-4255-8682-139e873abf45_tePhysical.owl_functional.owl,130260198,212928158,343188356
approximated_4cfa7602-2d5b-4e24-ade1-447f9237fb36_ituary_ann.owl_functional.owl,5413429,3938909,9352338
approximated_2f425679-9fd6-4fa6-8564-b2c3801cff4b_Falsework.ttl_functional.owl,17036802,3837233,20874035
approximated_kb-owl-syntax-coreference-IDs-km-relevant-cardinalities-disjointness-triggers.ofn_functional.owl,1001594735,2071956280,3073551015
060d1a69-aeaa-4b91-996a-628b2efa9d60_ry_biology.owl_functional.owl,12940844,11621366,24562210
approximated_5053ee90-43ee-4a82-9631-f2de777dedfc_m_profiler.rdf_functional.owl,10459239,3640677,14099916
approximated_0420a9ee-9819-4692-8881-0b3587a7f23c_shing_gaff.ttl_functional.owl,16800173,3683776,20483949
approximated_2843a0b6-318a-4062-8e33-31cd37263a18_ning_dress.ttl_functional.owl,17820362,3651400,21471762
approximated_70d3deaa-a38a-4b73-b322-e4a1fe420626_PaulFisher.rdf_functional.owl,15255841,3126230,18382071
approximated_2886c605-9dfb-4cc2-9528-8b56dd528434_CMO_OWL.owl_functional.owl,70796400,132830519,203626919
approximated_kb-owl-syntax-unraveled-depth-0-cardinalities-constant-classes-relation-axioms-value-nominals.ofn_functional.owl,162517277,381424211,543941488
ftc-kb-full.owl_functional.owl,6646440352,8425719230,15072159582
approximated_cb519f87-d7b2-4532-89f1-81a3b83a8f64_stateStorm.owl_functional.owl,169175292,250909773,420085065
approximated_57be91a2-099e-4e9e-a069-4350afa41fa6___Koch_G36.rdf_functional.owl,21475364,3752736,25228100
f6c6ca7d-e3e1-4599-8723-b95455a489a1_nnotations.owl_functional.owl,4352123676,3693725106,8045848782
approximated_ec01baf3-26b9-4da9-b1c9-4f77418574cd_licyAction.owl_functional.owl,16225078,11343192,27568270
approximated_121d6fd7-bbc9-445f-9a8f-8590f38f67a9_204onto.rdf_functional.owl,17727140,5012847,22739987
approximated_2f7385a2-b872-4333-957b-e56199656700_se_cutlery.ttl_functional.owl,16804668,3786045,20590713
approximated_a14ca594-445b-4690-a0bb-e201cf5a6cc8_Roux.rdf_functional.owl,9982905,3783722,13766627
approximated_5a592145-b5e8-4097-94b2-e4ef8ab2d83d_prerelease.owl_functional.owl,358049100,977276257,1335325357
e11019ed-826a-4f58-8b3c-d269ed605ae0_tiveRegion.owl_functional.owl,18763773,3212314,21976087
approximated_7f1d2775-b44f-46a6-bae4-a3c94501ec4f_a4.owl_functional.owl,15403511,3484975,18888486
ff0af86c-5c71-4feb-9640-75e57d23283c_eJahresbericht_functional.owl,9381576,859063,10240639
af6c30b2-aacb-4f11-b5d4-9083056b2ee7_Person.owl_functional.owl,45059127,10274558,55333685
approximated_82e5a07b-61a6-463a-9a32-3c4a0bc2d542_rly_method.ttl_functional.owl,16729706,4416944,21146650
approximated_f2ceaeed-1718-4e88-a964-45c01ac582e4_gist.owl_functional.owl,12342550,114171200,126513750
approximated_kb-owl-syntax-unraveled-depth-2-cardinalities-triggers-constant-classes-value-classes.ofn_functional.owl,436887903,1091511897,1528399800
approximated_46239534-79e6-46e6-9882-f1a5e51089d8_aragliding.rdf_functional.owl,16955099,3842686,20797785
approximated_0410748c-0523-474b-9908-358d3eae6aa2_Ship.rdf_functional.owl,15643174,3724476,19367650
approximated_0efe53e6-5aeb-48f2-9bdb-f327961bb3ee_estigation.owl_functional.owl,29317907,33396366,62714273
approximated_b24fe108-afad-46a9-88b1-3e302f08a885_sta_filata.ttl_functional.owl,10451402,3832708,14284110
kb-owl-syntax-unraveled-depth-0-disjointness-constant-classes-value-classes.ofn_functional.owl,291928913,439091494,731020407
approximated_2406cc26-193c-4bdd-ae51-fb4fe94817d0_galen.owl_functional.owl,103170985,218767688,321938673
8fc0c4ef-62df-45b5-9279-61c923399044_59_dataset.owl_functional.owl,8483311,11477209,19960520
approximated_9aa92e56-1632-4840-a69c-b2d964779e0b_tui_functional.owl,24727142,23074675,47801817
approximated_kb-owl-syntax-unraveled-depth-4-cardinalities-relation-axioms.ofn_functional.owl,371780836,972591114,1344371950
approximated_csso.clinical-signs-and-symptoms-ontology.4.owl.xml_functional.owl,25316782,13454623,38771405
approximated_3452cf73-7380-42b7-ace8-709f013226a9_tal_sander.ttl_functional.owl,16526270,3924422,20450692
approximated_6e887318-576d-4087-8e26-95ff90071ecd_ization2.0.owl_functional.owl,34302951,18880819,53183770
approximated_8ade3ddc-a69a-490a-9a24-659d433ab508_animalsvh.owl_functional.owl,16516384,13629747,30146131
approximated_a5421b3b-842d-45d7-9469-fba481aacd12_oyotunji.owl_functional.owl,9088928,6245624,15334552
approximated_00471.owl_functional.owl,2748045863,7882261759,10630307622
approximated_977f2ffe-0d55-4f43-b346-2f3334de0e86_Scamorza.ttl_functional.owl,25415273,7434658,32849931
approximated_e172a9ca-90cb-415b-a124-1db5e4297a20_pronto.owl_functional.owl,17274560,3223232,20497792
approximated_87498e48-0067-4ccb-882a-d8271c39ae01_Indulgence.ttl_functional.owl,11964257,3685431,15649688
approximated_1c7b4176-1a6f-4e95-8de9-ae398898b553_ESG_test_4.owl_functional.owl,26740303,6088138,32828441
approximated_e53a3312-f717-413c-a89d-dabae2cbae01_nitf33onto.owl_functional.owl,14945991,6642031,21588022
approximated_ec61ef4c-c1f5-4940-941c-483a6d3fc635_tagenomics.owl_functional.owl,9979238,8223094,18202332
approximated_kb-owl-syntax-unraveled-depth-2-km-relevant-cardinalities-disjointness-triggers-relation-axioms.ofn_functional.owl,643517684,1530847001,2174364685
approximated_856feef8-156c-430a-b765-afd49a5a5ff3_logy_F_d_S.owl_functional.owl,75697900,8799860,84497760
7f760c77-b8d2-4569-85fd-28d38ad6980c_Ontology03.owl_functional.owl,44932469,68976024,113908493
approximated_85118ad1-e2fd-4152-aefd-7001748aa07e_tical_disc.ttl_functional.owl,15412709,3765116,19177825
approximated_48dae631-d55b-4656-8ad3-22529b21b272_xonomySlim.owl_functional.owl,70460606,150583377,221043983
3d43b159-556c-497b-8322-ef64ea176aab_e_ontology.obo_functional.owl,562715524,1626306077,2189021601
8e0d2136-859e-4bcf-a7f5-507cbfe8bd9b_NIFResource.owl_functional.owl,17081151,5152087,22233238
approximated_67d6cf53-01dd-4b8f-aed1-a2b0c52dbe17_ODRLDD11.owl_functional.owl,15843851,2418954,18262805
approximated_99c209c9-cc46-4412-9664-e9f7f4ceb43f_Pentium_D.ttl_functional.owl,12950560,3692029,16642589
approximated_kb-owl-syntax-unraveled-depth-2.ofn_functional.owl,388774703,1016865213,1405639916
approximated_55b6a1cd-6c34-47fa-b5bc-321255efe376_Lathe.ttl_functional.owl,12141008,3880098,16021106
approximated_4ef57947-ae49-49b2-96c8-7c4c012d0dde_Drink.rdf_functional.owl,15380521,3932423,19312944
approximated_364e78f8-fcdf-4af2-b38e-36d573c1d90c_ler_system.ttl_functional.owl,13059193,4009230,17068423
approximated_a01cc78a-7699-4f1e-9646-f77bd5a5a914_oLightning.owl_functional.owl,103143015,205985352,309128367
pw.pathway-ontology.40.owl.xml_functional.owl,37809742,95393856,133203598
b3773501-991f-490c-8f06-1b5bcd171b54_uosimple.owl_functional.owl,17419283,16803981,34223264
a60b293e-622d-44aa-b774-eb6bdd101fc4_hp.owl_functional.owl,240470784,714487748,954958532
e75cbfea-3d9f-4aa5-bfce-b4dbeb0a2073_phylobase.owl_functional.owl,30025652,36855071,66880723
approximated_c391c8ac-d921-4fa4-b0ed-d2a9a7a21db9_iaomain.owl_functional.owl,12236572,9265385,21501957
approximated_5e549751-f05d-4387-a7ea-53450404ed20_request.owl_functional.owl,14742313,7273457,22015770
approximated_322b5869-dd9a-4592-b17d-298efc78b745_maontrev12.owl_functional.owl,17634728,4827849,22462577
approximated_b88f534f-eb73-4843-b06f-dacde2fd1e5b_dinterests.owl_functional.owl,11876605,7949671,19826276
approximated_1b8f465b-f3db-4537-9499-5a1e9226ea99_rDataModel.owl_functional.owl,140053729,250131988,390185717
approximated_02e2b44c-fd7e-4c75-8786-7ba4d17a2d8a_mcomplexproton_functional.owl,18778092,15799943,34578035
approximated_2f842280-3d84-4142-9e61-fb88ca62ac33__test_data.owl_functional.owl,21458365,10984046,32442411
5f8c6211-341d-4797-aede-989d9490f3f9_Island.owl_functional.owl,22145479,2365229,24510708
approximated_007708ad-b3ae-40ff-b26d-6c047e01de32_ago_cheese.ttl_functional.owl,9227864,3906552,13134416
approximated_0a245aab-5c71-4483-abc7-5df16ae9c794_Bow_saw.rdf_functional.owl,12620405,3757996,16378401
approximated_d91078c6-d1dc-4ed2-a006-701a32db5118_Category21Main_functional.owl,12900390,3034846,15935236
cd185fbf-93c6-4e7a-9c9a-d6a66e2571c9_i_DAG_0_99.owl_functional.owl,119361456,292542426,411903882
approximated_707523b0-e3dd-4b2f-8537-4a5c51386e43_crime12.owl_functional.owl,19322055,9901419,29223474
00143.owl_functional.owl,36091735,6569834,42661569
59918a30-bba4-454a-9215-1607bd00a1d6_NIFCell.owl_functional.owl,17996547,13067258,31063805
approximated_ontodm-kdd.ontology-of-data-mining-investigations.1.owl.xml_functional.owl,23106732,25166996,48273728
dd01461e-0403-4bd7-8636-7eb6695ca443_rerioensfm.owl_functional.owl,703913979,1641636749,2345550728
approximated_5bc62128-99ed-477f-80d2-55a05399e113_logyDesign.owl_functional.owl,24674774,14948392,39623166
approximated_0095a4ac-dad3-4557-8b8f-3c4f503d757b_cicero.owl_functional.owl,19694347,15587924,35282271
approximated_e3494357-2015-4af3-823f-dedd28c0f8d0_ext.obo_functional.owl,706815898,1954708358,2661524256
approximated_48633198-35b7-4017-9484-ac6339fd2abd_Catfish.ttl_functional.owl,10706542,4151337,14857879
approximated_00004.owl_functional.owl,518862628,1305376858,1824239486
approximated_25bb3876-85ae-4acf-a689-16efdd07f3b5_al_Floater.ttl_functional.owl,71748200,3670777,75418977
approximated_b4884d02-8b09-4c5c-928b-4712d54dd237_newsiso8851.owl_functional.owl,49254279,12172399,61426678
4746fab4-a2ef-47c6-9f91-238eb8f9d70d_PokerPlayer.owl_functional.owl,93100793,1193005,94293798
066043ed-e67a-4576-86e5-6440bb9a3a7f_hpmerged.obo_functional.owl,316017770,673857770,989875540
913dac8a-5886-49c9-a52d-ad3f555189ab_baseball.rdfs_functional.owl,17070523,3534756,20605279
approximated_bd4d5895-ae30-4873-beb8-772034f71a79_relontomx.owl_functional.owl,13107364,7851701,20959065
approximated_9cd3187c-5e79-4804-9a90-4621b9c26783_onto.rdf_functional.owl,16152229,6177033,22329262
approximated_d7589036-61bf-467d-b87f-aaebf269a629_onto.rdf_functional.owl,13511196,5402979,18914175
approximated_b1b01a8a-54e5-4c65-b054-f7a00ffd6ea1_File_server.ttl_functional.owl,9135596,4506383,13641979
28091918-41d9-4324-b851-58e67f11c0e4_cycCore.rdf_functional.owl,17050053,5860414,22910467
3a5a6441-e022-4fd4-8c10-7affdd72d5a2_aeequivmod.owl_functional.owl,244441713,190151333,434593046
approximated_073633cd-f608-43ba-b95a-349cbf97d776_ng_machine.rdf_functional.owl,10511034,4088271,14599305
approximated_89588824-9d02-41eb-8d79-700486de174f_ndTectonic.owl_functional.owl,129559786,210560160,340119946
eab43388-f386-4674-8a1f-32a939c31031_tology.1_0.obo_functional.owl,1472948058,4324167601,5797115659
approximated_993550b2-9bc8-41db-a1d3-4113ae75cff6_esg.owl_functional.owl,31062716,7709982,38772698
approximated_9b22f7e3-a435-418a-8c14-f9c2e8bd8854_uted_bread.ttl_functional.owl,24246470,3895151,28141621
f8ed8e3a-a365-4a59-9c5f-2012a2479e61_tiorganism.obo_functional.owl,43954148,8687054,52641202
82371d49-38be-446f-a225-b68a549451a7_useprotege.owl_functional.owl,141942705,190033815,331976520
approximated_2a71abe2-4dcc-4e73-9892-c6109b4b087a_Thermostat.rdf_functional.owl,11714513,4114259,15828772
approximated_1c65961b-2d20-4bfe-9805-fe510d23c600_r_aircraft.ttl_functional.owl,11994914,4062946,16057860
approximated_2dde39b5-b301-4f88-a7f9-ab3af11e5201_Viola.ttl_functional.owl,18609001,3756100,22365101
approximated_9d02c423-7fe8-4fae-9462-bffc8919d467_kupocells.owl_functional.owl,26284725,39176100,65460825
31483baa-e021-47a1-8512-e615fda09b24_Skyscraper.owl_functional.owl,22828605,2120537,24949142
approximated_74eb6dfc-bcb7-4605-8324-1c2bc9552d58_logyBridge.owl_functional.owl,90401947,168429856,258831803
approximated_867880e6-06f4-4f06-90d8-0a9ffeac45f8_attachment.owl_functional.owl,21737091,13112388,34849479
approximated_fb840d56-48c6-4ecf-acd0-8cc4dfac433a_Cortado.ttl_functional.owl,12096128,3650876,15747004
approximated_3bed4c39-d3ee-4d01-ac0c-dd01bad12faa_geolVolcano.owl_functional.owl,108129451,222185790,330315241
approximated_cb2e3a3a-6f29-4253-93f8-57360cb3e75c_factbookont.owl_functional.owl,13592731,4610140,18202871
approximated_00729.owl_functional.owl,81518048,12876184,94394232
approximated_b8582ccf-26e8-4de5-896a-42693d707f5a_an_lobster.ttl_functional.owl,9259216,3668649,12927865
approximated_a177c424-79cc-4f45-9a69-60227bd32792_figure9.owl_functional.owl,22358319,22725864,45084183
45f17f4b-9134-42b6-979a-93b38a8e16c5_uo.obo_functional.owl,13696147,19577425,33273572
pathlex.anatomic-pathology-lexicon.5.owl.xml_functional.owl,52767310,90934307,143701617
approximated_34de217b-29e4-46c5-98e4-77b1ee9c5294_geCreation.owl_functional.owl,13369438,4460556,17829994
d1127e18-0534-4b44-8943-0bc38ea9ea82_vsao.obo_functional.owl,25401810,22339148,47740958
506a80fd-7d0e-484e-89d0-c7f7a6aa3131_o_anatomy.owl2_functional.owl,76966804,152921814,229888618
approximated_0ab16c7e-3651-4296-b288-ba7a17bfa1a5_am_compass.rdf_functional.owl,14069980,3798737,17868717
approximated_2726ea08-b0c4-4c41-89ca-12933acab21b_Beer_garden.ttl_functional.owl,17816831,3771893,21588724
approximated_1d65b477-35ac-43af-8a64-4e6b9c6d7499_swrcfoafmap.owl_functional.owl,10687774,5885479,16573253
approximated_16529e38-6942-4a32-9b31-8dd3acb95f4a_Roof.rdf_functional.owl,12879560,3740290,16619850
ef4bd609-955d-4aaa-97b5-783f205aec7d_enceDirect.owl_functional.owl,15581809,13700248,29282057
approximated_fc04e7a6-0b37-4f67-be82-9e0e1aafd324_cquisition.owl_functional.owl,50326459,74039332,124365791
approximated_6e9a1b9b-a826-40cc-bd68-10913cff6396_relaHuman.owl_functional.owl,149746067,249847325,399593392
approximated_d9464965-12a0-4bfa-9188-cd51bac3265a_wine.owl_functional.owl,33575040,16133138,49708178
approximated_85577949-5b07-426b-86d9-c7685eb2267e_map2serf.owl_functional.owl,25631089,8573175,34204264
approximated_4b1f3127-b2f0-4634-b880-87d5b7edbc55_Churchkey.ttl_functional.owl,16990892,3761388,20752280
5921b14f-8e74-4f58-a55b-f27dc59421a3_cutdowndemo.owl_functional.owl,15553035,6005572,21558607
3b4771ff-4697-4b92-8123-827d4a0593ea_taxonomy.owl_functional.owl,26643365,40019822,66663187
approximated_af41f828-c3cb-4a98-8f86-4aeba51ca231_biotoplite.owl_functional.owl,13601830,4702862,18304692
approximated_99f1ea08-8f73-47ba-b4ad-9b2e6d0e9c35_sumo.owl_functional.owl,23027608,24664368,47691976
approximated_5831bca3-f8b4-423d-9df7-194720757654_Spokeshave.ttl_functional.owl,15309976,3702440,19012416
approximated_c270e8ec-efae-4291-a054-22d56033fe33_Graviera.ttl_functional.owl,14848804,4732517,19581321
approximated_ad69ccc0-cf20-449f-bc3c-804e1a865a75_cipitation.owl_functional.owl,134982585,212009666,346992251
approximated_bd6756cb-0e29-483f-8f90-5b7c8e222629_trFacility.owl_functional.owl,156747936,220980542,377728478
approximated_715881b1-bfb6-439b-8008-94f02d6d9d6d_H_Ontology.owl_functional.owl,23741909,21793345,45535254
approximated_5c98ea3c-cde6-483d-abfb-6cdba65d5fe1_testDL0.owl_functional.owl,11626589,3998671,15625260
4c29ebb9-1cc6-4618-b719-0d02ed00d565_image.owl2_functional.owl,16837857,26406041,43243898
db1b155a-3636-48aa-b168-995597a37705_nsdisorder.obo_functional.owl,140518624,245981647,386500271
approximated_7f3b3dee-ad4f-41c5-a97f-160c6a302a04_propCharge.owl_functional.owl,138439461,248627358,387066819
00146.owl_functional.owl,37768938,38394468,76163406
approximated_7e2b2555-33b3-4d6e-9bf8-fa0510cd83d8_c_cylinder.rdf_functional.owl,14498498,4583911,19082409
approximated_43867c8b-c652-47a7-9a3f-905f65dea577_onto.rdf_functional.owl,16698824,3858569,20557393
approximated_94f200e5-39a6-41a2-a194-657d6a7bcaca_erimentv01.owl_functional.owl,16483899,1999658,18483557
approximated_00280.owl_functional.owl,15375739,13232317,28608056
approximated_05afe727-7c49-48c2-8c62-04dea9006fb4_onto.rdf_functional.owl,12919621,6143278,19062899
approximated_6e1c71fd-028a-434a-9f53-77007b636434_Dobos_torte.rdf_functional.owl,12198091,3962109,16160200
approximated_97a1125a-b5c1-4c3a-8f8d-ab39779bd9cb_onto.rdf_functional.owl,15764537,6428204,22192741
approximated_258b5324-03ea-4d39-ad97-b42d7542178e_essionsadi.owl_functional.owl,22584091,12614580,35198671
approximated_0125e16d-c262-4119-8187-97e1fedca8ba_taggerlink.rdf_functional.owl,32566355,65862598,98428953
approximated_00421.owl_functional.owl,41645751,71275091,112920842
approximated_bt.biotop-ontology.11.owl.xml_functional.owl,21751924,27892473,49644397
78eb25c3-2155-4b2f-ad09-b17e7193d4b3_classified.obo_functional.owl,219195350,619777564,838972914
approximated_020132a7-2158-4f12-9e6a-53a46588de81_propOrdinal.owl_functional.owl,143498006,249451435,392949441
f8dc794e-4a9a-41ef-a0b2-0624de508bd6_psimod.obo_functional.owl,37117664,93011140,130128804
approximated_44feba83-1022-4b4e-881a-0a317a7d1ff8_Calo_tester.rdf_functional.owl,15731584,3816958,19548542
approximated_3c2ba793-969c-4743-b9e2-c83ff45535ed_il_nailing.ttl_functional.owl,11308617,3820779,15129396
approximated_PREV_fhkb.owl_functional.owl,1212646772,69909616,1282556388
approximated_ed1e167c-0085-412e-8a28-c9dbd56e73da_dtn.owl_functional.owl,20590048,7969076,28559124
approximated_2e4b54b3-e85e-4e61-89be-a0a8d1df2ca2_Flounder.ttl_functional.owl,9630207,3830360,13460567
approximated_9f6db624-89d3-4ea3-8f0d-a39c4735fe02_temetazoan.obo_functional.owl,2407992784,6404570506,8812563290
approximated_e9e4e4f2-3190-4851-9a51-81178cb65808_onto.rdf_functional.owl,18082259,3921114,22003373
approximated_913d628f-23ff-4db8-b813-aea34fd30ae6_205onto.rdf_functional.owl,25802920,5226346,31029266
16fb729b-bcae-4b2d-beae-e39c77d014d7_bto.owl_functional.owl,153151232,361570096,514721328
approximated_f842d189-d305-4d3d-a1ec-dd69783ea3a7_PaulFisher.rdf_functional.owl,10245943,3661612,13907555
6b6301da-b431-4b5b-a003-371a0a2e36b5_sportSoccer.owl_functional.owl,16303646,9787447,26091093
approximated_4e70f119-38cb-4762-aae7-b588cfa028e0_Profile.owl_functional.owl,13456347,6520233,19976580
approximated_3ba04f4a-ab4a-4259-b271-9024abdde603_ge_scanner.ttl_functional.owl,9559595,3693390,13252985
approximated_1e45d683-4ad3-4543-8336-d9cf972469c8_tfmBJ1.owl_functional.owl,16415874,8485552,24901426
approximated_shr.student-health-record-ontology.2.owl.xml_functional.owl,17697653,18676098,36373751
approximated_2fba4f0d-9470-4520-9c53-8633840112ed_peoplepetsA.n3_functional.owl,16961460,3967291,20928751
approximated_26b683b2-aed6-4ed5-b982-c4f92f02c148_er_Melange.rdf_functional.owl,14739891,3798216,18538107
approximated_80e03fd8-6ba7-4706-a537-98ee0eb48712_ationship1.rdf_functional.owl,10580921,2671090,13252011
approximated_21d78713-f90f-483d-80c9-704fc60aa70a_Herring.rdf_functional.owl,12838165,3712471,16550636
approximated_kb-owl-syntax-unraveled-depth-4-disjointness.ofn_functional.owl,587848576,1342315394,1930163970
approximated_00457.owl_functional.owl,39207366,82108202,121315568
approximated_f78797a8-9d90-4034-9867-5783668c6589_nnarnafold.owl_functional.owl,14875785,8439903,23315688
tto.teleost-taxonomy-ontology.43.owl.xml_functional.owl,750803110,2226503909,2977307019
approximated_74566e69-049c-462a-b8b5-f77a924793d2_Soft_drink.ttl_functional.owl,12977201,5847986,18825187
approximated_44269c08-e18c-44ce-98d0-06d8b6d81383_Sickle.rdf_functional.owl,17287014,3745156,21032170
approximated_36146747-a3f3-4e68-917c-68b680422665_LiA_100413.rdf_functional.owl,20918531,40760210,61678741
approximated_43a49023-b18e-42fa-a901-405ee5552981_stateSpace.owl_functional.owl,135598448,216650249,352248697
78859238-49df-4849-8937-0ccea0678c03_atol_v6.owl_functional.owl,52754110,109430562,162184672
45e76ee3-e223-48af-a57e-9f01044f0056_s_DAG_0_99.owl_functional.owl,93677322,59587622,153264944
approximated_89f8198c-2d8e-4c5f-8a0c-d51ac042db86_thFunction.owl_functional.owl,268937443,221079462,490016905
13836b3b-4953-4a86-9bec-6055d10b89f8_r_anatomy.owl2_functional.owl,28977603,42632520,71610123
approximated_a0740509-ba63-46d7-b558-8d364d97ef54_Security.owl_functional.owl,31666960,40195393,71862353
approximated_800a2f9e-b794-4655-ae56-51abdaf00200_Enrollment.owl_functional.owl,19735204,5202020,24937224
approximated_a2178dbb-ffe0-46d9-a308-ce16fc90ffb3_a_reducida.owl_functional.owl,21854369,11416169,33270538
4d050029-b018-4425-b9b6-708e38473e06_qtag.owl_functional.owl,11484273,4129577,15613850
approximated_52088ff4-4639-498b-9c1c-2f7f8adc911f_phenSolid.owl_functional.owl,139016750,258671368,397688118
approximated_00283.owl_functional.owl,24247520,22260571,46508091
approximated_0aa8fa36-9a7d-47b6-b676-096c86918949_sing_valve.ttl_functional.owl,15239776,3961667,19201443
approximated_4ec198d8-6776-430f-9a18-ad6aec85e874_heat_bread.ttl_functional.owl,16389622,3671548,20061170
approximated_70a5bfd5-d208-4d51-a4d6-c394c22aba81_c_v4.2_DUL.owl_functional.owl,46040852,30728534,76769386
approximated_93ae159d-4b0f-4807-82ae-47f18b9a9148_food.owl_functional.owl,15713714,5741832,21455546
approximated_fb011d14-3491-41cd-b27c-f47ce8dc1f46_AOIMv1.0.n3_functional.owl,16564596,6451717,23016313
approximated_3b913059-e630-4275-be45-859984a1b7be_e_semantic.rdf_functional.owl,13602565,4198000,17800565
200f4b84-7fcd-4e57-8c14-526a44923aaa_onto.rdf_functional.owl,18449494,3422696,21872190
rs.rat-strain-ontology.45.owl.xml_functional.owl,89849581,269680443,359530024
approximated_6bc58984-bb12-4bc3-b993-67fe5f5b6e1c_smartknife.owl_functional.owl,229126081,37673752,266799833
9b10068b-0062-4308-9642-f2c99a1a0f43_fbbtsimple.obo_functional.owl,459129802,1129019043,1588148845
approximated_89e0323d-5107-4f86-ada8-be33c7b80daf_Biryani.rdf_functional.owl,13592692,3976554,17569246
approximated_2577736a-db03-46fc-9362-274e3af66718_propreo.obo_functional.owl,24834978,27560769,52395747
77303968-c497-4705-a6d0-8ffb03509be8_Drug.owl_functional.owl,18505792,1859042,20364834
approximated_d81f04a1-0ba6-4236-95eb-666773682ddf_zfa.owl_functional.owl,251461145,599780820,851241965
approximated_7f246da3-6de8-43c7-8c92-05e901fe656e_jo_fitting.ttl_functional.owl,17390725,3937286,21328011
6b4c2a4b-80db-4685-9977-7e50b9df957d_IDOMAL_02e.obo_functional.owl,64587927,129837934,194425861
approximated_40650fa1-5b1d-4edb-bbd7-6903d08a9ae1_Process.owl_functional.owl,16910708,8605110,25515818
approximated_9b90a4ea-bf06-443d-b2b0-9a610080b830_unitprimitive_functional.owl,12105723,5710122,17815845
approximated_fbb2ed4f-3c85-4ffe-8224-eb3311b7b3e0_ocChemical.owl_functional.owl,157528563,273885173,431413736
approximated_1c89563c-23ea-473c-b277-00bb599edae9_mo.rdf.bib.owl_functional.owl,76110603,5344374,81454977
approximated_0ad27e71-c295-409a-9383-ae174116b670_onto.rdf_functional.owl,72913030,5339110,78252140
approximated_dikb.drug-interaction-knowledge-base-ontology.3.owl.xml_functional.owl,79263811,12963088,92226899
8bf60247-7ca8-486e-b2c8-c4646a2d9aec_cell.owl_functional.owl,79197368,38574143,117771511
approximated_fdd29784-30c5-4b02-bd42-26356d581fbb_ns.owl_functional.owl,97488161,7470220,104958381
82b63bfa-2aa9-4a4a-ae70-1d03bf141919_vHOG.obo_functional.owl,119009059,100010092,219019151
approximated_00530.owl_functional.owl,203008058,577790927,780798985
approximated_47e885bb-7e8b-4dfd-8cd6-42eb3c6f3629_phenEnergy.owl_functional.owl,158528101,238904979,397433080
911b5189-69d6-459c-8fee-c5ef9e540079_xon_import.owl_functional.owl,38392046,24440157,62832203
80f4aa1b-ce18-4051-a9a0-9d0caa52c1ec_Ambassador.owl_functional.owl,17574748,1295347,18870095
approximated_00454.owl_functional.owl,17842614,20167669,38010283
approximated_00001.owl_functional.owl,142527206,248284603,390811809
351cfe6d-de9a-4cb6-830c-c2b4f4659c81_ys_anatomy.obo_functional.owl,19858865,14686769,34545634
approximated_02dfccba-f8d6-4418-84ed-1b02429c8867_wine.owl_functional.owl,23903033,8446602,32349635
approximated_0398a704-43f4-4261-86af-332d21931d1a_NIFFunction.owl_functional.owl,95597141,171615189,267212330
approximated_00568.owl_functional.owl,17922856,25292428,43215284
e5f51622-31dc-4cda-8079-b502440739c0_onto.rdf_functional.owl,10817837,3302650,14120487
approximated_207ef0d3-222d-4445-8615-0abb4e01d309_dqm.owl_functional.owl,12606880,6102643,18709523
1638797c-4dff-4260-86f5-155faa82bc58_Arachnid.owl_functional.owl,13903657,1261291,15164948
approximated_0720cdef-dd38-4518-a0a0-9c0d83f4a33b_laptopsfull.owl_functional.owl,156196389,41455093,197651482
approximated_1b1190fb-0297-4ccd-a39b-2036eec39617_LP_record.rdf_functional.owl,15027442,4020458,19047900
approximated_96248130-5080-4c48-9e0a-ad05964369d1_Sclerometer.rdf_functional.owl,9387455,3763913,13151368
approximated_kb-owl-syntax-unraveled-depth-2-km-relevant-cardinalities-disjointness-triggers-constant-classes-relation-axioms-value-classes.ofn_functional.owl,731281004,1679348483,2410629487
approximated_00012.owl_functional.owl,17108266,7486775,24595041
approximated_3526c76c-8b06-4281-9adc-db234451f844_hReadiness.owl_functional.owl,146142500,238593399,384735899
approximated_08a38946-3145-488b-a035-58fe2ba41d9b_oe1gov_functional.owl,16680904,14405898,31086802
approximated_7e0d6955-f1b3-4ac3-90ff-5d39157a8eb2_ekaw.owl_functional.owl,12829118,5646503,18475621
approximated_485f63db-3bc4-41a8-b51f-2a4981a2cd2f__Siciliano.ttl_functional.owl,14937517,7457375,22394892
approximated_01821301-2b82-4dbf-bfa4-997791190fab_onto.rdf_functional.owl,17423586,5110831,22534417
approximated_kb-owl-syntax-unraveled-depth-3-cardinalities-constant-classes-relation-axioms-value-nominals.ofn_functional.owl,440599192,1004474778,1445073970
approximated_8c700ad1-ef83-4d37-8e4b-350c71e923f5_iensmerged.owl_functional.owl,7639140745,3252515079,10891655824
approximated_0481853c-6d8b-4ecd-9b67-91617ef164fa_hardware.owl_functional.owl,14495268,3303124,17798392
approximated_8c193ee4-8997-4c9d-8289-4847f0d74a2f_Award_pin.ttl_functional.owl,16912231,3791878,20704109
965dbd44-0e39-4672-ace5-1951e9cac06c_hsapdv.obo_functional.owl,25328121,26406507,51734628
approximated_64f54448-77b0-4628-abfc-8b9e9adf3673_onto.rdf_functional.owl,12184211,4919081,17103292
approximated_5d1d2c09-0b85-4253-8a0b-cef63af3428b_PaulFisher.rdf_functional.owl,14365758,3071231,17436989
approximated_8764ebd0-d0e3-4192-8534-9e5b16246b9b_Dicing_saw.rdf_functional.owl,16572862,3719569,20292431
approximated_bdo.bone-dysplasia-ontology.9.owl.xml_functional.owl,349483676,968363647,1317847323
approximated_00668.owl_functional.owl,223568731,568483897,792052628
approximated_kb-owl-syntax-unraveled-depth-1-cardinalities-constant-classes-value-classes.ofn_functional.owl,476697149,1156654079,1633351228
77094653-1dd0-493a-9927-7e327ab26df1_phylo.owl_functional.owl,24547776,28326353,52874129
approximated_1c9890fe-c7bf-4798-9707-a7272a7c1451_tam_cheese.ttl_functional.owl,15141026,3812770,18953796
approximated_15d31dac-6369-4869-a2ea-4e3fd9904c75_ante_dress.ttl_functional.owl,12482844,3760786,16243630
approximated_f09572e1-eaaf-4166-a3ab-eb99cfc49d98_fullgalen.owl_functional.owl,1085345167,2973555694,4058900861
d59f8314-5bcb-410f-a1f5-d5cd2c741577_e.obo.PREVIOUS_functional.owl,221819287,539930287,761749574
approximated_kb-owl-syntax-unraveled-depth-3-km-relevant-cardinalities-disjointness-constant-classes-value-nominals.ofn_functional.owl,668812281,1456217081,2125029362
approximated_c2b30731-e14d-49d6-b7bb-fef81d6f1072_pr.obo_functional.owl,4184346173,8239774652,12424120825
approximated_dd4a4d46-e303-49b0-b4e2-112ea6bd0b73_Ulster_coat.rdf_functional.owl,23485300,6489022,29974322
approximated_kb-owl-syntax-unraveled-depth-4-triggers-constant-classes-relation-axioms-value-nominals.ofn_functional.owl,364443387,885273328,1249716715
approximated_ad8735f1-9e26-4942-aab8-21b056939a89__phenotype.owl_functional.owl,214334291,636715270,851049561
approximated_a771c9be-3886-4115-bfb1-0192e35d5cc4_PaulFisher.rdf_functional.owl,11751838,3231902,14983740
8759de03-a439-4c7c-917a-30179c86ef91_ato.obo_functional.owl,265981272,606755618,872736890
08691c7a-7b0a-4db8-b8d8-5cf046b5235e_envo.owl2_functional.owl,31849839,76611242,108461081
approximated_0a5cef49-2fd4-45d8-bfd0-d943f1753959_PaulFisher.rdf_functional.owl,11483116,3185525,14668641
approximated_03447898-b55c-4e02-a0f7-f5f2850ed51c_edElements.owl_functional.owl,15480358,6370751,21851109
approximated_31740a9c-e50a-4a5c-9bea-7ca470f4366a_dProtected.owl_functional.owl,135367018,218468325,353835343
approximated_33a979ce-fd5e-4af9-9ffb-f24e5602a053_sinfectant.rdf_functional.owl,13945056,3800651,17745707
435d8568-011f-4e58-b72e-79265d9f0a90_sgenechrom.owl_functional.owl,497486231,928806033,1426292264
approximated_00779.owl_functional.owl,1531935149,342879404,1874814553
approximated_3675e173-c489-42dc-95b7-a0e87fd1739c_le_II_Plus.rdf_functional.owl,8884353,4004795,12889148
995a8340-3ff3-428b-b533-8cc3acf882d4_AAO.obo_functional.owl,68465724,132765627,201231351
approximated_29e7922c-03aa-40f5-98b1-47a6dee3792a_efficiency.rdf_functional.owl,10422212,4278865,14701077
approximated_ooevv.ontology-of-experimental-variables-and-values.4.owl.xml_functional.owl,17796110,5658750,23454860
approximated_kb-owl-syntax-unraveled-depth-4-km-relevant-cardinalities-disjointness-constant-classes-value-nominals.ofn_functional.owl,630131102,1425366444,2055497546
approximated_4ad7e36a-71a8-40c1-badb-82b51e6a5022_User.owl_functional.owl,11894823,5767754,17662577
approximated_4387ac1a-1873-4af1-924b-61b5189fe622_on.owl.CURRENT_functional.owl,26851082,46100584,72951666
approximated_36d29a96-2161-4581-b805-cb34b999921b_noReggiano.ttl_functional.owl,86697334,3741852,90439186
approximated_0072ac62-ae30-4091-b6cb-c641c7da55f9_dasnetwork.owl_functional.owl,17958885,7641714,25600599
approximated_b0cb78a2-2be7-4432-97de-8b565b244bec_ng_drawing.rdf_functional.owl,71554517,3661502,75216019
approximated_4408fc1f-5ea2-4f6c-a47c-d22d11134928_fGene_OWLa.owl_functional.owl,13627526,4843383,18470909
approximated_8ca7b097-cb9c-47f7-940b-2e55d94dfb67_ionClasses.owl_functional.owl,14845694,11117623,25963317
f3de72ff-d63c-4426-bb4c-513f56898824_patomerged.obo_functional.owl,99628093,82787099,182415192
approximated_49f8aec9-bc8d-4ec0-8fc9-e0ec1a05e9e5_sta_cheese.rdf_functional.owl,89165542,3666552,92832094
approximated_b6abe8b8-5d63-4ff7-b2e4-fe179a7c4651_limateZone.owl_functional.owl,134094854,221680605,355775459
tgma.mosquito-gross-anatomy-ontology.9.owl.xml_functional.owl,75742100,147664461,223406561
approximated_940c4006-c77f-423c-82c9-f20b642fa4ab_knowrob.owl_functional.owl,39125294,55795198,94920492
approximated_bb4ca6fd-1d47-43e4-b670-5c1a6bba896b_Power_cord.rdf_functional.owl,13055582,3721706,16777288
3b275214-e0e8-4ab6-a27e-f500d7b3805b_chebi.obo_functional.owl,1065532085,2833092582,3898624667
544b554a-a9d6-48d1-85f2-1bbe3518256f_sterentrez.owl_functional.owl,775830712,405815182,1181645894
approximated_a2d0b4e0-492b-420f-9f7c-758c943089ea_ntegration.owl_functional.owl,55738413,6422726,62161139
08c18558-c391-4b1f-84c6-3631d00c948f_protlabels.owl_functional.owl,88682114,224916321,313598435
approximated_392d3406-cedd-46f4-93ac-23d70207553b_act_wrench.rdf_functional.owl,17130412,3751985,20882397
approximated_4cbf5a6a-e2db-4d09-bec1-6edd0edf6e19_example1.0.owl_functional.owl,18255970,7497512,25753482
approximated_3c5c7673-1ba8-4eec-abec-02737376e732_Itanium.ttl_functional.owl,11371743,4314243,15685986
approximated_kb-owl-syntax-unraveled-depth-2-cardinalities-triggers-constant-classes-relation-axioms-value-nominals.ofn_functional.owl,433904420,1071162975,1505067395
approximated_351b6a7e-8345-4625-a4a7-2468547ee698_Circle_hook.ttl_functional.owl,15246768,7741111,22987879
approximated_eb95c280-5524-4273-a9c6-12079ce1d2cb_estandards.owl_functional.owl,20043222,17757931,37801153
approximated_0096972e-ba44-4105-9a88-b590da2d65f4_d_gherkins.rdf_functional.owl,13638868,4084133,17723001
a6ecfabd-295e-4dfd-acbf-2167332f323a_gcmdscience.owl_functional.owl,39217766,56784071,96001837
approximated_fab9fd52-70d4-472a-8d19-49cff81bb55f_CogPO.owl_functional.owl,23470258,23062849,46533107
approximated_d7e4c6b8-da8d-455d-a1a5-ed17d7813fe5_ysfunction.owl_functional.owl,88476227,168123355,256599582
approximated_e0651152-4621-416d-92a6-59ab4896f0a0_clim.owl_functional.owl,71609721,129628674,201238395
approximated_3708fbbe-4bfc-4763-9ec5-34a36251f5dd_Chewing_gum.rdf_functional.owl,11212002,4041907,15253909
approximated_03d531b9-cc18-46d0-a3e5-b8769fe880b7_nboedit.owl_functional.owl,6188344743,14384153322,20572498065
approximated_43011215-7452-4ed5-bcfb-e529161b7bab__equipment.rdf_functional.owl,17479909,3752764,21232673
approximated_ed209b08-84f9-4741-a88d-aba4bc6b61fd_r3.rdf_functional.owl,17865248,9479670,27344918
approximated_kb-owl-syntax-coreference-IDs-cardinalities-disjointness-constant-classes-value-classes.ofn_functional.owl,903002557,2333918541,3236921098
approximated_0e41c258-3596-4176-ab6c-bb4a938475d9_SAO.owl_functional.owl,26757145,51408790,78165935
approximated_c0756f53-844e-4d63-8503-5f4e15be6cde_rusv07.10d.owl_functional.owl,3547202073,7171157942,10718360015
approximated_kb-owl-syntax-unraveled-depth-1-cardinalities-disjointness-constant-classes-value-nominals.ofn_functional.owl,757718611,1681500850,2439219461
approximated_26efa55e-2dd5-4628-9436-eef2b6a87447_nceProfile.owl_functional.owl,17204410,9158471,26362881
approximated_47473d2c-f8be-4f6a-b070-6207a15226b6_kupkb.owl_functional.owl,228220559,594428671,822649230
approximated_6c9fc61c-7848-4bd5-8b03-443e637346ea_nalistaxon.owl_functional.owl,450853095,796182118,1247035213
0dd5e9d2-68c4-41a3-8680-468d4d1cc699_cmosimple.obo_functional.owl,60646667,131179622,191826289
approximated_00cabe6e-0448-4d39-9764-949671bc9fb7_hire_sauce.rdf_functional.owl,14309517,3725225,18034742
859f46cb-84ec-4e25-8146-e97f25118e72_egoryNews_item_functional.owl,35880434,2807616,38688050
approximated_42bb76e8-f240-4c55-bfba-c69c711aa09a_properties.owl_functional.owl,61799606,94687033,156486639
approximated_36c9acaf-e608-4a77-970d-9066424b1dbe_ne.owl.nooneof_functional.owl,19596741,13114872,32711613
approximated_f6a8dc0e-71ce-4b3b-984b-5501e3a5b983_cfatt.owl_functional.owl,20725045,4228414,24953459
approximated_f2669fef-2edd-40b8-8a8d-207448a70329_sfb632.owl_functional.owl,14934349,7710887,22645236
approximated_6464cbc9-a1a1-4cf9-8148-00a4d96ff60a_Pie.rdf_functional.owl,21845075,3770746,25615821
approximated_e63ebb14-0c5d-44c3-a1f3-6c03727ae8b3_dataschema.owl_functional.owl,15712772,8316283,24029055
00832dbc-5333-479b-aec9-fc623d532af6_notype_xp.owl2_functional.owl,293414477,157770909,451185386
approximated_4e45d729-2c6d-403a-889d-f62ea81c6bbd_Redcurrant.ttl_functional.owl,8563789,4145875,12709664
approximated_50f07149-d2da-4c9a-b84b-98e4098ee165_Processing.owl_functional.owl,144812532,259569617,404382149
390e84d3-40c1-4acb-9d60-1a3febc74295_ritageSite.owl_functional.owl,15846248,2153955,18000203
approximated_640b91e0-6487-46eb-bd42-364566852cbf_biolHealth.owl_functional.owl,31656687,32350987,64007674
00ab0f05-e76c-463d-bfa9-79f4e2b9949f__reriotype.owl_functional.owl,647214608,1762014316,2409228924
approximated_daf939cc-93f1-4540-9ad4-7751c4360a18_image.owl_functional.owl,34235296,33613508,67848804
approximated_3be05580-0b69-43a6-95cf-eb9b3ead7b37_rve_tracer.ttl_functional.owl,10953422,3709533,14662955
approximated_7aac8dcd-5fa9-4204-8ac8-081082b7b684_Belt_sander.rdf_functional.owl,12582664,3891665,16474329
approximated_e9bd0003-e59e-4f38-af79-b966b9dddf62_se3_athome.rdf_functional.owl,18653507,4352490,23005997
approximated_2cdcb69f-5119-4c7b-adcd-63a41ccbf81d__ash_brick.rdf_functional.owl,15893519,3745305,19638824
approximated_0bee346d-07a0-4a86-9b48-0c3710a77d11_iridl2wms.owl_functional.owl,25379552,7145322,32524874
81f0e9e8-ae40-4496-9d8f-a60b6b5ee11f_Senator.owl_functional.owl,14918141,1098321,16016462
approximated_86d6299e-0891-46c8-b347-e6e51e3efb1f_trParticle.owl_functional.owl,135917552,212284597,348202149
407b3da6-8789-45c0-b20c-389e5c2952c8_hp.obo_functional.owl,233161807,702051792,935213599
approximated_0a7dde29-4766-4403-9844-d13f006d3a85_classified.owl_functional.owl,14339771,6845466,21185237
approximated_d1b312fb-0a50-41dc-8814-b788efef9a51_reprSpace.owl_functional.owl,131685028,213527437,345212465
approximated_00643.owl_functional.owl,19048760,22226335,41275095
approximated_f41d627c-b79e-4b64-a248-cb2001a83f39_listssnip4.ttl_functional.owl,18234607,22496444,40731051
approximated_0e4ba4ed-3741-4c0c-823a-33a1b3705701__computing.ttl_functional.owl,12515563,3912518,16428081
approximated_123e4972-3501-4005-9808-ed53e62f7596_Collection.rdf_functional.owl,8269751,1922978,10192729
approximated_9840aa90-bcd4-49c8-91f6-1114fe6ca072_dcs.owl_functional.owl,16498709,10855029,27353738
approximated_e39bd649-5918-4120-89a0-fe8523fdd987_procWave.owl_functional.owl,141669465,249648948,391318413
3316f171-44e6-4fe0-90e5-25e2a6307ce3_hpsimple.owl_functional.owl,233747502,724021987,957769489
approximated_03338838-146a-4994-b8b8-8f5026d4fc16_ir_clipper.rdf_functional.owl,10416114,4078612,14494726
approximated_de029e3b-c735-4f50-a6a3-ff919e6573ed_IOLite_v16.owl_functional.owl,23128162,16437125,39565287
c814bcb3-c078-4734-b3e4-a060944ec529_eKrankheiten_U_functional.owl,10730712,806817,11537529
approximated_a5705793-a7a6-4526-93a1-f314e4ca97cf_alismerged.owl_functional.owl,1693166578,4427111993,6120278571
approximated_84bc4a32-88d8-4a52-bc87-26c98d18b516_rish_Cream.ttl_functional.owl,98111509,3658519,101770028
approximated_69a563b2-ce9d-4241-b41e-1a589088bb2b_Jagdwurst.rdf_functional.owl,5908087,4120925,10029012
approximated_00034.owl_functional.owl,586454674,1239868091,1826322765
approximated_0e0efbdb-a249-480e-a640-f81602b448cb_Floppy_disk.rdf_functional.owl,17327635,3780459,21108094
approximated_26997104-2a25-4e55-b94c-2851c26f5daf_ossAnatomy.owl_functional.owl,46923777,86740962,133664739
approximated_29a9305f-82f7-4b0f-b7c4-c04bf2aef00d_int_roller.rdf_functional.owl,12477808,3987777,16465585
bfb52dc9-3c16-463f-acb8-681fe2e8939c_classified.owl_functional.owl,93211438,221593333,314804771
c9bb968e-453e-4b8e-afb1-73096d025904_vHOG.owl2_functional.owl,51425410,93095172,144520582
approximated_0d5d8f0b-ddec-4036-a5fb-3efd03c5dc2e_lPartForNS.owl_functional.owl,3370034854,12687981260,16058016114
approximated_40b32c95-47fd-4844-9c3b-a020c2ca204b_ire_cheese.rdf_functional.owl,10396459,4638511,15034970
approximated_900f388a-a0fd-4760-bf3e-f933c6de7293_progetti.owl_functional.owl,16821697,8550158,25371855
approximated_dc1753f4-1ffe-4eb9-bd74-29a6efec3eb2_FOSCoreGeo.owl_functional.owl,12398910,4443059,16841969
approximated_c7a8779c-9256-4e14-9e67-547c77067a75_yCombinatorics_functional.owl,11048645,1843457,12892102
approximated_8a0bb9c7-049f-4056-8aab-e5e8663390c9_Floorcloth.ttl_functional.owl,17720231,3698758,21418989
approximated_483a10fd-ce0f-4b0a-9aa5-d46d27f88b83_PaulFisher.rdf_functional.owl,11927928,3081425,15009353
9397681e-d7ba-4a3f-8758-d9da06328dc5_quality.obo_functional.owl,42508380,74562756,117071136
3930133b-4a41-489c-857e-9f9e6109745d_Model.owl_functional.owl,17344265,2637200,19981465
approximated_ba2d5a4d-9731-42c0-b9e0-85740949f2ba_timeExtent.owl_functional.owl,20410836,22134430,42545266
approximated_e0326e58-7287-4240-b48f-f049b2459fc4_eReduction.owl_functional.owl,136411138,221925363,358336501
approximated_860d4d92-00bf-4ce9-86fd-92846d722457_iaoall.owl_functional.owl,11451713,11842064,23293777
approximated_147ec3aa-f37a-46b4-b1ed-d030ed6b683d_mBiolBiome.owl_functional.owl,138529309,222530410,361059719
approximated_793ed858-5be3-41cd-ba83-694820a5975a_Reibekuchen.ttl_functional.owl,18876860,5226400,24103260
approximated_a8b3bd7f-3bd8-4177-a27a-d23ee10fadb3_ing_sinker.ttl_functional.owl,13507119,3843600,17350719
approximated_kb-owl-syntax-unraveled-depth-4-cardinalities-constant-classes-value-classes.ofn_functional.owl,395003181,936316587,1331319768
approximated_1b6732f1-f58c-4a7b-bfd2-2ead8c2da95d_onto.rdf_functional.owl,15263563,4937886,20201449
efd20f6c-bf75-4329-ae3d-46719338ee19__v2.0_Lite.rdf_functional.owl,58680258,9239569,67919827
approximated_453f75f7-2b94-4b9b-9ed1-3782a456204d_Jelly_bean.rdf_functional.owl,14113755,3694435,17808190
approximated_a946ca69-0948-4785-a673-2c325cb7f8f9_chemWater.owl_functional.owl,65988368,124348957,190337325
approximated_1a25f7d6-fee0-459e-bd9b-63d9dfc21da9_OExtension.owl_functional.owl,8679517,3502805,12182322
approximated_7b274a45-fa1d-48c2-b984-e665f232a857_tification.owl_functional.owl,15971599,5090177,21061776
approximated_90f6a9f6-41be-4830-b665-489742676c1a_Bean_bag.ttl_functional.owl,18182791,7837070,26019861
ab46896d-3168-44a0-9714-a38ff0fc01f8_onto.rdf_functional.owl,14031958,1888498,15920456
approximated_864408a5-f953-476c-9ab4-eabaadc93c7f_estigation.owl_functional.owl,311144913,653036753,964181666
approximated_cde3e885-46a7-44a9-9501-8a4229c4f0a9_st_anatomy.obo_functional.owl,127783253,254614797,382398050
approximated_reto.regulation-of-transcription-ontology.2.owl.xml_functional.owl,13624150061,1.09372E+11,1.22996E+11
approximated_a74201dc-3c50-42e2-8a89-5876b71a4bee_Reblochon.rdf_functional.owl,18921593,5579497,24501090
approximated_84ba8a2b-96b1-4183-850d-ea84cdee4649_biotopcore.owl_functional.owl,14841816,19514639,34356455
approximated_4a74a4da-3c5d-4b27-bafa-84e59e8a6288_propMass.owl_functional.owl,145556066,249031602,394587668
approximated_00347.owl_functional.owl,995201470,190475942,1185677412
e99a3212-6a2d-49e3-b709-7a20e7436be7_ncbitaxon.obo_functional.owl,31967864221,58098574756,90066438977
approximated_84a1bc46-5aea-40a0-a6f7-52205cd63681_onto.rdf_functional.owl,22402412,5775506,28177918
approximated_cdd61ca7-4c7c-408e-9d4c-db5aeff2f37b_COSMOtop695.owl_functional.owl,291285911,520877654,812163565
approximated_kb-owl-syntax-coreference-IDs-km-relevant-cardinalities.ofn_functional.owl,659869983,1600194700,2260064683
approximated_2a3b611a-3087-4369-8310-e4c9db83387f_geInferred.owl_functional.owl,17940618,6066576,24007194
approximated_170968b4-fbb3-476a-8b4e-3274efc91219_codprojects.owl_functional.owl,12477686,6050772,18528458
approximated_994f6f4a-eec0-417a-958b-0a24e1410e37_bibo.xml.owl_functional.owl,14828875,6204329,21033204
iceci.international-classification-of--external-causes-of-injuries.6.owl.xml_functional.owl,225452866,145764083,371216949
approximated_46ad6807-7f43-41a8-9d6e-4ca8c3f4a610_stor_logic.rdf_functional.owl,17113813,3695922,20809735
approximated_cf8f56a3-7872-4998-aaef-8ed816de3a11_Daas.ttl_functional.owl,16518400,3702670,20221070
approximated_aebb458f-0a91-428a-bfa0-104dcf5f73c3_opPressure.owl_functional.owl,142550435,246679679,389230114
approximated_5c85b04a-3db2-4612-b503-0d2417bbab87_lifecycle.owl_functional.owl,22184894,1282307,23467201
approximated_c8f1b6d6-4c68-48b6-a094-954c94be71cb_pmltrust.owl_functional.owl,10536687,5597303,16133990
7f4b9d7a-544f-4067-84a9-bf5a911e36dc_laboration.owl_functional.owl,22655575,31390771,54046346
approximated_495968fc-a1ea-4b0a-a3c3-1d12940cec40_Behavioral.owl_functional.owl,10560499,3038019,13598518
approximated_0fd8280e-36ca-436d-bb23-e30ec8b3e0ec_ratotanker.ttl_functional.owl,16000116,3830843,19830959
approximated_1acfcb1c-58e9-463f-96de-005c21273db1_onstraints.owl_functional.owl,20298698,14752198,35050896
approximated_1865b687-4dd0-4330-9746-580771dc30ec_aching2007.owl_functional.owl,20907582,21889467,42797049
2588d1d0-2429-4c19-8bc2-2cbd0d361963_o_external.owl_functional.owl,32371408,71929411,104300819
approximated_omit.ontology-for-microrna-target-prediction.36.owl.xml_functional.owl,82466566,195557463,278024029
e51eab0d-b777-4011-93f7-8c9bc2f47332_sep.obo_functional.owl,11392570,12001757,23394327
approximated_0e841093-7784-4345-a8eb-22b899d8db68_tension_02.owl_functional.owl,87901209,129595211,217496420
approximated_kb-owl-syntax-unraveled-depth-4-km-relevant-cardinalities-triggers-constant-classes-relation-axioms-value-nominals.ofn_functional.owl,395068788,851260393,1246329181
approximated_82edd984-ed62-4de8-aa7e-41fdabff37be_Post_box.rdf_functional.owl,11160290,3973600,15133890
approximated_599cd37b-42a8-4d9e-aad5-90f174dcc0fc_Gabion.ttl_functional.owl,15814267,3768850,19583117
approximated_6bb1a5cf-d393-4da7-94c2-9fb640017c46_ogy_Ver2.1.owl_functional.owl,14461646,7352143,21813789
approximated_30e0cd0a-eb2c-4f0f-a022-c7fa606192ba_x_Slipcote.rdf_functional.owl,17210907,3885566,21096473
approximated_e2eb4462-3769-4ba8-851a-9291b88318fd_mHydroBody.owl_functional.owl,138766350,211031184,349797534
d31441b3-cff1-4d00-8182-e745c2604119_enceaxioms.obo_functional.owl,228883651,90728152,319611803
approximated_896c66df-2415-4e7a-8a3e-aed1f56be49d_ine_roller.ttl_functional.owl,14683401,3687387,18370788
approximated_f872b728-b9ad-4825-af03-2ba561a38dc7_PaulFisher.rdf_functional.owl,17395660,3667663,21063323
approximated_98ecf389-3963-4e11-98c9-16323148aa90_ading_card.rdf_functional.owl,17078591,3822844,20901435
approximated_15a2b8ca-96c2-4551-b4ac-d422911c7dec_imensional.owl_functional.owl,195090151,212844139,407934290
approximated_kb-owl-syntax-unraveled-depth-3-triggers-constant-classes-value-classes.ofn_functional.owl,379156746,991000305,1370157051
approximated_0d81873b-1e09-4a12-bee6-8a4d224193bf_Place.owl_functional.owl,14705049,10048119,24753168
approximated_c6896aeb-c555-4713-8641-17a2fbb3aa44_ectrometer.ttl_functional.owl,14359676,3917133,18276809
approximated_f4cd12a3-7a3b-4657-8da8-c7d6b2e60149_rial_thing.owl_functional.owl,19013605,14744160,33757765
approximated_ab535d22-08e3-41cd-96ee-9875bf00acee_ndaryLayer.owl_functional.owl,129435318,212816579,342251897
approximated_5a91bff0-d336-40c8-8e8a-a71ae57b72a5_ModuleType.ttl_functional.owl,41544653,25800453,67345106
f421198a-9aa0-46a6-a550-bf0aea21e5f3_fred.ttl_functional.owl,17629131,3470442,21099573
approximated_kb-owl-syntax-coreference-IDs-constant-classes-relation-axioms-value-nominals.ofn_functional.owl,601531915,1702797372,2304329287
approximated_f36d4ec6-a13c-4127-bd31-69a43b5c7665_Gear_shaper.ttl_functional.owl,15122466,3701404,18823870
approximated_9719e8d6-66f7-46c9-a9e4-7b99371917b0_eTimeCycle.owl_functional.owl,147486069,248062125,395548194
approximated_4f01a6bb-06df-4c2c-bcb8-5f6de105494d_onto.rdf_functional.owl,14338084,3685499,18023583
approximated_50cd8953-46c1-49ea-971b-c94e01d76453_envo.owl_functional.owl,48635273,115624926,164260199
approximated_e40fd5b0-e4f4-4e03-99fc-1d9da32e5576_Pentium_4.rdf_functional.owl,9198540,3972655,13171195
approximated_0b8c067e-8ee2-4613-9f0f-6dd7289a1761_onto.rdf_functional.owl,17795692,4871048,22666740
approximated_8266aead-9347-4705-b866-767ad704739a_Transistor.rdf_functional.owl,9630753,3803010,13433763
approximated_00768.owl_functional.owl,208755466,458821978,667577444
approximated_00fec224-5de9-4f5c-bd58-6fe5903fc3a0_gilcore.owl_functional.owl,13135422,5581659,18717081
approximated_991f1fd9-75dc-4e51-bc99-3455a43113c0_portal.owl_functional.owl,12926608,3825109,16751717
approximated_26c2fb29-e3ed-4e29-993a-6c8c59adaf29_Dampfnudel.rdf_functional.owl,16078811,3659676,19738487
approximated_13a9c1ef-0275-4d68-b711-6be1f2b9cf0e_LCA.owl_functional.owl,21211455,4310755,25522210
approximated_a2be798f-1785-48d4-b3a6-83ddcca53e13_dergarment.rdf_functional.owl,11727367,4566668,16294035
2b827424-99bf-4363-b9c2-57bb0d0448db_se_anatomy.owl_functional.owl,82769998,180782210,263552208
approximated_fa00daff-4134-4ab3-a650-2637ad75448d_ataService.owl_functional.owl,134580932,212810294,347391226
approximated_stato.statistics-ontology.10.owl.xml_functional.owl,38955790,72979235,111935025
f30cbd74-d9fb-45da-aca0-051bc9d941af_s_xp_chebi.obo_functional.owl,207221644,125573091,332794735
approximated_17198308-e25b-43a6-a268-b4be0be90fbd_mesur.owl_functional.owl,12574825,4312734,16887559
approximated_a120a9a3-2785-42d2-88ea-08803a1a8756_ho.owl_functional.owl,17892022,7081489,24973511
approximated_09f55a6d-f998-4d50-9dcd-9a52becf7e24_ana_Padano.rdf_functional.owl,16462636,4123635,20586271
3fb3f449-8d07-463e-94eb-e68182a27b0a_Airport.owl_functional.owl,21830710,2151338,23982048
approximated_664570f4-60f3-4d88-bda7-0cd62bc4bd82_Bath_brick.ttl_functional.owl,16212676,3807728,20020404
approximated_09914f1e-6fd5-427f-9e3f-2daca46fe40a_Air_knife.ttl_functional.owl,18101504,4363655,22465159
approximated_00676.owl_functional.owl,89261015,159676370,248937385
approximated_kb-owl-syntax-unraveled-depth-1-triggers-relation-axioms.ofn_functional.owl,436510707,1101812219,1538322926
approximated_6ae48d7c-d89e-4b52-97e2-f941154cb238_eet_potato.ttl_functional.owl,13438099,3827018,17265117
approximated_14a753bc-cdf3-4170-830d-de8f872eafef_FAO.owl_functional.owl,9245490,5924925,15170415
approximated_907e6bed-2454-4f38-9c9c-32d55f4bd2ea_paperdyne.owl_functional.owl,12401202,5121184,17522386
approximated_4415a96c-f4f0-441e-a29b-15d588c4fef1_ects_scale.rdf_functional.owl,15509981,3684916,19194897
approximated_e7166fe2-89f7-41d6-ad09-063a3ff697b8_TFSem.owl_functional.owl,8878704,2667993,11546697
ehdaa.human-developmental-anatomy-ontology-abstract-version-1.6.owl.xml_functional.owl,82588850,132428605,215017455
approximated_2d5e0d6c-02a2-4a99-abdb-85128360c56f_school.rdf_functional.owl,21252092,12806254,34058346
0dd9e56d-b675-4895-8bd6-feedbb8a8a79_to_anatomy.obo_functional.owl,84669295,146894854,231564149
approximated_3fdb6397-033d-453f-ba21-f97bc45af81b_Rivet_gun.rdf_functional.owl,12741520,3782731,16524251
approximated_5b18b5b0-4bb4-4803-84d7-148e7fd3e831_Mahimahi.ttl_functional.owl,17352176,3810738,21162914
f26dafc8-8b11-4364-adb6-ad36b1f39cb0_r_anatomy.owl2_functional.owl,92410162,41653194,134063356
approximated_ed13591f-1fc4-4efe-91f6-cf46fcd54c91_.1.1public.owl_functional.owl,25096454,21061280,46157734
approximated_f9e14cd6-1656-446a-94a3-0a38ee9f9301_PaulFisher.rdf_functional.owl,15614426,2948356,18562782
b335c79e-a2bd-4815-873f-981b8f676848_slim_yeast.obo_functional.owl,16241519,13330290,29571809
approximated_f756525d-84cc-4074-8c05-45f71d5d6f4b_rmodynamic.owl_functional.owl,151224105,249029455,400253560
approximated_kb-owl-syntax-unraveled-depth-0-disjointness-triggers-constant-classes-value-nominals.ofn_functional.owl,660358637,896060213,1556418850
approximated_639f93c2-4790-4bb8-9c48-48f9d8a1f186_Chimay.rdf_functional.owl,19475992,5481292,24957284
approximated_98837d5d-01cf-4d96-97ca-f526e8559e90_humanEnergy.owl_functional.owl,72863381,141643318,214506699
approximated_0242873d-6fd1-4915-ba36-3ce80ed8d0cb_Lebkuchen.rdf_functional.owl,13977898,3682861,17660759
approximated_6512da50-3f93-46d2-a509-7366ccdbd0be_troGeodesy.owl_functional.owl,63902370,126054438,189956808
approximated_9c964061-f137-46c6-acb9-0ece380220f2_EventMatch.owl_functional.owl,12733728,2131723,14865451
approximated_960f8c54-476a-4116-b3a9-cd40f2c59b44_Geometry3D.owl_functional.owl,173993477,245800600,419794077
3cd88744-f28c-4897-9412-3c21b68fb8c1_ballPlayer.owl_functional.owl,17456013,2386309,19842322
approximated_285084ee-f908-45da-9824-b3339dd50de8_l_anatomy.owl2_functional.owl,9491587,5728726,15220313
approximated_4baf98c2-3c91-4c13-bb50-e9b38090dcfc_mIndicator.owl_functional.owl,74747456,133533455,208280911
approximated_8b21fb83-74fe-4ae7-901a-979c396be44a_Tool_stone.ttl_functional.owl,15880077,3775932,19656009
approximated_0eb05980-521e-47a3-9f38-b555c5548e36_ndaryLayer.owl_functional.owl,136830404,213060824,349891228
approximated_01059cc1-33c1-45e9-a400-2bd097ea01fd_PPIO.owl_functional.owl,344890384,131679580,476569964
32b48965-bbc5-4d76-9396-728af3ea2366_University.owl_functional.owl,20140899,3026023,23166922
approximated_0acdf7e5-cecf-4edd-941b-a63b60285b8d_EnergyFlux.owl_functional.owl,134729420,215061019,349790439
approximated_3e79e04b-41a4-4be3-a258-a2b7c1961908_compute.owl_functional.owl,13013886,7870616,20884502
approximated_cbdccc62-17e9-4213-afaa-d6f2fc185561_aptamerbase.owl_functional.owl,12348361,4960764,17309125
approximated_d50ebc4f-490b-42d4-8d0c-deed45aca198_mathweb.owl_functional.owl,23139450,8349319,31488769
approximated_dc5f955e-2cce-4045-94e9-a005e287a311_doc15.rdf_functional.owl,26353084,18984046,45337130
approximated_a75d8e57-fe4d-4d01-9092-52a76d7dd477_onto.rdf_functional.owl,17224755,5061922,22286677
approximated_2f71498d-7620-4974-939c-37fac33bc3dc_biolEcology.owl_functional.owl,31032114,47632128,78664242
approximated_0f4e0e90-6914-428d-a375-d27028709364_Tractor.ttl_functional.owl,13014473,4107207,17121680
approximated_c49f2efd-2f40-422b-9fc8-d89b4865dc85_SoftOnto.owl_functional.owl,12279036,6214114,18493150
approximated_f32003be-efe2-4358-b1ee-8ee56c2f1608_a4Integrin.owl_functional.owl,51203749,9058006,60261755
approximated_a9fd0d61-3ac5-42fe-82fa-dedb4e3f043c_ure_switch.rdf_functional.owl,16441166,4072541,20513707
approximated_36853265-dc25-4b32-9aec-ef9314603169_smallscale.owl_functional.owl,12768756,11276083,24044839
approximated_idobru.brucellosis-ontology.41.owl.xml_functional.owl,92645108,194925251,287570359
approximated_207569ea-5ee1-409c-b66e-c85845ee84b8_Kesong_puti.rdf_functional.owl,14104149,3722541,17826690
approximated_a674bc3c-b761-415e-9413-6ee7165338f0_OPMWv2.1.owl_functional.owl,8224307,6702750,14927057
approximated_a5b6f7fd-bfe2-4289-a17e-59203a8a4c9b_use_Cheese.rdf_functional.owl,14193196,3661883,17855079
08fc4b78-455f-4ee3-a8a6-4ff94288ff40_ish_label.rdfs_functional.owl,18962735,2881829,21844564
approximated_ed9fdead-5a93-461f-8e80-cbc3d7b30df9_ecrm_111201.owl_functional.owl,22191918,21112569,43304487
approximated_ac2a136a-0372-46af-9f6f-96366e1938e1_cientifico.owl_functional.owl,20351989,9164261,29516250
approximated_c35355a2-3335-4e3f-be68-9b35db6027aa_codtools.owl_functional.owl,19427239,8979239,28406478
approximated_6a5fa684-80c8-4156-9533-8b1ecea7ddfd_Exocet.rdf_functional.owl,15074501,3727384,18801885
approximated_106077dc-cb7c-47db-ae8b-ba4aebf95bdf_onto.rdf_functional.owl,15268620,3696709,18965329
approximated_5527f5bb-712c-4bd8-90e8-a9b5c41e2390_TimeSeason.owl_functional.owl,157654437,238165786,395820223
ceea6c1c-80d7-4549-8268-140dae9d5a81_NIFQuality.owl_functional.owl,18902319,7330681,26233000
approximated_580a20b6-6bb6-4c16-a768-0a59bd931cd0__functional.owl,9191771,4283377,13475148
48efbee9-26c7-4142-8f2c-6ea556331652_ombeentrez.owl_functional.owl,178148643,120308127,298456770
approximated_kb-owl-syntax-unraveled-depth-1-disjointness-constant-classes-relation-axioms-value-classes.ofn_functional.owl,737286070,1686234769,2423520839
9719991a-1f5c-4af3-a9ad-5c1629157f56_NIFChemical.owl_functional.owl,9967784,6752744,16720528
5e6909e0-5994-40c9-afd9-af0b23e59e7f_ck_anatomy.obo_functional.owl,29039828,48525997,77565825
approximated_46767b45-e251-4e77-881c-1f30526983ee_eco.obo_functional.owl,15610075,25556652,41166727
approximated_b81f053b-a825-4176-bfd7-f8a926fa9fe8_Gobstopper.ttl_functional.owl,13233147,3786355,17019502
approximated_kb-owl-syntax-unraveled-depth-4.ofn_functional.owl,373494099,812788189,1186282288
approximated_44f045de-1a16-423d-89f9-2c95375cd38a_cdao.obo_functional.owl,16118778,8115261,24234039
9c2702c4-137e-43b2-bd55-8dca98b1c8c4_KategorieSamen_functional.owl,9309941,798048,10107989
approximated_4cdf4085-2979-461a-ad46-948482e01bfb_tprimitive.owl_functional.owl,12323310,5010573,17333883
8c007d70-27aa-4110-b1d6-6b54d35408da_mbepanther.owl_functional.owl,98504244,190010584,288514828
approximated_aa5aa000-f279-4124-92e5-f6dd95a4cbf9_deAnalysis.owl_functional.owl,42200276,41368048,83568324
approximated_4c6de755-0ef9-4289-b253-3da44d8509c1_oVAX_78032.ttl_functional.owl,11033466,3765563,14799029
approximated_71ba2fb6-7e7b-4aee-980d-074268e3886b_llusmerged.owl_functional.owl,2467265362,6370062356,8837327718
approximated_61656dce-a2a8-4db8-8ae2-a039887b1949_Stuffing.ttl_functional.owl,17111153,3682379,20793532
approximated_50b8e1ae-45b3-4692-bbfd-f192bed98cba_emoDevices.owl_functional.owl,22597898,18454357,41052255
approximated_c8463f52-c55a-4462-a2df-1af61ab0ceac_phenCycle.owl_functional.owl,136909658,248944004,385853662
approximated_2b16432f-306c-404f-98ea-9212c2c60b8b_Rebar.rdf_functional.owl,16370131,3807074,20177205
approximated_b42c4eb2-3eda-43a0-854b-72f1b4db3b3c_ataProduct.owl_functional.owl,153624686,214671269,368295955
approximated_91a63ab1-1dbb-4d9d-9b07-11d6a26102ac_foaf2lmm.owl_functional.owl,35320925,45318242,80639167
approximated_4c19259b-3cb2-4b07-b2c4-1e6034ac964b_geometry.owl_functional.owl,58489359,95899916,154389275
approximated_29d91aea-9dc9-4d98-ae33-aa89db87f997_tmo.owl_functional.owl,23736292,18405127,42141419
approximated_09e654cd-a5de-4703-a784-6e8f2ad6b833_080901_424.owl_functional.owl,30223231,20509188,50732419
approximated_00333.owl_functional.owl,11001243,5864271,16865514
approximated_3d8119af-42a6-4a2f-b9a7-53e161251efe__a_service.ttl_functional.owl,10629007,3678993,14308000
approximated_dc8919da-348e-4b43-a79d-8c9817330765_gyontology.owl_functional.owl,14142719,5645138,19787857
approximated_2bd17739-f02f-45f5-9ea1-c899569c0dbb_ment_valve.ttl_functional.owl,12039351,4023551,16062902
approximated_7ebff242-76b1-4973-8aba-141d43f52e69_I_original.owl_functional.owl,33087118,53612814,86699932
approximated_4b342740-6c1a-4d7c-96cc-7b3c289378e0_Zener_diode.rdf_functional.owl,11755687,4482266,16237953
8597cc9d-4937-4653-8ec5-619edc771a04_nnotations.owl_functional.owl,4245032541,3333441074,7578473615
approximated_8bf64e5e-ba17-4f33-be88-c38da746f3d5_eThickness.owl_functional.owl,148546658,212855558,361402216
approximated_863c7655-1bb2-4e0b-8809-1bc79945dd49_phenBiol.owl_functional.owl,127780365,212205659,339986024
approximated_2a61bd01-1ece-4645-b73b-d716937eac1d_Cheater_bar.rdf_functional.owl,32411914,3673336,36085250
0eeb885b-e5ba-4ca5-a978-387136e8582e_sCharacter.owl_functional.owl,13248829,2184150,15432979
7655d47f-0733-4adf-9b66-b58365668847_t_ontology.obo_functional.owl,65186053,131406884,196592937
approximated_5dd4521b-d200-4f2a-b86c-fd2e8f0ef2a9_is_elegans.obo_functional.owl,5461222900,11436028751,16897251651
5825782a-34f3-4b04-8776-6ea76c798da9_phOntology.rdf_functional.owl,22456239,9751471,32207710
approximated_aero.adverse-event-reporting-ontology.45.owl.xml_functional.owl,25470968,32741647,58212615
fc9d0e03-04c3-455f-b15c-90d98cf06bf0_OID_import.owl_functional.owl,17621121,8994315,26615436
approximated_e9d52528-ebdf-432c-856b-37150f9c0a9d_morphology.owl_functional.owl,138859623,252280527,391140150
approximated_afb97597-3450-4c7d-9d7e-d443c81ea413_SKOS.owl_functional.owl,15350827,4142322,19493149
approximated_3bfb45e9-05bb-427b-954d-f4e2dfa75569_ervo_valve.ttl_functional.owl,22138779,4836009,26974788
approximated_674f39d8-fe7f-4bb6-b866-bdb6abc6ae90_functionssmf_functional.owl,21399732,11419603,32819335
approximated_43d8439b-7919-41cf-b08f-ae91f9c6de05_ictablecomplex_functional.owl,15654561,21065712,36720273
14bfdf8c-dadd-47fe-8327-27bcdea45086_dantmodule.owl_functional.owl,19091431,14110513,33201944
approximated_891fa709-84fe-49c0-8fab-7dab7c4d0ad9_Alpha_21064.ttl_functional.owl,12048365,4022064,16070429
2fcb0756-c87f-4f0b-8355-8acc7cd69269_iev.owl_functional.owl,151476715,373202496,524679211
approximated_393a5581-e415-43d9-8479-cbe2588fec5f_ane_cheese.ttl_functional.owl,13353122,3740417,17093539
approximated_kb-owl-syntax-coreference-IDs-km-relevant-cardinalities-constant-classes-value-nominals.ofn_functional.owl,602676059,1699622232,2302298291
approximated_6e218716-a734-4e5b-8ed4-d07879620dd9_p_proofing.ttl_functional.owl,16346083,3679895,20025978
approximated_3d8863c0-65aa-43b1-b550-a1d217896f63_Bappir.rdf_functional.owl,12941033,3692527,16633560
approximated_ontodm-core.ontology-of-core-data-mining-entities.3.owl.xml_functional.owl,43176662,77692413,120869075
approximated_b7c19a22-c91c-4b51-894a-d8a8a3d2a7c0_cl.obo_functional.owl,332471893,776984961,1109456854
approximated_d8ddc3bb-c101-46ee-81df-3e3b9c8cf3dc_ethodology.owl_functional.owl,139786168,250640644,390426812
approximated_0a2b3ab2-770d-4c14-a82c-d5a4d6da3bdb_d_Wide_Web.ttl_functional.owl,14637650,3689077,18326727
approximated_5aefe725-3cc6-4c01-98eb-7a5f16860974_Tire_iron.rdf_functional.owl,14734795,3880686,18615481
approximated_58bd922d-e9f3-4388-8834-7e1892b021b5_Friulano.ttl_functional.owl,13907872,3874530,17782402
bno.bionutrition-ontology.2.owl.xml_functional.owl,9183386,5217163,14400549
approximated_3acaad82-84a9-414a-be12-2e5e08a0d60d_Ricotta.ttl_functional.owl,18778788,3787689,22566477
approximated_296fcd09-c2ae-4cb3-a01d-96d0e37d965b_Intel_i860.ttl_functional.owl,15420251,3722164,19142415
approximated_kb-owl-syntax-unraveled-depth-3-km-relevant-cardinalities-constant-classes-value-classes.ofn_functional.owl,378185522,967792706,1345978228
ce977bc4-162f-43f5-8d92-97ad4324beb8_us_anatomy.obo_functional.owl,130624402,261079521,391703923
approximated_00423.owl_functional.owl,34215347,67267011,101482358
approximated_01db31b0-cbc3-46d9-a834-538730e40074_units_functional.owl,13631392,4019893,17651285
a5fa762b-9cda-49df-be5b-2386ff07f807_onto.rdf_functional.owl,12642965,1647594,14290559
approximated_7d979e93-ae34-4c08-96db-8bb55509b95f_uniprotpro.owl_functional.owl,675770413,1665355488,2341125901
approximated_3380b2f9-77e3-47a0-b9eb-3c0591c691b3_ngineering.rdf_functional.owl,19283656,3781264,23064920
approximated_4dddcf90-8663-457f-8f24-0599d11f02d8_record_v11.owl_functional.owl,15884204,4606947,20491151
approximated_0f250156-cfcb-4e04-9b05-e4c660308cf5_Xeon.rdf_functional.owl,14610979,4521216,19132195
approximated_2d340673-6179-4f6f-8415-4e56c56ad05f_realm.owl_functional.owl,137077950,217359814,354437764
approximated_603934cf-3525-46e1-893c-c6c287001926_uaAirlines.owl_functional.owl,19380457,14855145,34235602
approximated_e9c27822-3ba6-4558-bb8e-0d87561f3210_ontosem.owl_functional.owl,393626420,474061738,867688158
approximated_1fc7a3d9-d4a1-4a33-acab-d31d18a467c0_Long_black.ttl_functional.owl,13642782,3961602,17604384
approximated_kb-owl-syntax-unraveled-depth-3-km-relevant-cardinalities-disjointness-constant-classes-value-classes.ofn_functional.owl,699093658,1487527762,2186621420
approximated_8ee9e142-133c-4225-9788-6913cb83ee82_Surge_tank.ttl_functional.owl,15607046,9445268,25052314
approximated_031f2799-b0c9-4822-b4d3-999886b06ed1_thRelation.owl_functional.owl,140936201,213488161,354424362
approximated_f9718cf9-3e46-45d5-a26a-3979c83525a8_ogasterMOD.obo_functional.owl,1575414112,3624864623,5200278735
cc00f2b7-029e-49bc-adc8-8fd25538b524_classes.owl_functional.owl,40569088,34036779,74605867
approximated_c2291000-2af3-4a0c-88b2-9ea30591e4ee_itt_Me_262.ttl_functional.owl,10236251,3746508,13982759
approximated_1842669d-dac1-476e-8420-1bbfcbbe8222_Telemea.rdf_functional.owl,10817971,3689665,14507636
c40d44e6-7aad-474a-b2fc-391d11f1e2d1_gyVersion2.owl_functional.owl,17095851,7764208,24860059
approximated_47368107-7c3e-4b75-b50f-e6f87f8ea622_ncbasic.owl_functional.owl,16044556,4239169,20283725
approximated_kb-owl-syntax-unraveled-depth-0-disjointness-relation-axioms.ofn_functional.owl,402435986,792292785,1194728771
approximated_31c5066a-681b-44ff-8926-248592d7aaf2_tal_camera.ttl_functional.owl,23742651,5142836,28885487
approximated_6ef4a0de-f8f3-4cb6-b2b1-e6bf13a11593_ndiesSiteA.owl_functional.owl,11027042,3444754,14471796
approximated_ado.alzheimers-disease-ontology.3.owl.xml_functional.owl,55641071,117789885,173430956
approximated_bfbc9517-dd62-4543-83e9-999f8ecbf61e_mathserve.owl_functional.owl,16884161,6019566,22903727
1967e658-3262-40ad-91d3-ba9751d10c2a_SBO_OWL.owl_functional.owl,17892942,29237811,47130753
approximated_73c6f6db-61df-4090-8cea-774ac1591950_Pollock.rdf_functional.owl,14174517,3734646,17909163
approximated_ae700783-512e-4c27-8c8e-d7793331db37_mmodore_16.rdf_functional.owl,11645235,3662622,15307857
8af73d79-ad63-41a3-bfa2-b890f45f1f92_s_musculus.owl_functional.owl,698788885,1329477978,2028266863
approximated_1e55d681-a13e-49db-b995-d1438007c648_y_taxonomy.owl_functional.owl,149051478,333415778,482467256
approximated_0ca7c39f-79f8-4e4c-b723-d5573570cf83_BILA_functional.owl,12293981,6417402,18711383
9826a540-894b-4881-aa4e-c11497212ac1_NIFQuality.owl_functional.owl,18353911,6842592,25196503
approximated_311e1ba2-5c62-4420-b580-ac349621ac99_Bebinca.rdf_functional.owl,11537275,3848753,15386028
approximated_0cf0d064-2010-4eaf-b681-52408c75f699_nd_compass.rdf_functional.owl,13586643,3750848,17337491
approximated_kb-owl-syntax-coreference-IDs-disjointness-constant-classes-value-nominals.ofn_functional.owl,882680333,2230997205,3113677538
approximated_00430.owl_functional.owl,19754972,27594166,47349138
approximated_cbo.cell-behavior-ontology.19.owl.xml_functional.owl,14951327,11832583,26783910
approximated_d8c15731-6b95-4060-a08e-56f25cec2d7d_Crossbow.rdf_functional.owl,14217668,3837311,18054979
approximated_229f3a92-f4b8-4716-a693-362c7f8533ce_mvco.owl_functional.owl,9848039,4955036,14803075
approximated_0f6d7a09-5bf1-4b93-9201-1ee965ad9a57_MPATH.owl_functional.owl,26004134,41277815,67281949
approximated_00695.owl_functional.owl,239337588,512733625,752071213
approximated_6e3b5138-367b-4f76-869a-3996c8b99676_adolena.owl_functional.owl,17621524,8025802,25647326
approximated_17b81583-6e9c-4953-b50f-28707173f341_opRotation.owl_functional.owl,138098546,214282887,352381433
approximated_kb-owl-syntax-unraveled-depth-4-cardinalities-triggers-constant-classes-value-nominals.ofn_functional.owl,375442942,927492745,1302935687
approximated_34db17d6-6655-4edf-b2f9-c77e0df82597_Telephone.ttl_functional.owl,14549563,3846266,18395829
3289239e-0506-463d-b003-1249cf0dcbae_go.obo_functional.owl,1959292029,4709485609,6668777638
approximated_genomic-cds_rules_full_demo.owl_functional.owl,3743875872,6752899229,10496775101
approximated_1ead5da3-6f7b-4032-b831-14af99931ab8_Dress_boot.rdf_functional.owl,14867036,3767067,18634103
approximated_a8cb3afb-aba4-4dd3-80fb-eb601633f567__promoters.rdf_functional.owl,90775063,28588579,119363642
approximated_31c5f3b6-d14d-4252-8141-4c19e33d8a40_lic_system.ttl_functional.owl,9414077,3712311,13126388
approximated_59709896-ede9-4d92-bc33-7ab59044fbfe_ale_cheese.ttl_functional.owl,11691092,3650402,15341494
approximated_64afedad-cac1-42a6-a3bd-e9aa5b3d5c39_Brigadeiro.ttl_functional.owl,17080901,3884361,20965262
approximated_a0894bed-76f7-44e4-a7f6-96a8a8f0ede5_nge_roughy.ttl_functional.owl,18752552,4034136,22786688
c4b23a8d-22ae-4b27-853d-17e32101b086_sh_anatomy.obo_functional.owl,252217273,557129787,809347060
approximated_44648262-a637-4adb-b5b2-92eb310e9f3c__heat_pump.rdf_functional.owl,11554942,3959478,15514420
approximated_ea5fefc5-97af-4b48-a58a-62306ea2b3ab_reprMath.owl_functional.owl,136276933,221172635,357449568
approximated_069ccd48-4a1d-4661-9113-e79b1b723425_emillelink.rdf_functional.owl,122572104,68204814,190776918
approximated_60ca4e0a-621e-4ddf-a995-6924b6f95b46_nline_game.ttl_functional.owl,90219978,3736112,93956090
approximated_00666.owl_functional.owl,51472595,117726336,169198931
approximated_3be96473-de91-4a96-9207-51bbf92d3ed5_txa_cheese.ttl_functional.owl,69875647,3747438,73623085
approximated_00445.owl_functional.owl,31791834,66744225,98536059
approximated_5283fea6-7cab-4772-939d-66ad4b20da31_onto.rdf_functional.owl,9061735,4229509,13291244
approximated_4e7e0ba0-f565-4508-bfe5-e9c2d213ff87_Kefalotyri.ttl_functional.owl,7681511,3727658,11409169
approximated_b93606f6-11f3-429f-b291-7cc5cce403d5__dispenser.rdf_functional.owl,14655639,3657510,18313149
approximated_88ba0c56-f484-45ce-8f11-5af5217f499f_logia_nano.owl_functional.owl,17362565,17727252,35089817
approximated_00117.owl_functional.owl,122979210,302488355,425467565
approximated_00563.owl_functional.owl,28807795,51537767,80345562
approximated_edbbd162-3ec2-4c98-b42d-38c0687ab9a6__instances.owl_functional.owl,81059219,35182589,116241808
approximated_6deb0e3f-5252-48f0-a810-a30e906c14a8_Oyster.ttl_functional.owl,15513080,3927932,19441012
d031b3da-a264-4b5d-8860-8f56c3b5afbe_ogenechrom.owl_functional.owl,1037624587,1846578800,2884203387
approximated_092fe55c-0dfd-492a-8a4c-53ec95b63613_Camping.ttl_functional.owl,17765888,3708094,21473982
approximated_kb-owl-syntax-unraveled-depth-0-km-relevant-cardinalities-disjointness-triggers-constant-classes-value-nominals.ofn_functional.owl,420955654,922505390,1343461044
approximated_0a2dcfe4-8eec-4d93-8c94-8a7883de2f31_notgalen.owl_functional.owl,124215045,295783098,419998143
4102e81e-32f4-449c-894b-6009d28635a0_cuspanther.owl_functional.owl,512301239,1241812716,1754113955
approximated_2fdaba14-741f-4af8-b196-b55ed54ccde8_Lamprey.rdf_functional.owl,15529329,3800343,19329672
approximated_003a9e4d-dc0d-4a9f-8629-56e88bfa49a7_prerelease.owl_functional.owl,207815070,500083341,707898411
approximated_74ea4163-7d5c-408b-806b-7d8f403334fb_Data_logger.rdf_functional.owl,12764798,4156846,16921644
approximated_490b734a-1c3a-4710-adf1-71ea4c494633_Basa_fish.ttl_functional.owl,16411532,3876167,20287699
approximated_0afc25c2-e722-43ab-94d9-4551fe4ebd40_Isinglass.rdf_functional.owl,17815594,3934650,21750244
approximated_1bd640c1-ccf5-4910-9673-9abca79febf7_cmmi_test1.owl_functional.owl,36305302,36404752,72710054
approximated_c4a7c4bc-3e08-4d0a-aaeb-24235278ee63_Mackerel.ttl_functional.owl,17703090,3734264,21437354
approximated_7823ed6f-1ff9-4848-a1bb-df442af63a41_tion_motor.rdf_functional.owl,13143403,3775123,16918526
hrdo.disease-core-ontology-applied-to-rare-diseases.2.owl.xml_functional.owl,1969963748,6544767816,8514731564
approximated_12111031-523a-4101-af43-ee4aaede6696_n_citation.owl_functional.owl,23703971,10678123,34382094
approximated_6f8d8da4-05a0-4b90-b957-0660ec81d891_HPUX.rdf_functional.owl,12026606,3758545,15785151
approximated_d478ae5f-7d24-454d-af85-f5b75ea385b2_slocations.owl_functional.owl,144295689,54747340,199043029
approximated_0fb3d336-d85f-45bf-aaec-3aa003b1ee5c_Yam_naem.ttl_functional.owl,10199427,3810629,14010056
approximated_43e2c279-1a40-41cb-94ad-881e9009dabd_dtn.rdf_functional.owl,16842354,6476538,23318892
approximated_1046ab56-bf70-408a-b602-8761d5550983_Corsned.ttl_functional.owl,17466743,3752561,21219304
mego.mobile-genetic-element-ontology.2.owl.xml_functional.owl,16999302,22241509,39240811
approximated_00038.owl_functional.owl,459159276,1241710045,1700869321
approximated_96e38005-de86-4489-abc4-fc070983264a_evisiaeMOD.obo_functional.owl,701713502,1618809566,2320523068
approximated_18299bb0-022b-4554-8444-0e36f18befb1_elay_valve.ttl_functional.owl,12132416,3886783,16019199
approximated_3e5c1d53-63e3-498e-aae9-ac7bac02a697_Zurna.rdf_functional.owl,11419127,4054503,15473630
approximated_kb-owl-syntax-unraveled-depth-3-km-relevant-cardinalities-disjointness-relation-axioms.ofn_functional.owl,610167257,1399906476,2010073733
approximated_00320.owl_functional.owl,28168819,16227612,44396431
approximated_9af620fb-9151-405b-958e-acec07aec2f6_aeo.owl_functional.owl,12952588,18323162,31275750
c764ad3a-1d14-44d2-9a0b-8d6f756d53dc_e.obo.PREVIOUS_functional.owl,212239949,541198995,753438944
approximated_0b172dda-4258-482a-8831-9e7888b9d83d_ance_meter.ttl_functional.owl,16839450,3793211,20632661
approximated_305d8dbe-9da0-4ea7-9c7f-0ce2263594be_OExtension.owl_functional.owl,10614603,3352698,13967301
approximated_f8e0fcfb-a118-4de7-a7f3-16eddbf9901b_openpolis.owl_functional.owl,15359415,13430618,28790033
approximated_2448030a-c6c4-43a4-9b0f-33fd2a4c7675_aff_cutter.ttl_functional.owl,10972230,3784356,14756586
approximated_87dc5175-6c41-4132-a9ad-f7f21c47e836_sPrincipal.owl_functional.owl,15148704,11065350,26214054
approximated_04306095-ef26-4287-9c58-a289b229217d_ose_pliers.rdf_functional.owl,13657655,3807388,17465043
a95b968c-50a5-4639-becd-6b2427de49d0_p.obo.PREVIOUS_functional.owl,47412950,101111038,148523988
approximated_c9332edd-cdd3-4948-9769-6283cb839707_sesAnatomy.owl_functional.owl,622023279,1198916856,1820940135
307b641b-02a7-4f31-a8f9-1f7fb924a998_ficeHolder.owl_functional.owl,21754779,3147692,24902471
approximated_08d80cb8-643e-46e3-a3ef-00bf731a9dda_al_process.owl_functional.owl,572995381,1758711497,2331706878
18ac135f-1808-4448-b05b-9802751af468_en_protege.owl_functional.owl,441029852,912826090,1353855942
d5934fcd-bb87-4536-95be-e43a80c71ed3_taryPerson.owl_functional.owl,9300038,889007,10189045
approximated_2f7676ef-9dca-4b07-8c1a-6f4898e887e1_Pretzel.rdf_functional.owl,14168847,4431788,18600635
approximated_a62b59f3-7f43-4ee7-a402-91d01e363f68__functional.owl,11757853,3593840,15351693
approximated_fb56662b-9c2d-437c-b77a-ad131af3984f_eAndPetsv1.owl_functional.owl,16770726,6121576,22892302
approximated_7f50b973-bdac-44e2-87de-03dd099a8d1c_Person_n.owl_functional.owl,26547326,8475721,35023047
approximated_1081a8b2-87f9-4926-bcce-b487fb51a53d_genialink.rdf_functional.owl,33319284,53099700,86418984
approximated_cheminf.chemical-information-ontology.32.owl.xml_functional.owl,34685079,53806442,88491521
approximated_8218391b-dbee-4b48-a928-6d66c6aa1f91_mets.owl_functional.owl,118701778,121331109,240032887
approximated_b3fcafc0-48c3-487e-bbab-240f1eedb1ad_modore_PET.ttl_functional.owl,19878820,6299265,26178085
approximated_00626.owl_functional.owl,49216326,113298785,162515111
approximated_063367f5-0887-4133-9d5a-ae2c9ac0e738_Derrick.rdf_functional.owl,10968001,4363986,15331987
3299a769-a614-410d-8733-5883df30fd5b_bjectsOnto.owl_functional.owl,49070927,112867305,161938232
approximated_7167b21d-ccb2-40e5-9bf8-f67088eb5ac2_Groundbait.rdf_functional.owl,17229147,3817634,21046781
approximated_13ac556f-5d0b-40b7-a304-4f0948053136_pronto.owl_functional.owl,13460135,3999926,17460061
074906cd-79f6-4a9b-8d0e-bded0ff3ca48__phenotype.obo_functional.owl,186790914,558194324,744985238
approximated_4843c595-b613-4f1c-b868-700f40ac65b0_EHDA.owl_functional.owl,242228552,513004099,755232651
9053cdbc-d96f-4276-a28c-b1ccfaa4f8ef_e.obo.PREVIOUS_functional.owl,16673474,14176989,30850463
approximated_060cbcb7-a117-4f88-98d5-000b63503952_mplegraph3.owl_functional.owl,20479620,13049955,33529575
approximated_60a1efd0-8761-4124-a065-d56a717e851d_GUM3space.owl_functional.owl,24731107,18897391,43628498
approximated_7dd539c7-51ad-442e-9032-d3ff8ce36e82_database2.rdf_functional.owl,18027828,3216667,21244495
approximated_00112.owl_functional.owl,13621199,3989714,17610913
026f5d10-35d6-4928-97bf-7e74282f3e7c_velopment.owl2_functional.owl,18224081,20854962,39079043
approximated_0b42171e-54b8-4512-a701-353e3101ef0d_ed_circuit.ttl_functional.owl,14624217,3865854,18490071
approximated_03b60c96-68bb-42b0-8169-6fa000375e38_Vegetable.ttl_functional.owl,13123099,3689001,16812100
approximated_91609b4d-5feb-4fb1-a037-e10e64f63988_ip4.owl_functional.owl,13685201,9396949,23082150
436f91d8-60bf-47f0-9e2e-7721e235d651_ype_xp_anatomy_functional.owl,25595089,6034916,31630005
approximated_a381ed62-27e0-4615-acd1-68c579a6d253_imensional.owl_functional.owl,129878999,212990491,342869490
86e821ce-40cb-4208-b4ac-1737cd386470_chebi_roles.owl_functional.owl,16479436,7775737,24255173
approximated_3fff5653-93c3-47ed-b38f-3f8d5c926052_Breaker_bar.rdf_functional.owl,9734611,3751626,13486237
approximated_296eb952-8ecc-4845-8264-9975aa50bdae_Motorboat.ttl_functional.owl,12867272,3867276,16734548
approximated_3302f11b-ee9a-4f9a-9eff-514602240b05__Americano.ttl_functional.owl,14145982,3665522,17811504
approximated_3e605f8a-3a41-4db1-8863-466230d79b85_SensoComune.owl_functional.owl,8976237,4462519,13438756
approximated_c69953dd-79a8-47ad-8c48-c3b715d92e78_opMassFlux.owl_functional.owl,141920098,273113333,415033431
ff711536-f860-47a3-b518-5866d968bbe4_NIFCell4.owl_functional.owl,14630287,12052852,26683139
approximated_4fdfb9e3-c9c0-40af-8bbe-af0762973f20_ical_watch.ttl_functional.owl,11612431,3763066,15375497
approximated_368e85c0-ce61-4394-a576-716ab5e70950_Dragon_boat.rdf_functional.owl,14857110,4580632,19437742
51f827df-dfb7-4353-902b-71fb9d0cf665_prdfschema.rdf_functional.owl,65511204,36764118,102275322
eed3f51a-1a2b-415c-be9e-ad364ee155c0_egicustype.owl_functional.owl,594836788,1614620736,2209457524
approximated_d5d38ad2-3571-4cd0-8727-5337dfd350b1_cheminfcore.owl_functional.owl,30184713,21234390,51419103
approximated_2633991b-5035-4200-b859-9d200118d290_NLexOBOUBO.owl_functional.owl,73571939,147067891,220639830
approximated_5edb1d64-dcc2-40b5-8e05-268b3342e642_ing_cheese.rdf_functional.owl,15358193,3803311,19161504
approximated_2fa2be9f-354e-480d-b5bc-f3007770ecd9_Amiga_1200.ttl_functional.owl,11061966,3790912,14852878
approximated_12efdbc6-19a2-4a26-b31a-a6bb4510047f_LG_Corp.rdf_functional.owl,10627735,3666423,14294158
approximated_464f219b-60f2-4b34-8b20-223768c7cc70_Event.owl_functional.owl,15611897,8369490,23981387
approximated_7ddebe88-f2a2-4ec2-a0b3-a80167ae689d_NCITNCBO.owl_functional.owl,6982970401,13659601898,20642572299
approximated_00647.owl_functional.owl,723848402,2028927878,2752776280
approximated_51865a57-5c2c-4406-b89f-060877f8d074_rnao.owl2_functional.owl,35283254,61754520,97037774
approximated_76369f71-4541-4741-9e66-4b21ee9b6533_Orographic.owl_functional.owl,78087863,142280911,220368774
approximated_87961035-874b-4100-92de-2d86f9b970f0_ansensembl.obo_functional.owl,4788499861,9559025260,14347525121
approximated_9536a897-2a0a-4ec9-82d8-41213e2cecfb_aching2004.owl_functional.owl,17909008,21724048,39633056
approximated_60ca0241-5214-491f-a340-b23c591fb3a5_oss_BV_141.rdf_functional.owl,4675040,3864243,8539283
approximated_dd3ca919-f140-4613-bd78-6abe9eb97d65_Bench_hook.ttl_functional.owl,13458762,4005428,17464190
approximated_7035940c-2aaf-4ca7-8680-dd4f9643e695_Flugelhorn.rdf_functional.owl,18276831,5550765,23827596
approximated_kb-owl-syntax-unraveled-depth-0-triggers.ofn_functional.owl,135922254,338757064,474679318
approximated_00499.owl_functional.owl,223601416,675188264,898789680
approximated_847536a4-61c1-4577-a00c-1707319678ce_que_wrench.ttl_functional.owl,17039308,3775447,20814755
approximated_00436.owl_functional.owl,423732658,1315741077,1739473735
1b6ebafe-3437-42da-8650-215b938298f3_n.obo.PREVIOUS_functional.owl,1327477020,3080108176,4407585196
approximated_fcb2b0ce-1ad2-4117-9b8b-2dd22741520c_icindustry.owl_functional.owl,16361395,1570379,17931774
approximated_8ee62619-f819-4151-bd4d-ffe86b775e2e_Sweto_v2_3.rdfs_functional.owl,14173079,5304035,19477114
approximated_352e1682-f871-41e4-a154-9f78d96ac730_Tailcoat.rdf_functional.owl,11989366,3754299,15743665
approximated_2073efb5-4b66-4d19-ab44-5e908d74be41_mmodore_64.rdf_functional.owl,17429569,3756024,21185593
approximated_9fbcd7d1-d371-414b-bc36-6ab7907803f5_complex2.0.owl_functional.owl,11948043,7478057,19426100
approximated_ac9deb80-34ab-4141-bd87-092b3a17666f_nker_brick.rdf_functional.owl,35269225,3825023,39094248
approximated_5642ea72-6fb5-4169-b0e2-3568990d6342_Horse.rdf_functional.owl,14222941,3995844,18218785
approximated_5987b4e7-4f22-4210-8e55-022fef67f5c6_GO_XP_ALL_functional.owl,2810443558,7706433343,10516876901
approximated_00173.owl_functional.owl,83489135,11456329,94945464
approximated_cd54649d-ae5f-48d4-a63f-43b3049ced41_phenStar.owl_functional.owl,199361104,249755031,449116135
approximated_c8e75ef7-a9e6-4381-bb91-48ede7206bdd_grid.owl_functional.owl,92008235,12048196,104056431
4f0f12fa-8589-4df6-a5a3-72eabdb4002e_ldisjoints.obo_functional.owl,90723081,3023766,93746847
approximated_6e99a4c1-f804-4bf4-b4ef-b3ac0c2cb75d_ground.owl_functional.owl,81348886,4693659,86042545
hl7.health-level-seven-reference-implementation-model-version-3.3.owl.xml_functional.owl,155218312,418877313,574095625
approximated_1b92bc83-0e2a-4f22-881d-5ab20991ddbd_iwn3.owl_functional.owl,12134870,5467804,17602674
approximated_15ff3340-c4cf-4b7f-bdf7-7522a74b6e00_igraphexample_functional.owl,15457238,7411073,22868311
approximated_ca0a4ff2-c0ee-434b-88ae-f11346b4acea_roedit.owl_functional.owl,18997458,5625066,24622524
00052.owl_functional.owl,549760623,1649754412,2199515035
7b3eab6f-a72b-4058-8b5c-6349564edaa0_KategorieAugen_functional.owl,9697955,893909,10591864
approximated_d452725e-4ac0-4527-b38c-ff71793cd53a_Domotics.owl_functional.owl,27887441,26833192,54720633
approximated_e4ab4824-7a57-4467-9ff8-1f759b223bdc_schema.owl_functional.owl,15796663,5360651,21157314
approximated_89704d84-2f95-42df-ac37-072a5669818b_olate_chip.rdf_functional.owl,10563864,4143871,14707735
approximated_ee870fe3-0975-4a28-a3ef-84d1a7e9c153_SSONTv1.1.owl_functional.owl,19063735,10113398,29177133
approximated_18450cba-caac-4604-8808-0c14213da547_common.owl_functional.owl,7385979,2049467,9435446
approximated_d0dd39d7-120a-44d3-ab0f-d669ceee0227_onto.rdf_functional.owl,11387315,4816043,16203358
approximated_6b1081f9-daf7-4edc-82f5-c09287f46faf_y.owl.PREVIOUS_functional.owl,22842164,33118515,55960679
approximated_00082.owl_functional.owl,48537740,26762799,75300539
approximated_7e3140c5-e039-4dbc-bfa5-70f41f16a705_DataFormat.owl_functional.owl,141116294,248865819,389982113
approximated_bb75e978-f1e4-450c-8e5f-dfdec6c93fb4_complex2.0.owl_functional.owl,18174753,31681932,49856685
approximated_56d2c5d4-3df1-4d9a-b742-7a53b8fe0607_nservation.owl_functional.owl,146040244,226779729,372819973
approximated_1576cad1-5f7e-4444-add2-3f8eca588c9c_serv.owl_functional.owl,11779557,6685868,18465425
approximated_a58fe998-2df2-426b-b54b-cafd7db29737_stateTime.owl_functional.owl,136837825,213358476,350196301
approximated_11317127-8ac1-41b8-9a8e-21c7db7429e7_bonic_acid.ttl_functional.owl,16895647,3771014,20666661
approximated_16ecf50c-8c60-446a-a6a6-f3912411d6c7_meGeologic.owl_functional.owl,44494508,22694521,67189029
approximated_4885ca19-899e-4531-af0b-98d610760fcb_musictest.owl_functional.owl,9343678,3267918,12611596
approximated_4e140e29-50ab-41f1-8bfa-71b708fcce77_dtn.owl_functional.owl,14176205,7182060,21358265
approximated_3bb52e64-f92e-42a3-b154-a36b5e516a15_Teacake.rdf_functional.owl,15501539,3775333,19276872
approximated_ab36ddde-328d-48cf-b1b7-da4fbeb7d64b_matrMineral.owl_functional.owl,136154034,213804709,349958743
approximated_369384e5-4f35-44d3-9c81-92d48a551387_t_detector.ttl_functional.owl,15808644,3750288,19558932
approximated_1451076a-7d20-4f5d-92ca-792370f38d10_Thyratron.rdf_functional.owl,10868175,3789964,14658139
approximated_00464.owl_functional.owl,18505406,13229789,31735195
lhn.loggerhead-nesting-ontology.2.owl.xml_functional.owl,19132217,17367656,36499873
21b33d6a-7b2a-422f-b918-cd3226fe9a74_NIFMolecule.owl_functional.owl,365700780,681475394,1047176174
approximated_d10849c1-e461-4c7b-af5c-9e7a2e71329f_sous_Abbey.ttl_functional.owl,21540015,4080579,25620594
approximated_40ac5328-6169-4ee6-8ef0-ba1ec4fb8d3e_munication.owl_functional.owl,12388017,7963990,20352007
approximated_d32dad88-4b33-4139-a5c7-ee4485d7f804_sal_Server.rdf_functional.owl,14211301,4109721,18321022
approximated_51cbcb0c-bc52-48d7-9c7c-658ee96c04be_Sour_Punch.rdf_functional.owl,17244969,3794558,21039527
6ef69223-ca60-4e84-9f06-3fb1117dc96a_lArtsEvent.owl_functional.owl,11833311,957351,12790662
approximated_9fa5de7c-50d3-4221-977b-77cf8f88e24c_DQontology3.owl_functional.owl,16706306,4129347,20835653
approximated_7b289877-3704-4d4f-9f2f-3aa73a2727cb_on_concept.owl_functional.owl,11306461,5616931,16923392
approximated_8170869f-e4be-46f0-9415-205a7c9b8d21_atmoWave.owl_functional.owl,103747414,204945351,308692765
approximated_e9e931e7-a391-48f8-857d-8f00afcda58d_ry_storage.rdf_functional.owl,14343059,3810223,18153282
approximated_1c0f3396-eb17-4207-8316-211c7ada48d0_Hatstand.ttl_functional.owl,12336176,3786168,16122344
40c33261-65fb-42b0-b39a-3e601e821744_onto.rdf_functional.owl,17173682,631928,17805610
approximated_925c6d6a-d8d5-459e-92a8-2768bcca5793_portal2.owl_functional.owl,15244892,3798612,19043504
approximated_34cb27d2-b73c-4192-9edd-e351e44e2ace_Kassler.ttl_functional.owl,10150208,3728096,13878304
approximated_ad2ddae1-1408-41ed-900a-34ee0c82fa5a_PA7200.rdf_functional.owl,14307863,3725653,18033516
approximated_27f12a7e-0d1d-4297-889e-63960ed3f375_Luchows.ttl_functional.owl,17610242,3920196,21530438
approximated_5d2b9832-d9b9-4d43-a7b6-6bf55dc71c49_phenSystem.owl_functional.owl,160101247,239133893,399235140
approximated_dermlex.dermatology-lexicon.4.owl.xml_functional.owl,309272835,335516134,644788969
approximated_1b7eceb2-0f3c-4424-a9a1-66897ec01f80_rosetta.owl_functional.owl,11528282,5506907,17035189
approximated_cf6ecb01-eae6-4e9f-a5d2-5b079fb1df22_opFraction.owl_functional.owl,133651359,216786745,350438104
approximated_44099301-0119-49b3-954d-a16e02101154_aco.owl_functional.owl,16687355,8085979,24773334
8bb52e11-6781-4057-b205-99c8f936b658_protlabels.owl_functional.owl,459919390,1304733972,1764653362
approximated_244eae00-749c-4222-9cde-0df767c3691f_wmsAll.owl_functional.owl,18082849,5031067,23113916
4cc694e0-4438-4338-b44e-76a73ac4dcec_dontology.rdfs_functional.owl,20535858,11837687,32373545
approximated_d79bd96c-a025-41d0-ab6a-97f127e1f878_adjustlighting_functional.owl,20039150,8550021,28589171
approximated_0745991e-1c33-4117-bff0-da28063e540d_Vest.rdf_functional.owl,14387579,3859561,18247140
approximated_kb-owl-syntax-unraveled-depth-3-km-relevant-cardinalities-triggers-constant-classes-value-nominals.ofn_functional.owl,374759517,938398337,1313157854
approximated_a6715b0a-493f-4725-a279-9fc6165a0f95_ty_service.rdf_functional.owl,18214582,3696398,21910980
636b2d5e-c136-4af2-84d6-f0ccabe86bd2_EbGdrcN5Y29ycA_functional.owl,8890525,1094316,9984841
approximated_88e50cfb-6c3b-4b8b-a7f1-d3f9bb63c750_tiger.owl_functional.owl,17842181,9009758,26851939
approximated_3b41d61f-2eed-492e-b116-6ae06c543520_astic_worm.rdf_functional.owl,14091246,3663405,17754651
approximated_ce90511b-f5fc-4443-973f-0480713acde4_risdiction.owl_functional.owl,131691244,216350023,348041267
approximated_4d2558d2-5baf-4902-891b-1d97481fce85_wine.owl_functional.owl,36225117,17299548,53524665
approximated_01412b45-9f6a-40bf-bf89-603b7566cfb4_edas.owl_functional.owl,41449062,9763800,51212862
approximated_84d573d9-2ee3-4520-b4c8-dce7db6e0fce_onto.rdf_functional.owl,14149285,5181232,19330517
approximated_163998b5-bf03-4ae2-b9c6-dbbd403bcacb_ero.owl_functional.owl,63986679,148813408,212800087
760c2417-5b65-498a-9fc8-bfa1e44c69cf_SUMO.owl_functional.owl,77159566,39554290,116713856
approximated_e8dc5b73-c9fd-46d2-a08c-2c635303d104_DO_XP_ALL_functional.owl,427758087,1320706986,1748465073
approximated_1bc1994e-8f01-4309-aacf-0a2913352aad_rge_cheese.rdf_functional.owl,87322542,3766467,91089009
approximated_e598a55b-6996-44c7-b414-1437b4ce8f5c_eanCoastal.owl_functional.owl,247983110,248853178,496836288
approximated_b562a442-aee0-4cd0-a0c7-bb2a69eeee8e_tmoWeather.owl_functional.owl,149964351,252769041,402733392
approximated_bda18463-f8a3-450e-82db-485d33657af2_oceanIce.owl_functional.owl,79610142,173804543,253414685
approximated_06b62081-f061-4346-880c-f38e9750d0ca_Apple_cider.rdf_functional.owl,10221685,4586757,14808442
approximated_66baba2d-3377-4e4b-ad61-ed4f5a0d160e_erted_sink.rdf_functional.owl,12640196,4013871,16654067
18b91e23-49c5-4ee6-b957-c4255e297bbd_emap.owl2_functional.owl,410028906,869775543,1279804449
approximated_cb19da73-046f-4468-9938-32ff459d2d59_odSystems.owl_functional.owl,24722925,21951351,46674276
74e5eade-f493-4aa5-a044-607514c0eb88_orieBlC3A4tter_functional.owl,11744466,925478,12669944
approximated_c043b01d-fb5e-47f3-b8ac-9401fc584b99_onto.rdf_functional.owl,13460456,4856588,18317044
approximated_70c87d19-766d-4619-97cd-2f2ba52c0c60_mer_Klaben.rdf_functional.owl,16666281,3910529,20576810
approximated_00469.owl_functional.owl,28867324,46158696,75026020
approximated_obi.ontology-for-biomedical-investigations.22.owl.xml_functional.owl,120498346,266730365,387228711
approximated_kb-owl-syntax-coreference-IDs-km-relevant-cardinalities-constant-classes-relation-axioms-value-nominals.ofn_functional.owl,610965132,1777926318,2388891450
238ad874-dd36-443a-bf65-5f27296d0e68_Band.owl_functional.owl,99568447,2952978,102521425
approximated_51127172-1828-4caf-8200-5302432dae0c_ubset_prok.owl_functional.owl,520086563,801938303,1322024866
approximated_04927f8b-da41-4bec-a844-161ec7eef9aa_landGlacial.owl_functional.owl,130834196,144220416,275054612
00309.owl_functional.owl,12659324,4183544,16842868
approximated_29014bac-5c90-4dc4-a1ac-217673881d38_propCount.owl_functional.owl,133389962,246699452,380089414
approximated_kb-owl-syntax-coreference-IDs-relation-axioms.ofn_functional.owl,600633064,1688172736,2288805800
approximated_2e193642-44c2-4968-b048-34b5d55bdaaf_complex1.1.owl_functional.owl,13920917,6316774,20237691
approximated_18316526-0ae0-4fd0-8c26-e7d10808e86e_Morlacco.rdf_functional.owl,11627296,3887128,15514424
approximated_00648.owl_functional.owl,13293760,11178379,24472139
approximated_33bc7729-a6f1-4f7b-b867-00de0d2c899f_a_20110204.owl_functional.owl,2539780834,243409537,2783190371
approximated_a14f22f4-3de1-411d-b8f0-503dcafd71f0_BridgeOpen.owl_functional.owl,18756831,6456650,25213481
approximated_abac0e8d-6247-46f4-9d48-c8e314a5b16d_trCompound.owl_functional.owl,162213938,206363614,368577552
approximated_kb-owl-syntax-unraveled-depth-1-cardinalities-triggers-constant-classes-value-classes.ofn_functional.owl,467214500,1163927953,1631142453
approximated_kb-owl-syntax-unraveled-depth-3-km-relevant-cardinalities-disjointness-triggers.ofn_functional.owl,599637758,1381982674,1981620432
55ae0256-c547-40f2-b70f-432ac4241bb6_tology_ext.obo_functional.owl,1990922456,4733196673,6724119129
approximated_46bab67e-980c-4b7c-9f36-5fb084b6ec3c_Soup.ttl_functional.owl,11958787,3950757,15909544
3c64b8b5-cfa5-404f-b020-a6187f04b2e3_o.obo.PREVIOUS_functional.owl,110248744,93201564,203450308
approximated_904888d7-105a-40af-ac10-ce07ded9e2ae_food.owl_functional.owl,13550829,3834760,17385589
approximated_64a2891f-93b3-47b1-b673-3fc398832a52_operiodism.ttl_functional.owl,14778003,3712798,18490801
approximated_8b04a315-5089-4e8a-8b80-a44383b0f692_ch_grinder.ttl_functional.owl,17383371,3788576,21171947
1679abf2-c813-4b90-980e-6a77581b5f05_y.obo.PREVIOUS_functional.owl,121279205,350607237,471886442
approximated_kb-owl-syntax-unraveled-depth-2-disjointness-constant-classes-value-nominals.ofn_functional.owl,738091201,1539977952,2278069153
approximated_e70a3c3e-98c2-43a3-8ff2-931406a2d7fd_tambisfull.owl_functional.owl,38843796,31253600,70097396
approximated_kb-owl-syntax-unraveled-depth-2-cardinalities-constant-classes-relation-axioms-value-nominals.ofn_functional.owl,436847702,1064497736,1501345438
approximated_06898d74-7958-4cba-9ea8-eb7160d0cc74_Sirene.rdf_functional.owl,15644411,3790891,19435302
approximated_90d6d65e-d1d3-457b-bdef-8c5a2f8ee290_Atom.old.rdf_functional.owl,18308258,6700789,25009047
4c7bbfe9-dfbe-4929-ab48-45af8360ab0b_icFestival.owl_functional.owl,14711158,2159465,16870623
approximated_6e0b00fa-b300-406e-b3ee-1cc2a5a9cef2_FN1.47.owl_functional.owl,19517805,8108631,27626436
approximated_adc604e1-f267-443a-b321-b4539d798d8c_contextbroker_functional.owl,17238697,8782590,26021287
approximated_89c9ebdc-fb33-4d26-b2be-a15df719e2a4_rinustaxon.owl_functional.owl,397355537,748208055,1145563592
approximated_bacc7c4b-df00-49bb-9ef9-cc87463473d5_SAOcell.owl_functional.owl,36913792,48534212,85448004
approximated_00498.owl_functional.owl,271218645,490100886,761319531
f1a3c515-1707-4b21-80c0-0d078168e977_atomy_edit.obo_functional.owl,128607025,257506842,386113867
approximated_217259de-011b-4d2e-a58f-918e6d85f651_Environment.owl_functional.owl,101295001,15378974,116673975
kb-owl-syntax-unraveled-depth-0-km-relevant-cardinalities-disjointness-constant-classes-value-nominals.ofn_functional.owl,442350448,406480113,848830561
approximated_10baab1b-71cc-4a72-9269-8553f14af898_seegeoonto.ttl_functional.owl,23669480,7996929,31666409
approximated_a20ae2a2-58b9-4fb9-be1d-040e898ce444_gdbowlizer.owl_functional.owl,99499111,11385113,110884224
ae629bff-dc93-4b7c-8076-86454be56fe8_ACMCSS.owl_functional.owl,31547851,71208342,102756193
approximated_03e24645-993e-42b9-a052-65bcc4012e78_Garden_fork.rdf_functional.owl,18045450,4006133,22051583
1938ecb9-0963-4edc-9ee5-ea7981473ee2_NIFCell_1.owl_functional.owl,14602719,13564603,28167322
approximated_ba6cd3a7-6967-4412-b4d0-417415236a8c_IDSW.owl_functional.owl,18782408,3097194,21879602
approximated_545cf85b-267f-4ca7-8bd2-80f8282da824_8456544745.rdf_functional.owl,13868758,2421272,16290030
022cbd0a-7c5f-49a5-b294-80c3e4859d7d_classified.owl_functional.owl,19389940,14410650,33800590
approximated_1ccc6df9-c6b7-44e3-aba3-03f883e3caa8_munication.owl_functional.owl,47176206,8253020,55429226
approximated_ab800909-4401-499f-997b-391fe37a5b13_flu.obo_functional.owl,17218457,9699935,26918392
mixscv.minimal-information-about-any-sequence-mixs-controlled-vocabularies.2.owl.xml_functional.owl,14359798,25569687,39929485
approximated_7758d0f1-6464-4c4e-9a46-1e61e858bb98_swrcfoafmap.owl_functional.owl,18536900,5592530,24129430
approximated_9476f0a8-4abf-43c1-99ef-858e9c621d1f_G_voagv1.0.ttl_functional.owl,21612690,7310702,28923392
approximated_c578193c-b98a-49d0-a436-258b161963ed_DP1.30.owl_functional.owl,22768246,3659674,26427920
approximated_4ec0f112-3241-4f26-993c-87edea45082d_le_strudel.rdf_functional.owl,13962395,3860869,17823264
122f4451-34db-41f5-a4c9-724ac4a23a01_vario.obo_functional.owl,19392344,18892791,38285135
c2879801-42bd-4f8b-93c3-c44ff0b20468_cell.owl_functional.owl,29250641,62701565,91952206
approximated_216c691c-d693-4977-90cd-340e24799c94_Pacific_cod.ttl_functional.owl,10877353,4010774,14888127
approximated_cf8c4998-b83e-482c-ba9a-00dfb5e7b7f3_chemtop.owl_functional.owl,11160542,9842653,21003195
ddanat.dictyostelium-discoideum-anatomy-ontology.9.owl.xml_functional.owl,25405432,17230877,42636309
approximated_160a250e-eb8c-47d2-9809-f399e8f1f132_C3A5rdsost.rdf_functional.owl,18464226,3898208,22362434
approximated_4fa537c8-8aed-453f-9fdd-89a20d1788ec_o_14_01_10.owl_functional.owl,1127869332,3133636236,4261505568
96477e87-707d-478c-8ab2-2424b966ea8d_Software.owl_functional.owl,25102083,2177595,27279678
approximated_a7b84460-303f-454d-b871-c36870d066ce_DataFormat.owl_functional.owl,138312071,215220918,353532989
approximated_061ac8ca-5542-4610-ad64-0b21975d6fe4_enotype_xp.obo_functional.owl,399525695,837678405,1237204100
c35a3853-fc90-4435-b307-7c34619352c6__xp_chebi.owl2_functional.owl,195230376,91104126,286334502
approximated_4890d7d4-03fc-4519-93bc-e0c2fc43508a_lipid.owl_functional.owl,41506586,62134173,103640759
approximated_kb-owl-syntax-unraveled-depth-2-cardinalities.ofn_functional.owl,410881935,1034052872,1444934807
approximated_58939b72-705c-4f17-a16c-a13809d3fda3_Froe.rdf_functional.owl,14043964,3766315,17810279
approximated_029636af-7784-43b6-9aed-0a46929d5f53_roundwater.owl_functional.owl,99454409,210535712,309990121
approximated_48ffb53c-c500-4714-9fc4-8f0b41a29769_op.owl_functional.owl,21755508,15734871,37490379
approximated_c6884822-5750-4a40-8138-231908bad405_emperature.owl_functional.owl,141502247,209005409,350507656
approximated_00517.owl_functional.owl,275192709,570153894,845346603
8853fd0d-e8a1-4973-a1ae-42437e3f18ac_lackPepper.owl_functional.owl,28354386,2317584,30671970
approximated_fed53520-b638-4f9e-b9df-bcf918ceaeb3_RoleImpact.owl_functional.owl,170654966,248491220,419146186
9bf562f2-96ef-4a59-9617-371c1d90a0c8_gallustype.owl_functional.owl,356352630,992523513,1348876143
5ecc49ab-8dae-4405-aaa7-f884198967d9_i.obo.PREVIOUS_functional.owl,373969512,176888449,550857961
approximated_tok.terminological-and-ontological-knowledge-resources-ontology.3.owl.xml_functional.owl,15280029,12388526,27668555
approximated_0144510c-ba33-4385-9af3-74c8c08e94f5_onto.rdf_functional.owl,13276600,5167440,18444040
approximated_1d52231a-9360-459b-97e4-3bfe6f280fe8_Fish_trap.rdf_functional.owl,18371600,3844923,22216523
93c61f02-2394-4933-9167-2e92b91ff37b_fbdvsimple.obo_functional.owl,20118435,31461234,51579669
approximated_da419394-a064-4d26-a6ba-cc48705024ed_ies200512a.owl_functional.owl,22992023,16267514,39259537
4ba3036f-b716-4a28-aede-bbb8664be733_behavior.obo_functional.owl,29429513,61846574,91276087
approximated_f8a9cd27-16f5-46b9-b9fb-78d042dd2847_b_skeleton.rdf_functional.owl,20442253,17175494,37617747
a96e1d00-adf5-4a63-8a01-71a58a5f9878_onto.rdf_functional.owl,9095556,1907837,11003393
approximated_3b37c5aa-32d9-4651-b279-7721c603eb92_Statistics.owl_functional.owl,131025170,214417714,345442884
approximated_3a432069-4634-4322-a23b-9e4830ee4115_g_pipeline.rdf_functional.owl,12949403,3938420,16887823
approximated_0e89c1ff-a8fc-4512-9173-e8338e414178_wl.co.hasoneof_functional.owl,28156862,12272803,40429665
approximated_c65d659f-57ce-4e92-9826-b11a4f9ba0ac_swpatho1.owl_functional.owl,52832721,91175482,144008203
approximated_12b64ea0-1c6b-41ae-883e-0bc5d7cc01b6_ale_cheese.ttl_functional.owl,14282754,4049799,18332553
approximated_88a924c7-ffbd-4dc5-bd9f-0292b312c4f4_stanford.owl_functional.owl,13638584,3765823,17404407
approximated_7be878f0-bbd7-495e-9af3-6f9f1fc4de3f_cephedit.owl_functional.owl,58899753,123386975,182286728
approximated_81f73e92-981d-4ee9-8709-a094eb3844de_onto.rdf_functional.owl,17051109,5133233,22184342
approximated_5839eb82-206b-4404-915c-5eb82c2992f5_susalink.rdf_functional.owl,34832048,63197421,98029469
approximated_4548f22e-56a9-4e79-8ea1-6b29f8211a25_onto.rdf_functional.owl,10313136,5228827,15541963
a20d67df-8db5-4288-9101-33b7a441af1c_matsimple.obo_functional.owl,21868202,26859654,48727856
approximated_a9914662-abf1-46e3-8f26-ba2fbdadab8b_aise_sauce.ttl_functional.owl,15002241,3775787,18778028
approximated_561c8474-1402-4e5e-bcae-59a521273367_cientifico.owl_functional.owl,14312676,9627407,23940083
approximated_4fb548cc-3465-4f90-a357-832b8e7c4ef2_ntic_Web_topic_functional.owl,17987987,7055811,25043798
approximated_11deb920-e7a2-46a6-8163-a3436e668c46_russiaD.owl_functional.owl,19618432,7892794,27511226
approximated_8a49c902-7dc2-4119-a7c1-31f4fd12dd73_reriotaxon.owl_functional.owl,1013760258,1852157439,2865917697
approximated_ccddac71-490e-457e-80e1-ff9d2542b9c5_ontology.owl_functional.owl,211096300,54898528,265994828
approximated_00356.owl_functional.owl,84105770,187054202,271159972
b332ce63-64e4-4fca-a7af-8db76bfd1f47_osimplegaf.owl_functional.owl,2003985407,4108017663,6112003070
approximated_d1f5b50d-a1b1-4a50-8451-c39cb5a67cdd_ecue_grill.ttl_functional.owl,17150544,3743428,20893972
approximated_8d0e676a-0e8d-433f-ad7d-e23ecb81faef_alMolecule.owl_functional.owl,167526546,208355002,375881548
2d09369e-392a-4ef2-a7c9-28334cbdc6f8_ddex.owl_functional.owl,39333601,49688656,89022257
approximated_46320544-5478-4ffa-83be-24503528dab9_tibet.owl_functional.owl,17690436,7928015,25618451
8064ae6e-3f15-44f2-9a15-82f154b0b4fc__pathology.obo_functional.owl,19265127,38090727,57355854
660a2d00-2683-40f4-93a4-df657353cd49_beequivmod.owl_functional.owl,249418787,187894585,437313372
8e76c14b-3245-4e4f-bc59-12fc6a62f168_ballPlayer.owl_functional.owl,21912719,2414067,24326786
approximated_897c3967-7f86-445b-901e-a28a1061f791_crimeall.owl_functional.owl,29270341,12614875,41885216
approximated_80b5734f-e9df-486c-9af0-360728072d04_Biological.owl_functional.owl,128656603,212763022,341419625
approximated_gexo.gene-expression-ontology.3.owl.xml_functional.owl,17545134593,1.71923E+11,1.89468E+11
365543b3-7c4e-4296-93f7-c44ac5c9f163_Beverage.owl_functional.owl,18182976,1997342,20180318
approximated_syn.sage-bionetworks-synapse-ontology.3.owl.xml_functional.owl,349655092,855813205,1205468297
approximated_b5c1f0ec-1786-41c9-93b8-104c0d7df3cd_Knackwurst.ttl_functional.owl,17166839,3685509,20852348
approximated_c7bec731-338c-4814-9619-7ad78b7d6272_enceSystem.owl_functional.owl,138895305,216305818,355201123
423c2a42-4cbf-467e-b2b5-ec345a19e8b8_flanzenatlas_W_functional.owl,13739894,764145,14504039
approximated_f138fe99-5d07-4230-94ff-87c79e794fc1_odWorkflows.owl_functional.owl,49534566,60285235,109819801
approximated_00764.owl_functional.owl,1448438939,3978768189,5427207128
approximated_28d340c7-b92c-408b-b634-4aa891a5e833_hing_float.ttl_functional.owl,15408265,3839398,19247663
approximated_68727015-75a6-471a-97fa-815490c65d8e_SLACKSed.owl_functional.owl,19634108,14783417,34417525
approximated_7aa8ae86-c859-4d80-b127-c5ab59dd8870_PaulFisher.rdf_functional.owl,12429166,3009535,15438701
approximated_icf.international-classification-of-functioning-disability-and-health.3.owl.xml_functional.owl,133346571,105454238,238800809
approximated_onl-dp.dataset-processing.1.owl.xml_functional.owl,46609751,53881154,100490905
approximated_7c151c7b-acfc-4cc9-b34c-ab54bf5d42b6_Tshirt.ttl_functional.owl,19695118,4986217,24681335
approximated_21d7bd7e-df34-4706-a3ae-0a21640d10cf_Database.ttl_functional.owl,16950594,3766771,20717365
approximated_0ce43e11-7c00-4efb-9e91-6e46c74562d5_Chura_kampo.rdf_functional.owl,13996120,4056782,18052902
approximated_850a3d66-6b2e-4093-ae2f-1670a7aa88e5_wines.owl_functional.owl,19399028,2990416,22389444
approximated_997abf3f-ccf0-4b24-86bd-f2ab13e2340f_enna_bread.rdf_functional.owl,15690496,3774359,19464855
approximated_ffb25aa0-b666-470d-877c-991a84b64b31_Assessment.owl_functional.owl,72814717,145478749,218293466
approximated_ontodt.ontology-of-general-purpose-datatypes.2.owl.xml_functional.owl,24679907,21465239,46145146
approximated_98057e8f-e66a-4535-b551-5189f30cbbc1_Computer.rdf_functional.owl,10334674,3904287,14238961
approximated_57492819-32d5-4a87-9b52-18e560803929_tibetlink.rdf_functional.owl,33619833,59595150,93214983
approximated_fb785d84-1c83-42e2-88f4-2e17a2534321_COSMOtop737.owl_functional.owl,324832074,557007017,881839091
approximated_3b719436-1d24-44f4-a745-1db38a42fd00_lack_dress.rdf_functional.owl,16628017,3678973,20306990
approximated_60d724ea-faf6-4086-a0dd-52e7dcb2d5ac_iabibixmod.owl_functional.owl,14551290,4571407,19122697
approximated_1911ef68-a79d-4be7-a2ca-96ab2e0eb63a_Radiator.ttl_functional.owl,9955627,3700121,13655748
approximated_325c071f-d3da-412a-ad34-7dda52fb6fdf_me_plaster.rdf_functional.owl,10782944,3757570,14540514
approximated_2a98e8ee-da83-4f98-a31f-0f0d004b59a9_nce_device.rdf_functional.owl,13001574,3698583,16700157
approximated_590948cf-ed20-40d0-8ab9-34dafd047f6e_ad_Company.rdf_functional.owl,18113606,3660843,21774449
approximated_8a0f3776-a145-498d-bff7-015edd0be169_ongkhalink.rdf_functional.owl,34212420,56539086,90751506
approximated_543bfb50-32c0-48dc-aafe-fc1108656fa4_rd_scraper.rdf_functional.owl,13106463,3856436,16962899
approximated_122d8dcf-7c3a-4b7c-86c2-1a6a2fba58d4_Microbiota.owl_functional.owl,179770105,206616145,386386250
8f1b07f9-eb69-469b-8028-ad1dd938088d_icalArtist.owl_functional.owl,27293833,3087090,30380923
approximated_6a95ec26-3b7f-4de9-ab20-2cda9d85ea54_thday_cake.ttl_functional.owl,15184572,3929917,19114489
approximated_9c44339e-f0bf-4e88-9860-618ee51262e7_Cerveau.owl_functional.owl,52759432,8022101,60781533
34dde4d5-c21b-4eee-81f2-cba77445b687_icalobject.owl_functional.owl,22104794,29326700,51431494
approximated_a49d4cea-08a9-4ed9-a108-97f2e7304102_ansportAir.owl_functional.owl,98803446,208396301,307199747
52d95ca9-bd27-4362-9711-3ec583ba250c_egenechrom.owl_functional.owl,208784409,402214624,610999033
approximated_7241c10b-f5c8-49a8-8863-6030de42cebc_to.owl_functional.owl,27231884,57149442,84381326
214c56b4-f152-4744-ab3c-c5ddd03371b8_e_ontology.obo_functional.owl,16711970,11569059,28281029
approximated_ecb4979b-478a-4e63-ab3f-05a121216418_Boat.rdf_functional.owl,9454667,3801745,13256412
ade84140-dcaa-4a24-bc20-4ed2200899b2_nt_anatomy.owl_functional.owl,17884152,3493004,21377156
0031e842-675f-4d7f-bc0c-0483801ad743_umls.owl_functional.owl,16638093,6511155,23149248
approximated_b73f31df-439c-460a-9630-bb257cdbb292_umentation.owl_functional.owl,22588810,16311623,38900433
approximated_389c090e-0ce3-4e64-955c-baac4802fb14_TRIAC.ttl_functional.owl,15579385,6448614,22027999
approximated_00760.owl_functional.owl,5335641723,12075034041,17410675764
approximated_71bd0ed1-2548-402a-9dfb-40afb1811c80_CNR.owl_functional.owl,11837912,4713554,16551466
approximated_fcb898ec-b2ad-4892-a303-86e5aca440d8_phenElecMag.owl_functional.owl,133728018,214346452,348074470
approximated_34149e5f-89c5-40bc-a9e4-f8e30b9558a1_rola_68030.ttl_functional.owl,14457111,3810452,18267563
b3685c5c-757d-49f8-8998-81511504d207_usgeneview.owl_functional.owl,17904710061,60048627872,77953337933
approximated_298ecb64-cdf6-4505-996d-4a7eef7d676a_Oltermanni.rdf_functional.owl,13247347,3881503,17128850
approximated_0b37300d-a741-4bed-996b-0ee6df83ad07_lifecycle.owl_functional.owl,19671684,1329343,21001027
approximated_18fee752-ff6b-462f-ae14-e3846cf412d2_COSMOtop983.owl_functional.owl,481935288,824151549,1306086837
approximated_8be77dce-71a2-4f02-a444-5c90ade52084_2_5_0_1_TQ.owl_functional.owl,23830567,21907263,45737830
approximated_fe3db66c-4163-465f-afe7-4d168f2dd861_rniture_v1.owl_functional.owl,19479914,19065434,38545348
approximated_bro.biomedical-resource-ontology.14.owl.xml_functional.owl,18784213,25778533,44562746
approximated_04d834ea-d416-4f0d-a705-78adb0b75817_phenEnergy.owl_functional.owl,141452499,228603929,370056428
approximated_9c5f4410-3b19-4b47-ace0-72afa39ed36d_Cointreau.ttl_functional.owl,14983448,3715377,18698825
92ec21ac-3051-4ac8-8837-9748de1e1f0e_onto.rdf_functional.owl,11077691,1834365,12912056
approximated_935b0af2-72f6-45f7-8ad7-88f1da6f26e7_bibo.n3_functional.owl,10987489,5532565,16520054
approximated_cf9aef34-ad4b-4335-b802-a83cac432b7c_NLexOBOUBO.owl_functional.owl,76297917,159916584,236214501
approximated_bd3461c9-776e-40b8-bad0-4e27168ab016_hOperation.owl_functional.owl,139930648,248182727,388113375
approximated_90c541f4-53a9-49ce-b6f2-8cce1ee27c35_factbookont.owl_functional.owl,11210621,7004711,18215332
approximated_ctcae.common-terminology-criteria-for-adverse-events.2.owl.xml_functional.owl,101016080,200906807,301922887
d879ee42-d275-467f-b52a-3861b608efef_o.obo.PREVIOUS_functional.owl,29862703,66976084,96838787
approximated_632f787d-efc4-4bc3-bbf7-8da67ffb5243_Bndictine.rdf_functional.owl,17239098,3683999,20923097
approximated_61b78353-a18a-4013-9605-e4dddf01b04a_tric_motor.ttl_functional.owl,13742587,3693690,17436277
approximated_898618e5-5896-4f35-a66f-19db0e94fa28_mergedtbox.owl_functional.owl,5550854450,14352460369,19903314819
approximated_7c6e5af5-2a85-4aff-b90b-52234f0107b5_MO_spatial.owl_functional.owl,17482998,16176874,33659872
approximated_19c96939-b7eb-420c-b1be-4a587bcb5e10_dtn.owl_functional.owl,11533083,7537372,19070455
approximated_0622306d-b199-46cf-a6da-daded8927136_PaulFisher.rdf_functional.owl,12361868,3050531,15412399
approximated_a7c202ca-1cdb-4ab8-8b56-aace7131e62c_ttage_loaf.rdf_functional.owl,15745893,3980067,19725960
approximated_6889341f-923d-4952-8f99-169cd957a495_RAMrdf.owl_functional.owl,46509736,6425415,52935151
96a48f6d-4853-49ee-a9d5-989f15421346_Colour.owl_functional.owl,16994394,1758075,18752469
approximated_0b3dc70b-705f-472b-8ade-920411b2b37d_matrIsotope.owl_functional.owl,259687616,243619434,503307050
approximated_kb-owl-syntax-unraveled-depth-1-cardinalities-disjointness-triggers-constant-classes-relation-axioms-value-nominals.ofn_functional.owl,764412960,1745513713,2509926673
approximated_03c3aa03-aae4-403c-bddf-8ed35ceaf29d_furniture.owl_functional.owl,23007937,21784584,44792521
approximated_bef8e5c6-0100-4eaa-8a53-ed0f4f9a22e2_Pinch_valve.rdf_functional.owl,10558195,4213862,14772057
approximated_1826e870-3854-44e4-8447-5b885042b434_ingContext.owl_functional.owl,16422415,5546622,21969037
approximated_USDA_sr25_NF0_25.owl_functional.owl,195133621,67174593,262308214
approximated_e751bc98-f19d-4781-bb1f-72b9351a597b_algorithms.owl_functional.owl,35462028,52582024,88044052
approximated_17faf5d1-363f-4864-b379-db9202469345_storage.owl_functional.owl,19098984,16960892,36059876
0441386e-7bc3-4e91-8ca3-4fe712bfe748_idomal.obo_functional.owl,116949425,172462545,289411970
approximated_82a41ef0-276b-4211-ae30-5967a9c8f677_Amiga_4000.ttl_functional.owl,18539587,3672642,22212229
approximated_kb-owl-syntax-coreference-IDs-km-relevant-cardinalities-disjointness.ofn_functional.owl,835292519,2174114338,3009406857
approximated_4b3e1426-4dad-42f7-b027-d23aefd71d0e_time.owl_functional.owl,8611931,1019595,9631526
approximated_c090672a-8c6f-4cd9-bfd9-00ea4322bb21_matrIsotope.owl_functional.owl,128865036,212573586,341438622
1d4c57b7-cbfb-4332-a588-7bc6c1544119_imitive1.0.owl_functional.owl,103170882,247806976,350977858
approximated_94f3dd07-1c32-4e01-9b6b-d2be29eb26b4_postcode.owl_functional.owl,11793237,6839150,18632387
f1c4f89c-8ac6-4acb-83f7-d9c5a3900e87_pienschrom.owl_functional.owl,13029402,11224595,24253997
approximated_23a49a22-4c0a-484b-a628-9306e13fe4cd_Burren_Gold.rdf_functional.owl,11556021,3650048,15206069
approximated_b69fead2-839f-4fae-b0e2-774fdaa13ce1_anMassFlux.owl_functional.owl,133206757,213683006,346889763
approximated_804b369f-eca4-4d92-b778-473c60d2317e_reprSciLaw.owl_functional.owl,133459521,216712527,350172048
approximated_517b9add-aee0-43e3-a624-116a470298a8_otrochozoa.rdf_functional.owl,15143214,3681802,18825016
approximated_346152e4-2806-4d3b-b43c-f2bdec34a25b_eDirection.owl_functional.owl,136373780,216324446,352698226
approximated_a3efc75d-1f08-4fec-aec8-fbe70bfaa5f2_em2bio2rdf.owl_functional.owl,13854902,7324713,21179615
approximated_00336.owl_functional.owl,11567844,6066171,17634015
approximated_4c28c1d4-69dc-48b1-9236-d90814e068f5_icipatemeeting_functional.owl,18401044,9551477,27952521
approximated_580730a0-501d-442c-8b93-76a95f8d624b_Billhook.ttl_functional.owl,10799691,3764967,14564658
approximated_0866c3a3-ace4-475b-8058-cc81c65201dd_orialstep2.owl_functional.owl,15205577,7639875,22845452
approximated_04af3725-ca94-4600-a682-c7b32fa0d575_hOperation.owl_functional.owl,138118554,213239817,351358371
approximated_ec617de2-7fac-4d03-b9af-dcceb8ba9c94_nstability.owl_functional.owl,141626724,250307168,391933892
b1255558-9e5c-4861-9122-b734d01cde9c_psimi25.obo_functional.owl,32447289,64089286,96536575
approximated_24d58118-70ef-4a73-9019-c7d9495d645e_ipronto.owl_functional.owl,15641542,7565382,23206924
approximated_c957f70a-b19f-4e0b-a371-a9d1b1bf4310_odProjects.owl_functional.owl,15675528,11712288,27387816
approximated_fhho.family-health-history-ontology.1.owl.xml_functional.owl,30274602,23813102,54087704
approximated_dea8a805-1870-4776-9d3c-6539e9863180_ssnenergy.owl_functional.owl,87488693,38712307,126201000
approximated_356a0e9a-204f-48c9-9450-e7a7525ef9f3_brokercomm_functional.owl,18753049,11158795,29911844
approximated_2038c0b7-8c15-4c5b-817e-8d456d941e5e_roughtest.owl_functional.owl,13002287,1934113,14936400
approximated_4b0c067a-5040-4b63-b6f1-6224f35886d3_Emery_cloth.ttl_functional.owl,15356992,3644507,19001499
approximated_7fc1ca3e-5f93-4945-a2ce-bb3bde545b7e_trait.owl_functional.owl,12356737,5300069,17656806
approximated_d4edaeb8-2c23-43e1-8b37-ab4392fe6272_cation1006.owl_functional.owl,10974900,5061164,16036064
approximated_8bd31808-36c1-47c3-8a86-c4570f46ef9f_ignaspects.owl_functional.owl,64007095,32240192,96247287
approximated_e97846c7-c6ea-4b52-9782-90bc054aba38_CategoryMockup_functional.owl,9968746,1739599,11708345
approximated_34523952-c1a8-4b75-9193-52518fb77f00_Event.rdf_functional.owl,15475947,4327768,19803715
approximated_06262795-6134-4243-b6f9-9ec35645d49c_Seafood.ttl_functional.owl,9726919,3687430,13414349
approximated_00351.owl_functional.owl,14206067,19965780,34171847
83908b3f-ff09-49e4-a85d-dac7f51e3c99_tygmlcodes.owl_functional.owl,47177456,102153185,149330641
approximated_45470f6d-f0f6-4d83-b8a7-c7da11e5091b_ving_watch.ttl_functional.owl,10409784,3929392,14339176
approximated_00118.owl_functional.owl,16751254,3980260,20731514
9b3a149f-14a0-4caf-a98a-7485fc816da9_da.obo.CURRENT_functional.owl,156341278,358796140,515137418
approximated_00391.owl_functional.owl,2354081002,2855480386,5209561388
approximated_814acacf-c501-470c-bd1c-b8d8e76d11aa_elBaseline.owl_functional.owl,12337303,2268966,14606269
862ce18c-7b00-4c72-b690-cb00c77453bf_im_generic.obo_functional.owl,17777324,10701477,28478801
approximated_a7dbd416-d021-45ad-a8d1-fd34fcafa5ad_musAGsmall.owl_functional.owl,13605727,6980736,20586463
dea1d581-0262-4c19-8960-df5132b722d7_Governor.owl_functional.owl,20454173,2281454,22735627
approximated_d28c85ea-fe9d-4f92-9480-525fa55dcde6_onto.rdf_functional.owl,17613996,4999124,22613120
approximated_06ddeeb6-7d97-4bde-9c9c-4566ed618f3c_den_cheese.ttl_functional.owl,16507407,4476057,20983464
approximated_42d4f369-a308-4da9-a39e-7490fbc95b60_ening_gown.ttl_functional.owl,11639891,3708225,15348116
approximated_5e16bb8d-698f-450e-a490-d6125510edaf_nAtmoFront.owl_functional.owl,141434692,214315321,355750013
approximated_adcb2ff8-0271-42aa-a4a6-92d7ead1a2f6_annotations.owl_functional.owl,40138651,11439518,51578169
f3631bd7-265b-4bec-b954-0098e03e5a8b_Song.owl_functional.owl,18649377,1372787,20022164
approximated_071feca2-a248-4370-97da-ff1d0b83c571_logyv0.1.3.owl_functional.owl,19758569,26608061,46366630
approximated_94aa2170-c7be-433f-a094-e630259e88cc_Triplestore.ttl_functional.owl,15787821,10644023,26431844
0b3204d4-768b-4e1f-b8a6-33d629d5ae91_xaosimple.obo_functional.owl,124681110,256339869,381020979
approximated_25cbf8b0-b6b9-4727-b2b6-13a4486bea08_Bonox.rdf_functional.owl,14344216,3790661,18134877
approximated_7b72d914-fa9d-4e42-990a-31fbceeee519_Spinnerbait.rdf_functional.owl,13530887,4002706,17533593
approximated_915e4546-eb2a-4581-8a3d-e6c47864ecb3_event_functional.owl,17655824,12080957,29736781
approximated_ccont.cell-culture-ontology.2.owl.xml_functional.owl,410637728,1203841043,1614478771
approximated_0963a8d5-30f6-4149-b4a1-5c5bd9a770ed_b_applications_functional.owl,12678731,2868375,15547106
44abf405-28c2-40f6-bf5f-ed01b4405bd8_phenotype.owl2_functional.owl,17425799,13942892,31368691
approximated_afa98395-de7c-4ea7-9f75-d5894ec0cb56_Book.rdf_functional.owl,17773359,3707073,21480432
approximated_1b222aef-b11e-47a3-9890-669ac71d7b99_id_airship.ttl_functional.owl,15544282,3718327,19262609
approximated_078e998b-d45d-426e-bd56-cb33f5850404_Compass.rdf_functional.owl,11702568,3751023,15453591
approximated_4db21626-a91f-4181-b0ec-91211d548725_file.owl_functional.owl,40343084,15740472,56083556
approximated_eaf29844-6857-4773-b676-e77a2046a79b_COSMOtop877.owl_functional.owl,424674680,713740839,1138415519
approximated_e1c3c113-501d-450a-b7b8-55723d0c7227_tcodexlink.rdf_functional.owl,40849771,66311493,107161264
approximated_kb-owl-syntax-coreference-IDs-disjointness-triggers-constant-classes-value-nominals.ofn_functional.owl,915024965,2173522871,3088547836
approximated_01c64560-1e76-403a-807d-a0407e63b310_allustaxon.owl_functional.owl,530027733,1082578331,1612606064
fdd9ae77-4904-4899-8473-1229a23860c1_es_merged.rdfs_functional.owl,37756213,19770958,57527171
approximated_kb-owl-syntax-unraveled-depth-3-relation-axioms.ofn_functional.owl,380766121,911549319,1292315440
approximated_9076e49b-3dba-42b2-a988-83e1e559ce4d_prSciModel.owl_functional.owl,142185115,214116164,356301279
approximated_69e5a74b-ac74-41e0-94f0-ad3f3f67c1c0_Keychain.ttl_functional.owl,14111796,3799866,17911662
approximated_a88846e2-4510-4d94-9e73-2f65cb562f20_StarTrek.owl_functional.owl,25172028,6764367,31936395
approximated_3fa72cf6-a731-475a-981f-9e917fd38c68_roo_121016.owl_functional.owl,30710915,28005925,58716840
approximated_1e52e6be-def2-44af-9372-95c92fdff4bf_Hori_hori.rdf_functional.owl,12707680,3981225,16688905
approximated_kb-owl-syntax-unraveled-depth-1-km-relevant-cardinalities-disjointness-triggers-constant-classes-value-nominals.ofn_functional.owl,738647850,1651309730,2389957580
approximated_kb-owl-syntax-unraveled-depth-1-cardinalities-relation-axioms.ofn_functional.owl,459301472,1125566323,1584867795
approximated_045918bf-d81a-4587-836f-a4c882c4de70_odData.owl_functional.owl,33302086,33436095,66738181
approximated_8f2b327d-fde6-424e-848f-d9139b514d5c_chemElement.owl_functional.owl,24292513,29601853,53894366
approximated_37e22492-f0fa-4dfa-be3b-1a583bc028c4_Grouper.rdf_functional.owl,10588373,3913766,14502139
approximated_70896ed0-05ef-4229-8785-1179ac971435_urn_valves.ttl_functional.owl,12774552,3812670,16587222
approximated_239c43c2-9d6c-4b55-bf45-e969162768e9_classified.owl_functional.owl,3485308871,8915134055,12400442926
approximated_219b3e3a-06ab-4045-81d9-ec64edad8f08_Sensor.rdf_functional.owl,36785125,3715125,40500250
approximated_2fe90a7c-1b78-4f12-a71a-d6c14d78b431_st_extract.rdf_functional.owl,11430591,3663427,15094018
approximated_dca186b9-faaf-42ee-8223-2d37d4f1ce11_roo_120219.owl_functional.owl,29708824,28493942,58202766
approximated_1112d6f6-08e3-4cf0-a48d-7766522ef1eb_admingeo.owl_functional.owl,17779771,8598328,26378099
approximated_ccda34a8-70e9-4c9e-83d0-430b123eb0f1_sciRole.owl_functional.owl,20543994,22547619,43091613
8b232f41-3999-4fbc-a36a-ad195e5c2505_oryDraft_pages_functional.owl,10883000,924112,11807112
approximated_616b8a5b-c5c8-4fa9-b7b9-b9e074d59e28_LinkedData.owl_functional.owl,20691056,18284382,38975438
approximated_903b191b-9013-4a00-a05b-79742ad73a45_TFProp.owl_functional.owl,13744420,2367556,16111976
approximated_699a5a47-cb40-4eaa-b332-9c9cbea575ea_wn_sweeper.ttl_functional.owl,14240769,3653023,17893792
72ea2dba-9cea-4c76-adaa-fc574a7e04eb_ieIngredienzen_functional.owl,9526338,778311,10304649
approximated_d49534d2-db7b-4c9f-aba1-f007335b2d0d_COSMOtop971.owl_functional.owl,465400039,805920764,1271320803
97ed97c5-d53d-42f9-83af-740cf3afde89_lanogaster.owl_functional.owl,840491444,1717395096,2557886540
21652974-5f67-4bda-9345-df031c1a939f_scarDriver.owl_functional.owl,18050992,1519960,19570952
approximated_cfa880a5-e229-4db9-8537-6de5d0b099b1_bibo.owl_functional.owl,12373239,5592385,17965624
approximated_58c7a8af-c8f3-4eea-a674-61ea86962c9d_geMetadata.owl_functional.owl,17311212,9189945,26501157
approximated_ab8f3afc-9763-4460-98c6-640ebe4b91e5_prov.owl_functional.owl,10814314,4387015,15201329
approximated_kb-owl-syntax-unraveled-depth-0-km-relevant-cardinalities-triggers-constant-classes-value-nominals.ofn_functional.owl,152243461,363158338,515401799
approximated_3a014173-f0ea-4239-a304-129bdfdb8d5f_low_treats.rdf_functional.owl,10989741,3996926,14986667
approximated_be155ac2-055a-444e-90f7-e8769ab9448c_ir_whistle.ttl_functional.owl,11536923,3995146,15532069
approximated_00bdad37-24cb-4bff-a36c-161b1845f8a7_Zotero.ttl_functional.owl,11326455,3667811,14994266
a45fd058-5cb5-48f7-bdad-b7a762b9b9a2_ysfunction.owl_functional.owl,21335103,15434071,36769174
approximated_7b09dd48-4e2f-4b5e-bab7-925d05e8d7d3_DataFormat.owl_functional.owl,138333543,213908502,352242045
83d9bfe4-8fff-4859-9669-8c3bb5548e8c_ezeichnungen_S_functional.owl,12338968,840482,13179450
approximated_3b02b781-b26c-4431-8019-785696ebdcef_KCO.owl_functional.owl,22961599,19100017,42061616
approximated_2a7b1899-fa7b-4c37-9d00-a6b3b5d9e115_Welding.rdf_functional.owl,12584970,3911080,16496050
1cc4cdf8-1100-46cd-a46b-9b2f000298ef_po.owl_functional.owl,67817394,139258113,207075507
approximated_10576a42-f8c3-49aa-a033-7e94b4d807b5_luepattern.owl_functional.owl,18551475,11865018,30416493
emap.mouse-gross-anatomy-and-development-ontology.6.owl.xml_functional.owl,466702990,873861524,1340564514
approximated_19209cc3-8c9b-43e3-8030-76d4ec6deec0_adult.rdf_functional.owl,18457075,7377282,25834357
approximated_40ade325-6a75-42e8-887a-cb16184bc2e6_rey_cheese.ttl_functional.owl,17180362,3743447,20923809
b8928ae3-8d3f-4f00-9d5d-454922d3a985_Currency.owl_functional.owl,16815046,1312703,18127749
approximated_198b4a89-79e8-4a2f-8b2c-5e41e16ba9f9_anical_fan.rdf_functional.owl,17955397,3669564,21624961
approximated_7be70e07-f5c3-446e-9ed7-a867712f9dd8_ance_probe.rdf_functional.owl,11703611,3788273,15491884
approximated_0662c159-e1c3-461f-9a62-cb423f76ee7a_ulusmerged.owl_functional.owl,6550261876,3136630171,9686892047
8e1dc33d-810c-4935-9008-44c4df0ba632_kupomodels.owl_functional.owl,20575321,24690038,45265359
approximated_9c4bebb5-856a-4d1f-9cc8-834dfc73ff5b_Easy_Edges.rdf_functional.owl,17084083,3833533,20917616
approximated_1abd1de2-b05f-4c77-bb68-6ca320fc2ebb_poundHalon.owl_functional.owl,33721311,43178602,76899913
01696fcb-aaae-4967-a355-6495c56d940f_ings_v3.01.rdf_functional.owl,20431260,9116198,29547458
approximated_15ad2143-fe7c-4bfd-9e36-9ab06c704bdf_ntractOntology_functional.owl,34039871,37114068,71153939
approximated_1228a056-b19f-456a-9c85-c76b73c79274_Fclamp.ttl_functional.owl,14488932,3886636,18375568
9ae37d93-4a63-4a93-8005-bc5f3a021495_luspanther.owl_functional.owl,458863883,1155180773,1614044656
approximated_34034571-1b63-40d2-a86e-445c517d40d2_eball_card.rdf_functional.owl,10100078,4125312,14225390
approximated_66246ec2-286f-4f58-9ecd-a6e521ccf9b2_richard.rdf_functional.owl,14218922,840167,15059089
approximated_37852c1e-9bc3-414e-8029-51e0bc05c330_ic_vinegar.ttl_functional.owl,16579847,3627805,20207652
approximated_5f120364-5252-4a2a-8990-d3c0816cbc92_Machine_gun.rdf_functional.owl,13774438,3765398,17539836
approximated_0718aae7-3681-48d1-8e73-ff4f2d1801b4_Dog.rdf_functional.owl,17919096,3758226,21677322
approximated_kb-owl-syntax-unraveled-depth-3-cardinalities-disjointness-triggers-constant-classes-relation-axioms-value-classes.ofn_functional.owl,909790977,1566547782,2476338759
approximated_8f8a7c43-65e6-4efc-8ef6-ddefeebf189c_fgdccsdgm.owl_functional.owl,36713292,19436275,56149567
approximated_47e1634c-0f6c-4378-9f8c-995af73857e7_example_03.owl_functional.owl,19322742,5444063,24766805
8ee45a4f-9da3-482a-acd4-dad1ba89c68f_bto.obo_functional.owl,159682811,362443632,522126443
approximated_f57610f0-888a-43cf-a51a-aee400207d09_iaomain.owl_functional.owl,16817457,11190856,28008313
approximated_05876075-0b04-4898-b38d-5a0f316afa74_SSONT.owl_functional.owl,14766451,6626485,21392936
approximated_09621e2c-e0a0-44e5-ab3d-f1d6a3770719_Pultost.rdf_functional.owl,14917033,3946243,18863276
approximated_cd2cf62d-2384-45ed-b272-727b7292a31b_IOLite.owl_functional.owl,25609562,17608652,43218214
approximated_00763.owl_functional.owl,19754561,17313766,37068327
approximated_7447614a-bbfc-46d8-8ffe-f0f9c1ee2c9c_Typewriter.ttl_functional.owl,14147500,4120299,18267799
approximated_b53aefdb-1235-4ffc-b795-d25067c9a895_ervice_bus.ttl_functional.owl,16825466,3794342,20619808
approximated_c9cfde4c-9253-4c24-9ad7-b77d48f6086f_Design.v17.owl_functional.owl,15704798,7484695,23189493
approximated_eb264056-1e9b-4c50-a63d-7aad7cfad1b6_eFrequency.owl_functional.owl,139638872,225686101,365324973
approximated_0a0e1f44-d8bb-4979-9f33-b6004957cf8d_universe.owl_functional.owl,41496741,12463062,53959803
approximated_794f9b43-2013-410f-a23e-83d4a97de42c_FRT_import.owl_functional.owl,217351616,487977204,705328820
3f884a7e-4520-49fb-b716-1f2dd2bea719_ields_Core.owl_functional.owl,12110479,6242999,18353478
approximated_775a73cb-c0c9-4219-bd8c-41967ebdad00_ng_bicycle.ttl_functional.owl,9309433,3943520,13252953
00137.owl_functional.owl,12886796,6290378,19177174
approximated_d535b5fe-7bf5-445f-a21c-93851d7fc07b_hReadiness.owl_functional.owl,141607055,248810572,390417627
approximated_8ca96447-4cd6-49a9-85de-918b00c833ae_prSciModel.owl_functional.owl,136554174,248062924,384617098
approximated_6350494b-28fa-48a5-8168-d8c7a55f5705_onto.rdf_functional.owl,14368209,4938478,19306687
approximated_b68437d5-701c-4692-b89f-7b9991bf02c3_rino_Sardo.ttl_functional.owl,16699890,3821766,20521656
ncbitaxon.national-center-for-biotechnology-information-ncbi-organismal-classification.2.owl.xml_functional.owl,23407000782,48538219596,71945220378
approximated_220bbb4d-210b-4559-a46c-44af776ee10c_Router.ttl_functional.owl,25068186,4741908,29810094
approximated_4bb6dd12-eaa5-451d-aae9-dd7208f30a4d_Ram_guard.rdf_functional.owl,18020017,3824938,21844955
9fe915d0-fb87-409f-8261-82b09b81e112_s_xp_chebi.owl_functional.owl,196182102,128553285,324735387
approximated_8386be3d-5a0a-40c9-9dd9-d2b669959937_DUUL.owl_functional.owl,10394359,6210468,16604827
approximated_688f0832-d2b0-4e26-a931-fe7d84d8c360_imeAverage.owl_functional.owl,140080457,214013367,354093824
approximated_0e8deb38-f2e2-40f2-9d28-e9fd6055e04f_UserCentric.owl_functional.owl,15153541,4022416,19175957
approximated_0b84f409-e01d-44c1-a99d-940ebea2abfa_icCompound.owl_functional.owl,131880599,211846314,343726913
approximated_22418c14-5f7a-4046-9656-772539f11c8b_cnov0_2_3.owl_functional.owl,14932615,11222721,26155336
b48c62e8-bf39-4590-999c-d4abf0d412a8_eKrankheiten_W_functional.owl,9973211,743528,10716739
approximated_gene-cds.genomic-clinical-decision-support-ontology.1.owl.xml_functional.owl,2766626778,5221647027,7988273805
approximated_610d549b-c50c-4a3b-a661-eab2f30c74cb_nlessRatio.owl_functional.owl,143694567,216439106,360133673
approximated_kb-owl-syntax-unraveled-depth-2-cardinalities-disjointness.ofn_functional.owl,662840868,1514050377,2176891245
approximated_kb-owl-syntax-unraveled-depth-2-disjointness-relation-axioms.ofn_functional.owl,730103608,1488548009,2218651617
approximated_6c861569-9500-4393-beac-719cd56a3b1e_turn_mower.ttl_functional.owl,15254492,3696846,18951338
approximated_18a36f4b-50aa-4c99-b541-572e4848f7a6_test_gcc4.owl_functional.owl,127946983,13357497,141304480
approximated_973ae743-50f9-49dc-baf4-dde4b20ee276_conditions.owl_functional.owl,12982516,4429236,17411752
5205d0ae-e7e6-4f8d-b651-d922d6f00e48_pato.owl_functional.owl,80549904,128373903,208923807
approximated_8877cee1-8cfc-4fe0-884f-295c2cb7b4f4_ceGeometry.owl_functional.owl,134499599,212467410,346967009
approximated_751733b5-5085-46e9-ac08-71cfcf0257c1_ndVolcanic.owl_functional.owl,106672622,221942485,328615107
approximated_7bdab322-6506-4ee1-9722-998a0a579438_er_speaker.ttl_functional.owl,11138606,4000925,15139531
approximated_00025.owl_functional.owl,28023766,22274272,50298038
approximated_709098b2-44b3-48e2-96cf-7860bcdc05f0_onto.rdf_functional.owl,11543682,3852365,15396047
47b42365-5784-469a-a3c6-28bfc544ad8a_OMAL_1.2.1.obo_functional.owl,73707828,168743781,242451609
approximated_1c1840b2-63ce-4122-baf7-8b96bb92dc38_ntial_sash.ttl_functional.owl,11375435,3879393,15254828
approximated_06b5dc6d-7f41-4c71-b3ae-d0475b30a086_H_Ontology.owl_functional.owl,21383222,13533429,34916651
approximated_59439ea6-b6bb-4d09-9209-44ed61e74fb3_Joystick.ttl_functional.owl,15911037,3801295,19712332
approximated_3cb4ae2a-79a3-4de2-a8c6-99fe006aa38c_oWindScale.owl_functional.owl,103285348,204494835,307780183
approximated_1e2f3797-924f-4fad-89c8-d22a2eb02523_Cookie.ttl_functional.owl,13684850,3774971,17459821
37e777cf-7092-4994-baeb-b0d28efe5f8e_sjointness.rdf_functional.owl,197480435,17924035,215404470
fb6f200b-4f5d-481e-965e-4e8130e9ffd4_classified.obo_functional.owl,25156732,35334187,60490919
approximated_ncit.national-cancer-institute-thesaurus.31.owl.xml_functional.owl,6972461164,13739690383,20712151547
approximated_kb-owl-syntax-unraveled-depth-4-cardinalities-triggers.ofn_functional.owl,394284199,905116099,1299400298
approximated_dd8e7801-65d4-4a8f-8100-fc83a9e0e089_iffusivity.owl_functional.owl,136419022,215036901,351455923
approximated_26212d1d-e8ea-4432-a5a5-f8f393d19d51_dcrlink_new.rdf_functional.owl,94100480,46657893,140758373
approximated_a46ef04a-00ad-4dbe-b49b-f3972b00be31_mozzarella.rdf_functional.owl,15767602,3875747,19643349
approximated_16a236ae-bb5b-45be-9ca5-fd03168da16d_Nightstand.rdf_functional.owl,14919282,3738678,18657960
approximated_d9bdec88-bef6-421c-9425-9d668084f577_xcellparts.owl_functional.owl,1705695184,5287383178,6993078362
approximated_kb-owl-syntax-unraveled-depth-1-km-relevant-cardinalities-disjointness-relation-axioms.ofn_functional.owl,673842397,1571433093,2245275490
approximated_caa910f7-5dda-4383-b5ee-1b046495eda4_spatial.obo_functional.owl,18082751,12833943,30916694
approximated_d3c8decc-0dad-4775-94fa-bb72a04eec06_FN1.55.owl_functional.owl,23257805,8513561,31771366
approximated_5a75e376-cd3a-4d7e-b3a0-e5ea616507ca_rness_coat.ttl_functional.owl,13209677,3679299,16888976
approximated_0fc200a7-8340-4866-80ba-d236ccc6715d_onto.rdf_functional.owl,11774621,5991415,17766036
approximated_46a08e91-3b2b-44bd-8ef8-7b8f226a82a8_dding_sari.rdf_functional.owl,16625087,3778207,20403294
approximated_ddd0406e-8208-4db8-b263-e686974b44cd_propMass.owl_functional.owl,130799229,210056817,340856046
approximated_182fc51e-fe3b-4ce5-8f8d-55bebf70c558_Tartrazine.ttl_functional.owl,15238171,3669910,18908081
approximated_kb-owl-syntax-unraveled-depth-3-disjointness-triggers-relation-axioms.ofn_functional.owl,630165675,1387059614,2017225289
87f47f77-edd3-4ad4-b19e-1e2bf296dc60_iso20022.owl_functional.owl,51212655,7988802,59201457
approximated_e9abc0b7-1082-487d-a95c-bc2455451128_opFraction.owl_functional.owl,323631939,253471912,577103851
approximated_0616ee29-bce3-4c00-9c24-94d8f5d8cc02_Stollen.rdf_functional.owl,93441113,3640134,97081247
soy.soy-ontology.2.owl.xml_functional.owl,41478983,90425948,131904931
approximated_e1c2de05-b500-4b50-9464-26447f49099f_Plans.owl_functional.owl,35370489,24696234,60066723
approximated_75a833ae-9d60-4891-8933-f70c3cadecbc_Meat_slicer.rdf_functional.owl,13862259,3801655,17663914
approximated_910f7348-a0e3-49b2-9bcc-d8619ba9ee58_tionStatus.owl_functional.owl,15064121,12119463,27183584
approximated_474208b0-dcc2-4f2a-b00e-be6941464f74_Axe.rdf_functional.owl,14007727,3774848,17782575
approximated_58b64a61-bead-4931-b23c-7d37d2070d33_lir.owl_functional.owl,12074818,3514905,15589723
approximated_bd2d3380-d6c2-4a34-848f-054ec6f4dcea_complex2.0.owl_functional.owl,18294276,6878742,25173018
9cd8077f-deae-4e18-bbf0-3c4ea89b08f7_PropertyDcdate_functional.owl,6673933,774999,7448932
approximated_rexo.regulation-of-gene-expression-ontolology.3.owl.xml_functional.owl,13107811976,1.33662E+11,1.4677E+11
approximated_fc3b7caf-04e4-4f13-9fe0-b8a8dd3a7241_itical.rdf.owl_functional.owl,37318882,4101779,41420661
approximated_a6eea863-0b31-4760-a439-d3a182ae9f58_ar_Project.owl_functional.owl,14442878,6547413,20990291
approximated_f3eca674-c224-417b-a3d3-20add1c3ea2c_matrElement.owl_functional.owl,129245923,212143091,341389014
approximated_0d4cde11-4f31-4371-8ad0-2ddac970391e_ndSediment.owl_functional.owl,73680950,126856512,200537462
523d8005-53b7-488f-8c99-4178a3fa3b5a_ehdaa.obo_functional.owl,139839018,132041366,271880384
d447124b-1716-4019-b6f3-c5ac8288d981_BrendaTissueOBO_functional.owl,166054904,366041501,532096405
approximated_591fc570-9773-41c8-83d3-7a3487d6404a_nent_xp_go.owl_functional.owl,21158091,22173472,43331563
approximated_152f2229-a1bc-45f9-9e0d-b12c2aa0a7f6_Sideboard.ttl_functional.owl,10173679,3868468,14042147
approximated_ecg.electrocardiography-ontology.11.owl.xml_functional.owl,34099197,61169901,95269098
approximated_1f8ba1ae-02c9-4092-a56c-522132622e00_logyQimage.owl_functional.owl,23305233,5176423,28481656
approximated_46a74498-def3-4f90-bf60-1deb2e4a5f09_gaz.obo_functional.owl,30388320151,54634733230,85023053381
approximated_161897b2-3680-43a8-a1b2-ce519eee996f_fety_valve.rdf_functional.owl,10687988,4198638,14886626
19a2fd77-8457-404d-95b0-a59480035bd7_envo.owl2_functional.owl,51494548,89167099,140661647
approximated_070a6d0d-2dc0-4b84-b008-4fdd6f6c64f8_OceanFloor.owl_functional.owl,134334861,221376229,355711090
approximated_f09c2121-b962-4e52-ab8f-2d59ae286bd1_FN1.43.owl_functional.owl,25065966,8865328,33931294
approximated_87623d34-faf4-4c0b-8ee4-c29b0316f883_Die_grinder.rdf_functional.owl,16225447,3778781,20004228
approximated_327ec14c-7a71-4933-b980-cd97e2784804_lubricator.rdf_functional.owl,10712736,3721247,14433983
29439325-5518-44ed-9f10-0c194b0dd7cc_vao.obo_functional.owl,20802270,19821201,40623471
approximated_d21900de-a556-4a51-8796-e7c474a3e998_siocore.owl_functional.owl,40336673,75490913,115827586
cd9cea31-52ce-4a0f-9a7d-023bcf7969f3_eKrankheiten_L_functional.owl,10194447,862309,11056756
approximated_119e2f52-5ce4-4599-bff6-db63c78df506_network.owl_functional.owl,12580327,3259645,15839972
approximated_3690347b-0d04-448c-95ba-23f97cb40d52_Relay.ttl_functional.owl,12437836,3684021,16121857
approximated_kb-owl-syntax-coreference-IDs-cardinalities-triggers-relation-axioms.ofn_functional.owl,626541406,1756913705,2383455111
5147593b-7fb3-4835-8dfe-1b0d99048a7f_ss_xp_self.owl_functional.owl,54584855,22418488,77003343
approximated_2d80e8e1-8a79-4992-a09a-49174152513b_alismerged.owl_functional.owl,2462709320,6255509889,8718219209
approximated_72c7a540-50a5-4c30-924a-a1ec947ea3d8_Button_cell.ttl_functional.owl,17953631,3794860,21748491
approximated_af87a387-e531-4169-93b0-efca296aa009_vaisalawm30.owl_functional.owl,13919146,4660910,18580056
gaz.gazetteer.13.owl.xml_functional.owl,24036767035,47115106254,71151873289
approximated_fa2ad847-9e2a-44b5-95a3-dbb49b459629_ontology.owl_functional.owl,15497139,8081511,23578650
approximated_1da60349-4393-428b-8ee2-04ce33cf85ad_ction_xp_chebi_functional.owl,272288603,684260258,956548861
approximated_03be87d8-b34c-440d-8412-357f201fb5cf_gfobiotop.owl_functional.owl,18915639,11014000,29929639
approximated_00649.owl_functional.owl,29396482,48883821,78280303
0d142dcb-3333-4781-9549-ff8da5f9da75_psimod.owl2_functional.owl,35586556,92876846,128463402
approximated_80864ca1-3e72-4a96-be2b-699f4ce85b70_Friends.ttl_functional.owl,8363234,3889833,12253067
22a218cc-14b4-4e6e-a343-aaff65b495d4_chebi.owl_functional.owl,2475531370,6336392701,8811924071
approximated_kb-owl-syntax-unraveled-depth-1-triggers-constant-classes-relation-axioms-value-nominals.ofn_functional.owl,488171506,1080271907,1568443413
approximated_ef64d0f0-cfcb-4835-9131-6293800b96b5_irculation.owl_functional.owl,81911971,163343697,245255668
approximated_00487.owl_functional.owl,1312390327,4062643341,5375033668
approximated_28799f53-d8c9-4d4f-b35c-1d141a2f2a09_onto.rdf_functional.owl,24412757,7502336,31915093
approximated_kb-owl-syntax-unraveled-depth-0-triggers-constant-classes-relation-axioms-value-nominals.ofn_functional.owl,154337240,389703071,544040311
approximated_40c84f99-6bf8-440d-902a-58e33ca77e77_onto.rdf_functional.owl,10529198,5509744,16038942
approximated_e984be5d-925a-49ba-9a7e-571102d70d09_NEMO.owl_functional.owl,86052985,136247942,222300927
approximated_d62e2709-2a1f-409e-9d73-e6a7743f57cd_limateZone.owl_functional.owl,136981535,218503147,355484682
approximated_6b651945-1003-4c27-9376-e7099b9981ef_RequestUno.owl_functional.owl,13662416,4333276,17995692
approximated_1ce9731f-2026-46d0-8ab4-724533e88e30_Hushllsost.ttl_functional.owl,18308023,3649568,21957591
approximated_b2f21a60-af34-4454-95bf-791b8f2f0f9a_Design.v10.owl_functional.owl,16683141,8216197,24899338
5bbb93a2-cfd3-4b73-ad38-947df5a7fbb6_tologyV1.1.rdf_functional.owl,24570567,10690944,35261511
approximated_0230be4c-a0af-4329-a970-fb8153a344bf_qudtspin.owl_functional.owl,19631760,23938111,43569871
7470ddd8-3423-4124-91da-08e2ddcf8dce_rm_v5.0.2.rdfs_functional.owl,23507537,6134268,29641805
approximated_7349afad-b8a5-4332-bbdf-e538a2d550ac_yaz_peynir.ttl_functional.owl,12807612,3766767,16574379
approximated_c1dcba37-12d8-4a11-b891-6a7ce271ada1_astiveLite.owl_functional.owl,10579330,4728028,15307358
approximated_8f8929a1-e865-4a3b-ae3e-e9a05b3f84a7_BSPO_functional.owl,13299356,13253170,26552526
approximated_c143fa8f-3742-43d6-844e-b43ccea64893_tegoryCcLiveCD_functional.owl,13554525,1727984,15282509
approximated_b06e6d66-526e-404b-a29f-42a718dd0ff2_onstraints.rdf_functional.owl,11464882,5443506,16908388
approximated_83334cf1-2057-4457-b101-5dc0bff3bc9d_Bradawl.rdf_functional.owl,15867627,3738629,19606256
approximated_46f2c9ab-7706-47a7-a80c-719122ab2a5b_fao.obo_functional.owl,9935630,5407728,15343358
approximated_5c340b4c-55e6-48fe-bf9c-e9c378092302_eria_mrca.owl2_functional.owl,12849327,6469307,19318634
approximated_a3b6ec37-35af-449f-ae60-ea20be293fa9_led_filter.ttl_functional.owl,16141380,3764316,19905696
4166af2f-fdf3-46ba-bf4a-c20ec2bfdf32_mao.owl2_functional.owl,12590382,8254346,20844728
approximated_1005428a-2fbc-43d4-9399-2a74966f8624_Brandy.ttl_functional.owl,10863822,3720733,14584555
approximated_00037.owl_functional.owl,454615233,1240042980,1694658213
approximated_9b995352-9cf8-4abe-8787-1f0886458cdc_nlessRatio.owl_functional.owl,139104574,265955833,405060407
127e6f24-bdf6-4c10-b6a0-e18d41c88ad0_fypo.obo_functional.owl,530586817,876005175,1406591992
63e6a5c3-25c7-437a-89e5-720b4c5f4dfa_utessimple.obo_functional.owl,111950755,290226137,402176892
approximated_2bc3982b-f26a-4e93-a5a6-f4a710a7b427_hydro.owl_functional.owl,64653605,125935219,190588824
approximated_efe1c495-9e3e-476f-a9ab-5742ff29247b_complex2.0.owl_functional.owl,16282432,14036841,30319273
approximated_19fdf8cd-402d-4871-885a-f887c1b89d10_opl.obo_functional.owl,24976824,33485193,58462017
approximated_kb-owl-syntax-unraveled-depth-2-constant-classes-value-nominals.ofn_functional.owl,405954126,992404630,1398358756
approximated_0d5857a3-e59e-4648-9efa-e40e9aa42ecc_Grounding.owl_functional.owl,19876711,8592376,28469087
e79238fa-8f1b-45d8-8305-3b3528b3075a_s_musculus.owl_functional.owl,377429508,738107524,1115537032
approximated_4e9c185b-2857-48b3-88a7-c54cd067e390_Guinness.rdf_functional.owl,10199763,4187205,14386968
approximated_a15c3d5a-3ddb-4ae5-ab89-8cf0c90234f6_sPrincipal.owl_functional.owl,25209941,10542853,35752794
approximated_2ae0d003-2a39-47c7-8d04-3251b45184d8_Main_course.rdf_functional.owl,11898026,3968633,15866659
approximated_2f8241e7-2681-4ae0-a41b-51a658424d85__locations.owl_functional.owl,29023019,5781876,34804895
approximated_350b1982-cf66-4f69-8e99-edfba697a177_iaomain.owl_functional.owl,17019909,9523911,26543820
approximated_0ccf0454-d777-4fec-b1cc-03b5a300824d_chemtop.owl_functional.owl,10080914,7918396,17999310
approximated_kb-owl-syntax-coreference-IDs-cardinalities-disjointness.ofn_functional.owl,871096233,2229661352,3100757585
approximated_cfd2ab64-684e-4657-812e-f844ec5c9116_opFunction.owl_functional.owl,138043134,247216924,385260058
approximated_b7f015e0-f2c8-477d-9436-65e7d81c06cf_4_09_17_43.owl_functional.owl,14566679,5045388,19612067
approximated_7153eb66-1776-4b1f-8794-6923eaffcc92_lusuniprot.owl_functional.owl,637423167,471085151,1108508318
approximated_c346186a-6c77-4f02-9128-4721483e1385_gfobasic.owl_functional.owl,14067593,4640277,18707870
approximated_89478caf-3fd8-45d5-a6b4-7effd7ea03af_a3_v1.owl_functional.owl,9834326,3968873,13803199
approximated_8e82fac1-558f-4037-8c9f-b328aa6e7792_testperson.owl_functional.owl,15368850,4922655,20291505
approximated_a889234c-d8d4-4255-a42a-da52583c099a__versa_new.rdf_functional.owl,20927088,31644585,52571673
approximated_4a63a1c4-4c30-46fc-bfd5-0478ce11cd59_npto.owl_functional.owl,13560983,4904947,18465930
approximated_006e2e4a-a591-4fe7-bc5c-c3c7aa334409_Kettle.ttl_functional.owl,15145139,4492576,19637715
approximated_bbde113a-a225-44bf-b281-cc2d44c9fa70_MScProgram.owl_functional.owl,17196727,6350273,23547000
approximated_kb-owl-syntax-unraveled-depth-4-km-relevant-cardinalities-disjointness-triggers-constant-classes-relation-axioms-value-nominals.ofn_functional.owl,632350390,1451723775,2084074165
approximated_06ed90ea-d471-4e7c-9eb5-edf92ac77841_transistor.rdf_functional.owl,76600979,3781011,80381990
35936f55-68ee-48e8-86be-25117b64e105_vegenomics.owl_functional.owl,13483113,1305886,14788999
approximated_e94042d2-3513-4cfd-a335-755c4ca94315_matrElement.owl_functional.owl,206487799,247638656,454126455
approximated_nifcell.neuroscience-information-framework-nif-cell-ontology.14.owl.xml_functional.owl,86256822,169750579,256007401
ef81bd3e-23ca-4e64-a01d-7d1929968ebb_KategorieArme_functional.owl,13118148,877026,13995174
ac1cc3b1-d518-47bd-ae1b-7b60982dd482_rinusensfm.owl_functional.owl,323641787,660840242,984482029
2e4ff4da-e440-4a37-9a66-f7ad39c0bed5_nverzeichnis_O_functional.owl,12800900,771887,13572787
approximated_1b3d0d10-70ae-4229-bf10-94ee52a3208e_codkernel.owl_functional.owl,13679476,5472311,19151787
160b40f0-608b-462a-bf5b-852b13a1e1b6_nnotations.owl_functional.owl,7517268240,6364164180,13881432420
34586ad8-1308-48de-aa2f-157276f2cfd6_litaryUnit.owl_functional.owl,15716618,2440070,18156688
approximated_kb-owl-syntax-coreference-IDs-km-relevant-cardinalities-triggers-constant-classes-value-classes.ofn_functional.owl,599094020,1816558395,2415652415
approximated_d8a4e012-e00b-4e09-a794-44d148dbcc29_icCompound.owl_functional.owl,139075306,213842917,352918223
approximated_aba681d0-0eb0-4c34-9a2a-bdfadf3194fe_onto.rdf_functional.owl,11928215,5100558,17028773
approximated_5e01bc1a-0856-445f-88ca-a35fa31982e7_ossAnatomy.owl_functional.owl,56470138,92159232,148629370
approximated_7d5dc985-6d23-4a29-83e6-623123780bcb_FN1.17.rdf_functional.owl,20450882,5401551,25852433
approximated_51f86d59-f63a-4c08-bccb-f555f70fe26c_ance_motor.rdf_functional.owl,19453033,7686228,27139261
approximated_5c4b9aff-8174-4201-929c-c3e5eaa1d386_domain.owl_functional.owl,15551786,10784501,26336287
approximated_kb-owl-syntax-unraveled-depth-2-cardinalities-disjointness-triggers.ofn_functional.owl,672737572,1541692897,2214430469
approximated_425c48fe-2b7c-4899-a58e-51753e9f899a_a_Types_RM.owl_functional.owl,18017823,6338995,24356818
approximated_5de33645-69d5-414b-be89-f97b3387feec_logen_lamp.ttl_functional.owl,23508546,3882187,27390733
e32b6c51-d400-4298-b88f-70692d819ba4_func.owl_functional.owl,18608293,6865417,25473710
ebe2450c-26f4-4ea6-9b23-813ad97feba6_FuGO.owl_functional.owl,10525970,4296060,14822030
fbbi.biological-imaging-methods-ontology.13.owl.xml_functional.owl,18457081,25827544,44284625
approximated_8742ada9-a2c2-4098-b3a2-684dcee22e29_EASE_functional.owl,16741235,9906391,26647626
approximated_e38eb8dc-30e0-4b6c-93ea-811430c34b56_vocabulary.owl_functional.owl,16737120,8654136,25391256
approximated_9240474a-6392-45d1-9f63-58a6c3353da7_curr.owl_functional.owl,12613423,11161024,23774447
approximated_85b0accb-f69a-4046-b346-949dc5bbbbca_mbing_shoe.rdf_functional.owl,11149707,4087808,15237515
approximated_c607fcf9-8fe8-44af-8f85-ef83afcc989f_Green_sauce.rdf_functional.owl,18447356,3723076,22170432
approximated_b49d219b-6ece-4bf7-b78d-bd7d7b04bccb_oQual.owl_functional.owl,20465419,17047639,37513058
085b1f67-63ec-4cab-95e9-3edf96c30fa1_eriofamily.owl_functional.owl,456905184,953962183,1410867367
approximated_b7461126-8fac-4c8f-8cd8-01b11cee3fd3_graphexample1_functional.owl,28673188,10100214,38773402
96be13bb-63ca-46f1-a747-469a05169061_onLanguage.owl_functional.owl,9539273,772981,10312254
approximated_kb-owl-syntax-unraveled-depth-3-triggers-constant-classes-relation-axioms-value-nominals.ofn_functional.owl,383396179,933027803,1316423982
approximated_0d994750-6bfe-47c6-a7bf-da05e3715e27_Dibber.rdf_functional.owl,22584503,5374928,27959431
approximated_03d72568-33ff-4d54-9263-37fe0dcdfacd_pizza.owl_functional.owl,20787732,12990232,33777964
2958d6b1-c072-4abe-a1ff-fc5d3a69bcdc_pathway.owl2_functional.owl,25449757,49539542,74989299
approximated_3d079c85-a470-47c4-aea5-f32f46e7b770_har_ladder.rdf_functional.owl,16099917,3690037,19789954
approximated_1883931d-6084-4f3b-80f7-87a12489c66f_iao.owl_functional.owl,14179934,4568173,18748107
approximated_53bcedfd-f21f-494a-85c0-968c8d665814_ing_Device.rdf_functional.owl,8709576,3674943,12384519
approximated_ea2a8aa3-8934-4c4a-ab4e-1cfb24e2a8cb_alResource.owl_functional.owl,128482872,211835765,340318637
32d93cb3-cf1c-4b92-9030-4279a16d707a_pato.owl_functional.owl,113955765,122110672,236066437
approximated_kb-owl-syntax-unraveled-depth-3-cardinalities-disjointness-triggers-constant-classes-relation-axioms-value-nominals.ofn_functional.owl,1004437089,1509915439,2514352528
mpath.mouse-pathology-ontology.16.owl.xml_functional.owl,29520156,45312581,74832737
approximated_0885110c-208d-454c-abe3-1073aac798b7_Cadmium.ttl_functional.owl,17390333,3968882,21359215
approximated_spo.skin-physiology-ontology.1.owl.xml_functional.owl,25856604,32256405,58113009
approximated_dad7204f-b785-44e2-88c1-24686bb986a9_universita.owl_functional.owl,13102869,7253050,20355919
approximated_3340497e-a27d-456c-aa4c-442e92cf4aac_chemistryv2.owl_functional.owl,15404955,7045273,22450228
approximated_618a70f7-74a5-4ba0-a6e1-42c61639c2db_ndVolcanic.owl_functional.owl,140998043,218864545,359862588
approximated_bf69d67b-c680-4432-b900-5babae5e047b_e_ion_trap.rdf_functional.owl,12657149,3771008,16428157
ff70435c-1e7d-4c62-abdf-ae3d57c593bc_t_trait_xp.owl_functional.owl,36449695,10608526,47058221
approximated_34d4c73a-3281-45d4-8f95-8211bc911b37_onto.rdf_functional.owl,17963503,6246014,24209517
approximated_kb-owl-syntax-unraveled-depth-2-km-relevant-cardinalities.ofn_functional.owl,399223787,966018328,1365242115
approximated_51231366-a9f6-47bd-93e8-4ccde654e74a_onto.rdf_functional.owl,14181957,3972052,18154009
approximated_957eb477-9800-4d8f-957b-c059ece71206_Submarine.rdf_functional.owl,11474300,3823216,15297516
pae.plant-anatomy.13.owl.xml_functional.owl,63497098,116613193,180110291
approximated_04769434-d3d4-4a59-83bd-0868261b8257__and_chips.ttl_functional.owl,10850740,4030261,14881001
approximated_7af8f9fc-8b20-4e41-ae3d-32c39d4da88a_ategorical.owl_functional.owl,219697639,213318243,433015882
5f90abfd-c51c-4181-bc46-febdcf01bb86_s_musculus.owl_functional.owl,401456264,728156753,1129613017
approximated_15a0c09c-4b75-409b-88a1-c8991f10d9ae_sistent002.rdf_functional.owl,30486702,16434246,46920948
approximated_9eff1c37-8ba9-4312-9fc4-dd31a592afdb_dsolutions.owl_functional.owl,10831646,6513360,17345006
7fb1eaac-d252-45b1-83fe-bf3a4df6eb5c_quality_2.owl_functional.owl,46971313,82533911,129505224
approximated_58c5f93a-cd4d-4ea2-a093-b03506af3a88_onto.rdf_functional.owl,16597799,5207829,21805628
approximated_5194341f-60ed-4eca-a54f-09d9b1efa1a5_sulo.owl_functional.owl,18590305,10289120,28879425
dee1017d-a6e6-46d9-8e7f-454ebb8b3177_KategorieHals_functional.owl,10413630,838047,11251677
kb-owl-syntax-unraveled-depth-0-constant-classes-value-nominals.ofn_functional.owl,145370500,372874570,518245070
approximated_d0a8ecdd-1935-47f8-b930-d024448e135d_ndVolcanic.owl_functional.owl,134299189,216332633,350631822
approximated_4943657d-8383-43f7-becf-95ef094ca74d_tsverylite.owl_functional.owl,21177802,18566647,39744449
approximated_f32c1ea2-7ec2-40e7-aed1-a7c29a1bb15a_morphology.owl_functional.owl,137289134,211351627,348640761
approximated_78a8d31c-b495-4657-85ff-3a2fb26303c3_sportation.owl_functional.owl,139553784,223417540,362971324
approximated_58e89d1e-8324-4291-a160-2d09cde67b1b_F_GrossAnatomy_functional.owl,166336105,338446190,504782295
approximated_c24b2d81-70e4-43a9-a36c-83c0aff3e54c_Device.owl_functional.owl,19955109,12331035,32286144
17384600-187e-4e93-b21a-51a2bf5f99c6_fOnlineAccount_functional.owl,12767826,941360,13709186
approximated_3a3735b7-ac47-41db-916e-f3ed4b200491_ethodology.owl_functional.owl,134342741,213328394,347671135
approximated_1001d21a-d72d-46aa-9334-93e88dfdc785_owfin_tuna.ttl_functional.owl,11757854,3988620,15746474
approximated_38aac816-37ca-4141-92a4-ea5c549e7b6e_plgrid.owl_functional.owl,15787124,4461576,20248700
approximated_027c3f06-12a3-4c44-b72a-d16ad84f3fb2_omrse.owl_functional.owl,17869216,7430306,25299522
approximated_627a31a7-4298-4981-8477-15d3abb8a425_ColbyJack.ttl_functional.owl,12794748,3756256,16551004
approximated_kb-owl-syntax-unraveled-depth-3-km-relevant-cardinalities-disjointness-triggers-constant-classes-value-nominals.ofn_functional.owl,674118721,1516785122,2190903843
approximated_00600.owl_functional.owl,54043137,107344561,161387698
approximated_982e6c34-d0a2-432f-8c41-f5e86c68593d_ray_system.rdf_functional.owl,14790791,3704593,18495384
approximated_7f8a70f4-adf9-4ddc-8e36-ca56da3baa5b_PaulFisher.rdf_functional.owl,20404314,4943974,25348288
approximated_05171728-a50a-4215-b79f-ac87d6573460_sion_valve.ttl_functional.owl,12145337,6549931,18695268
approximated_140eebe2-e7ec-4e3f-818a-6d17cb63a6e6_Design.v18.owl_functional.owl,18161820,7927743,26089563
approximated_7ab5d4e4-5f9e-4865-883d-496db148d6a6_edgeDomain.owl_functional.owl,134386193,248055168,382441361
approximated_535ea4fb-1fd6-48a0-8f8a-de4ecdd731cb_enReaction.owl_functional.owl,140000766,253105584,393106350
approximated_kb-owl-syntax-unraveled-depth-1-cardinalities-triggers-constant-classes-relation-axioms-value-nominals.ofn_functional.owl,478016640,1176618229,1654634869
approximated_58c349d2-f026-4757-8041-324a96234671_c_20090227.ttl_functional.owl,19690523,12073728,31764251
approximated_850c542b-dbfb-4efc-a836-f5f70b9d64d7_voag_functional.owl,14639896,6411120,21051016
approximated_9788b8e2-2d1b-41a0-a55c-404b7b99d167_cose.owl_functional.owl,16838924,18405236,35244160
approximated_249dc7c2-d0d5-4e12-bf9f-900fcb07a31d_mtq_100302.owl_functional.owl,25194132,20875040,46069172
tads.tick-gross-anatomy-ontology.9.owl.xml_functional.owl,35545293,48828023,84373316
approximated_39e1a33b-3300-496b-947b-4c0219deac6a_eHierarchy.owl_functional.owl,22239420,10992536,33231956
approximated_04781b68-fccd-474b-8e82-57919f0fc453_mergedtbox.owl_functional.owl,1255460174,3333131544,4588591718
approximated_3c39605e-cdc8-4a06-8a58-d96dffb19978_dMesoscale.owl_functional.owl,133848977,211463392,345312369
approximated_2555a3d6-8150-488c-a4e9-021d045f7597_Halibut.ttl_functional.owl,8919260,4090245,13009505
approximated_b4703d2b-b38e-4f43-ab76-8ae727231f4f_Abalone.rdf_functional.owl,12355900,3909988,16265888
approximated_9e92276b-c200-428e-87b0-87342e9c5b66_mbeuniprot.owl_functional.owl,197916163,155119175,353035338
approximated_b20e3b09-3338-4380-a8c5-6710afd23b74_Albacore.rdf_functional.owl,16919046,3958283,20877329
approximated_97585962-0109-4569-9640-b2ef570e6483_roPlanDMWF.owl_functional.owl,19714179,8621597,28335776
approximated_96f9e868-e40c-46eb-a737-a7037a4eb29e_esallinone.owl_functional.owl,17818967,4333776,22152743
approximated_44487e0b-5833-4d9c-8488-d3f9694b0167_ppi_cheese.ttl_functional.owl,15525476,3797474,19322950
approximated_02e1f75c-7845-4a67-ac70-b1d5e7019c9e_DUUL.owl_functional.owl,17264964,5605051,22870015
gro-cpd.cereal-plant-development-ontology.1.owl.xml_functional.owl,11411665,12220016,23631681
c3d1968e-05da-4f87-9d6f-e997a5d2e5e4_ECO.obo_functional.owl,16252099,14181212,30433311
approximated_4b6b077e-f597-451d-8f9b-8c10af255795_ctile_iron.ttl_functional.owl,13340223,3662043,17002266
approximated_c40dc958-2379-4693-993e-adb018c6dd21_matrAerosol.owl_functional.owl,130697258,213355824,344053082
approximated_407b6116-0910-4eb9-ab5a-e025ab2bba5a_Provenance.owl_functional.owl,138535354,250368798,388904152
approximated_8f22b06c-d915-4682-be62-695cdd75abf3_atomy_2010.owl_functional.owl,93153302,279110185,372263487
approximated_12d6903a-ab7d-4d2e-8a0b-c9b97efea74c_tourism4.0.owl_functional.owl,18313084,10608385,28921469
approximated_6cc9fe62-084c-4280-b815-781d2125d601_emDynamics.owl_functional.owl,28687132,24394853,53081985
approximated_kb-owl-syntax-unraveled-depth-4-cardinalities-disjointness-triggers-constant-classes-relation-axioms-value-nominals.ofn_functional.owl,689266943,1546565961,2235832904
approximated_b26f4b16-c8ca-4a93-a5a2-afb9c0fbdea7_Taximeter.rdf_functional.owl,16256346,3846311,20102657
approximated_70d403b4-2260-4155-a10e-9fbfe3e668fd_n_concrete.rdf_functional.owl,14850925,3738965,18589890
approximated_dd195e23-4188-481a-bac0-4cc7c80291c6_onto.rdf_functional.owl,16059166,3651314,19710480
approximated_2ed96c57-de69-4d4a-ad8c-1cddfdb6b368_information.owl_functional.owl,20354836,13569650,33924486
approximated_5ac4f9e9-27d7-400b-ac8a-034a9cf8b398_PaulFisher.rdf_functional.owl,17741656,2871043,20612699
approximated_6356d46d-a7de-4f64-934f-ced27ee6db0f_CategoryProject_functional.owl,14431161,5234463,19665624
approximated_306ba04f-5f44-4e6a-a863-e1521afb6bbc_Esquites.ttl_functional.owl,20097082,4981435,25078517
8b66d188-ced4-4dd6-96eb-967532065f4c_nboel.owl_functional.owl,45787939,63977960,109765899
approximated_00425.owl_functional.owl,757292461,2154526920,2911819381
approximated_114c09bc-c3e8-4003-845a-fda40d7b1837_mtq_091216.owl_functional.owl,33295565,20757577,54053142
carelex.content-archive-resource-exchange-lexicon.38.owl.xml_functional.owl,17090515,15365027,32455542
approximated_6b673c91-ba26-4ee2-af71-e466cbf101f0_Autogyro.ttl_functional.owl,16625368,3630630,20255998
approximated_00624.owl_functional.owl,26133459,44959748,71093207
approximated_596e1b3f-9e12-4e84-9358-7a8611d68b20_mboo_shoot.rdf_functional.owl,10815876,4550556,15366432
02848000-8a45-4114-a9ea-0b062dcc27b4_sh_anatomy.obo_functional.owl,241731542,530003194,771734736
approximated_6763daf9-bab0-49dc-bd74-3148e5714003_metafor.owl_functional.owl,19323577,10836055,30159632
00149.owl_functional.owl,19421376,9796898,29218274
approximated_99f284e8-dd16-4c55-beab-356c86876f76_SPATEL_OWL.owl_functional.owl,16249058,4905350,21154408
approximated_272bbe94-ce2d-4441-a87a-c1c3f30e2c70_ontinental.owl_functional.owl,151937863,204289708,356227571
approximated_205a10c4-613c-4fda-9e5c-a0c8ef9f98c1_Statistics.owl_functional.owl,132341934,213333793,345675727
approximated_187a12d6-6632-473e-9aa7-906e4412d4c7_siodev.owl_functional.owl,53419266,98868672,152287938
approximated_249c3823-e45d-4881-b9fe-6f38598c8238_inOntology.owl_functional.owl,31363225,36720462,68083687
approximated_13f8e913-fb05-443f-8952-4a27703d8f16_eSemantics.owl_functional.owl,19695873,13454968,33150841
approximated_656ae802-9d60-43ad-8b68-2ebe1537317f_rts_washer.rdf_functional.owl,16956487,3797554,20754041
approximated_3c2609a1-5c16-4fdd-b618-3da2f21e861e_Burrata.ttl_functional.owl,13257517,3830448,17087965
f2c0e1a2-ce56-4674-9931-2619c6b0c014_gleIBridge.owl_functional.owl,20523713,3210726,23734439
approximated_00158.owl_functional.owl,16737279,12837719,29574998
f8abba8e-c48c-4d28-ae15-050fb76d9ef2_wbbtmerged.owl_functional.owl,291072640,693542094,984614734
approximated_07fd60cf-95b6-4481-ac49-1911e30d1b28_Sauerbraten.rdf_functional.owl,11664526,4076515,15741041
approximated_bridg.biomedical-research-integrated-domain-group-model.1.owl.xml_functional.owl,117261181,88146228,205407409
approximated_3b4e270b-0efb-471f-b7b8-a8a4578e79ce_ter_wrench.rdf_functional.owl,19515424,4291139,23806563
approximated_03cf6bd3-992e-49ac-9c70-9819434059f9_IMR_functional.owl,241738942,574771590,816510532
approximated_58c23c9e-5d2e-4990-bbe0-0fc8c12de47f_1_20090714.owl_functional.owl,204330458,198617502,402947960
approximated_1a6cb2a3-20ee-4cae-bb82-21bfe2937597_onto.rdf_functional.owl,47605774,4954178,52559952
approximated_00463.owl_functional.owl,734740291,1031006816,1765747107
46385dec-a0c9-488b-9e01-6d4ef93602df_ntic_MediaWiki_functional.owl,23654787,2391774,26046561
approximated_81219363-c5d7-4481-8e47-e7ba9246d43f_thFunction.owl_functional.owl,134814161,212829804,347643965
approximated_992c3558-9cab-4fa1-9e8e-8fe59090c0f7_food.owl_functional.owl,16473570,3669632,20143202
14233960-0c0b-4d11-a337-a1b2cafd283f_animals.rdf_functional.owl,11235112,2582231,13817343
c6907ef3-a626-4b34-a474-15a4563b7f29_ish_label.rdfs_functional.owl,24407800,7148552,31556352
approximated_355959ae-249b-41b5-abdc-98450400a847_l_detector.ttl_functional.owl,16420102,3648911,20069013
1508dd36-1e8c-4c5a-8b37-1485d72d4d4d_onto.rdf_functional.owl,14299163,1751689,16050852
approximated_8730ed08-87ab-4c67-b77e-194790ec6e1c_mplegraph4.owl_functional.owl,16193917,8018708,24212625
approximated_0b1ba529-8cbb-48cc-a7ef-4e9487f0abdc_odWorkflows.owl_functional.owl,16260612,14175803,30436415
approximated_kb-owl-syntax-unraveled-depth-0-cardinalities-disjointness-triggers-constant-classes-relation-axioms-value-classes.ofn_functional.owl,424697239,966395457,1391092696
542c3456-ee77-4d9a-8e64-0b27e3b4d07d_od.obo.CURRENT_functional.owl,62751824,161683120,224434944
approximated_00572.owl_functional.owl,1603423292,4214773714,5818197006
approximated_78451a18-f191-4d7e-b5a1-29e4122d1945_ic_wiki_engine_functional.owl,27034754,3168715,30203469
01604f5c-bb75-41a2-8535-6eb587f4ef5b_egoryRdfsClass_functional.owl,43223535,1041285,44264820
61c75996-d58f-4f38-9194-56b4eb323c91_nnotations.obo_functional.owl,50839920265,1.54494E+11,2.05334E+11
approximated_34dc44c0-4c1e-44a2-95e3-e737055799cd_algroupcomplex_functional.owl,17757616,10657610,28415226
e9d909e9-7eb0-423f-a30c-46e93f6c4fc5_Bridge.owl_functional.owl,20942833,2105398,23048231
approximated_0a180fe0-e0ae-47bd-a865-897aeacbde7b_Band_clamp.ttl_functional.owl,23469024,4514693,27983717
approximated_61fdfa0e-19fb-4532-95d7-5cf3f31bc7a8_commodule.owl_functional.owl,36505159,38817887,75323046
approximated_2bfb980f-3e77-4bf6-8bc4-c40c58b570d2_blue_brick.ttl_functional.owl,14238837,3742243,17981080
approximated_7d5eb28f-0fed-49ce-94a9-affb64592379_ossAnatomy.owl_functional.owl,67750661,108792647,176543308
approximated_0d8cf748-ea92-48b3-8f4d-e541ad0175b6_H_Ontology.owl_functional.owl,22346757,14690890,37037647
approximated_10be2e27-bf7c-45cc-95e0-a629c08154cb_paceHeight.owl_functional.owl,132113144,213000063,345113207
approximated_483b0c9f-4e51-44b9-ac74-45b98b220235_Content.owl_functional.owl,18482454,11042912,29525366
approximated_2d3fe813-bca1-4ae9-86f9-af3f657b01fc_Currywurst.rdf_functional.owl,10330870,3733575,14064445
approximated_ad59eb37-5a1c-48e8-8165-fe5a2926af37_home_care.owl_functional.owl,28574563,40295616,68870179
ada6506a-6283-425e-b6a1-66e8a96de4ba_onto.rdf_functional.owl,15213247,1903227,17116474
44330bff-39af-4502-a54b-1d284e63ce2c_L2011IJCAI.owl_functional.owl,9459222,989026,10448248
892bd871-f78a-4256-b36a-3a48bd821b7a_pomerged.obo_functional.owl,57131612,121706684,178838296
approximated_6b13038d-c401-4fd0-a842-a57d57b30d1c_ack_cheese.rdf_functional.owl,17013273,3769537,20782810
approximated_00589.owl_functional.owl,30180005,52391632,82571637
approximated_4a257f07-8a3c-4f2d-8473-cc641ebf332f_202onto.rdf_functional.owl,14156875,5080127,19237002
approximated_81e8eb63-b9fe-4c50-b8fc-ec200fea1969_spinbox_functional.owl,14881438,3733619,18615057
approximated_3522454f-84c9-44bc-9818-fc017a5d625b_lenprotege.owl_functional.owl,1068695444,3097182915,4165878359
approximated_846b1650-0bea-4773-9cc7-209cba74e0c3_iensModIDs.obo_functional.owl,6893121239,14129823734,21022944973
approximated_e809d2cf-cae2-466d-8332-0dd4dd8a8948_roo_120730.owl_functional.owl,32159463,27569325,59728788
approximated_538312fb-d34d-425d-8089-e4376155285b_Adze.rdf_functional.owl,15758923,3748160,19507083
approximated_8c4cdea1-efc1-48f0-a6bb-853ce4584bb3_nseMapping.owl_functional.owl,32314471,26077580,58392051
approximated_c76c2bdd-aa71-43b5-82fb-b3d9339765ee_FN1.52.owl_functional.owl,20473991,8749726,29223717
approximated_kb-owl-syntax-unraveled-depth-2-km-relevant-cardinalities-disjointness-relation-axioms.ofn_functional.owl,650050933,1479923242,2129974175
approximated_a52c4dbc-1f0b-4cc6-9b2d-197999f58bb6_lmLandform.owl_functional.owl,144261408,246420861,390682269
approximated_2c877282-9a4c-42bb-8e5b-1bc1b5093595_Snickers.rdf_functional.owl,16508389,3683905,20192294
approximated_07ef0c71-e573-418c-96d2-8b0d305d185b_Tool_steel.rdf_functional.owl,12414209,3779616,16193825
aabf4d5f-4834-4bcf-b163-89e5a10af317_blinCore3b.owl_functional.owl,19178681,2232946,21411627
approximated_aec32960-eb0c-48d7-be31-9a175bf06f0e_latest.05.owl_functional.owl,2104908331,1307833897,3412742228
approximated_ffbfeeb2-6b05-445b-84e2-2342f461b5b0_blicazioni.owl_functional.owl,24366248,7015042,31381290
approximated_755639da-86d5-458d-b3cf-1d90b8bce979_concept.owl_functional.owl,27344530,13948339,41292869
approximated_8a911956-6d26-4bb5-b8ed-c595ad13a9b1_Helicopter.ttl_functional.owl,47065256,3714316,50779572
approximated_6ad726eb-5d8e-4439-b5f2-1662aece84e1_olia.owl_functional.owl,37416063,52609437,90025500
approximated_35541d57-2960-4b50-b081-4cdd1e142706_Design.v21.owl_functional.owl,72635124,9602398,82237522
approximated_83d6b78d-7f91-4710-9b23-dbe82b2e2858_Air_caster.ttl_functional.owl,68247330,3678869,71926199
800c5de6-4e11-429a-890f-c6d1bfcbd66b_6_OMNIA_v6.owl_functional.owl,39804473,39145038,78949511
approximated_dd82f90f-c96e-4a64-a322-2d3957551398_escription.owl_functional.owl,87227380,8367635,95595015
a5a02cb7-98c8-458f-9a50-8b8e6cd2a691_npddb.owl_functional.owl,91927581,31000471,122928052
approximated_52792bba-8ad8-4953-8248-365b374254f1_phenBiol.owl_functional.owl,430010141,248272860,678283001
approximated_1ab233ac-c005-476f-95fa-61c0c7515ae2_v_1_4.owl_functional.owl,18764976,8111224,26876200
approximated_4942231e-3599-48a8-8e28-4071e68e13b2_station.owl_functional.owl,14998299,14205615,29203914
approximated_3d92dd4e-809d-4c3c-8d09-099d13f8a7f6_locomotive.rdf_functional.owl,14344884,3627064,17971948
4b9cbbe9-fe50-4102-bc33-18996083982e_csontology.owl_functional.owl,9498522,5793250,15291772
approximated_kb-owl-syntax-unraveled-depth-2-cardinalities-disjointness-triggers-relation-axioms.ofn_functional.owl,660112708,1529363380,2189476088
approximated_1170809c-20e6-4ec1-a1ca-369b51903587_briole_leg.ttl_functional.owl,13797464,3898656,17696120
approximated_b349d09e-c1e1-4ec2-bc52-a3efcc8592f0_lock_valve.ttl_functional.owl,9845409,4058211,13903620
approximated_08e5998d-85af-4214-bb8b-977fffb4f9ff_gfobiometa.owl_functional.owl,19638563,18029732,37668295
approximated_b220109f-5329-4c92-9c97-7b159fbf1c48_old_1_7_13.owl_functional.owl,16405762,15318761,31724523
approximated_130ba1ab-dee1-4103-a46f-1f7d85ebfa6b_space.owl_functional.owl,87714988,155402115,243117103
approximated_06961bda-01e1-471b-849e-ffbadfcc4834_Rotor_kite.ttl_functional.owl,10283884,4146496,14430380
approximated_565a4206-e75d-4de4-a26d-bcbc0f9ba100_torDefault.owl_functional.owl,17588764,6853795,24442559
approximated_48010144-6df5-4221-b76f-bfcb30425879_nteraction.owl_functional.owl,20692729,7723428,28416157
3899158a-340c-4393-8c05-520ac6bd9520_ephenotype.owl_functional.owl,262080903,533013370,795094273
594f6064-cad9-4aa3-a8d9-8fac2d0a96b7_r_anatomy.owl2_functional.owl,168646929,43161940,211808869
approximated_dc8c05c2-5b98-4a2c-b67a-81413137d40b_IO_revised.owl_functional.owl,56115333,81486228,137601561
approximated_51ca7cf3-5fae-4397-a007-ddf7ee86e201_oilspills.owl_functional.owl,69623659,11296926,80920585
approximated_kb-owl-syntax-unraveled-depth-1-disjointness-triggers-constant-classes-value-nominals.ofn_functional.owl,1042464377,1664635598,2707099975
approximated_b4f80460-412f-496b-84fd-5d3a3672dde5_ation_mark.ttl_functional.owl,14486741,3691384,18178125
49ec3026-11a9-4fa3-89ac-bfb89a5f525f_goslim_pir.obo_functional.owl,24884728,37637185,62521913
5322fe0e-6a88-4d3e-a8fe-337c2d6d8077_eKrankheiten_V_functional.owl,10811353,935909,11747262
09e56d2d-e978-40b2-ae38-7571c5bd69ae_instrument.owl_functional.owl,16314704,6601507,22916211
approximated_ontokbcf.ontological-knowledge-base-model-for-cystic-fibrosis.3.owl.xml_functional.owl,29558578,36986965,66545543
e265c5fb-b7e3-4519-9363-b04783cc3c6a_ezeichnungen_C_functional.owl,9759452,835002,10594454
approximated_c1afb247-6221-4a9a-9c21-67c4b92ea58e_ron_import.owl_functional.owl,128376492,316403351,444779843
approximated_6f660a9e-d964-4804-b2ce-1f8ff7634388_mbeergeist.rdf_functional.owl,11637000,3985394,15622394
approximated_3e71db9d-ab27-4cc8-992d-124c295205a6_lbo_cheese.rdf_functional.owl,8677766,3929004,12606770
approximated_45da5baf-f229-41ec-8cfc-cca3176a5c3c_Geospatial.owl_functional.owl,141352351,254511468,395863819
approximated_18a9a135-cd5b-4048-9ef9-3cfaeadcc1b8_Bublik.ttl_functional.owl,13966341,3788303,17754644
approximated_634a1d7f-a9f2-499a-a198-c43806b80fc6_Oscypek.ttl_functional.owl,13498963,3853247,17352210
approximated_7322892e-9cfd-45c5-abef-7f337bac26c3_Potbrood.rdf_functional.owl,14980396,3645761,18626157
055e9980-d5ac-484f-bfcc-b62b0135b80f_imr.obo_functional.owl,344886339,554258877,899145216
approximated_3e6405ca-8f7d-467b-9783-ea83babf3691_owl22codo.owl_functional.owl,24634143,24908627,49542770
approximated_8eb6df8e-12ef-47d0-86d1-ce94b1f3bdca_Milbenkse.ttl_functional.owl,13177756,3772417,16950173
approximated_11f2e44e-1395-4ee6-8567-1079a4c85714_siocore.owl_functional.owl,35845155,59109303,94954458
approximated_6356f200-49a0-411f-9eb0-c97c2af46963__sprinkler.ttl_functional.owl,11240297,4134828,15375125
approximated_23b5dcc1-de6c-42b4-8b2c-dd93e552a9bb_Quickdraw.rdf_functional.owl,17370247,3669169,21039416
approximated_af35aaa9-7096-417d-b654-4fd7f84ddde6_Rumtopf.rdf_functional.owl,15271828,3746285,19018113
approximated_cae5a20a-41c3-4928-aa21-79786a69389f_sfb632link.rdf_functional.owl,33997250,60015644,94012894
approximated_2ad2eafd-b51f-4aac-a7df-28f0e0977b6d_PaulFisher.rdf_functional.owl,68945636,16356548,85302184
70ac7a75-12ff-4f63-a681-79baab8399c3_TopoCarto2.owl_functional.owl,31072121,38755779,69827900
approximated_7cc95e47-1688-448e-82da-fa364e336de6_Eternit.ttl_functional.owl,13778853,3726409,17505262
approximated_4adfcff0-50d9-4eea-a3da-f0131b91902a_COSMOtop991.owl_functional.owl,480945293,835955081,1316900374
approximated_6557a271-1ae9-4d61-89da-b31e6f0f7070_Conch.ttl_functional.owl,19855560,3703276,23558836
approximated_a8ccbbf6-11b0-4919-878c-bf928816a068_stateEnergy.owl_functional.owl,134317861,213080120,347397981
approximated_0997ce5e-8c09-4948-9661-862bf165398f_Olive_oil.rdf_functional.owl,12556519,3891331,16447850
c3ebb8aa-1b81-451f-bfb9-1ecc4c156660_e.obo.PREVIOUS_functional.owl,646798461,1409976962,2056775423
6a9ef59d-18fd-4086-a639-c2b23b00d083_anuary2007.rdf_functional.owl,12571358,1530896,14102254
59442193-d053-44e2-82e9-2561fa0555be_l_release.rdfs_functional.owl,13645723,5990994,19636717
approximated_de2a4f68-eef1-4a43-b633-0dcfeef5efde_Geographic.owl_functional.owl,138736637,246658887,385395524
approximated_03734053-d4a6-4f43-96bc-1d66a3ec763e_mtq_091217.owl_functional.owl,21266359,21363676,42630035
approximated_4c284651-c63f-4cc5-9ac2-eb8dc4655a80_FN1.16.rdf_functional.owl,12721720,5493542,18215262
approximated_0257b687-cee5-4e5d-a63e-014574992c3a_PaulFisher.rdf_functional.owl,17482310,2860958,20343268
approximated_16e97dae-2dea-40c4-82c1-fdf7ae270400_Galo.ttl_functional.owl,14792993,3883882,18676875
approximated_77d10aff-dc32-4635-a080-f8ba0560c871_s_odvozena.owl_functional.owl,15999029,3899613,19898642
approximated_2d3b0faa-f844-406a-ba99-57ccecf9caa7_uniprotpro.owl_functional.owl,1033627586,2658199795,3691827381
approximated_d072d130-da53-40a3-a616-59642617ccc3_M4L.owl_functional.owl,17927901,20808456,38736357
approximated_2cc0c6b4-0a07-432b-89bc-8e76b411cd2c_pture_disc.rdf_functional.owl,16170883,3774372,19945255
approximated_dc484b4f-1ff3-425c-ad45-118042b57d3d_lar_marker.ttl_functional.owl,13904908,3677888,17582796
approximated_81a38c30-8760-47b9-8363-87ea3e73ddf2_dulplus.rdf_functional.owl,23669416,25068131,48737547
76eb1013-0fc6-4d0b-9c7d-93c088b5706f_phylobase.owl_functional.owl,29904641,37183705,67088346
approximated_00515.owl_functional.owl,71201766,159995942,231197708
approximated_USDA_sr25_NF0_20.owl_functional.owl,167979949,53646544,221626493
approximated_07cb36ef-d60a-4533-a4be-a79205af776b_Microbiota.owl_functional.owl,37083148,53058380,90141528
approximated_3cf1dc73-4a16-4718-ab8a-1831cc9fe7cf_stateEnergy.owl_functional.owl,142985048,214043260,357028308
approximated_56baf981-3699-4532-b964-60238d2dbb13_cm2.owl_functional.owl,16215800,5220694,21436494
approximated_dde79c88-9924-46c0-87cd-0105b70f996c_ndaryLayer.owl_functional.owl,137391808,251814920,389206728
approximated_dcb5b759-c112-4e12-85d3-0b0c5023f4c8_de_Projeto.owl_functional.owl,25941593,35145646,61087239
ehda.human-developmental-anatomy-ontology-timed-version.6.owl.xml_functional.owl,283459518,524712671,808172189
approximated_a96f9034-eef4-425c-ad83-d30954ace75a_xd2codo.owl_functional.owl,30122090,21792739,51914829
approximated_3dffcc19-aa43-4d5f-b7c4-d87556974362_f_corretto.rdf_functional.owl,10590669,3774736,14365405
291f268e-babe-4d5e-942d-d303237603b8_mod.owl_functional.owl,64324662,166261174,230585836
approximated_9b9db4ab-8330-4d86-b62e-fb074cc72556_pingCurino.owl_functional.owl,111605351,10685573,122290924
00396.owl_functional.owl,58675682,16462123,75137805
approximated_23d1c35b-69df-435d-adc7-c0c21a79021d_Ignitron.ttl_functional.owl,11822111,3721683,15543794
approximated_7a83fc0a-214c-472c-9a8c-42796a07c007_mmer_drill.rdf_functional.owl,12504234,3659770,16164004
approximated_50e4fdc1-e860-4bde-9e48-57f9cd630ce0_Sofrito.ttl_functional.owl,14093555,3697320,17790875
approximated_9c1cae0b-5e96-47f3-8a41-8340e71a514e_PaulFisher.rdf_functional.owl,12214884,2840069,15054953
approximated_110351e7-338b-4e35-83ae-6fde2eb8c040_russia2.owl_functional.owl,19838117,13035339,32873456
approximated_f4129b0c-a25a-4522-a429-8e4fa2314a45_ativeocean.owl_functional.owl,12192227,7205882,19398109
approximated_a513e1c0-babf-4745-9c18-5055b5c3769d_Dimmer.rdf_functional.owl,11882688,3662172,15544860
approximated_db4ef685-bf8d-4997-b19a-937c6b6a4b5b_eFrequency.owl_functional.owl,136578343,211329657,347908000
approximated_3d70dac8-11e8-4612-95c5-12c7fceeca8e_Stroboscope.rdf_functional.owl,19821719,5726234,25547953
approximated_6b7a7c22-f7c0-4d88-a74b-028a0099f4fb_galen.owl_functional.owl,109007777,220265858,329273635
approximated_00629.owl_functional.owl,57768585,139522222,197290807
approximated_39dd58b3-e631-4303-9721-aded5ea26123_mond_paste.rdf_functional.owl,12275702,3976504,16252206
approximated_b2658f35-67ad-4238-94ba-b9eae3205376_composite.owl_functional.owl,13624839,5943288,19568127
approximated_1a284d14-21c0-4da4-bf17-f9b5f9b4e8b3_a_20110129.owl_functional.owl,79119723,12702931,91822654
8f3b2945-6340-4da4-a044-67b5f603b62c_balladspec.rdf_functional.owl,12633507,2772220,15405727
c2c14c7d-2246-4be9-a8bd-041317267ce0_TO_XP.obo_functional.owl,35455188,9880905,45336093
approximated_adbf8e2a-88b2-405a-a7a2-ce9a1f1045d5_cerevisiae.obo_functional.owl,995088029,2404698557,3399786586
approximated_03e8be19-cdfb-443a-a342-6dfa831324dd_onto.rdf_functional.owl,18783258,6339956,25123214
approximated_a6198c84-103d-44c1-b351-66fe1b6dbf51_JDBC_driver.ttl_functional.owl,15947864,3803645,19751509
approximated_b358bd76-2118-49ba-b177-ae8293a89285_O.owl.PREVIOUS_functional.owl,22338836,21198045,43536881
approximated_88bfa2b6-929e-4ccb-abbb-5f7f3931c921_al_process.owl_functional.owl,924745474,2817013145,3741758619
approximated_ad58f9f2-2b3a-4fa2-8946-1d69e2c18b5c_iaomain.owl_functional.owl,16460848,22770173,39231021
approximated_4a7a517d-fee1-40d2-9c24-4d7eb7301915_to_pancake.rdf_functional.owl,11754041,3805953,15559994
approximated_0ca546cc-f222-4fa9-9881-d3e43c31816b_AA_battery.rdf_functional.owl,14393144,3681045,18074189
approximated_4cb09647-90c0-4958-8679-33282833faab_TequeC3B1o.ttl_functional.owl,13377965,3678031,17055996
45578bae-6f87-4ffc-a482-3030745d677d_WineRegion.owl_functional.owl,10459535,812136,11271671
approximated_vivo.vivo-ontology-for-researcher-discovery.2.owl.xml_functional.owl,22147721,22126761,44274482
c37a5a79-7d14-42bb-b0c6-dffa6e8612d6_p_anatomy.owl2_functional.owl,215529552,96727965,312257517
approximated_7b762ac7-dc12-43f2-bd28-a77c49257f98_trSediment.owl_functional.owl,127757633,211113376,338871009
51f7da48-e020-4fbe-812d-b084ffb96732_clbasic.obo_functional.owl,70745774,163720003,234465777
approximated_00680.owl_functional.owl,533948917,1029573740,1563522657
approximated_kb-owl-syntax-unraveled-depth-4-km-relevant-cardinalities-constant-classes-value-nominals.ofn_functional.owl,350103741,852665747,1202769488
approximated_6d467ea0-5649-4236-ac6e-9b7ff73bf108__furniture.ttl_functional.owl,17661371,3793352,21454723
approximated_0852a3a7-cc11-4cc6-8672-788301bcf8c1_e_computer.rdf_functional.owl,18721317,3895664,22616981
approximated_8d57111e-c1d1-4cd2-8820-bb9795344e49_aero.owl_functional.owl,21073127,17576316,38649443
approximated_0d728006-b856-4900-87d6-4ca8a301fa12_Couch.rdf_functional.owl,9112308,4492148,13604456
approximated_734e4a0a-70c3-4106-a20d-15a85ae5e7bf_QoSOntology.owl_functional.owl,32200387,26990567,59190954
approximated_00435.owl_functional.owl,183080443,457513680,640594123
approximated_bdbcaf71-7a7f-4b2c-95b5-433e645d87a2_database.rdf_functional.owl,14864425,2877948,17742373
approximated_00526.owl_functional.owl,32061021,26554929,58615950
approximated_108e4a2b-acc2-4ac5-aa19-5506386ffac4_Pasta.rdf_functional.owl,15038652,4457233,19495885
approximated_ced80d6b-6104-4de4-b31d-2437e71a8584_neprogetto.owl_functional.owl,15979300,9138922,25118222
approximated_kb-owl-syntax-unraveled-depth-0-disjointness-triggers-relation-axioms.ofn_functional.owl,368674370,833003882,1201678252
approximated_4866e34f-4775-4938-bd27-dcc1776168b4_phenAtmo.owl_functional.owl,138113101,226185251,364298352
057f47fd-45a4-4f88-8f5b-fad1a26b4c24_mmo.owl_functional.owl,110547661,28827533,139375194
approximated_105c9b46-149b-48d7-9d54-972676ef35ff__connector.rdf_functional.owl,95439373,3665013,99104386
approximated_027cc527-79ca-4a19-96c0-8e7f8c78e07f_oboespatial.owl_functional.owl,18505128,7706210,26211338
approximated_977dd9e9-a892-4375-97a9-07e9f96951d1_n_taxonomy.owl_functional.owl,381241636,606003447,987245083
4a22b196-9a0b-4fc8-a645-c895c1d3541e_HockeyTeam.owl_functional.owl,13369244,1032244,14401488
approximated_416eff97-9628-4693-a79a-1a54e21f89de_Cupcake.ttl_functional.owl,10253453,4476236,14729689
approximated_01eeecd4-570b-4cd5-9ed5-24f6b900046d_PolicyModel.owl_functional.owl,13524509,5986349,19510858
approximated_517d7dfe-1882-44e8-bf0e-568b90c7383c_Portaledge.ttl_functional.owl,12063325,3952312,16015637
approximated_914c4ced-8eeb-4fb6-b476-cfdbb2e41252_matr.owl_functional.owl,128711501,214128947,342840448
f421229b-ef35-49f0-806b-83335f7d3a97_roel.owl_functional.owl,16795638,2707301,19502939
dac0fe4b-826c-4eeb-8a86-fd54d9b8b74e_ra_anatomy.obo_functional.owl,47121779,98188196,145309975
approximated_3995c40d-3333-4bc3-93d7-e1bbe3410c2a_AbbaZaba.ttl_functional.owl,11281151,4025026,15306177
approximated_9240cf09-fae9-40cd-a8bd-285e78f30d97_geCreation.owl_functional.owl,15738602,4518954,20257556
c003abe6-bfec-47ea-b80d-33d74dcbdfa2_ck_anatomy.obo_functional.owl,31729458,48500852,80230310
approximated_2e1adf6e-1e5b-4b0b-9f2f-ef50cfe973e7_e_stripper.rdf_functional.owl,13047300,3749301,16796601
approximated_c9411cad-c6ba-4c1f-9f18-c6409e3b7505_esg2.owl_functional.owl,67131884,17461678,84593562
03aca579-e70f-47ec-a5d4-5a80624e1ab0_1_inferred.owl_functional.owl,162147816,50505108,212652924
approximated_kb-owl-syntax-unraveled-depth-2-km-relevant-cardinalities-disjointness-triggers-constant-classes-value-classes.ofn_functional.owl,703612940,1615838362,2319451302
c4dd88ee-a40f-44ed-9ed5-3b61ba09835d_flanzenatlas_A_functional.owl,7754587,746730,8501317
approximated_012fb573-c221-414d-aca9-d85383b946e0_arb_forcer.rdf_functional.owl,15504888,4426389,19931277
mccl.cell-line-ontology-by-mahadevan.1.owl.xml_functional.owl,169109468,251786231,420895699
approximated_0c6b2602-db93-49de-a8a8-82312011cc4e_compute.rdf_functional.owl,82262145,7080985,89343130
approximated_2c7dc211-3a22-465c-86ef-ba59c709e3a0_w_ontology.owl_functional.owl,73432262,3745256,77177518
0ba9ffc7-2227-4d7e-8549-110122c9017e_PSIMOD.obo_functional.owl,78172626,168740013,246912639
50ec7747-8d72-4365-b680-5a2deb59212c_imitive2.0.owl_functional.owl,20863498,15587265,36450763
5cca276e-bfbe-4680-b464-b679d623c53c_IDOMAL.owl_functional.owl,76958216,177020186,253978402
approximated_kb-owl-syntax-unraveled-depth-2-cardinalities-disjointness-constant-classes-relation-axioms-value-classes.ofn_functional.owl,741353248,1622814021,2364167269
approximated_a6518c68-c87e-4341-8e09-d3939e153ad2_reprSpace.owl_functional.owl,149726529,248694381,398420910
approximated_dcc2e25a-d980-42d3-a2e1-afc478446175_Legal_0504.owl_functional.owl,39600472,36934817,76535289
a3052688-5243-4a2a-9638-fc393b50b43d_csontology.owl_functional.owl,17087456,6186209,23273665
approximated_835f4679-69df-480e-bdab-2f3d360dd945_rioensembl.obo_functional.owl,3343193908,7853418064,11196611972
approximated_3b6324c1-4682-42e1-b337-10a462caec6c_riouniprot.owl_functional.owl,95877375,60196649,156074024
23efc13a-666c-4501-b963-86d1e682e27a_cmo.owl_functional.owl,56639075,129759395,186398470
approximated_01d0637d-6dc0-47e0-91de-727637e94119_sit_cheese.rdf_functional.owl,17546553,3787492,21334045
approximated_79eab1a1-a17d-41b0-a817-a2eb5f0cd28a_swoogle.owl_functional.owl,11210717,3629522,14840239
approximated_60816aec-2992-4e2d-bcc5-fbaa33648d5e__Datasette.ttl_functional.owl,16345241,3774196,20119437
approximated_27a47d33-8c6a-4bf5-a85d-a3d9581974b6_Perfboard.rdf_functional.owl,18652625,3855629,22508254
f286f720-f57b-4cda-9f17-494b5ad64ea5_dreasoned.rdfs_functional.owl,25442635,34801382,60244017
bhn.biologie-hors-nomenclature.1.owl.xml_functional.owl,188218634,120257506,308476140
approximated_7a255d07-b714-4347-b56c-9db311bed23a_deprecated.owl_functional.owl,148955927,7777245,156733172
approximated_8b586584-43ec-4bc3-b88c-76fa8529685d_LMM_L1_14.owl_functional.owl,86388077,17729731,104117808
approximated_kb-owl-syntax-unraveled-depth-3-km-relevant-cardinalities-disjointness-triggers-constant-classes-value-classes.ofn_functional.owl,888424284,1527192007,2415616291
approximated_bc4bdd0a-142e-4fec-b4ca-8221dee9ad87_NTNames.owl_functional.owl,18785417,5591715,24377132
c9e5f1e0-2193-47ed-b915-3a37aafce8ea_um_anatomy.obo_functional.owl,14839041,16642951,31481992
approximated_00462.owl_functional.owl,428274716,1151068503,1579343219
ontopneumo.ontology-of-pneumology.1.owl.xml_functional.owl,29335747,57882309,87218056
0aa1fe44-aa68-4088-986b-2c97f5acd5d7_nverzeichnis_J_functional.owl,10335656,745147,11080803
1779a8c2-9250-4f50-bda3-51840cedddb3_nbo.obo_functional.owl,37838309,61503134,99341443
approximated_20a9e93f-4bb0-41f7-ac95-bcd0309d0fe1_sOntology.daml_functional.owl,13859417,5164621,19024038
approximated_151dcf31-ca77-40fa-acf7-0c7709dc1b8a_astiveFull.owl_functional.owl,16967773,4922646,21890419
a2ec6493-92ab-4113-937f-cc6b32298bf0_v_1_3.owl_functional.owl,13832608,5198345,19030953
approximated_omrse.ontology-of-medically-related-social-entities.13.owl.xml_functional.owl,10448422,6987351,17435773
approximated_0645e336-4ed9-4aa4-80b2-7f6113e50edf_ed_bicycle.rdf_functional.owl,14003462,3982163,17985625
approximated_1911642a-c7ce-4296-b89c-6607750bb07d_riopthrids.owl_functional.owl,79169235,221726137,300895372
approximated_745696ff-c8ee-445e-a771-bfcac8377419_SAO.owl_functional.owl,82871306,47106371,129977677
approximated_97feaeb5-3b63-4bb1-b6f9-9cfb1e542136_torDefault.owl_functional.owl,23457938,7797391,31255329
approximated_91ec3852-abad-4c33-9b5d-3cab6c17f816_BBC_Master.ttl_functional.owl,28111983,3745979,31857962
xao.xenopus-anatomy-and-development-ontology.21.owl.xml_functional.owl,147519123,254608936,402128059
approximated_0a7e866b-9048-43a6-92d3-357a80782d0c_lesey_Bomb.ttl_functional.owl,19861559,3731895,23593454
approximated_a16ffaaf-7d42-428a-a51a-9c936ff22dd5_tch_whisky.rdf_functional.owl,13712030,3719713,17431743
approximated_01eb52eb-c050-47e1-b9c1-c6c202a7ef9b_H_Ontology.owl_functional.owl,16221918,13553112,29775030
zea.maize-gross-anatomy-ontology.2.owl.xml_functional.owl,17831037,11500946,29331983
approximated_292ffb3f-59b1-4402-b818-760b4c5db47c_mo_sapiens.obo_functional.owl,6047981111,14308786244,20356767355
approximated_331a58a7-f39b-4553-8489-eaaa42138a26_EnzyOfull.owl_functional.owl,414863224,796334303,1211197527
approximated_9f6bd909-5bc2-49b4-b6e7-5533f83d3278_odSystems.owl_functional.owl,14477224,5289881,19767105
approximated_93dfe4f0-751c-4be4-808c-0e3cb985a588_lash_drive.ttl_functional.owl,11226769,3821193,15047962
approximated_460cbd0d-a9eb-4adf-be16-2ca4863eb7b6_HelloWorld.owl_functional.owl,20594025,20029103,40623128
approximated_014adf08-4bfe-4802-9c45-9d42e4b122a7_taxdemo.owl_functional.owl,20851927,38097985,58949912
approximated_42369122-b9d1-4b4c-84b3-2007c21f80c8_eam_engine.rdf_functional.owl,15835045,3740826,19575871
approximated_93fbad62-9af3-49af-bf0e-91dda13e48d6_semanticweb.owl_functional.owl,15909944,3911734,19821678
approximated_ba2ee880-6333-4195-b972-d72dd933aa98_pabilities.owl_functional.owl,20081666,17277629,37359295
approximated_kb-owl-syntax-coreference-IDs-disjointness-triggers-constant-classes-value-classes.ofn_functional.owl,970489440,2180137636,3150627076
approximated_3858332a-3b37-48f3-89d3-fab88354691c_urityViews.owl_functional.owl,117287403,41975104,159262507
approximated_dd9c6a1a-e698-44b7-870b-433202ba2cbd_vsto.owl_functional.owl,48565607,17864639,66430246
44a8c71d-42a0-4d16-812d-7bd8ce257d26_Album.owl_functional.owl,17472850,884583,18357433
approximated_1e5f8b8f-12f1-41f7-a238-79b06b94dd6e_Penny_bun.ttl_functional.owl,25450837,3728563,29179400
approximated_0600986c-64b3-4c51-8f04-048bab392811_plant_trait_functional.owl,37251749,66856477,104108226
approximated_649b7538-6b33-4dcd-b28d-1fd853852161_exatomicnumber_functional.owl,14076470,6011177,20087647
approximated_00411.owl_functional.owl,50484243,73250239,123734482
approximated_00640.owl_functional.owl,26532850,41384284,67917134
approximated_2f9aefe0-8d2e-4a6d-9be5-72bb3be205c3_POWER4.rdf_functional.owl,16073174,3782035,19855209
kb-owl-syntax-unraveled-depth-1-disjointness-constant-classes-value-classes.ofn_functional.owl,1030615646,779356933,1809972579
approximated_4d321332-0e0c-4283-bf31-832e2532cc51_unction.sms.n3_functional.owl,26158733,22599799,48758532
31456b3f-0369-42a7-ad8c-d91611615af7_onto.owl_functional.owl,14159534,4026122,18185656
4bede11d-c626-4f36-9b79-e92bf1ee7052_Writer.owl_functional.owl,17222479,2751092,19973571
approximated_9121f541-8565-4262-9626-9b36228e2c42_semantics.owl_functional.owl,38451715,15456447,53908162
approximated_neomark3.neomark-oral-cancer-ontology-version-3.2.owl.xml_functional.owl,30281575,12347567,42629142
approximated_1079db6c-33ec-40d5-8a21-d62645d1b14b_eers_scale.ttl_functional.owl,12260243,3734788,15995031
approximated_1cb4e455-3c0c-4117-9aa6-b40a06ccb8c3_unit.owl_functional.owl,62990422,153253615,216244037
approximated_7fb7d222-a2f2-479d-b231-45299c5d23db_uffexample.owl_functional.owl,13231658,4950946,18182604
approximated_5717725b-10cb-4c2c-9f5e-d790366f59b1_g_machines.rdf_functional.owl,14972211,3836926,18809137
approximated_6bcf8f1d-2e17-4875-bba5-015d7b0b5c77_being.owl_functional.owl,15403465,6835816,22239281
approximated_fcd60c50-d9bb-4799-b318-d804ca8685c8_onto.rdf_functional.owl,16443385,7915385,24358770
approximated_9727daf4-20ee-4f9f-849a-04a4e145ae08_Alorenzatti.owl_functional.owl,16358575,10020011,26378586
approximated_ero.eagle-i-research-resource-ontology.13.owl.xml_functional.owl,110941982,231198865,342140847
1a9e972d-621d-4c5f-a006-8a4918bb2a7c_onto.rdf_functional.owl,15941582,1795125,17736707
approximated_248fbf31-d3d6-4f66-8017-66ffab55253a_Airbrush.rdf_functional.owl,13774319,3704810,17479129
approximated_kb-owl-syntax-unraveled-depth-3-cardinalities-disjointness-triggers-relation-axioms.ofn_functional.owl,642632289,1464710973,2107343262
spto.solanaceae-phenotype-ontology.3.owl.xml_functional.owl,22880586,23819805,46700391
approximated_1e0b92e4-0249-4b5f-b588-d038c0fd02b6_Liptauer.rdf_functional.owl,16648431,3904856,20553287
approximated_20416349-9358-43ef-b27b-ac8b464f1d01_ic_barrier.rdf_functional.owl,11827708,3689644,15517352
approximated_5431ee7c-e2a6-48aa-be00-ac3cf6ad63fe_coat2codo.owl_functional.owl,22493972,14970534,37464506
approximated_00789.owl_functional.owl,54159028,87675097,141834125
approximated_5c87efb9-0cc8-447f-b419-1a8385484a0d_ale_Cheese.ttl_functional.owl,14810650,3719098,18529748
approximated_genomic-cds-demo.owl_functional.owl,2766872719,5193926910,7960799629
approximated_08c913c7-ee48-4766-a817-033ebfe65c98_phenStar.owl_functional.owl,140281001,212240193,352521194
approximated_kb-owl-syntax-unraveled-depth-3-cardinalities-disjointness-constant-classes-value-classes.ofn_functional.owl,699209944,1581937188,2281147132
approximated_00786.owl_functional.owl,5226481856,11653619510,16880101366
approximated_14711145-261b-46ae-ab25-8f7bddc8dde4_preonto.rdf_functional.owl,20608067,5536373,26144440
approximated_181e397e-f62d-492a-8d8a-2e873acc0b47_dOntology3.owl_functional.owl,14553198,7658326,22211524
c7357309-7040-4f7a-a52f-893dc0b3e903_EbGdrcN5Y29ycA_functional.owl,16829834,15355098,32184932
approximated_41eccfd0-73bd-453f-bbe9-67571346abbf_CSv0.01Lex.owl_functional.owl,41125848,80986433,122112281
approximated_a13abfe4-2652-42b5-886f-83f820f31873_rolina_rig.rdf_functional.owl,14557769,3755001,18312770
approximated_8b795d48-dd99-45e5-a479-544822333895_matrPlant.owl_functional.owl,151403056,210215680,361618736
approximated_0d616494-3565-4f23-83d2-ae5c8c5b867c_locomotive.ttl_functional.owl,12117498,3955040,16072538
15c02dc7-35fe-4219-9632-fb3cd5c991b4_Newspaper.owl_functional.owl,18638578,2311220,20949798
02ab3076-f809-4d05-9a69-773b08f2b1a6_ehdaa2.owl_functional.owl,292515312,698383830,990899142
approximated_59e18278-6186-4b6c-a352-462483b99895_TFCtry.owl_functional.owl,59298031,18026716,77324747
approximated_09d82ffc-81d3-41be-a513-d5edf387294b_Biskotso.rdf_functional.owl,20101701,4768958,24870659
approximated_c4454a08-5597-4a9d-a094-4079b0f01cbe_onto.owl_functional.owl,17171183,5331450,22502633
approximated_cdf418bd-896d-417f-91a0-c3a4c85e1d46_fdolcelite.owl_functional.owl,12596640,9907907,22504547
approximated_f2886abb-ef43-4027-b10c-0428ef3eab8a_rumVisible.owl_functional.owl,65037267,125066198,190103465
approximated_ce06130b-bf4b-48bc-bc78-438de0d42105_attachment.owl_functional.owl,30111703,17122341,47234044
a8c843bd-6dc9-4ef8-81eb-35f7060afaf2_tplushuman.obo_functional.owl,283697510,576244098,859941608
approximated_441fdaf0-b954-41e4-afb7-138a76151175_eanFeature.owl_functional.owl,393537172,248861214,642398386
approximated_fb487d8c-3ea2-44e4-9ead-dd11dcf2a2bb_halianaMOD.obo_functional.owl,4182062222,6951192479,11133254701
approximated_0e91c6b8-1080-4af3-b2dd-a6cfb499a1d1_CategoryProject_functional.owl,15218935,2042441,17261376
984c6427-4e59-45c2-adf8-52fa91276b90_nnotations.obo_functional.owl,6219544975,13826876635,20046421610
approximated_38f56a31-94c0-4e3d-83bd-982719548b34_on_turbine.ttl_functional.owl,17468523,3787897,21256420
approximated_5b583e7c-8476-4706-9496-ae08a1e0e3a8_iteseermap.owl_functional.owl,17705122,9156634,26861756
approximated_1917285a-9d42-40cb-bd11-2911ef6a915e_Varistor.rdf_functional.owl,27362870,6228293,33591163
86137784-76c2-43f6-aaa3-5af68fe5f32e_ieHeilpflanzen_functional.owl,17855461,2644772,20500233
c053ce23-c326-4da3-8ac2-09fec8e333bd_werStation.owl_functional.owl,16439346,1235807,17675153
approximated_925fed49-440b-462f-b01b-a3b0fe739bac_G7Ontology.owl_functional.owl,20715944,26249311,46965255
approximated_a52441a3-9877-4c93-bfc5-dc5f9d5434b8_functionsafn_functional.owl,16242596,9450593,25693189
approximated_856e6f8e-4efa-4fad-bee1-6a6e0972dd5f_OSOnto.owl_functional.owl,22687644,11419566,34107210
approximated_suicido.suicideo.1.owl.xml_functional.owl,20463456,14076017,34539473
approximated_83d1a75a-aa64-4e1c-9e7f-7c2f9cd77c0c_scillation.owl_functional.owl,137246998,213860335,351107333
approximated_a7834ac8-0f82-47bd-a3f3-fe147d36ff47_family.rdf.owl_functional.owl,742509109,64348717,806857826
approximated_572db493-ae77-4557-ac1b-4456ba192af9_geOntology.owl_functional.owl,15401399,5853725,21255124
approximated_375563f9-71ac-49fe-88bd-5f4fc0f8cc99_ion_sensor.ttl_functional.owl,14343787,3673181,18016968
approximated_39317f8a-38d8-4817-89d8-d8ab465ec634_Leaf_blower.rdf_functional.owl,10672674,3776393,14449067
493ce617-2620-48c0-9109-e603d261c511_o_anatomy.owl2_functional.owl,78254233,151042954,229297187
35f96c11-b590-4107-bad2-182aeb24cd5a_classified.obo_functional.owl,35155083,49256091,84411174
approximated_00167.owl_functional.owl,22055385,14533337,36588722
approximated_1d4cd46d-2b77-4e2b-9ea3-32f7b6e2b533_Building.rdf_functional.owl,11666053,3710241,15376294
approximated_2690231a-400e-4bad-998a-0cd8dc7ad086_Gelatin.rdf_functional.owl,19201099,3680021,22881120
approximated_461cd0a9-dade-46cf-ba57-c3205a1b7fd7_reprTimeDay.owl_functional.owl,137118812,247150552,384269364
approximated_kb-owl-syntax-unraveled-depth-1-cardinalities-triggers-constant-classes-relation-axioms-value-classes.ofn_functional.owl,483305044,1235669268,1718974312
approximated_17c48882-9548-42ca-9f7a-d0a0731c12f4_matrAnimal.owl_functional.owl,243357300,219062676,462419976
approximated_34d8209e-7fe2-40ce-b4b4-4e5ed204fccb_Laptop.ttl_functional.owl,84799836,3757697,88557533
approximated_kb-owl-syntax-coreference-IDs-cardinalities.ofn_functional.owl,1288688443,1760627588,3049316031
13eb1f92-4f9d-48f2-93ee-4456a01da828_status.owl_functional.owl,19079936,870149,19950085
approximated_5db0b26e-f241-47fa-81b2-c65697394f8f_Behavioral.owl_functional.owl,12620520,3108761,15729281
approximated_61deb8a9-52fd-413a-928e-2c9ee425883a_ket_wrench.ttl_functional.owl,12413553,3789256,16202809
approximated_963dde7b-4499-487b-92bd-0e684383993b_biotop.owl_functional.owl,20320368,18763936,39084304
approximated_0aced593-5017-4cac-b5e8-0c48adf94a23_ura_loenpa.ttl_functional.owl,15519087,3808985,19328072
approximated_110b45e3-d4b5-4e1a-a88e-f37292b4d077_Grev.ttl_functional.owl,14003589,3773246,17776835
approximated_00447.owl_functional.owl,44076999,88971741,133048740
approximated_82120d61-cbe8-41eb-b53a-abcbdd7055df_ine_ticket.rdf_functional.owl,14907489,3814884,18722373
approximated_35e029f9-8bfa-421e-8e0c-c3cf759a1f46_hop_cheese.rdf_functional.owl,6524303,4631479,11155782
3d0adb3e-861e-418b-bb81-204f17940f28_t_xp_self.owl2_functional.owl,36779374,10464676,47244050
approximated_297cda16-73ee-4b56-8c23-cecf6b929f9c_0_20090529.owl_functional.owl,99111093,199324931,298436024
approximated_kb-owl-syntax-unraveled-depth-1-cardinalities-disjointness-constant-classes-relation-axioms-value-classes.ofn_functional.owl,767186622,1753025655,2520212277
approximated_43f7c945-1711-42b5-9363-aeb590e288c9_Logarithm.rdf_functional.owl,23533499,4481804,28015303
approximated_4504faeb-b44c-4fc6-b6a3-f1fdf7c5d4cd_dMesoscale.owl_functional.owl,97006142,202198927,299205069
approximated_f0d534ab-fd09-4b8e-b288-1f9cb521b5e6_jectOWLDL2.rdf_functional.owl,33315363,37198655,70514018
86043b90-10b0-4778-aa3e-9489d6f1999d_tegoryOwlClass_functional.owl,20515350,1251462,21766812
approximated_9d745e27-6005-418c-a96f-2e75506bb148_person.owl_functional.owl,17424369,6668975,24093344
approximated_345a9eac-24b5-4761-9a45-b98c29484458_sadiobjects.owl_functional.owl,59324667,49592132,108916799
approximated_71c2842a-621c-4390-91e7-dc0d85b63948_llo_cheese.rdf_functional.owl,20653728,4190559,24844287
approximated_418af78f-0086-4188-aed4-91fd4245421d_esg.owl_functional.owl,32336765,12863076,45199841
approximated_8d3e4685-e452-4d19-878b-cea1e73527ed_COSMOtop825.owl_functional.owl,397736248,653593341,1051329589
approximated_4faf92af-9aa1-4a02-be6c-b0c518c6449d_tification.owl_functional.owl,14261777,4838929,19100706
approximated_255cc7ce-f0e0-4ae8-8521-517088be7fe6_3B8kkelost.rdf_functional.owl,12550265,3766363,16316628
approximated_077875b6-bcaf-463f-a8f6-08f792ff103a_Salad.ttl_functional.owl,15669337,4292903,19962240
approximated_6c2f8691-9286-421a-8c6e-3241b988c478_et_waggler.ttl_functional.owl,10245277,3648818,13894095
approximated_ab6a6a31-34cd-4604-ae8b-66b4363c883f_maontrev25.owl_functional.owl,15474011,4205296,19679307
approximated_2b1137b8-5d00-4910-b0dc-428d5be3a819_NIFFunction.owl_functional.owl,15425601,8700657,24126258
14422170-38e3-416d-a3be-cfa55149c9f5_mo_sapiens.obo_functional.owl,293789649,800804323,1094593972
7909d462-f1c0-4d5f-9fbd-998ca495e034_rm_anatomy.obo_functional.owl,308444326,702799950,1011244276
approximated_490347ea-c548-4c61-a2a7-17e0b08ea64c_.iriToBIB.owl_functional.owl,99141940,7155707,106297647
43ee95af-fb0f-48f6-84ce-ec62fc0877fe_condition_2.owl_functional.owl,816106103,1625130325,2441236428
approximated_194ce15e-4799-4bb6-9e4b-e9bcbf122b40_controller.ttl_functional.owl,16646001,3716827,20362828
approximated_816aa0f6-6ccc-4ac5-8106-2038bd9b039b_specific_functional.owl,19847276,11715514,31562790
approximated_fd04ee18-a6c3-4225-95ae-bfd5f8af96ca_quality.owl_functional.owl,52252364,108085112,160337476
03450d8d-e27b-4763-b000-6129473bfff4_mp.obo_functional.owl,205572617,616604423,822177040
approximated_a5e633ef-a28a-4b02-b05d-c004c15c70b3__loaimport.owl_functional.owl,26800532,20868491,47669023
approximated_9bedc3df-9616-4b6f-acef-4b58ae05fac3_bcgo.owl_functional.owl,135921210,331507652,467428862
approximated_43c8ec17-a050-404e-aedb-f6aac5fdb8fb_Rhubarb.ttl_functional.owl,14061526,3696087,17757613
00399.owl_functional.owl,40339499,14441127,54780626
approximated_00633.owl_functional.owl,57797797,142498594,200296391
approximated_e6dfe162-b31b-40a0-ba48-e9df760114f3_phenHydro.owl_functional.owl,137179434,247632496,384811930
approximated_6c702eba-d674-47cd-9032-a5af86b3b4fd_quanMass.owl_functional.owl,138830532,210558947,349389479
approximated_0b26e560-6cff-472f-b9d7-3acbe70bcbc7_Footstool.rdf_functional.owl,16097580,3801195,19898775
approximated_213d948c-8a53-41fb-804e-f03e699d4957_Desk.rdf_functional.owl,10630630,3848436,14479066
approximated_c351d1d0-44a3-45e6-8d13-3fe77b1aeb26_phenHelio.owl_functional.owl,135604481,215042400,350646881
approximated_445e2e48-85ed-44f6-a0b9-8b43b9d81c3e_Khoa.rdf_functional.owl,14697792,3777504,18475296
approximated_998c2898-5c66-448e-9fa7-7ff6eaed7f4c_olTectonic.owl_functional.owl,130872277,228002212,358874489
approximated_632cb7b8-061d-49b8-934e-94f23eb804d5_nskisimple.owl_functional.owl,72403342,130094130,202497472
approximated_c9bdb7aa-bcf1-4a50-ad98-f05db02a8f46_que_wrench.rdf_functional.owl,16703473,3716951,20420424
approximated_79dfd15a-6fb2-44a1-8fbb-0886fd1dc6d5_RON_import.owl_functional.owl,73558185,149657474,223215659
approximated_canco.cancer-chemoprevention-ontology.3.owl.xml_functional.owl,16094337,9912784,26007121
approximated_b6007982-8ea4-48b8-91f0-dce904eec58f_XAO_functional.owl,65161353,112784957,177946310
approximated_1b618891-3867-49ae-9e8b-9bed4a8700fe_iasted.owl_functional.owl,15090272,16375805,31466077
de2fbeea-8343-417a-995d-5d3d0f838a0f_fbcvsimple.obo_functional.owl,27399105,43739787,71138892
approximated_caf16e2d-c350-4719-ba22-26591f361a97_partimento.owl_functional.owl,17187306,10638286,27825592
approximated_87127aa3-bdd6-4d4c-8350-f02fb0b2412c_esc.owl_functional.owl,38833540,11343011,50176551
peco.plant-environmental-conditions.11.owl.xml_functional.owl,21132074,27012552,48144626
approximated_140fdaef-8f4b-423c-b000-55b7c1b26dd7_Multimeter.ttl_functional.owl,13956343,3651158,17607501
d3f17a08-c1bc-4245-9b54-3170d3d29eb6_gold2008.owl_functional.owl,23599092,25117213,48716305
approximated_4188999f-5acd-4ee9-9484-8fdde7a7c1e2_ndapdap3.2.owl_functional.owl,12738492,4123302,16861794
approximated_69192f2e-b28c-4a25-b574-cf60d7513431_management.ttl_functional.owl,15489034,3794027,19283061
approximated_ddee730a-d086-4b33-9c70-5cb8e601ad7d_tOntology.daml_functional.owl,16490798,5243086,21733884
approximated_kb-owl-syntax-unraveled-depth-3-disjointness-constant-classes-relation-axioms-value-classes.ofn_functional.owl,681222577,1542649401,2223871978
approximated_b365c472-8ff1-4be3-9207-b5677129f245_onstituent.owl_functional.owl,73936225,138322705,212258930
79d082b4-ccb4-4f58-95de-3fc5a1e826dd_po_temporal.obo_functional.owl,17290200,15540354,32830554
approximated_8498e732-306c-439f-811d-f0c8cec22d41_propSpeed.owl_functional.owl,136417873,212006192,348424065
approximated_0caf41c6-6f64-42ba-912a-ebe3880b0003_Aspic.rdf_functional.owl,18215743,3671834,21887577
approximated_3b4a5f50-f4e6-4fd9-91ea-355a2854b722_ntOntology.owl_functional.owl,13875550,8566204,22441754
approximated_adw.animal-natural-history-and-life-history-ontology.2.owl.xml_functional.owl,21843695,21734831,43578526
approximated_812f72c7-46ed-488a-923a-8ac062db186f_Process.owl_functional.owl,9913510,7140477,17053987
approximated_295062bd-68c9-49ef-8a24-8030035612c0_nterface_2.rdf_functional.owl,10338548,3676710,14015258
approximated_13c49f02-7e8d-4bc6-8c7b-51c77f5bfa3b_OLE_DB.ttl_functional.owl,14049110,3635488,17684598
approximated_4caf0714-0668-4d9f-a0a5-aeb4de2c460f_Intel_8061.rdf_functional.owl,21246078,4442055,25688133
approximated_bd40e610-c152-48b7-9127-1dc0cfbfe684_Snowboard.ttl_functional.owl,13022599,3755989,16778588
approximated_ce451d6a-8f12-496f-b26c-178bb813e7d3_background.ttl_functional.owl,12728318,2794364,15522682
approximated_kb-owl-syntax-unraveled-depth-3-disjointness-constant-classes-value-nominals.ofn_functional.owl,692157521,1456479168,2148636689
1e866e79-6433-4e6f-899f-901a3598f3c0_EBI_import.owl_functional.owl,26048162,45078706,71126868
b3022c93-e826-4bc1-9b24-18e6dcc3c574_nnotations.obo_functional.owl,2360125154,4892806146,7252931300
approximated_0c4bc8dc-e139-4353-b6ae-1514032048d8_pathway.owl_functional.owl,23037139,48147961,71185100
approximated_4b3fbd59-059d-42de-a02c-c08161d8bf4d_eer_hammer.rdf_functional.owl,9573799,4190896,13764695
approximated_53eb7cd9-03a2-415c-84e9-b98053def398_Wall_chaser.ttl_functional.owl,13094502,4007631,17102133
approximated_00016.owl_functional.owl,21347202,20283119,41630321
approximated_c1c905f5-9d39-49da-b20e-b7193e283262_Mascarpone.ttl_functional.owl,17244517,4581313,21825830
1ca3442a-9259-4af9-b58b-da19097892b4_notype_xp.owl2_functional.owl,485688649,234400554,720089203
approximated_0952cf04-a577-4f30-81c0-badcd03aa60f_Streusel.ttl_functional.owl,18997081,3846598,22843679
approximated_7b53197c-7fd3-4029-a1eb-0f7d1337e38e_r_function.owl_functional.owl,201697242,616007034,817704276
4e3cd38a-310b-49db-a656-cf156714156b_penn.owl_functional.owl,10055700,3399892,13455592
approximated_46775866-c9d0-4129-b39c-616a4724bf98_commesse.owl_functional.owl,14922450,10991241,25913691
0af29ac5-5fb2-4428-8332-bdb75fab5b0c_vario.owx_functional.owl,19741628,19105774,38847402
approximated_917f205d-3638-4a13-bf0c-d72d7eaf2005_Hatchet.rdf_functional.owl,11319891,3943869,15263760
approximated_e9f06a0c-3a18-4d37-ba61-d36c84ddbf88_AC.ttl_functional.owl,4581661,3678155,8259816
ms.mass-spectrometry-ontology.89.owl.xml_functional.owl,59500822,144417622,203918444
approximated_0ad76cf9-cc08-4d87-95e6-15c8404a039b_sistent001.rdf_functional.owl,27203466,16423468,43626934
5a44cd24-3f93-4452-ab7f-58428a9ad3bc_al_gramene.obo_functional.owl,16835251,14492828,31328079
approximated_kb-owl-syntax-unraveled-depth-3-cardinalities-disjointness-constant-classes-relation-axioms-value-nominals.ofn_functional.owl,698332157,1574285173,2272617330
approximated_00079.owl_functional.owl,14329087,2038807,16367894
approximated_d151a2d8-0ed9-448b-8937-f7addd4a368d_onto.rdf_functional.owl,16134446,5080254,21214700
approximated_596449ce-1d89-437a-b79a-0be8a72c5719_iasted.owl_functional.owl,14686401,15080248,29766649
approximated_8eee0ada-ec62-4bc2-9724-fe4c0a53c304_pro_wv.obo_functional.owl,3994258544,7196578679,11190837223
a098ad73-7f2a-4b2c-b659-7cdc419d6133_y.obo.PREVIOUS_functional.owl,400454010,1012629183,1413083193
approximated_1cef2d9c-1c3d-4610-b9fc-20e70d308307_Chupa_Chups.ttl_functional.owl,12049670,3897600,15947270
approximated_734d2ce3-7504-4823-acde-695f74b39b61_prerelease.owl_functional.owl,201633746,540312545,741946291
approximated_141114a5-7716-42e2-9007-6b03e4efe0e3_relaMath.owl_functional.owl,140754561,248617347,389371908
approximated_838a719b-b576-4bce-900e-50728673dbf1_ntk2codo.owl_functional.owl,20901910,15076312,35978222
approximated_59ea1281-54a2-4d5f-8958-7f498cb86eac_topOnly615.owl_functional.owl,254495826,369942429,624438255
approximated_4feedaea-206c-425d-b934-3dc9d3307627_GeoSkills.owl_functional.owl,224893832,60425973,285319805
approximated_5f800bdc-82c5-4997-bba4-dbe055432ea5_l_trousers.ttl_functional.owl,15235990,3807044,19043034
192f7c8a-b3df-4e76-afec-9878bfda556b_velopment.owl2_functional.owl,136037303,262680019,398717322
approximated_emo.enzyme-mechanism-ontology.2.owl.xml_functional.owl,17036708,12722718,29759426
approximated_17b2cfc3-d951-448b-8baa-e074c5913810_stateTime.owl_functional.owl,132216915,309134386,441351301
approximated_kb-owl-syntax-unraveled-depth-0-km-relevant-cardinalities-constant-classes-relation-axioms-value-nominals.ofn_functional.owl,152775926,379429754,532205680
39f40dea-ee12-407c-8371-35362af85db5_D.owl_functional.owl,12840198,4226292,17066490
approximated_6161a6c4-8467-4cb9-8f3e-2ef933f040e2_IPhone.ttl_functional.owl,16623866,3643785,20267651
approximated_ino.interaction-network-ontology.13.owl.xml_functional.owl,20045789,26398013,46443802
approximated_045fb2e6-2291-464f-97d2-4e1a1f8c7945_YPO.owl_functional.owl,23783585,15453033,39236618
approximated_2f1050e9-10ca-4e36-a84b-638f256be4ef_scillation.owl_functional.owl,137510031,212074287,349584318
approximated_c298fb70-7370-4b02-accf-709687540bba_ecrm_091217.owl_functional.owl,75376889,21577788,96954677
approximated_91a4b99e-03b4-4dde-b577-477e8ba698f2_Writing.ttl_functional.owl,95995102,3640511,99635613
approximated_f48c03dc-0ce0-44e3-a137-efb086711675_properties.owl_functional.owl,15062138,1740724,16802862
approximated_9872de7b-8c52-4c5d-86d3-f26202f786f8_IAO.owl_functional.owl,22305069,8275271,30580340
approximated_47d61211-dd14-4c3e-8315-94f2b5ce0c4f_Spritzgebck.ttl_functional.owl,70073263,4880218,74953481
approximated_2342698d-4aea-4191-bcf4-a7bb99d9a4e2_Diving_mask.rdf_functional.owl,45966536,3666966,49633502
4b917dd8-b7db-4ccc-818c-a90a51353e3d_naequivmod.owl_functional.owl,1936023744,997499439,2933523183
approximated_06e042ed-6e64-4cad-9bcf-4653d5b467ba_geobase.owl_functional.owl,18190917,3007707,21198624
approximated_b380d8b7-35f6-477b-8207-57659172b222_lly_cheese.rdf_functional.owl,15743707,3634952,19378659
approximated_bao.bioassay-ontology.20.owl.xml_functional.owl,696539978,1195240570,1891780548
approximated_93545cf2-a3e6-480b-814b-8094ad48708b_emperature.owl_functional.owl,220036832,216369303,436406135
8140b384-667b-469d-9701-036c5c8524ea_ncbitaxon.owl_functional.owl,28297430891,56193789250,84491220141
approximated_09a7d076-d390-4a65-9ccd-eb6109bab65b_Gin.ttl_functional.owl,19689646,3705604,23395250
approximated_00658.owl_functional.owl,435694343,1200787229,1636481572
co-wheat.wheat-trait-ontology.1.owl.xml_functional.owl,8720303,8845368,17565671
approximated_b17ab911-fb17-4d4f-b67c-081d29087f06_onto.rdf_functional.owl,15336333,3727338,19063671
approximated_11a6e7fa-7f3d-4777-b4fc-92b9ad277962_Validation.owl_functional.owl,140996246,249558111,390554357
approximated_8329c809-bf10-4978-8d35-6a3cbbc4ab93__Chihuahua.ttl_functional.owl,17409818,3807302,21217120
466d5c18-17b0-4fe1-98e8-6e3103474148_fbdv.obo_functional.owl,23728164,20433174,44161338
approximated_36c429a5-1718-49db-89b8-ea4d6e4f2cb5_Compactor.rdf_functional.owl,12109685,4295107,16404792
approximated_kb-owl-syntax-unraveled-depth-1-cardinalities-disjointness-triggers-relation-axioms.ofn_functional.owl,738415285,1611419964,2349835249
approximated_90935815-da8c-464d-af5b-23e4dbd8cec3_ualization.owl_functional.owl,25819006,12476001,38295007
9e8cee1b-2a50-4747-85d4-1af663251692_classified.owl_functional.owl,25373067,36227213,61600280
approximated_2b330fea-4b58-44df-82e3-47871db45e81_1_odvozena.owl_functional.owl,12214551,1949441,14163992
approximated_06a69a9b-2c73-42fe-a6f9-f2c092378479_CategoryFAQ_functional.owl,10029227,2276381,12305608
028f4d47-8b9f-4408-9f32-f64909152c1c_onto.rdf_functional.owl,11512701,604783,12117484
approximated_6e41d3f4-d20e-49db-a271-9b51d1131291_BitOHoney.rdf_functional.owl,9630582,3657432,13288014
approximated_00035.owl_functional.owl,453668250,1245924988,1699593238
approximated_60d4d31e-9f8d-415a-8e53-af1fc17b3345_ick_cheese.ttl_functional.owl,11747543,3966622,15714165
approximated_4ff2e8d2-a314-49e2-bc85-23e82a6e77ff_ack_pepper.rdf_functional.owl,11833679,3996011,15829690
approximated_063e5edc-565f-4313-8f69-85466570b477_00660.owl_functional.owl,354948927,1025575424,1380524351
approximated_72c8ddb6-e5a5-41a5-bbe9-a3ba3acea6aa_drelations.rdf_functional.owl,104063628,4189675,108253303
approximated_1e6722c2-e3e3-467a-bdf0-f597fc926944_Blast_valve.rdf_functional.owl,14582102,3696529,18278631
1ed0646e-3a5a-43c4-ae28-3fd51f921f9a_prsimple.obo_functional.owl,2412595870,5115648870,7528244740
approximated_0a1b40b4-1878-4b41-9d91-74b791547e65_ethernet.owl_functional.owl,18197910,5451374,23649284
approximated_4d41e787-b64f-4e20-ae1e-14662209013b_VBE_functional.owl,30800083,38983411,69783494
approximated_2e639f99-7bb0-4731-8fcd-b8533eac668c_ish_coffee.ttl_functional.owl,10749631,4022039,14771670
approximated_5d6376fa-7a08-43b6-87ca-559e20bef3c0_mato_paste.ttl_functional.owl,17043341,3772547,20815888
approximated_41e58268-569d-4063-b1ba-1b5fd9b2e316_terensembl.obo_functional.owl,1649988851,3807046772,5457035623
approximated_kb-owl-syntax-coreference-IDs-km-relevant-cardinalities-triggers-constant-classes-value-nominals.ofn_functional.owl,611912148,1741435795,2353347943
approximated_kb-owl-syntax-unraveled-depth-0-triggers-constant-classes-value-nominals.ofn_functional.owl,148091697,363097967,511189664
approximated_31e75ff1-a251-41d0-9829-3a1a02edf990_Chisel.ttl_functional.owl,11290934,3948499,15239433
approximated_32a88d98-bb99-43f8-86ed-7232885d0fc4_Best_Buy.ttl_functional.owl,17405973,3653003,21058976
approximated_kb-owl-syntax-unraveled-depth-4-km-relevant-cardinalities-constant-classes-relation-axioms-value-nominals.ofn_functional.owl,412715637,875038275,1287753912
approximated_b6f567b5-30f3-4fc9-bf43-c862eaa97eb0_sAnatomy_1.owl_functional.owl,170306065,344425584,514731649
approximated_07321a9e-0273-4612-ad18-f82ffd2bace0_transistor.rdf_functional.owl,17154039,3849220,21003259
00417.owl_functional.owl,19113723,4772231,23885954
approximated_f8d44a92-0599-446a-8b66-d3c8a035b192_quantity_functional.owl,23647187,18348782,41995969
approximated_19d65e71-0655-4641-a637-ac6aae241487_dlp.owl_functional.owl,21421173,25357597,46778770
approximated_2851c382-4848-49c5-bee1-837d488455f4_Crinoline.rdf_functional.owl,14941377,3728434,18669811
approximated_47ab6cb0-6bb8-4b5e-9644-4429089fa1b9_Slide_check.rdf_functional.owl,11587521,3728460,15315981
approximated_49b3ab49-57e1-41ca-ad26-8cd59f8d4514_Switchblade.rdf_functional.owl,13922459,3694400,17616859
approximated_e0ca0467-2df7-4eb5-a5a1-7664f8d7bacf_stateSolid.owl_functional.owl,139659406,247495809,387155215
approximated_fdca74a1-b674-436e-906a-6fcc061f7422_eryContext.owl_functional.owl,23020481,8767142,31787623
approximated_306ec987-62b2-4798-892a-a673a3bafacb_Yoga.rdf_functional.owl,16167616,3708258,19875874
approximated_53eb4504-ed1f-485c-8037-70a124aecf80_Geospatial.owl_functional.owl,134630554,222787011,357417565
approximated_1e0c88de-f171-43a3-847f-b897c4abafda_mHydroBody.owl_functional.owl,132635197,211856644,344491841
approximated_2484a3b0-6b34-43b3-884b-665d0035eb77_tourismA.owl_functional.owl,16916925,21425446,38342371
approximated_085821e4-f162-4e40-9f7c-ef6aec5ce427_bridge_Z88.rdf_functional.owl,10734976,3683199,14418175
approximated_859678f6-9479-486f-bda1-8cca879545ff_MSOntology.owl_functional.owl,23310950,18899744,42210694
approximated_5f8a05ca-968a-4e80-9d25-b7ae871efe5f_trSediment.owl_functional.owl,150749180,206409563,357158743
approximated_f6ebc09d-97f3-4343-9503-ddc45ba1b185_index.php_functional.owl,12635251,2451329,15086580
85eb4659-52d4-4b42-9c41-9379b15721e8_rssimple.obo_functional.owl,90918064,245034505,335952569
approximated_0cd2569e-7704-45cd-9d7f-e296a23da186_SMOtop1005.owl_functional.owl,488145420,840058958,1328204378
approximated_10ec29ac-47d7-4632-a54c-d54da39e98f0_wine.owl_functional.owl,37154396,16387547,53541943
approximated_e0c7c097-4a3e-4d71-840d-cb6def346ef8_spatial.owl2_functional.owl,18073146,12206411,30279557
3dd59a1d-ab19-4817-a996-8beaf292e289_onto.rdf_functional.owl,12908844,3719930,16628774
ec302da6-fa64-475f-98bd-514b4a71a5e6_s_xp_cell.owl2_functional.owl,50829235,17284740,68113975
5bc8cc63-1d4f-40c4-a97e-6f65e7faa262_Town.owl_functional.owl,19817191,2965365,22782556
approximated_890c55af-ac1b-4726-bbdd-92fa697fa8ea_Stichelton.ttl_functional.owl,15385995,3647700,19033695
approximated_3e6cc23d-0fc4-44ca-84b0-6a2524f53142_request.owl_functional.owl,11024682,5777032,16801714
approximated_2b1fa989-5571-4ac9-9116-9bdaeca28737_phenEnergy.owl_functional.owl,137274480,249291079,386565559
approximated_4f1458f1-1824-4164-b4b5-b358fa01214c_propSpace.owl_functional.owl,135269240,248142463,383411703
approximated_19a54692-1b28-40cf-b0c5-a1e216fd7236_Iron.rdf_functional.owl,8491349,3935591,12426940
approximated_79c95c5b-4ef7-42ea-9f79-24464f3b5a81_Baker_clamp.rdf_functional.owl,12913334,3980746,16894080
approximated_5098829a-fb6f-437a-990c-52c3d8274558_lusensembl.obo_functional.owl,4607060318,10827726385,15434786703
approximated_4f96f8d4-4fb2-44bc-886a-1ae4793f3cb6_ContextAll.owl_functional.owl,30817428,19105402,49922830
approximated_kb-owl-syntax-unraveled-depth-0-km-relevant-cardinalities-disjointness-constant-classes-relation-axioms-value-nominals.ofn_functional.owl,493073629,894103252,1387176881
approximated_3eea3f64-98b6-45f6-b8c1-c52e14cb7a91_er_grinder.rdf_functional.owl,22426430,6176225,28602655
164db716-211d-4fa4-a942-5446045e38d2_egulators.owl2_functional.owl,20551014,2558896,23109910
approximated_cac39fa5-f2e4-4329-99b0-b1b1eba74aec_geCreation.owl_functional.owl,18986027,10934632,29920659
approximated_380b192c-b044-4e0a-b6b3-ee528f4c2a18_2006020915.owl_functional.owl,198194269,398330501,596524770
approximated_98997056-a43e-4cc4-951d-067d1bbef4f5_Camalot.rdf_functional.owl,9248031,3946466,13194497
39853804-c63b-44e5-ab7f-b4c4fb64be95_ary_method.owl_functional.owl,15830501,12979604,28810105
approximated_00d995be-09fc-4a27-9314-e23c95005549_201onto.rdf_functional.owl,12505789,5172465,17678254
approximated_0f0a5409-74e0-4f07-9d10-876b2ba14320_Biological.owl_functional.owl,126185108,218678350,344863458
approximated_bdb55dd1-25b1-450d-ab69-aed4bd13c0a5_Hot_dog.rdf_functional.owl,95571675,3677131,99248806
approximated_1cbe45f5-9dd5-4028-a1d7-d58b6ad697bb_Bolillo.ttl_functional.owl,24777303,3790057,28567360
approximated_ba857c7f-516b-43db-afd1-5a45d8765411_ecrm_110404.owl_functional.owl,26651921,20914868,47566789
approximated_129091de-a814-44a4-8d37-fb8013b00fb1_opl.owl_functional.owl,102312696,26838974,129151670
approximated_00549.owl_functional.owl,69417220,22914613,92331833
approximated_0894f91f-c849-4fcc-bce3-53a718cf5ed1_Saw.rdf_functional.owl,73937159,3756023,77693182
approximated_d600218f-27a2-413c-af93-793709c13220_FN1.44.owl_functional.owl,25649988,8538827,34188815
approximated_00024.owl_functional.owl,106789436,35795692,142585128
035dec2d-84f6-44cd-9ea2-cc909cf701b2_p.obo.PREVIOUS_functional.owl,123649256,10869068,134518324
approximated_ea684f11-84c6-4b75-8f83-9106c2bd0c73__test_data.owl_functional.owl,94526105,12660671,107186776
approximated_441389d0-a3c0-442f-899f-4457a19c73d8_Rinquinquin.rdf_functional.owl,18032623,3771399,21804022
approximated_1db35b13-94ec-4d5b-826b-69fe1cb26c39_C3A9dictin.rdf_functional.owl,10509458,3751432,14260890
9fed2f94-b2f5-4624-9a13-25843f7d1dc1_onto.rdf_functional.owl,12371783,3399402,15771185
58f72a2c-820f-465f-8854-d26f182f69d5_rs.owl_functional.owl,88579958,244136112,332716070
approximated_8947edf9-e8fe-4164-a643-a7beb1a2030b_Design.v35.owl_functional.owl,21674516,13815458,35489974
approximated_59b2be8d-e0ea-4eb3-a8c9-c00f9f0d2faf_FN1.46.owl_functional.owl,21971975,8544669,30516644
approximated_25949751-1d83-49d6-b85c-4d134e9b1993_Country.daml_functional.owl,17223595,1383004,18606599
approximated_89078862-d6b8-430e-b990-3301a870f8ac_Ayran.ttl_functional.owl,11491275,3798727,15290002
approximated_05034fd7-8f63-4088-bf20-ce6b94ee8f3c_PaulFisher.rdf_functional.owl,11260295,3055400,14315695
e56865ff-6484-48c5-80d5-117430d8f445_fbcv.owl_functional.owl,18466276,30441790,48908066
5c1c953a-7ea3-4c9d-bd59-24e9da5e4df3_r_function.obo_functional.owl,181088793,527196417,708285210
0631b0c3-b2cf-4880-b128-dc263545fe81_eHexenprozesse_functional.owl,12647649,1010615,13658264
51d2a22f-8a0f-4fcd-9398-ea22284710f7_protlabels.obo_functional.owl,420284372,1023251585,1443535957
approximated_00151.owl_functional.owl,11736224,9589091,21325315
approximated_kb-owl-syntax-unraveled-depth-4-disjointness-triggers-constant-classes-relation-axioms-value-classes.ofn_functional.owl,652775874,1485592359,2138368233
approximated_c6ba91a9-5413-4afc-bb9f-58e48d0bae3e_Convention.owl_functional.owl,16720512,2064039,18784551
approximated_7697f270-2316-4f47-88b6-42e76ace42a1_westhofrna.owl_functional.owl,19277286,22485574,41762860
approximated_00433.owl_functional.owl,18564894,18642368,37207262
16bc24e4-d921-400a-b6b7-a0482f55640f_ePflanzenatlas_functional.owl,17310168,2410633,19720801
approximated_8d1c5b3a-29f3-4822-b913-081a65de2265_topOnly641.owl_functional.owl,239906666,406285470,646192136
approximated_2e281d6e-77ba-4ccf-ac29-849436efa044_Toast.rdf_functional.owl,10680510,4124556,14805066
approximated_8c7b9e37-25a7-4c21-87e7-c95950a83338_els_cheese.ttl_functional.owl,15566718,3734998,19301716
cd7ea228-575d-42f1-8c61-12f4998ed21b_O_mappings.owl_functional.owl,33830215,10084229,43914444
approximated_a5a5bc63-58ae-4b46-96ce-25e94f0a6429_tary_valve.ttl_functional.owl,17477871,3965407,21443278
approximated_373a62c2-433f-4a82-a4c2-b3f010b9af40_Caf_au_lait.rdf_functional.owl,15281245,3759641,19040886
approximated_kb-owl-syntax-unraveled-depth-4-cardinalities-disjointness-constant-classes-value-nominals.ofn_functional.owl,693392943,1473608476,2167001419
approximated_981d9bea-fa60-4ad1-960d-7ae97f8d580b_onto.rdf_functional.owl,11350788,5179824,16530612
approximated_45da718b-9176-4d25-8f12-b53d1bc03c4f_Accordion.rdf_functional.owl,16784984,3919054,20704038
bc82a626-dc52-4fac-af49-d3bc908161f8_watqualcore.owl_functional.owl,18939416,11430502,30369918
approximated_e5a92498-1ad4-4104-9685-b5bf5ff0563e_logy3_func.owl_functional.owl,13179934,4297885,17477819
approximated_nifdys.neuroscience-information-framework-nif-dysfunction-ontlogy.13.owl.xml_functional.owl,80679386,166970351,247649737
approximated_2e2a6960-cbac-4314-b830-375a24bce6e4_Masonry.rdf_functional.owl,13064102,3745440,16809542
approximated_0952091f-65b7-4abb-88d9-589ec5d8709e_onmappings.owl_functional.owl,48430984,16388002,64818986
294b9db9-9411-4fda-8ce3-c46491117bcb_er_anatomy.obo_functional.owl,96151558,41169972,137321530
approximated_529ceda2-e728-4908-9746-06a72a81d993_sequence.owl2_functional.owl,50971173,118515700,169486873
1abb566b-bbaa-40ad-bc1e-a9518475a662_t.obo.PREVIOUS_functional.owl,15920026,18169387,34089413
37de6464-3851-4b6e-a26c-d05872e485da_Congressman.owl_functional.owl,13237065,986906,14223971
approximated_075c4b7e-0b3a-4e07-8347-dff7c759a0cb__furniture.ttl_functional.owl,15009057,3766258,18775315
approximated_00081.owl_functional.owl,34019599,22361927,56381526
approximated_a07357c0-bb9a-4d01-b895-01177c33b012_Dioptra.rdf_functional.owl,14694627,3710567,18405194
approximated_1eb89a31-01ef-4235-bd64-81b3c0615502_phen.owl_functional.owl,135772791,213137823,348910614
840564bd-f957-4841-8aed-f1927214d6a1_nfo_demo_pages_functional.owl,15832314,791495,16623809
approximated_47166f7e-80cc-44b1-83a3-6779e9d9d9cf_dy_Buttons.rdf_functional.owl,10188061,3984853,14172914
approximated_1cf42173-419d-4450-bc0b-656b1fc2f417_Sukhoi_Su27.ttl_functional.owl,11078403,4309452,15387855
approximated_579161b7-b8f4-47c0-968c-e7d2b6f3e063_Rusk.rdf_functional.owl,13966428,5910093,19876521
5a84343f-4ad6-42e6-b497-136563317fed_sbosimple.obo_functional.owl,25174619,32606056,57780675
approximated_0c7a8e6c-56af-461d-98e5-6c475710d63f_lly_Kettle.rdf_functional.owl,67718155,3873838,71591993
approximated_af95d27f-2e76-4ac3-9a65-83cac53c2fa5_logylatest.owl_functional.owl,27868926,6258460,34127386
4dbb2c36-7e5c-4e41-b892-2fa84063f012_gansfamily.owl_functional.owl,421806310,721543700,1143350010
approximated_74f0f32d-0d2f-4032-8d41-fdf6c9e3bc64_eam_boiler.ttl_functional.owl,14929973,3748434,18678407
fd5d2b14-046d-4696-8149-275ab6c7cf0d_taryPerson.owl_functional.owl,16637040,2697131,19334171
approximated_faf8ef6b-c1b3-4c9b-be5b-973b47851153_reExamples.owl_functional.owl,14667731,4505180,19172911
approximated_d5d7a77f-d9fe-4eac-96e9-579f6957b33f_OBI.owl_functional.owl,19620932,10989147,30610079
approximated_5d0647d0-c96d-4f65-90f6-e3c5b4884292_relontosx.owl_functional.owl,19857110,7367672,27224782
approximated_1112d809-4b27-4aa1-8a66-a03e1be89659_Kilt.ttl_functional.owl,13956454,4007713,17964167
approximated_15ca6132-4037-4b34-ab30-374f81e877e3_or_network.owl_functional.owl,34091173,37814208,71905381
approximated_dd430e36-07ca-4571-86f0-067ef37fe428_plant_trait.owl_functional.owl,32349703,57756780,90106483
13a74419-fef5-4ced-afc6-265b308c54f1_onto.rdf_functional.owl,10953333,1828994,12782327
approximated_9613218b-caf8-4e25-89ac-5fc861ea56a2_Ear_pick.rdf_functional.owl,16325382,3841028,20166410
approximated_618f8fe4-92e4-4d1f-97cb-cdbc1cfbaec6_nductivity.owl_functional.owl,141162495,233531690,374694185
approximated_029cbda6-3e01-471f-a361-5611a052a683_iley_valve.ttl_functional.owl,10402275,4207817,14610092
approximated_4841a154-4a99-4d34-9e99-43c78137a881_Automobile.rdf_functional.owl,11927298,3971582,15898880
kb-owl-syntax-unraveled-depth-1-disjointness-constant-classes-value-nominals.ofn_functional.owl,1013259700,776435902,1789695602
approximated_cd390691-f610-427c-b546-524e58f8f472_ctionsLite.owl_functional.owl,17786060,11951698,29737758
00539.owl_functional.owl,17515019,2582034,20097053
approximated_20a3e360-7d28-45a7-b46e-3ec0151abd94_nberg_cake.rdf_functional.owl,11270180,23820116,35090296
approximated_8ea9ff7e-512b-47e1-855f-c20fb0019360_Staple_gun.ttl_functional.owl,14955347,3846841,18802188
approximated_33c42c6a-7821-46bd-87b5-a494a5db5126_ss_trumpet.rdf_functional.owl,15525562,3708027,19233589
approximated_0ff9edc8-9c38-4043-902e-b25e67433087_dgets_v0.1.owl_functional.owl,22462614,9694723,32157337
approximated_25f98d29-bf5b-478c-b62f-b166c538197e_Petit_four.rdf_functional.owl,9323450,3763506,13086956
18620dde-7c82-4858-83b4-80bededf1750_vsaosimple.obo_functional.owl,12501275,11859718,24360993
approximated_5ca81933-d8db-4044-9be7-07ff6a204b3f_ten_cheese.rdf_functional.owl,16161219,3799152,19960371
approximated_39fe7348-562d-4121-8365-6ac23424cb7c_genpol.owl_functional.owl,15449947,12623567,28073514
13f18767-78c8-4d48-9852-07f58ac44fd4_goslim_pir.obo_functional.owl,33238547,38278436,71516983
approximated_ebc92bd6-86cf-440a-be5e-34b6db08a0d2_sonMapping.owl_functional.owl,17457809,9188120,26645929
approximated_kb-owl-syntax-unraveled-depth-2-km-relevant-cardinalities-disjointness-constant-classes-relation-axioms-value-nominals.ofn_functional.owl,701460232,1613820134,2315280366
approximated_b821a9c0-184a-453f-b08c-b8f6dda8d368_plosimeter.ttl_functional.owl,95975368,3770587,99745955
approximated_b150b3b4-9c56-4e1f-8ead-b90803b518c9_loskeletal.owl_functional.owl,269728180,463170626,732898806
c447cc9e-2fc7-4afb-b4b0-38f1db7fb64a_aceMission.owl_functional.owl,21941725,1435191,23376916
approximated_3a725368-a56b-40e5-b2fa-3317b288387b_London.ttl_functional.owl,9651789,3655151,13306940
approximated_00553.owl_functional.owl,3861674051,7525504379,11387178430
approximated_8385a310-f6bd-486f-b558-96b3c177e2dc_Eierpunsch.rdf_functional.owl,8798056,4234358,13032414
approximated_0d67909c-5e1d-4c73-9c9b-7f425d28dde6_onto.rdf_functional.owl,21230328,9242729,30473057
c6a85b6a-e05b-467e-a201-b3f3468a79e8_Property.rdf_functional.owl,12630481,6106270,18736751
approximated_1fa66cc1-a3a7-4cab-9b27-893c2fcdc553_Antibody.rdf_functional.owl,18011299,5410891,23422190
approximated_96a591ed-fa4f-49bf-9550-db54be9241dc_figure7.owl_functional.owl,25173138,18567594,43740732
approximated_96859279-23d5-473c-9886-f63177596fee_landSoil.owl_functional.owl,68001968,127545498,195547466
approximated_8c8cb9d0-3cac-4fc6-9d73-f9df60a28913_thSolution.owl_functional.owl,26324658,20775329,47099987
442b3f6b-0ae6-46b9-943a-1e1aa9b77876_bilasimple.obo_functional.owl,18234385,11212446,29446831
approximated_5ca6e196-b183-44e6-8fa6-18f8afa47f31_o_complete.owl_functional.owl,599828394,1244980609,1844809003
approximated_0930a763-1671-495d-9c4d-3e378a3127b5_Pecorino.ttl_functional.owl,17005530,3682548,20688078
approximated_90945e26-e504-44b6-8568-586ff0701c0f_urdulink.rdf_functional.owl,41988478,55399754,97388232
e52f3dcc-6331-4cc4-a4c1-abeaf93f81d1_m_anatomy.owl2_functional.owl,29277711,19685978,48963689
approximated_1f34c5ee-ad79-4c51-bc1c-5172a8bf011d_sette_deck.ttl_functional.owl,33633031,3743820,37376851
192ab848-6820-47e7-97a7-497247da7e74_ephenotype.obo_functional.owl,269613082,532726536,802339618
165a2aee-874a-4538-bfdc-9a91879bcff5_DDANAT.obo_functional.owl,22650989,18799784,41450773
approximated_c24e875f-10ff-4761-8223-bf61948f1b1e_101onto.rdf_functional.owl,19923804,5871962,25795766
approximated_079ae0e1-d0bb-41c4-9c15-7b65eb5d7780_Pommeau.rdf_functional.owl,15389952,3796049,19186001
approximated_ab5d79ef-dd20-41bc-9994-827779923116_onto.rdf_functional.owl,14297296,6427170,20724466
approximated_3e069ba5-7b5e-44ae-bb1d-bd734c6c40a1_Moral_panic.ttl_functional.owl,16285456,3940200,20225656
approximated_7403311b-71f3-4367-bb0e-dcef6f2e235b_reen_wiper.rdf_functional.owl,12530951,3648222,16179173
approximated_e837a859-1f5f-428c-a78e-3c04a31f17df_Paragliding.rdf_functional.owl,11288188,3978007,15266195
approximated_cca58b06-774c-4b2c-9e97-998c039b9f5c_dence_code.owl_functional.owl,14915292,7405964,22321256
fe8f773d-9bd8-493d-b6fa-ea49da224575_TADS.obo_functional.owl,33050300,48572302,81622602
approximated_3c9e1ea1-b4f9-47b9-af99-cba364d768c2_Butterbrot.rdf_functional.owl,13868089,3819320,17687409
approximated_92351058-adb2-4c86-8632-5081c60ad024_Fill_dirt.rdf_functional.owl,21499470,6742127,28241597
approximated_7dc57fc7-66b7-48fd-b68c-75d2b11d21b0_Gas_turbine.rdf_functional.owl,9656126,3716161,13372287
approximated_00415.owl_functional.owl,928364589,2531003865,3459368454
approximated_4884b17a-ebb9-4419-890e-d50fc76b030b_ura_Red_AC.ttl_functional.owl,84118318,4678990,88797308
approximated_6b37f3bb-86ed-4b2e-8d4b-6093fbef1fb3_Acorn_Atom.rdf_functional.owl,85385355,8913970,94299325
approximated_06c3d283-9910-439e-846e-ad277fb09409_protein.owl_functional.owl,886032191,1756237103,2642269294
approximated_ab791860-3c31-407e-a2e7-6537e3717707_unsyn_v7.2.owl_functional.owl,1642633293,3772622297,5415255590
approximated_712e60d4-0a8b-4dab-803a-b7f16e4acc4c_Geofoam.rdf_functional.owl,14040733,3802850,17843583
approximated_4e976040-4ed8-4c2c-9d35-043d52cf76ba_attachment.owl_functional.owl,28380478,44654393,73034871
approximated_6347be6f-3e3f-4e67-9164-5bcbc935d5ed_mplegraph1.owl_functional.owl,17304818,8342764,25647582
approximated_8d27ac70-9cb2-4004-a6e1-47ccce347b2e_my.obo.CURRENT_functional.owl,9418511,5748198,15166709
approximated_79367f53-d6fb-4bff-aaff-19b046c72c55__food_cake.rdf_functional.owl,15977956,3856714,19834670
5b89cfaa-cefb-4e1d-b7c8-cd7a4998604f_classified.owl_functional.owl,669918483,1378565399,2048483882
9af7b659-707b-4e86-93fc-bd82e132d4b8_eKrankheiten_K_functional.owl,81829903,2194812,84024715
1d09cdf9-0579-496d-b402-c0e6f3c966b6_onto.rdf_functional.owl,17757325,1902452,19659777
approximated_62ef08ed-fc2f-4d4f-b99b-162f63326523_ensuniprot.owl_functional.owl,924497767,1898556780,2823054547
approximated_183b0579-10f4-4745-a361-fb92a1192246_RequestTre.owl_functional.owl,18192185,4356069,22548254
approximated_1e43ac64-dd99-4a4c-852c-80235a5fa85b_t_cleaning.rdf_functional.owl,14504409,3735373,18239782
e0784f3e-503c-4204-bea2-be584b5a2122_apiensexpr.obo_functional.owl,12810984718,26421064065,39232048783
approximated_f2faf58c-9bb8-41e0-acc1-f7a6833be1cf_meGeologic.owl_functional.owl,43092139,31898982,74991121
approximated_4dc4c3b5-6f9b-414d-825d-a21731e4f830_nt_asphalt.rdf_functional.owl,20529918,7647558,28177476
approximated_kb-owl-syntax-coreference-IDs-cardinalities-disjointness-constant-classes-relation-axioms-value-classes.ofn_functional.owl,1023325588,2281503139,3304828727
approximated_kb-owl-syntax-unraveled-depth-1-disjointness-triggers-constant-classes-relation-axioms-value-nominals.ofn_functional.owl,737655259,1679526952,2417182211
approximated_1e32802c-f906-4304-80bc-01d1c6681590_ader_valve.ttl_functional.owl,14843138,3683600,18526738
157347ea-7f9d-40dd-b635-a3b83274df87_4802s1s2s1.owl_functional.owl,105341038,44777454,150118492
b3cf5de9-d697-40b3-b0e0-9d7e6be920df_c_DAG_0_99.owl_functional.owl,359152625,816498704,1175651329
c877f9a5-afa5-4602-ac65-8b2c15385625_im_candida.obo_functional.owl,11860336,6218689,18079025
approximated_1680e2f2-08ea-4594-9571-81bc71606dc8_ExtendedDnS.owl_functional.owl,34488998,20525267,55014265
7e6ea386-35a9-4885-aab1-e74e1d2511fb_Restaurant.owl_functional.owl,16724320,1450935,18175255
approximated_124ef3b2-ef86-4a8d-840c-1b02a91041e2_index.php_functional.owl,19834418,3393864,23228282
approximated_40c6e9b2-7b63-43e9-b3ee-707a42e804d0_Nougat.ttl_functional.owl,15621652,3853752,19475404
approximated_11ecc1e7-f350-4c63-92cd-e6a27f1f68a4_Patio.ttl_functional.owl,9334171,3629287,12963458
approximated_ab6d4c4d-66d2-422f-8e7a-6ed0280c0b76_ian_cheese.rdf_functional.owl,16847509,3750406,20597915
approximated_c0929547-f830-47e0-b79e-9235bb7a6728_realmAtmo.owl_functional.owl,133074365,211669198,344743563
approximated_1d01a7d1-79cf-41c2-b424-69d227f44d8c_na_sausage.ttl_functional.owl,16276875,3660779,19937654
approximated_3c0c6a73-429e-4195-a1e6-b629f596d351_Boxspring.rdf_functional.owl,8568428,3957586,12526014
approximated_8de57176-3a41-4750-83fe-e7c4f151c35f_BDO.owl_functional.owl,330079567,973595259,1303674826
approximated_1301d093-66ae-480c-b6d3-0920b04b2b83_Kvass.rdf_functional.owl,17807971,3871095,21679066
dba3f924-7913-4470-8536-0fe9a57793ca_ysfunction.obo_functional.owl,14933468,17183964,32117432
approximated_a6dde5c4-9037-4abc-a984-dc03009e5852_Profile.owl_functional.owl,11891907,7729833,19621740
approximated_4b6b78d5-c869-4600-b4ec-44ddece634e0_lief_valve.rdf_functional.owl,15017300,3897122,18914422
approximated_00303.owl_functional.owl,19970069,18873372,38843441
approximated_f7c365f2-8343-4a9d-9b1c-b1c84f5697db_sleedslink.rdf_functional.owl,29083972,51875246,80959218
9015554b-1e25-4c3d-9cb8-99f7ba6c1dc8_plant_trait.obo_functional.owl,32108795,57270459,89379254
approximated_8770ebfa-b229-4ed8-a2f7-eb67e45128cc_NIFOrganism.owl_functional.owl,37362125,40376907,77739032
8552c586-d505-4d5b-9bc4-d9a5fe16883f_Airline.owl_functional.owl,17352789,2201998,19554787
approximated_b8459d8f-8b9e-4d17-877c-5666aaf5370a_ceAnalysis.owl_functional.owl,137790278,217377484,355167762
11bcd0a4-1a0c-4138-a717-b922463c8ae5_rser_functions_functional.owl,13643300,1035806,14679106
approximated_59b007f8-0625-4c51-bd70-c63f7b58ec30_Pixar.rdf_functional.owl,13006756,4034332,17041088
approximated_dbba4bc5-a82f-43f3-be36-411e5805a80d_lex_owl_dl.owl_functional.owl,279474414,644142316,923616730
approximated_79a8a5ff-531f-4b05-aaf0-de8ceb68977e_ecrm.owl_functional.owl,20404200,22506389,42910589
approximated_f3488d00-fae9-46f0-a4e4-2439cb892c37_RXNO_OWL.owl_functional.owl,14097767,14894900,28992667
approximated_5cc5f64b-eb27-4be2-b1bc-981f25f25208_Visiting.owl_functional.owl,57816563,17071477,74888040
approximated_9815995e-52b0-4ca9-b369-7e116b0067f3_mplegraph3.owl_functional.owl,17943553,8276096,26219649
approximated_c3d12510-27dc-42c7-8303-ba2343986121_TADS_functional.owl,26983349,48918158,75901507
approximated_034e892f-5c19-4cca-8858-4bb8a3b8a6d1_sio.owl_functional.owl,45440696,93468938,138909634
ccdedd92-e383-4a16-baa5-847ad1dfccb0_CL_functional.owl,9701965,1814207,11516172
approximated_00427.owl_functional.owl,31663876,42821936,74485812
approximated_0d12d021-c569-4b17-a939-00c4117ccb9b_09protege3.owl_functional.owl,11238290,5498453,16736743
approximated_4503f947-2545-47ca-b436-a52b29efdbd0_ng_machine.ttl_functional.owl,10027605,3635291,13662896
approximated_09a747bc-6003-43b5-8321-3b099302be23__rectifier.rdf_functional.owl,17524220,3824622,21348842
approximated_4f93aad6-2909-497b-a637-d92a3dfbf9a2_odAnalysis.owl_functional.owl,9517554,4596007,14113561
approximated_42aea549-cd03-4658-b46b-948b901c9e60_xsd2owl.owl_functional.owl,14712017,2267968,16979985
approximated_a4a22ba9-0a80-49f4-8bf8-2a2504036f7c_Snow_chains.ttl_functional.owl,14706374,3728995,18435369
approximated_kb-owl-syntax-unraveled-depth-2-cardinalities-triggers-constant-classes-value-nominals.ofn_functional.owl,466053442,1026034822,1492088264
approximated_17c314cd-d9d4-467e-8034-313200d06697_modore_128.ttl_functional.owl,12346111,3933236,16279347
approximated_c26f5a93-80af-4209-aade-e1e78119f5e2_phenHydro.owl_functional.owl,139149896,214130128,353280024
approximated_822bcaf6-d83a-4f7e-b53d-d8fafcf2213e_IAO_import.owl_functional.owl,4035595,6043980,10079575
approximated_2f5a69fa-fbc0-4d14-8c69-4981642a4328_logy.0.1.2.owl_functional.owl,10285996,2884677,13170673
approximated_8f8ab8d4-8bda-4c2a-9cfa-43110f74ed61_mergedtbox.owl_functional.owl,86208705481,3.08872E+11,3.9508E+11
349c9bb8-09db-469e-ab4d-b108d579f545_tianBishop.owl_functional.owl,19770495,1479849,21250344
approximated_42beab1d-b1b4-45ed-bf39-34a98d3548ef_envo_xp.owl_functional.owl,161856600,104788078,266644678
091e00db-b909-4856-a8e6-b37221827fd2_ss_xp_self.obo_functional.owl,42801266,11414120,54215386
26fa7c73-aeb4-42b9-b2dd-54fdd4450819_fbbt.obo_functional.owl,557541061,1191508749,1749049810
approximated_hpio.host-pathogen-interactions-ontology.2.owl.xml_functional.owl,82650902,14801013,97451915
83b79a18-1279-47b4-be00-cd987908fcbb_dantmodule.owl_functional.owl,171693865,141947484,313641349
approximated_55fb9d69-92f3-4a18-a9f7-b6b0825945b9_Ammeter.rdf_functional.owl,93247139,3828351,97075490
approximated_544da58e-ea8b-4526-90ef-8278242d0437_ian_marble.ttl_functional.owl,10006773,3892498,13899271
miro.mosquito-insecticide-resistance-ontology.1149.owl.xml_functional.owl,1224239042,225157129,1449396171
approximated_2400ea14-3351-4b19-b22f-f2b93053542a_lexicon.owl_functional.owl,17439349,12483057,29922406
approximated_34a44aa8-e4bd-49c2-9438-94c341ece48b_ZX_Spectrum.ttl_functional.owl,10568197,3838208,14406405
a0d8a9a9-8931-4191-96d6-09cfa754432c_nsc.rdfxml.owl_functional.owl,25553818,31230632,56784450
a6e31b27-2a8e-479f-ba61-9ed72be02a4c_naics.owl_functional.owl,37459895,64053932,101513827
approximated_6293270f-6355-43e7-a95d-c1f59b5b9b04_TravelCNO.owl_functional.owl,33867229,36179255,70046484
approximated_710c2b5f-b4a6-4fe3-bb2a-79b35c209b23__F15_Eagle.ttl_functional.owl,8875201,3907263,12782464
approximated_kb-owl-syntax-unraveled-depth-2-constant-classes-relation-axioms-value-nominals.ofn_functional.owl,431962832,1009743096,1441705928
approximated_f85b75ba-751e-4295-9747-e82442b1487a_keontology.owl_functional.owl,47025291,90566900,137592191
approximated_e3c030ab-0455-4f84-8327-21d43c0a74e6_listssnip3.ttl_functional.owl,15070346,22000214,37070560
approximated_40c9c44c-e0a2-4546-bb12-42f0c416b1f7_Jet_engine.rdf_functional.owl,16009249,3743900,19753149
900d40b6-c097-415f-9299-70dc467222f8_Comedian.owl_functional.owl,14555818,1850421,16406239
approximated_00384.owl_functional.owl,31302239,53813399,85115638
approximated_8bc9c84c-faf5-4eba-bc88-8b761b9906b9_exOBOUBO_1.owl_functional.owl,70645739,146470313,217116052
approximated_2352e3d3-d957-407d-939e-6661bbc33b40_Vise.rdf_functional.owl,17009515,3783727,20793242
approximated_538cc295-6088-4d4e-8ed3-9234d341df41__WordNet30.owl_functional.owl,17366587212,3725589658,21092176870
approximated_8c1a5485-dc97-41c3-b9d4-72b13fe37afb_classified.owl_functional.owl,247300364,572308929,819609293
approximated_8c002954-aaed-4b3e-abc6-899743a18035_Reputation.rdf_functional.owl,11774305,3950772,15725077
48476a63-f6b3-43ed-b11f-629d69986f45_po_anatomy.owl2_functional.owl,35473932,65887128,101361060
approximated_965820fb-88b7-4a60-9e60-e924771b86ce_cmo.owl_functional.owl,16094485,11684952,27779437
57c29d56-7906-4b75-b44c-2a5a74715d7a_GO_import.owl_functional.owl,45298273,79376287,124674560
approximated_999a02d4-e1eb-460c-a5e8-6857eec26f7d_nd_cutting.ttl_functional.owl,11697411,3973812,15671223
0cec5da9-f8b6-46ca-bfea-d7480197c791_earthrealm.rdf_functional.owl,19150735,5788540,24939275
approximated_67d0ca23-2031-444a-bf38-4f6b542f2a82_ategorical.owl_functional.owl,138985553,250016474,389002027
66747b68-3c6c-47b3-ab71-a2d99bfa16c0_spdmerged.obo_functional.owl,27656509,40184432,67840941
approximated_kb-owl-syntax-unraveled-depth-4-km-relevant-cardinalities-disjointness-triggers.ofn_functional.owl,730017447,1316905292,2046922739
approximated_46e68c0b-ebcf-43d5-b3b5-a29baf2238aa_odore_1541.ttl_functional.owl,10611715,4042594,14654309
approximated_455f85b7-53da-4214-a340-9eee86f85612_al_tartufo.ttl_functional.owl,9171856,4496751,13668607
210a3813-6f8e-46f4-95ff-4ba88c15d8e4_ldisjoints.owl_functional.owl,17634530,2802420,20436950
approximated_90c310e7-e0ad-4070-a66f-10e8c0e11c92_y_Odd_Jobs.ttl_functional.owl,14258926,3730110,17989036
approximated_00489.owl_functional.owl,1007031099,3272141295,4279172394
approximated_8a44393a-fa78-4c61-9056-43beaee93b23_txn.owl_functional.owl,15151602,5003065,20154667
approximated_3ac99b78-35bd-436f-830b-9b5cc7ccfe0f__del_Casar.ttl_functional.owl,18185230,3752830,21938060
approximated_6a44c502-dc82-4329-8744-93dff7d62007_to_anatomy.owl_functional.owl,64629282,146753995,211383277
43fcb822-c164-4c3e-bddb-6c3e1d7d6968_sculustype.obo_functional.owl,729715871,2065526246,2795242117
approximated_bec48263-4ad4-4c00-b8bd-84f5648191b9_phenSolid.owl_functional.owl,138949013,213173071,352122084
535ee6ca-1d21-49ed-b743-c18ee4b1b14d_urbaen.owl_functional.owl,102881977,195687244,298569221
approximated_kb-owl-syntax-unraveled-depth-4-constant-classes-value-nominals.ofn_functional.owl,385689859,833662081,1219351940
approximated_8b31fb14-9744-4154-a0b8-900be9b47a1e_core.owl_functional.owl,30111316,24667564,54778880
approximated_0bf6b64a-17dd-4d11-97c3-6b366b9ce376_cfg1.0.owl_functional.owl,10566573,7145231,17711804
approximated_17d4ac0d-6171-4dd0-836a-7c689eb63a2d_veillance2.owl_functional.owl,13731303,6523365,20254668
approximated_a0199d4f-f800-4dbf-8fa1-2429e8f7e23c_Amul.ttl_functional.owl,9243437,3864034,13107471
approximated_8b81a043-e6b9-47da-8070-1c698e86c46d_ent_Bridge.owl_functional.owl,79454228,169930765,249384993
648489fa-be89-4555-8241-df333c9cfdbb_erontlocal.owl_functional.owl,11402890,6232083,17634973
4af450fe-97df-4461-8515-cb056b677dfb_icBuilding.owl_functional.owl,17456761,1884466,19341227
57137591-6d45-48e4-a584-e4bec0fc98e5_onto.rdf_functional.owl,9092016,3354082,12446098
approximated_2aa5ab38-e35a-46a1-8cbf-f1df4ad3a91c_Jig_grinder.ttl_functional.owl,12719961,4266681,16986642
approximated_0420188c-4672-401c-bc7d-3515515e86cc_fsm.owl_functional.owl,17200362,1770723,18971085
approximated_3483a703-bc67-4df3-8103-7fa51a20d017__connector.rdf_functional.owl,15823202,3745194,19568396
approximated_9248b3ee-cdbf-440a-9bb4-a92d434d7897_Medovukha.ttl_functional.owl,14114313,3685222,17799535
approximated_0699670d-2ca9-4a15-860a-d5b40466a595_Drawknife.rdf_functional.owl,16917799,3849301,20767100
approximated_00153.owl_functional.owl,17551521,7313168,24864689
approximated_0d05f77e-c3ae-4d88-a19d-9caf558f5156_reprTime.owl_functional.owl,133053097,211278782,344331879
approximated_a191242a-556f-457b-adfa-c2917b57f219_UNo_Bar.ttl_functional.owl,15897992,3695682,19593674
approximated_645b919e-f911-4026-a3ed-77df0519d8c0_bile_phone.rdf_functional.owl,16746333,3749640,20495973
approximated_494ad8e4-af66-4bdd-adcd-c0a1e015ef91_elay_valve.rdf_functional.owl,14222031,3767185,17989216
approximated_58bf3257-9cfb-484b-88ac-3770c2b9a7b1_coat2codoOR.owl_functional.owl,20537360,14993570,35530930
approximated_0fa8fa37-f92e-4369-9f13-33c1bebca610_onto.rdf_functional.owl,16395341,5121270,21516611
approximated_928cea39-e250-4901-ad4f-8933a6458141_reidslives.owl_functional.owl,1.26145E+11,8544496472,1.3469E+11
cb277231-6f9a-49e9-a7bf-64580a14bf71_Weapon.owl_functional.owl,27263027,1666766,28929793
approximated_kb-owl-syntax-unraveled-depth-1-disjointness-triggers-relation-axioms.ofn_functional.owl,762848702,1561617681,2324466383
approximated_f2babe5c-6e4f-48ca-92f6-381a41d36082_risdiction.owl_functional.owl,140508706,251459734,391968440
8a80769b-833e-450c-9928-093dee4355e3_litaryUnit.owl_functional.owl,11885402,1105583,12990985
approximated_5ae31e8c-92fa-481b-b324-78b7c7779954_rMathGraph.owl_functional.owl,141498360,251584332,393082692
9b23c14a-b049-4912-83b0-a4fc867153d0_lmFestival.owl_functional.owl,16395802,1160510,17556312
approximated_18024ef4-6040-47ca-bc9b-023f13927f17__fullscale.owl_functional.owl,22412327,30608888,53021215
approximated_852efd42-d414-4dbf-bd0d-67bd4d419d8f_skio3.owl_functional.owl,30469966,33746696,64216662
aeo.anatomical-entity-ontology.6.owl.xml_functional.owl,20326422,17796305,38122727
approximated_064b8645-ed7f-4c98-8e3c-bd2535ff52ee_pizza.owl_functional.owl,13565647,13348436,26914083
approximated_14e074f3-0bb0-4512-9e4f-8c23d296cf9a_hweinshaxe.ttl_functional.owl,12974361,3808195,16782556
approximated_6549322f-75ed-40f3-b888-29ac40494ccc_statistics.owl_functional.owl,9646301,7567148,17213449
approximated_ac9d8ad3-1d36-4aa9-bcc8-5088a84485be_hitney_GG4.ttl_functional.owl,18552609,3966999,22519608
26d641a4-8790-4bec-842a-fcc32ea98d4f_sgenechrom.owl_functional.owl,468537319,895562957,1364100276
72690f9c-cc7d-4ad3-b2ec-4e28a76ffc17_references.owl_functional.owl,27665804,29609293,57275097
approximated_00596.owl_functional.owl,55108649,113932689,169041338
approximated_52eb08f8-6346-4020-a735-593f8bf1d3da_COSMOtop731.owl_functional.owl,314180072,554178537,868358609
approximated_0f2d27c1-77cd-4986-9490-de0102d071b6_mond_blade.rdf_functional.owl,20757654,5204354,25962008
approximated_b546570d-8204-480e-b501-66405be6a159_le_manager.ttl_functional.owl,16448400,6366420,22814820
approximated_14f3c29b-3fef-4314-8e72-fbbd3c0a3b27_ext.obo_functional.owl,764689512,1894587646,2659277158
approximated_cno.computational-neuroscience-ontology.6.owl.xml_functional.owl,22480217,21841059,44321276
approximated_e41bed88-8811-4070-b1b2-c6d91228b9de_terey_Jack.rdf_functional.owl,20511660,6443736,26955396
approximated_6fc3eee8-ddf4-4d52-a23c-c1d6c4c4bab2_Web_server.ttl_functional.owl,16519158,3996503,20515661
5b92eec2-0336-43d1-9b83-9021b6c25ad7_lca.owl_functional.owl,12492832,1459312,13952144
approximated_9fc828f9-4b48-455e-928b-b6db41cbbc00_esta_valve.ttl_functional.owl,14961758,3894290,18856048
approximated_28a344d0-277b-4c4a-a2c0-33bc8885d51b_Sardo.rdf_functional.owl,15333000,3656715,18989715
approximated_48169ef7-6d4d-4e35-b1b0-3bfe8c0f8010_Scampi.ttl_functional.owl,14530960,3943915,18474875
2aed1f60-77ab-496e-b30f-fd4185b6b9b7_imdb.rdf_functional.owl,26410401,7325851,33736252
approximated_kb-owl-syntax-unraveled-depth-4-cardinalities-disjointness-triggers-constant-classes-value-nominals.ofn_functional.owl,673161244,1520298039,2193459283
approximated_ca31e0dc-bec6-4dcc-ac56-458cc111a734_bao_core.owl_functional.owl,633912390,1086398730,1720311120
approximated_2e54ed01-c483-4acc-8224-c302d2d233ba_Butter.rdf_functional.owl,13497461,3952763,17450224
approximated_0f79cf72-c4eb-488a-8e14-830cf8fdbf14_IBM.rdf_functional.owl,9012385,4015728,13028113
approximated_d8b59ae0-f846-4a28-ae57-2ee85b917e48_onto.rdf_functional.owl,12720029,4356992,17077021
approximated_hivo004.hivontologymainowl.4.owl.xml_functional.owl,22619519,22061715,44681234
approximated_17ef81df-3ac6-4e0e-a134-7428376eda5a_COSMO.owl_functional.owl,220113823,364857588,584971411
approximated_00546.owl_functional.owl,69169374,145488418,214657792
approximated_c605aff2-c517-4427-894b-247bcfb87131_actfactory.owl_functional.owl,11607569,5282208,16889777
1f5edafb-1f70-473e-b834-8a4d70a11362_ezeichnungen_G_functional.owl,13890276,770106,14660382
45ffd849-1b5e-469d-9b8a-5ea7cc9d5342_ontology_28.owl_functional.owl,15133250,2642450,17775700
approximated_00468.owl_functional.owl,22053598,35904700,57958298
7102c305-adbc-4a7f-9cc7-ce5354c1b98c_cyc.xml_functional.owl,770326191,415868067,1186194258
approximated_7eb4da3b-9764-4eda-a010-ab4b286bb868_eRoleTrust.owl_functional.owl,132733083,215121514,347854597
aec045a4-676e-444e-b520-36a57ce1feba_onto.rdf_functional.owl,14112602,3300243,17412845
approximated_1ff1b1dc-c9cf-433f-86f6-4aabc8bcfc4b_latemethod.owl_functional.owl,18630365,5099550,23729915
approximated_8e9994d0-53b5-46d9-ad1b-99e04b13abb9_instrument.owl_functional.owl,22993134,10632020,33625154
approximated_7c82e7e7-6276-4d11-8465-2a923fa59c68_ology_v3.1.rdf_functional.owl,33384362,5226040,38610402
approximated_0bd66107-ce44-4047-928e-268d8eff8aa1_h_dressing.rdf_functional.owl,16059714,3734002,19793716
157b84b3-05c5-449c-8d1e-6d35baf46b0f_lgcs.rdfs_functional.owl,25069358,40534383,65603741
approximated_777b3e5c-fe89-45c3-8a1d-902701adb359_transistor.ttl_functional.owl,13880721,3779761,17660482
7501c498-0fc3-4963-9e5d-bc6bb921ff3d_pride_cv.obo_functional.owl,19666831,22589220,42256051
approximated_c855c735-eb51-4dbe-b4fb-65eff162766a_heritage.owl_functional.owl,15744381,7133036,22877417
approximated_0915e04b-b1f5-4324-99f0-786ff1529057_TRS80.ttl_functional.owl,18806676,3693548,22500224
approximated_DCHARS.owl_functional.owl,83547537,87041306,170588843
b965242b-d6db-4ade-8dbc-9aaefc18cc1c_po_import.owl_functional.owl,19759424,19491729,39251153
approximated_f9996b7d-c664-4914-b3d0-2a51dd9b8b28_COSMOtop681.owl_functional.owl,280813275,496346085,777159360
approximated_1cce70fb-0fb0-4d35-a778-e74b6039362a_Cultivator.ttl_functional.owl,64583549,3681216,68264765
approximated_0c0e567e-deb2-4b83-a400-5aea7304b8d4_Doctorate.rdf_functional.owl,12771620,3828092,16599712
c342980b-bc1d-477c-9884-4b32ac96c1a2_psims.obo_functional.owl,44272988,90445199,134718187
approximated_50c9ffca-2132-4434-afab-d4ce20cc2714_SUMOLite.owl_functional.owl,56875347,49257384,106132731
approximated_1604aad3-1238-4567-8ba2-fb36c04e0365_Classifier.owl_functional.owl,16253177,7632654,23885831
approximated_5b712a8e-cdb3-4b7e-b48e-235a007d9aae_Lenovo.rdf_functional.owl,15781910,3821687,19603597
approximated_neomark4.neomark-oral-cancer-ontology-version-4.1.owl.xml_functional.owl,19066869,17302676,36369545
approximated_d4799c9a-726e-4e62-bd24-d6265f8cf06e_rcular_saw.ttl_functional.owl,10525113,3900004,14425117
approximated_7bccc24e-ab45-4d38-be9a-91adeb0128c4_vation_v11.owl_functional.owl,14413279,5666904,20080183
approximated_8af1dc88-dc4b-45e4-91ac-30a16778e92c_lidFailure.owl_functional.owl,63281773,128064187,191345960
approximated_06720855-d478-4422-9ecd-6b5251c81822_OWLPathS.owl_functional.owl,9931544,4213381,14144925
approximated_68a9df6e-3ff0-4120-82f8-8e38b45b6f21_Schwenker.ttl_functional.owl,12742552,3872066,16614618
approximated_06ec8f23-ec49-47ae-a6b9-479d6722ea40_SnC3B8frisk.rdf_functional.owl,13499303,3702496,17201799
approximated_0d6b495c-6764-4eee-bdcc-b1589580fcda_om_divider.ttl_functional.owl,9241741,4112742,13354483
approximated_00488.owl_functional.owl,892396875,2779958924,3672355799
approximated_genomic-cds_rules.owl_functional.owl,3654888267,6841415560,10496303827
approximated_c288b46f-8821-4d07-a89e-e1dad3a85092_Instrument.owl_functional.owl,138045132,230513392,368558524
3bf7a723-62bb-46ff-9b45-cf196d6af91d_ality_edit.obo_functional.owl,53146754,92338631,145485385
95bdc821-3519-405f-884c-13ae3319b996_rtchaininv.obo_functional.owl,20678240,8913804,29592044
approximated_0655a1d4-9c76-4d81-abd7-168f79dd55a5_Landjger.ttl_functional.owl,11066079,3656730,14722809
approximated_eef9e8b9-84a4-4b53-b962-60ce32739d94_OWLFull.owl_functional.owl,14657602,7696868,22354470
approximated_6661ada3-0cc1-432e-b7f2-14da3b1d481c_uberon.owl_functional.owl,219319644,581712964,801032608
approximated_1c209f66-1cbc-432e-9a87-899b58cec461_obi.owl_functional.owl,118424066,265852996,384277062
approximated_178a2a5a-4c99-43df-8310-a3a484600901_ly_Rancher.ttl_functional.owl,12476450,3855787,16332237
approximated_c4f560e3-9d78-4e8a-be85-c21ebec4ebd4_IPR.owl_functional.owl,14478387,6180877,20659264
approximated_15e52261-c5a1-4c35-aa4c-e52bbe75ce36_netClimate.owl_functional.owl,137561126,214729667,352290793
approximated_0f3593a9-9add-449b-a08a-957ff8249c9b_gilaco.owl_functional.owl,14151371,8850168,23001539
approximated_00472.owl_functional.owl,2679751607,12905137532,15584889139
approximated_5fe13b48-2a2b-43c2-81b7-694102b5ed17_Bicycle.rdf_functional.owl,14572979,3807204,18380183
approximated_e716c47b-1af2-469f-bfde-4f4bc06dcd5b_mAstroBody.owl_functional.owl,138865038,250650662,389515700
approximated_85ec5832-ee7f-4ddc-bd9d-f5c2725cc7b5_astroStar.owl_functional.owl,39076983,69396186,108473169
approximated_561b752b-5d04-485b-9e9e-161c91b8bd4a_NLexOBOUBO.owl_functional.owl,61824374,115075052,176899426
approximated_06125746-db7a-461f-84c9-e676cd890a18__gallusMOD.obo_functional.owl,1896184950,4881169214,6777354164
approximated_5d91c1ca-967e-46cf-bf2f-46fb85087700_acteristic.owl_functional.owl,33343831,4984599,38328430
ontoma.ontology-of-alternative-medicine-french.1.owl.xml_functional.owl,24356241,18323728,42679969
approximated_1d235bfb-2df4-4b87-8290-15c149c4eb76_protontop_functional.owl,16906263,4410019,21316282
approximated_b1a2b46a-c828-4e71-a4aa-e4c80fb83241_zfasimple.obo_functional.owl,116571945,281632276,398204221
approximated_envo.environment-ontology.27.owl.xml_functional.owl,51153675,98259232,149412907
approximated_20cf01e1-6931-40f3-8ae2-dfd150033aea_logyv0.1.1.owl_functional.owl,13926370,9693056,23619426
1d730b42-a4c4-4c1d-b31a-fcab6477d8cd_actpathway.owl_functional.owl,449641591,925380105,1375021696
approximated_93b71cab-d82a-4db2-a5e1-d29ab2aaa515_spatial.owl_functional.owl,19113742,13487487,32601229
approximated_3950dfbe-70c4-46d2-a2bc-ddae82dc5f27_st_cricket.rdf_functional.owl,12205648,3832962,16038610
approximated_b862f674-9f60-4d67-b1c6-d851770a31bb_NEMO_ERP.owl_functional.owl,18267442,7421473,25688915
approximated_kb-owl-syntax-unraveled-depth-1-disjointness-triggers-constant-classes-value-classes.ofn_functional.owl,795428910,1657243695,2452672605
approximated_suicideo.suicideonto.1.owl.xml_functional.owl,14818840,17518272,32337112
approximated_kb-owl-syntax-unraveled-depth-1-triggers-constant-classes-relation-axioms-value-classes.ofn_functional.owl,467957810,1130624816,1598582626
approximated_7af16117-edbb-400b-9367-4bedd80d5887_egoryCommunity_functional.owl,10493332,1920575,12413907
approximated_7dea6e1d-3c97-4c6f-8331-f4e8cabd427d_Dolabra.ttl_functional.owl,10492390,3959125,14451515
approximated_cf6f1172-ebdd-45db-8515-fbb79740be9b_0Litev3owl.owl_functional.owl,10584830,6443409,17028239
approximated_317ee586-babb-445c-b96d-5738b4e2fb91_toff_valve.ttl_functional.owl,11173579,4385040,15558619
91f7c4be-63b5-430b-b479-f35271f362f4_it.obo.CURRENT_functional.owl,12882173,18462364,31344537
approximated_5844b967-a8bd-4f04-bdab-9d0570fb6546_ced_coffee.rdf_functional.owl,14165036,3675860,17840896
approximated_2e4b126f-2c15-4c8e-9984-6a93d4be2d02_Kunai.rdf_functional.owl,16878664,4088878,20967542
0b5efdd0-bef2-4f27-a031-8e791655a953_psims.obo_functional.owl,58658913,145351471,204010384
approximated_f34f57f4-b3d0-459c-8012-31df155d057a_gy_engineering_functional.owl,58984654,3316958,62301612
approximated_5bc62186-e4e8-4513-a4cd-2cbb3b5f3b32_ecomEntity.owl_functional.owl,19297781,4319726,23617507
approximated_125170f2-d6fd-49e6-b572-c5132bb616ab_ole_digger.ttl_functional.owl,28619600,3775475,32395075
approximated_03e7478a-1ce2-48b3-936b-8ed98901f5b2_biotopcore.owl_functional.owl,20953881,18865430,39819311
approximated_07950c24-0549-4376-a098-8e1102f9fa47_Statistics.owl_functional.owl,240899836,248867345,489767181
approximated_074464ff-b331-4a4c-93eb-bd39463e2b3b_map_CLEMAPA.owl_functional.owl,263960433,735231265,999191698
approximated_kb-owl-syntax-unraveled-depth-2-relation-axioms.ofn_functional.owl,399863381,986188759,1386052140
0e07c427-d82e-4fab-a4c4-c66dcff9bea2_to_anatomy.obo_functional.owl,82550696,148275870,230826566
approximated_06d05491-f515-43b2-bfcb-17f0127017c1_IP_camera.ttl_functional.owl,18133165,3875702,22008867
e08840ce-9b69-4ab8-83df-d775c985701c_SUMO.owl_functional.owl,128927237,138761076,267688313
approximated_8c4d8437-9c0e-46ac-ba21-4298a1e19972_p.obo.PREVIOUS_functional.owl,238957348,532756367,771713715
approximated_0cc8f9f6-a79e-4f9a-bf19-c82abb22119b_ESG_test_3.owl_functional.owl,21541737,5172790,26714527
approximated_0166625a-79da-4c0b-b81e-f4def34514b0_edia_3.5.1.owl_functional.owl,41637821,63538190,105176011
approximated_11607552-21d7-4b4c-a134-ecdc8c344b58_Folar.rdf_functional.owl,10224594,3904764,14129358
approximated_c0411cda-9628-4e34-8e80-16bfe0ba26ef_sampleds.owl_functional.owl,11934712,5036083,16970795
approximated_ca54de57-8d28-4357-ab77-c6b0bca32460_natomy_xp.owl2_functional.owl,281227173,735893807,1017120980
b7925e15-27e0-46f4-b422-2ce385f9a436_ulusentrez.owl_functional.owl,1582765640,528719485,2111485125
approximated_kb-owl-syntax-unraveled-depth-4-km-relevant-cardinalities-disjointness-relation-axioms.ofn_functional.owl,584268737,1349231047,1933499784
approximated_4d1f59b4-f507-4518-9eb1-04ed41b56c08_.dlhomes.owl_functional.owl,43787601,7244501,51032102
approximated_8ef191be-4538-42b3-ba19-1c9be9492c59_realmGeol.owl_functional.owl,130070327,212384135,342454462
approximated_kb-owl-syntax-unraveled-depth-3-cardinalities-disjointness.ofn_functional.owl,691652080,1418944940,2110597020
197238bf-04f0-4d6f-b053-2787e5b5492a_y.obo.PREVIOUS_functional.owl,28288910,30484461,58773371
approximated_0452f0eb-374b-4b53-aa1c-32ad595933d7_noturbella.rdf_functional.owl,10942761,3692544,14635305
8c97aa04-c027-4119-bf3d-a0d0f13211c4_KategorieBrust_functional.owl,7780166,726361,8506527
approximated_374fc6ee-44dd-486e-b0ca-12dbd76a705d_ic_sanddab.rdf_functional.owl,20303915,5908078,26211993
approximated_00383.owl_functional.owl,1323290591,4226653042,5549943633
approximated_51a99c70-a982-4515-8ee7-1c6f9187e8a8_food.owl_functional.owl,14652492,3696348,18348840
approximated_8050c34e-98fa-409a-9027-0cda86e70b57_taosimple.owl_functional.owl,99520037,208835313,308355350
approximated_hino.human-interaction-network-ontology.5.owl.xml_functional.owl,3407596402,9797856847,13205453249
approximated_187f0d06-043e-4d8a-82a7-f5a2d020ec79_pmbok4.owl_functional.owl,58121333,76812017,134933350
approximated_00674.owl_functional.owl,51716449,116696179,168412628
98344088-a968-40ac-b0ff-bb0acebee4b7_pathway.owl2_functional.owl,25628754,47683063,73311817
approximated_kb-owl-syntax-coreference-IDs-km-relevant-cardinalities-constant-classes-value-classes.ofn_functional.owl,604830683,1735046987,2339877670
47d90165-631c-4248-a984-3a28830f5073_protlabels.owl_functional.owl,67019477,147902310,214921787
approximated_b637fd6f-6845-4a14-b57b-bce27c8784c8_quanTime.owl_functional.owl,130910062,310759837,441669899
approximated_74e34afb-d86a-45bd-a0c8-cd32808d666c_Ladder.ttl_functional.owl,17334928,3686673,21021601
5a91f92a-1c6b-4253-bb0d-43606ccd2b2c_Road.owl_functional.owl,17529483,2480210,20009693
approximated_6f0fe24e-97bc-4dec-8a91-178e82a373d6_matrPlant.owl_functional.owl,136483716,212112778,348596494
approximated_01a277b7-b086-4048-86c3-fea10ddfaf25_esc.owl_functional.owl,35194479,11648318,46842797
approximated_4135285b-738c-4a37-b77a-52db98a448bb_Air_blaster.ttl_functional.owl,17921222,3705855,21627077
approximated_ccf91190-f5a0-491a-9113-0b3e607ec6ea_PaulFisher.rdf_functional.owl,12023567,2896961,14920528
a853f4f3-d051-4cdf-b588-1a83aeca0acb_s_xp_self.owl2_functional.owl,66046712,22735499,88782211
approximated_c5a5ae0f-18d0-422f-9819-927a046b1ad5_ENLmodel.owl_functional.owl,9559905,3075686,12635591
approximated_4c545d16-4347-40e5-b054-f181c7b7c9d4_e_spreader.rdf_functional.owl,10563723,3952562,14516285
approximated_20a5ea94-c542-4d59-95e1-b6aca01289f2_bejna.rdf_functional.owl,12562271,3736015,16298286
approximated_c3ace09a-6819-49c2-aefc-4888eb9beb2b_Autos.owl_functional.owl,29015815,11295501,40311316
approximated_23357ef6-7441-44fc-a637-f5e6ac3f3f89_lsi_cheese.rdf_functional.owl,12260879,3774151,16035030
approximated_22886788-061b-45d4-ad4c-b757c2ad7d81_Perry.rdf_functional.owl,10624796,3746661,14371457
approximated_35fb5010-b0f6-42a5-9305-d1b6baa0a707_e_Rathgore.ttl_functional.owl,11614361,3666039,15280400
1ab70d12-c7fc-4fb6-a8da-45224d349bca_onto.rdf_functional.owl,16113582,3313584,19427166
d04bc379-6c2d-44e1-8dcf-37c1bd603d00_fypo.owl_functional.owl,518466998,876650686,1395117684
approximated_79115278-1b41-44f6-92de-beae523fb210_NIFOrganism.owl_functional.owl,48017017,41941827,89958844
c7f1a3bd-6b19-4ddc-a177-28ead5f6ad3d_rieUnpublished_functional.owl,11154369,778045,11932414
approximated_327d9610-ae2f-447b-85b4-bd69edd82d49_alie_bread.ttl_functional.owl,11295599,3635606,14931205
approximated_0b33c9d0-245c-4854-9393-4288353ff52e_Anchovy.ttl_functional.owl,17764426,3732287,21496713
approximated_d7f1f8db-ae09-4157-b45e-4ce98a1af067_dworkflows.owl_functional.owl,10304205,6146865,16451070
approximated_sdo.sleep-domain-ontology.3.owl.xml_functional.owl,60774928,130873855,191648783
approximated_964325ce-18c4-4277-a100-6fe02e9a0d14_esmeta_1.2.owl_functional.owl,26246755,16700961,42947716
approximated_3dd944dd-c768-4b48-b583-4f85866e1a6b_gansmerged.owl_functional.owl,5865182454,2231183222,8096365676
approximated_9fe3b5e3-484f-409f-a9c1-64c0c9979b7a_matrEnergy.owl_functional.owl,139830202,230081880,369912082
approximated_24617762-d541-4a30-97a1-c4d7fae41069_Wetsuit.ttl_functional.owl,16453255,3799402,20252657
approximated_88f737c1-1d19-4542-b652-3342805ebf50_ero.owl_functional.owl,91480517,239979326,331459843
approximated_kb-owl-syntax-coreference-IDs-disjointness.ofn_functional.owl,1093683634,2418527787,3512211421
approximated_0d2d631b-5908-4309-8069-e78c1568295c_people.owl_functional.owl,22976676,3964847,26941523
approximated_cadb9542-063f-4eef-bd5c-3c3389a0dc01_dbpedia_3.4.owl_functional.owl,85434564,116978642,202413206
chebi.chemical-entities-of-biological-interest-ontology.82.owl.xml_functional.owl,2861764208,6788973527,9650737735
approximated_6503c015-6685-494c-a198-65c9cd02717f_nas_cheese.rdf_functional.owl,17003437,3775474,20778911
approximated_892df542-6b84-4543-89b4-647eff79ef86_ryOrganization_functional.owl,15886188,1992306,17878494
approximated_gfo-bio.general-formal-ontology-for-biology.1.owl.xml_functional.owl,14214369,15241943,29456312
approximated_00017.owl_functional.owl,22402503,21365976,43768479
approximated_2db8b409-710c-41b3-8a36-963e889d901b_nsfer_unit.ttl_functional.owl,12358845,3873514,16232359
914b19db-9f30-43ea-a622-1a8413082774_le_biology.owl_functional.owl,18230312,15560422,33790734
661f5c50-8690-4175-8293-19e2f18446e7_ecomerged.owl_functional.owl,21462646,15521964,36984610
approximated_ca55f25f-2b80-4b5c-bae8-db7207517ae7_StrongARM.rdf_functional.owl,17119771,4137099,21256870
6d2d3293-5d88-4568-909f-bd7dd0b303d3_Award.owl_functional.owl,21646401,2630691,24277092
approximated_4238d49e-518f-4074-a1ec-91f997db56e1_Didgeridoo.rdf_functional.owl,16298460,4202644,20501104
approximated_00020.owl_functional.owl,30569905,28059167,58629072
approximated_0755d8e7-ccc9-44d2-bc9f-e4999c4c3fd6_Crowdie.rdf_functional.owl,15528896,4770433,20299329
approximated_2c8248e1-f2ab-4fcd-9d64-c8f7b2292a2a_Seismometer.ttl_functional.owl,14535409,4335585,18870994
530f80c8-cdfb-47c1-a1be-1a2d0abee680_nnotations.owl_functional.owl,37552914297,31355246754,68908161051
approximated_534f19d0-08a1-4495-bc63-86fb09392ae1_VoIP_phone.ttl_functional.owl,21814475,5095503,26909978
approximated_00562.owl_functional.owl,18177936,37647467,55825403
approximated_5e8e66b7-8213-4fa7-9260-02afccee3b04_tePhysical.owl_functional.owl,143976290,252108353,396084643
approximated_da361508-7250-43ae-a80b-1f5a63104aa5_Egg_wash.rdf_functional.owl,10110606,4150903,14261509
approximated_ogdi.ontology-for-genetic-disease-investigations.3.owl.xml_functional.owl,40822398,29486951,70309349
dbd8425a-6fc1-4d71-86e6-f63df9512381_sculustype.owl_functional.owl,796828105,1959307338,2756135443
approximated_7bf9f5b0-ee0d-4587-af7c-dfcd9d97341f_ticnetwork.owl_functional.owl,17934835,7138358,25073193
approximated_08700ca3-c320-431d-9539-6f017f2615f0_tigerlink.rdf_functional.owl,37969272,63225708,101194980
approximated_6ee47539-dd74-44a8-a876-53d95a7ca57d_trust2codo.owl_functional.owl,17049348,16999209,34048557
approximated_8aa1f8f0-b37d-443a-a8a7-79a0345bcf51_bpmn.owl_functional.owl,14064583,6568541,20633124
approximated_bd39a481-618f-4615-9b58-d2b6052f7de4_gistration.owl_functional.owl,18949588,4951570,23901158
approximated_0be6e094-35da-4097-a6e8-6d500cccb5d1_rret_lathe.ttl_functional.owl,14522027,3982502,18504529
32a9dfb3-7b19-4e74-81bb-122828d6980f_instrument.owl_functional.owl,26625417,43446303,70071720
approximated_e416edfe-5645-4c82-b6d1-aeddfa610fd3_rmodynamic.owl_functional.owl,140233805,211646856,351880661
e3fc5540-c436-4e5e-8865-3ae0795837f2_usequivmod.owl_functional.owl,677827457,544800452,1222627909
approximated_85e91f54-4322-4b9e-9c3c-0584e7f9aee1_codtools.owl_functional.owl,49960061,9153651,59113712
82c16c8f-33a6-4a2e-9134-27633fa79727_icalArtist.owl_functional.owl,11507313,1069270,12576583
approximated_19d5a281-6a6f-4e2a-a384-9e077831799d_drelations.owl_functional.owl,13919471,3801033,17720504
approximated_18850644-67d9-45b8-8676-80c0bcde9bac_qudt.owl_functional.owl,16915458,10619248,27534706
approximated_501137ad-3b3a-449a-8421-1d15c9f08fc4_e_test_car.ttl_functional.owl,17274891,3646516,20921407
approximated_c887daff-8b30-4653-bd00-50276c35f35c_relontomx.owl_functional.owl,14718665,9422688,24141353
ato.amphibian-taxonomy-ontology.2.owl.xml_functional.owl,286862775,592702607,879565382
approximated_45fe7d04-848d-459a-9686-608f7d9a09a8_OMRSE_functional.owl,12250738,6432513,18683251
approximated_0ef5a082-0ebd-42ee-a7ff-e1ae3e2094e3_vaccine.owl_functional.owl,229189235,555559524,784748759
approximated_06c02df2-a91d-48a6-ac25-24f8f490c44f_codolight.owl_functional.owl,31818665,15442152,47260817
b2ba4ee2-0c8b-4362-9044-756640c3288c_SkiArea.owl_functional.owl,14152439,1227675,15380114
approximated_f3ded3b4-bd3f-4970-9943-3f1bb6a39adf_onto.rdf_functional.owl,12592819,4819752,17412571
fc72e51b-9051-4208-a904-86a785f15dd1_eKrankheiten_D_functional.owl,15572436,1110736,16683172
approximated_sao.subcellular-anatomy-ontology.1.owl.xml_functional.owl,25960087,53406304,79366391
approximated_229e085a-35af-4e7c-b9ed-e02a45af5099_COSMOr585.owl_functional.owl,212640008,345236068,557876076
approximated_296bfc72-2998-420f-a258-157b234e63f5_chemAcidity.owl_functional.owl,64212811,125323193,189536004
approximated_077bfedc-cae7-4647-9a95-08c8a449e781_r_detector.rdf_functional.owl,15251343,3791711,19043054
approximated_76ba7ae5-c714-4dd7-b60a-bd03d684dc71_Situation3.owl_functional.owl,13108843,4360968,17469811
approximated_549339e0-58ec-4cc6-b5dd-f26daf3280a0_Big_Hunk.rdf_functional.owl,4678741,3644798,8323539
59c70386-4f50-4cbf-b878-789752b64a32_y.obo.PREVIOUS_functional.owl,107159742,198217186,305376928
approximated_c88f69c1-5230-4637-a2fe-d478b7183f8b_s_pombeMOD.obo_functional.owl,846506167,2137857864,2984364031
approximated_77bee893-3fad-4727-ad08-6d78adc33e07_Liqueur.rdf_functional.owl,84425400,3891162,88316562
approximated_00497.owl_functional.owl,328781354,525863507,854644861
approximated_6b939a8e-b8c3-4da3-92a9-a3b4552cb9a7_physGravity.owl_functional.owl,113109929,39020061,152129990
approximated_5bda015b-8db9-46a2-b177-4fc34436a259_c_cylinder.ttl_functional.owl,98761202,3799749,102560951
approximated_92909328-10ac-443a-a51d-2cf5a7e7c7e8_partimenti.owl_functional.owl,17690731,10333211,28023942
approximated_d30ce37e-c0ba-4596-9652-5c34dd2d9a95_onto.rdf_functional.owl,73993432,5681193,79674625
approximated_87538db5-47d2-4273-a59b-ff1205faca1c_figure5.owl_functional.owl,81791595,19897945,101689540
approximated_73b7d9ea-c8ee-4951-ba0d-da23a2c33bb9_IAO.owl_functional.owl,104630880,6484745,111115625
approximated_6e16c559-666e-44f0-879c-555b53f02b0b_ciFunction.owl_functional.owl,204048331,217669472,421717803
bef56442-09e0-4ed6-bb3b-4930f49453a3_Mollusca.owl_functional.owl,87000250,1317634,88317884
approximated_80d6299f-77a9-4640-94b7-dab503cfb0be_po_anatomy.owl_functional.owl,39789347,68304421,108093768
approximated_02e44f52-c4ca-4e19-8719-5da95de47519_Rope.ttl_functional.owl,96360145,3692999,100053144
4cac69cd-31cc-49ae-9fcc-440bed12a52d_KategorieGiftig_functional.owl,12583421,829450,13412871
approximated_52a7d595-f6fa-4490-b3e8-ba3f3a94d47f_eryContext.owl_functional.owl,27143514,10853808,37997322
approximated_00348.owl_functional.owl,92422041,5623084,98045125
cafebca9-cd6f-4dfb-a03b-cbd36bcf70fe_ology_v1.2.rdf_functional.owl,114371296,9600933,123972229
50006c8a-cc47-4baf-8cb6-a309fdb6a1cb_culuschrom.owl_functional.owl,112458137,7345005,119803142
b9ab031b-9103-4e43-b8d1-61a3c9268552__phenotype.obo_functional.owl,232549529,466172184,698721713
approximated_b514d1fe-29f8-416c-a2dc-b400b39f014a_Dinner.ttl_functional.owl,11900871,3916570,15817441
approximated_d4e3a00a-494b-4f7b-8c63-7eacf1f27263_Functional.owl_functional.owl,10524360,5876048,16400408
approximated_0d4cd993-db43-4a54-8410-a21809321e08_Lanark_Blue.ttl_functional.owl,16414570,5120601,21535171
approximated_028b497d-05e5-4726-9ddb-13b48976c180_food.rdf_functional.owl,28834128,16532883,45367011
approximated_e4f4010d-c6a2-4fbb-b76d-3b75f3f0ba00_all.rdf_functional.owl,15402012,3709896,19111908
approximated_d05558a4-a66e-41b9-9442-7c2793be8f5b_cedar.owl_functional.owl,47977448,23702532,71679980
approximated_66365b50-b8e1-4f9b-817e-43317e586d95_cmmi_inst15.owl_functional.owl,25156867,11720134,36877001
5ddf3fcb-55c0-4830-a8bf-5d4065d082be_wbbtmerged.obo_functional.owl,304403737,691808083,996211820
approximated_219bcfbb-bfa2-4084-a4f7-0e0ab0c8372b_reGradient.owl_functional.owl,138221228,211740349,349961577
approximated_00597.owl_functional.owl,89889000,140459068,230348068
approximated_66f319c4-9c54-4d3e-906c-d7eb3123f4f5_k_printing.rdf_functional.owl,13313246,3728127,17041373
approximated_11d89450-eabb-4a4c-9992-4b6a6a95aa26_ationNoInd.owl_functional.owl,17815577,5943285,23758862
approximated_04b51bd7-a951-42b5-be77-8bce9b428ac1_SAO.owl_functional.owl,26329970,44204034,70534004
approximated_bfbf8119-a013-4282-8d8e-4d7f86d4cdb1_o.owl.PREVIOUS_functional.owl,21473524,38468919,59942443
07e9ab44-2a8a-4515-8de8-db2dd70302d8_go.obo.CURRENT_functional.owl,37832974,10102860,47935834
approximated_00536.owl_functional.owl,787939368,2364346457,3152285825
approximated_debdcdb3-95d8-425d-9ca2-f640741aed5f_bokqueries.owl_functional.owl,58547576,90241499,148789075
approximated_75f3ae30-b35f-4007-8d43-e3ae19cb6a77_lmLandform.owl_functional.owl,134169401,212382587,346551988
approximated_5bf69d0a-da6f-47ce-8829-b7dc07082d48_Zara_spook.ttl_functional.owl,16476159,3746167,20222326
approximated_27ed8ac0-cb8b-4bca-8a07-130144ee5adb_onstituent.owl_functional.owl,130392750,214043571,344436321
approximated_6a275e02-919b-40c3-9442-148970d32799_chemistryv1.owl_functional.owl,13648402,7049518,20697920
5ae65184-e285-42a3-93ba-def9d8c074c6_tionBridge.owl_functional.owl,20057879,11421810,31479689
approximated_75f739f8-18ab-48d9-976c-1c348b420058_lpdeskOnto.owl_functional.owl,23722120,17589516,41311636
078c8a5e-888d-43f8-974c-07fa5824676d_FBbt.obo_functional.owl,398825699,1056809119,1455634818
approximated_132a25be-f8f0-4bfe-8efa-0e65ab3259e1_Batten.ttl_functional.owl,17205990,3757705,20963695
approximated_78b82cdd-99e9-47d9-a4b2-f5de8e67bcc1_phenRecycle.owl_functional.owl,133862626,215251117,349113743
approximated_6993151e-6867-4558-ad48-301e79c51847_muneSyntax.owl_functional.owl,20358896,12106095,32464991
approximated_f7d8b613-d4de-4b98-8a5f-b1a957eea355_biotopcore.owl_functional.owl,18307164,20446109,38753273
approximated_OLD_fhkb.owl_functional.owl,750173839,75704710,825878549
approximated_c00c5b93-2350-4c59-a04c-637fd0634201_EnergyFlux.owl_functional.owl,140637230,213421119,354058349
approximated_1ba80777-0ea3-4628-97f8-fd2448923418_Scratch_awl.ttl_functional.owl,9371131,3956171,13327302
approximated_1401cfd8-b741-4913-a834-dc144bb61d99_ure_washer.rdf_functional.owl,16150739,3768662,19919401
approximated_00243.owl_functional.owl,48408502,8845834,57254336
approximated_38359aff-c44f-40d2-9a26-c3633691bcfc_itude_gate.ttl_functional.owl,17303498,4192329,21495827
approximated_e2b121c3-b59f-45d2-8e44-ced60f084a8d_mAstroStar.owl_functional.owl,179445241,238800598,418245839
approximated_d3bbc7f2-a6cc-4733-9246-05342d2c1002_ativeocean.owl_functional.owl,18153126,7951558,26104684
e4cd41e7-b714-4a56-8213-ae55bf1f9885_rminology.owl2_functional.owl,22287764,27415373,49703137
d4aa6ab9-bfb4-4e8e-bd5f-f49820209748_aeo.owl_functional.owl,16995113,18105174,35100287
approximated_4d981026-224e-4d14-b5a3-9f70b8482d1c_Carabiner.ttl_functional.owl,8323076,3913667,12236743
approximated_e33043eb-5bf2-4bb4-b811-b8527ad084d6_intact.owl_functional.owl,24417478,5036627,29454105
approximated_e0f117c2-6b6e-49b7-aa9d-1e3258473eb2_xchemical.owl_functional.owl,280752062,717903440,998655502
948f29f1-d3ac-4d73-ba09-106a9750af99_tagenomics.obo_functional.owl,11682514,9053514,20736028
approximated_6cb479d4-f4d1-4068-b5a0-ba70be82e009_pdes.owl_functional.owl,11795581,5665522,17461103
approximated_c75294d8-3b15-47c0-a511-032915e97e8d_antic_free.rdf_functional.owl,16744638,3644410,20389048
approximated_f97c8359-2567-420a-bba2-6428f98c5d77_roo_120131.owl_functional.owl,25935744,28487827,54423571
approximated_5caaee29-77a5-413f-9667-ed986e8de413_ing_boiler.ttl_functional.owl,11375299,4002875,15378174
approximated_bbbe5073-35c0-4dd2-b6d8-9141580d957b_200602137.owl_functional.owl,187062189,374741446,561803635
approximated_e82977a6-5338-4a22-b433-10495a8ee286_matrIon.owl_functional.owl,144876213,249998224,394874437
3df911fc-e169-4df0-93a7-80b558690805_gosimple.obo_functional.owl,1586966533,4363786080,5950752613
approximated_12f10742-6886-4cf0-82c5-1185f6dd2fd7_Landscaping.ttl_functional.owl,15582363,3677473,19259836
approximated_ntdo.neglected-tropical-disease-ontology.1.owl.xml_functional.owl,21355440,12514300,33869740
approximated_2711fb6f-d04a-472e-9945-178fa5686496_erOntology.owl_functional.owl,13914819,9565740,23480559
approximated_9b651940-0337-47f0-9822-3ad32c708cd9_lexicon.owl_functional.owl,26312345,13298374,39610719
approximated_e5aee397-3bf5-414e-b06c-a9fe26ff06a5_mo_sapiens.obo_functional.owl,6708760878,13800077903,20508838781
ff5266b2-48fe-454e-8336-6ae2b6971c08_inc.rdfxml.owl_functional.owl,28622208,23572032,52194240
approximated_16d73539-0658-4881-83f4-bcc769b778ab_GO.owl_functional.owl,861451093,2127187123,2988638216
approximated_25e9a935-f69b-4b9e-bcfe-be9b2c31de87_aca_cheese.rdf_functional.owl,11588085,4245763,15833848
approximated_196c959d-2d8d-4f47-8829-b058b8566d62_NIFQuality.owl_functional.owl,331336550,684415453,1015752003
approximated_07bcc4b2-da57-4a61-8581-49c307036077_Frappuccino.rdf_functional.owl,20528924,3657570,24186494
approximated_4c3a56fb-e965-4fb6-bfe3-4250dcd7bcd0_management.rdf_functional.owl,10281670,3781286,14062956
approximated_206910c8-9e9f-443d-a3dd-700abec07633_ontoutf8.rdf_functional.owl,12124704,4787466,16912170
503370fa-5000-40af-992f-df05e035de31_ishRoyalty.owl_functional.owl,11156742,650607,11807349
approximated_1500ec67-68ae-4fac-8a37-5a099fc9ccf5_no_imports.owl_functional.owl,14725008,7522822,22247830
approximated_518f60a3-f92f-43e1-9539-fb70443cad8e_rod_tapers.rdf_functional.owl,12273777,3637469,15911246
approximated_a34892c5-a900-45ed-be1e-fc100b1bac30_VAST2009UNA.owl_functional.owl,945619836,66019368,1011639204
approximated_kb-owl-syntax-unraveled-depth-0-km-relevant-cardinalities-disjointness-triggers-relation-axioms.ofn_functional.owl,399706263,857178795,1256885058
approximated_50a5297c-5725-411c-a1a9-37f1053f2fd5_her_duster.ttl_functional.owl,18195717,3652287,21848004
fd6cd100-6a8c-44bf-a199-bba4e9988890_Protein.owl_functional.owl,15109725,787963,15897688
approximated_72c4196c-140c-4648-be13-363c13052a04_pdatamodel.owl_functional.owl,17601848,2952134,20553982
approximated_6229f4b0-ec5f-4f65-b61e-0d6428a1fbc4_Campsite.ttl_functional.owl,13397753,3667346,17065099
approximated_f716fb06-60dd-4d6f-8406-b2e98f123a60_FN1.45.owl_functional.owl,19529538,8665536,28195074
581bec72-4cc1-47ce-b351-47c1374f794f_Saint.owl_functional.owl,19929426,1824178,21753604
approximated_3832b79d-3b65-4f6f-a5e3-4a13a83b7857_ing_shears.rdf_functional.owl,15465464,3692803,19158267
ad2331a0-2bda-4e15-96ca-61a3e2442e55_classified.owl_functional.owl,67983311,168043125,236026436
d1a8a37c-0f2d-4069-a6e8-dfd39b1a0968_classified.owl_functional.owl,90210298,247189169,337399467
approximated_863b49e5-b79b-412b-9c8b-b50909efff0f_ing_cheese.ttl_functional.owl,14980762,3787006,18767768
approximated_19ed706b-5329-4a22-a92a-39e955c401da_ca_Kosteli.ttl_functional.owl,14645733,3682234,18327967
96978e77-9030-4f9c-84ce-c63a7cb34225__pombetype.owl_functional.owl,138402725,367166591,505569316
approximated_1315c56e-e731-4516-a177-aac3f4e41e75_ontopic_v15.owl_functional.owl,24679497,24123933,48803430
approximated_0a458c00-cbdb-4193-8efe-b0bed8fdd5fa_ulic_press.rdf_functional.owl,30581828,3780823,34362651
approximated_ff7db7f4-2561-452d-8d8b-aa8d3da6e6f8_stateRole.owl_functional.owl,134617611,213199664,347817275
771800ff-fc77-49fe-b020-27a2bbd93118_posimple.owl_functional.owl,65573439,137481100,203054539
approximated_5bf2878f-0c7c-403c-ad60-814f8cafc1c4_Amiga_1000.rdf_functional.owl,14008929,3802330,17811259
approximated_c699a583-c2ee-465e-9be7-96bd167e8249_crime.owl_functional.owl,42320280,12814953,55135233
approximated_c0556ee0-f598-4bcd-9599-913c9a517b1e_bspo.obo_functional.owl,19525721,18185499,37711220
approximated_7a787ff8-1fe2-4f4b-bddd-4b26cfe136c5__dblp_foaf.owl_functional.owl,89664547,5136866,94801413
approximated_4ca0feb5-39ca-460e-94f1-fa83dff3f57f_to.owl_functional.owl,36836843,71884054,108720897
approximated_854d174e-d84a-4477-b3ca-c140762933f9_httpheaders.rdf_functional.owl,88038672,1193061,89231733
26790474-2bd5-45a8-85e5-0377bd4a6dfa_alisentrez.owl_functional.owl,1064216033,329113668,1393329701
approximated_bddfd841-92ee-402e-8748-6d7f11a110bc_reprTime.owl_functional.owl,138199136,213064534,351263670
976e894e-7251-4bc3-904f-b0d2ae78538a_rveranstaltung_functional.owl,11887679,1051543,12939222
approximated_7aa3a361-7507-425e-bde8-f638f7cf408c_Sop.ttl_functional.owl,14680902,3970129,18651031
approximated_kb-owl-syntax-unraveled-depth-1-triggers-constant-classes-value-nominals.ofn_functional.owl,446712331,1083521965,1530234296
b18e3c55-dcb8-4c05-8890-f68d092fbaa9_se_anatomy.obo_functional.owl,100955354,213101552,314056906
approximated_539d4c6e-b3b8-43f4-a356-96696049cfb4_onto.rdf_functional.owl,17062986,5123333,22186319
approximated_b4f7ca19-7709-4047-a12d-de952963de90_al_process.owl_functional.owl,608157567,1782894747,2391052314
approximated_bd11d664-5f7d-4b58-b0b6-020388fd37c4_bcncongress.rdf_functional.owl,117624596,26410566,144035162
approximated_c19e9dd0-d7d2-4201-8f54-fabe580094a2_classified.owl_functional.owl,6785824797,14235194514,21021019311
approximated_4671bc70-e4cb-41b3-9bbe-4d82ecbd2210_onto.rdf_functional.owl,28088786,5681377,33770163
approximated_efc9f05a-9952-4145-906a-fe3b7747d61b_quanSpace.owl_functional.owl,133247114,214378064,347625178
e8295f2b-c561-4670-b961-db663b69a4c2_nnotations.owl_functional.owl,38267505817,27405707653,65673213470
approximated_707ec5b1-2564-40b2-8637-b204c3142ad1_andFluvial.owl_functional.owl,227407445,1128407545,1355814990
9c3e6961-f19c-4ce2-ac4f-a3f6573a8c91_fbbtsimple.obo_functional.owl,648861304,1258882704,1907744008
cfa28b5f-0dcc-42d9-ae7d-9f79bb3bd48d_t_anatomy.owl2_functional.owl,24498804,4172040,28670844
approximated_a51eea4a-0e01-4f39-ab51-46e9e7e12f83_classified.obo_functional.owl,236529682,562409954,798939636
approximated_9323a963-e957-40e7-938d-211ca0fd1cbd_logsna2codo.owl_functional.owl,20201370,17073317,37274687
approximated_00537.owl_functional.owl,1130211135,3521398220,4651609355
approximated_0275803e-43a8-4889-90db-a4d02a453541_epublic1.2.owl_functional.owl,21563525,20953007,42516532
approximated_kb-owl-syntax-unraveled-depth-0-cardinalities-disjointness-triggers-constant-classes-value-nominals.ofn_functional.owl,431175662,905799831,1336975493
approximated_0bbea70a-4a80-4d8e-8f13-174f40a20915_EnzyO.owl_functional.owl,209101896,446060580,655162476
approximated_82efe03e-e1fd-4e44-aea2-9624241c2cc3_dibert.rdf_functional.owl,14956803,3183662,18140465
approximated_kb-owl-syntax-unraveled-depth-2-cardinalities-disjointness-constant-classes-relation-axioms-value-nominals.ofn_functional.owl,722792118,1654193998,2376986116
approximated_3cb81d2d-e323-4419-98b3-a918919c96d6_Brathering.ttl_functional.owl,24172759,6180522,30353281
approximated_4b914d8c-db0d-458e-820b-40948ca12e12_connexor.owl_functional.owl,12162913,3561453,15724366
3921ed64-a861-4a7d-8198-9ad7e8d4daab_b.obo.PREVIOUS_functional.owl,21581396,32048242,53629638
approximated_0d4534a6-6e56-4e68-bbfa-cb0ef246fa52_universita.owl_functional.owl,12522551,7530731,20053282
f07ff4e6-e178-4ad2-8f96-f524452ed26f_mdplatform.owl_functional.owl,18102534,19525512,37628046
approximated_5a8117b0-41ba-44a3-9dbf-de8d6df86616_Pitot_tube.ttl_functional.owl,14085847,3800243,17886090
approximated_0512b2c1-665d-4a72-8f15-adcdd60ddfc7_Tiger_bread.rdf_functional.owl,12626807,3963682,16590489
078c7631-2408-417a-97da-4de176307c68_n_xp_chebi.obo_functional.owl,360103509,174138831,534242340
approximated_0bafde4f-41db-4a7b-bc12-1ef8039f16ff_NIFBACKEND.owl_functional.owl,58708812,120225074,178933886
approximated_00478.owl_functional.owl,27206688,45696678,72903366
approximated_329c52b4-b3c9-4098-8609-ed05ccd5ac95_Bandsaw.ttl_functional.owl,10179445,3853023,14032468
approximated_3755a349-2eff-40a3-8cec-59bd5cebcc00_facecustom.owl_functional.owl,67849324,35578960,103428284
approximated_869086c2-97e8-40c3-aff0-182ac681b75a_eeping_bag.ttl_functional.owl,13030103,3797802,16827905
approximated_kb-owl-syntax-unraveled-depth-3-disjointness.ofn_functional.owl,601199550,1374991809,1976191359
approximated_fc843f79-a493-478a-b9e4-5a078e4737cd_EGFR1.owl_functional.owl,210069075,25359601,235428676
approximated_c8badd1e-b860-4517-a951-b4dd6dc42d5d_anCapacity.owl_functional.owl,134348760,213400978,347749738
approximated_c1e3310a-ff5d-43fa-bf3c-4ae4353de98b_ityClasses.owl_functional.owl,18115694,12233154,30348848
approximated_5fe247b2-0de3-4d7f-bbd8-33ad34b56a34_Chhena.rdf_functional.owl,15182220,3783220,18965440
approximated_528c3790-5efc-4ffd-aed3-88b7280e534c_PaulFisher.rdf_functional.owl,12291438,3273678,15565116
approximated_00879216-3040-49ef-b5b5-7e4d287be376_cusensembl.obo_functional.owl,3256201965,7768729076,11024931041
approximated_2346df22-8fe2-440d-a015-9f28386c929a_a_provider.rdf_functional.owl,12411708,4528521,16940229
00053.owl_functional.owl,41733048,9594401,51327449
approximated_00506.owl_functional.owl,18496112,33416165,51912277
tron.tribolium-ontology.2.owl.xml_functional.owl,47707665,101093972,148801637
approximated_630fa2a3-0b5d-4c50-830f-b580c9e1f81c_Hand_fan.rdf_functional.owl,9728746,4793510,14522256
approximated_d35d4638-ea2f-4601-9888-3273fef2a6be_esg.owl_functional.owl,18594602,8699577,27294179
approximated_3f032306-ec78-4a94-a39c-311a09d635d5_Head_cheese.ttl_functional.owl,10441427,3754069,14195496
approximated_41dd6d42-2893-4159-ba39-40a01d17aa17_Sky_Bar.ttl_functional.owl,15255466,3784414,19039880
approximated_34c4b644-061b-444d-938d-2ddb04fda828_Edger.rdf_functional.owl,12503046,3737080,16240126
approximated_965fb1e8-0946-493c-8c2b-7030ac27cbe0_ow_limiter.ttl_functional.owl,11455143,3915395,15370538
approximated_61505041-7d74-4a3d-8766-28ac63d86838_thes_dryer.rdf_functional.owl,9344278,3660160,13004438
c73d0cdf-0795-4458-b04c-96b9f17ed178_flow.owl_functional.owl,15501880,6276190,21778070
7a76d06e-6d2d-47dc-b5bc-9a1335dad695_FRBR1.0.1.rdfs_functional.owl,17223626,3003279,20226905
approximated_5a1daccb-1d97-4e57-bd55-fe2d2fa480c2_EnergyFlux.owl_functional.owl,132474712,214839946,347314658
approximated_kb-owl-syntax-unraveled-depth-2-disjointness-triggers-relation-axioms.ofn_functional.owl,661019904,1493381734,2154401638
approximated_150e29bf-c9aa-41c2-95cd-798cc9b1272a_TF.owl_functional.owl,17163295,5807884,22971179
4c01c467-3ccc-47c6-bc4f-1fdb5afbf988_luspanther.owl_functional.owl,310641780,848682451,1159324231
approximated_eedb206b-339c-473d-bd73-12b3005d58db_iaomain.owl_functional.owl,21072450,9646285,30718735
29ec7b48-01e8-4d7a-8ec2-643f6ac00eac_calisensfm.owl_functional.owl,503589822,1165426403,1669016225
29a51ebc-a11c-48ad-bddb-47022107a2e0_p.obo.PREVIOUS_functional.owl,98810334,30284756,129095090
approximated_15d2f7b1-f04b-4820-a39b-1c20d8cc902d_Tia_Maria.rdf_functional.owl,13882164,3883332,17765496
1384ca89-943a-4604-9fb7-db9ab3cbc4cf_tplushuman.owl_functional.owl,120089733,125896841,245986574
approximated_44c64646-8a55-4e8a-98ae-95326590c86c_nderThreat.owl_functional.owl,15176950,5971701,21148651
approximated_1d849d6e-3e9f-468f-8464-f9d5d2906c8e_c_cylinder.ttl_functional.owl,16726765,3771669,20498434
approximated_6e3e9d28-cd99-4925-a376-85f30998644a_qtaglink.rdf_functional.owl,33696213,54592441,88288654
approximated_kb-owl-syntax-coreference-IDs-disjointness-triggers.ofn_functional.owl,1399213029,2236524385,3635737414
d6506312-380b-4591-b7e6-70acaea84672_ryConflict.owl_functional.owl,17841902,2233046,20074948
approximated_1d9d06d7-03f5-43cc-810d-3842f4544278_sequence_xp.owl_functional.owl,65551751,142768342,208320093
approximated_94cf0f8c-9609-47b4-acef-d208aef37631_AERO_functional.owl,9770540,21492073,31262613
approximated_18bbba6c-da49-4aec-80a5-f35d8b1e2c0a_Clam_liquor.ttl_functional.owl,14914934,3801691,18716625
approximated_b97e6c80-0e4a-4911-a6e4-9216ff9ea17b_sudoku9cx.owl_functional.owl,13108848,6884294,19993142
approximated_ad1b7037-da51-4ee1-8f14-e4f83c381601_ock_Device.rdf_functional.owl,19169363,4326696,23496059
approximated_72ac9260-f9e6-4d4e-9311-ce66ed170327_rus_cheese.ttl_functional.owl,13742278,3750219,17492497
approximated_77bf6765-ad5a-493c-8dcc-7a0cc7969616_harry2.rdf_functional.owl,13703212,2189083,15892295
approximated_aba-amb.allen-brain-atlas-aba-adult-mouse-brain-ontology.1.owl.xml_functional.owl,27978709,45058231,73036940
approximated_147c4b3e-668a-404b-8d89-9d5e2e13a9b3_Contrastive.owl_functional.owl,15070826,4796324,19867150
approximated_3cc213d3-344c-4bfa-b5f7-9aa93914a10e_ern_cheese.ttl_functional.owl,9106289,3638925,12745214
approximated_c9679e40-2d6c-4b4e-b882-8767b8514e97_ro.obo_functional.owl,15506744,3001018,18507762
approximated_51796b8e-cb41-4bb2-9041-f542f0b474d5__20Dec2007.owl_functional.owl,26052301,38697441,64749742
approximated_55104741-5de4-4c7f-a1bb-8ff7286f3564_entiometer.ttl_functional.owl,10112195,3734001,13846196
approximated_onl-mr-da.magnetic-resonance-dataset-acquisition-ontology.1.owl.xml_functional.owl,46942455,74838571,121781026
approximated_552b1865-6c60-433e-927d-6a3db786664d_onto.rdf_functional.owl,15491060,6519662,22010722
fadeb4a7-67d7-4c18-9652-a9f362cf0f69_EbGdrcN5Y29ycA_functional.owl,14194583,4920505,19115088
approximated_4fc1ef71-afb9-4112-91ba-5bd44b91f90a_iffusivity.owl_functional.owl,129840432,213136775,342977207
approximated_69d74339-2afe-47d2-975d-ad7d1b45110c_Roulade.rdf_functional.owl,11729985,3940119,15670104
approximated_0f3bbba6-2a18-4578-be03-6be7f6624093_stic_robot.ttl_functional.owl,12729599,3968472,16698071
approximated_37ad7d61-d570-4d67-a631-3ff31544046c_ralogGroup.owl_functional.owl,19143048,10601929,29744977
approximated_66af1f46-0300-44bb-a82a-84598eacd41a_y_doughnut.ttl_functional.owl,17289860,3640852,20930712
approximated_7753e292-a84a-4875-99c2-b69e2419c46a_prowl.owl_functional.owl,10895304,6274583,17169887
approximated_d4b815e4-f562-4a4a-a8be-e8f2558eeebb_r_of_Rajya.rdf_functional.owl,13696116,3691932,17388048
approximated_55df5b82-2be6-4e15-85d8-0869e5c3fd90_podstopic.owl_functional.owl,57629403,8337102,65966505
9074435c-12d9-4f24-bb8e-c1759a8f4d77_CategoryCity_functional.owl,10634402,975175,11609577
8e74263b-511f-4fcd-9c7b-67d74e896f99_viorsimple.owl_functional.owl,25418120,43209085,68627205
approximated_301a43e3-58f4-4821-b80e-e5fb251d8736_Crucolo.rdf_functional.owl,14242461,3640990,17883451
approximated_d8a4a0f7-0f55-4d22-80c9-9ceecdff1962_foaf.rdf_functional.owl,20000464,953324,20953788
approximated_kb-owl-syntax-unraveled-depth-1-cardinalities-disjointness-triggers.ofn_functional.owl,699689056,1621101101,2320790157
approximated_25dfa937-48f1-413d-95bd-eaf9e8d798e5_emperature.owl_functional.owl,174576230,242268447,416844677
approximated_d22fdf45-5486-48c2-abc2-cc662049a8b1_risdiction.owl_functional.owl,129795027,220532741,350327768
approximated_25ccf176-b37f-4544-ab00-57f3834ca503_Amiga_3000.ttl_functional.owl,16265567,3791282,20056849
approximated_7116d8fc-0b69-44d8-9f1b-ed2c6d8cc572_pr.owl_functional.owl,722079409,2046364372,2768443781
approximated_96fa6e93-8194-4179-87a9-4b40cfbd7c61_tegoryBirthday_functional.owl,82791568,1840822,84632390
approximated_47c03392-e8bc-4702-80fc-51ba78c1caf9_photograph_functional.owl,17585476,5034521,22619997
approximated_25b46cbc-138e-435b-8a67-e8850852a04c_ersection2.owl_functional.owl,78620756,35577741,114198497
approximated_3dd99522-c4a8-441b-bb38-95281b91c76c_Sponge.rdf_functional.owl,28526609,3853761,32380370
approximated_04655fd8-40b2-4821-a3c9-93ddf575f988_onto.rdf_functional.owl,31246628,4801012,36047640
16bf6a7d-5fa0-4b9c-b279-eef4fa50808c_a_ontology.obo_functional.owl,151235642,262001670,413237312
approximated_06610200-102a-4a37-807b-9e278c430f0a_topOnly623.owl_functional.owl,271297981,386585148,657883129
approximated_e0abb008-cef9-46bf-a4b4-64ae7d853edf_mGeolBasin.owl_functional.owl,133946159,246816995,380763154
approximated_0ffd9a0c-b017-4163-b058-618773342a40_ll_trestle.rdf_functional.owl,17055951,3875310,20931261
approximated_004f2bfd-1121-45c5-b10c-ec43f7d7473b_ce_missile.ttl_functional.owl,16393570,3792768,20186338
approximated_1aa5b2d1-a2ca-47e6-a3ef-9938911b6fdc_ddle_valve.ttl_functional.owl,13746910,3760978,17507888
approximated_32000001-093a-45ef-9be1-8b9ca8a16425_ERO.obo_functional.owl,64872871,141860631,206733502
approximated_15af2b34-ce84-434f-b354-5f7c338589f5_Swirl_valve.rdf_functional.owl,16506856,3695647,20202503
approximated_70b70aa2-8b93-4efa-b8c3-c77bba03b9f2_Maillon.ttl_functional.owl,10483133,3975309,14458442
approximated_d18b35a7-5dbf-44d3-ad7e-905af755c730_ocPhysical.owl_functional.owl,141347919,248646147,389994066
approximated_9586a6a7-19dc-4b46-aaa8-2c6b7b8c68e0_premises204_functional.owl,13703328,6693992,20397320
approximated_4051b9cf-f4a7-449a-a1bd-cfad3fee359d_Salmon.rdf_functional.owl,14870890,3747982,18618872
approximated_2ffbd00c-6fdb-4baf-8191-0ff47dc82b31_Bush_bread.rdf_functional.owl,11664951,3805205,15470156
approximated_94496fde-07ad-4c01-8e5e-02f16741f895_enceaxioms.obo_functional.owl,484883706,1049150839,1534034545
approximated_8e374944-1fb8-4cee-bfa2-c577d03728e7_dkernel_v1.owl_functional.owl,17919058,4847424,22766482
approximated_712b1598-e0ce-4a7d-afe2-ed25484f815e_figure6.owl_functional.owl,19264470,17239108,36503578
e88b0784-1b3b-48b6-ba0f-2c29699e5d95_cule_role.owl2_functional.owl,250466329,599817420,850283749
approximated_0cb718ad-c5b6-4ead-85d3-7a2fbb64a843_miapa.owl_functional.owl,112351208,20779973,133131181
approximated_25992877-cd31-429a-8567-036093f255b6_ourne_Blue.rdf_functional.owl,83897474,3688099,87585573
approximated_00032.owl_functional.owl,112912808,322599962,435512770
approximated_2c5709b2-f79b-4e86-a4a8-9836fbc73706_elerometer.rdf_functional.owl,89526380,3804211,93330591
approximated_2b481ba0-3476-4f14-8f04-c4bdd626f02a_Spud_bar.rdf_functional.owl,12587980,3654216,16242196
a2743e3a-e9c6-43f4-ac85-16a320fd71d1_nent_xp_go.owl_functional.owl,23984923,5865490,29850413
approximated_2910b72d-c753-41d6-806f-9672c2de1d85_n_dressing.ttl_functional.owl,67045831,3688099,70733930
approximated_cd0ea0ad-0d39-4c16-b001-4dd74dca3bec_quality.owl_functional.owl,56004484,121722676,177727160
56ee16af-621c-47ec-9e66-17cd1f4c2776_zdm.rdf_functional.owl,108908442,5940177,114848619
approximated_00353.owl_functional.owl,145477452,166989576,312467028
approximated_kb-owl-syntax-coreference-IDs-cardinalities-disjointness-constant-classes-value-nominals.ofn_functional.owl,968257263,2243185361,3211442624
approximated_3611069f-4489-4e63-ae00-d5345ce8c1df_ole_es_cat.owl_functional.owl,12106694,5807977,17914671
approximated_1016b091-6848-40e1-8feb-369c36bd5fe1_ring_steel.rdf_functional.owl,10071342,3847979,13919321
approximated_6dc21f10-e513-4d7d-ba3e-6e8156879f80_lRelations.owl_functional.owl,18611082,6950119,25561201
approximated_5bf98f52-248f-4f0a-982e-65f94046f0f1_Cornett.rdf_functional.owl,10565049,3629018,14194067
approximated_00594.owl_functional.owl,48435554,106993588,155429142
approximated_c2cfbc17-4f7f-4775-8e35-5636f57bdf62_Hammer.rdf_functional.owl,13007513,3953330,16960843
approximated_d0ded12f-0a03-4c16-9784-39f0ae56e7ff_kyamk.owl_functional.owl,63376725,28415034,91791759
e970dc88-37d5-401d-af2d-6b59976fc8cc_AdultActor.owl_functional.owl,19585744,1769460,21355204
approximated_2daf855e-56bd-481e-b94a-dd0db3f4e727_ui_functional.owl,21227632,13569207,34796839
cbe9094c-bbf6-4e66-915a-40bd1ad94a9a_chebi.owl_functional.owl,2398365976,6413663740,8812029716
approximated_2fde8f44-3c1f-4951-b95a-c2f80e6099c0_Bleach.rdf_functional.owl,17541671,3748189,21289860
5753ed22-ce01-45d1-a808-8c9fcde491e1_notype_xp.owl2_functional.owl,87923542,29453413,117376955
approximated_kb-owl-syntax-unraveled-depth-0-km-relevant-cardinalities-disjointness-constant-classes-relation-axioms-value-classes.ofn_functional.owl,428243403,955604080,1383847483
approximated_68a4eac8-5e42-44aa-8302-c9e06e152e59_Deluge_gun.rdf_functional.owl,85030697,3812330,88843027
approximated_30ae6484-0fde-4731-aebd-3027d4b5fb75_calization.owl_functional.owl,38610500,28262008,66872508
approximated_kb-owl-syntax-unraveled-depth-3-cardinalities-relation-axioms.ofn_functional.owl,842554299,979838338,1822392637
approximated_a43cfc56-14a1-41f4-8197-b76b98da055e_evmingraph.obo_functional.owl,2313177339,7007798212,9320975551
approximated_31f46ecb-2add-4d12-bf48-9f0c3d0dd094_testrdfxml.owl_functional.owl,58364717,29079591,87444308
approximated_76380fae-b906-47ba-b2cb-24a16459899c_rTimeScale.owl_functional.owl,129258699,212254102,341512801
approximated_52216166-279c-4b4a-9572-3e938d2a219d_rol_valves.ttl_functional.owl,18666097,3800268,22466365
approximated_2fdc1558-a988-4c66-ac88-8aa0d2e52731_XScale.rdf_functional.owl,12292548,3718838,16011386
approximated_0c1ac51f-eb7f-42a9-8478-b44738ae90bb_IPhone_4.ttl_functional.owl,14890054,3667930,18557984
approximated_00ef905b-7914-4f8e-9b2e-6e5f4220b2e7_utessimple.owl_functional.owl,107103947,289407339,396511286
approximated_84c20b20-9e36-416e-af6f-ffa8b6b7b81a_onto.rdf_functional.owl,14547611,6475365,21022976
approximated_e5075199-9ff2-4cf0-90f1-d83cd78e2de3_prerelease.owl_functional.owl,42126168,88785615,130911783
approximated_3e34f34f-3834-4949-88c1-52c657683860_phenOcean.owl_functional.owl,137077208,250146897,387224105
approximated_5a6bbfb9-4065-41ef-b319-50cea1a4dece_MaHCO.owl_functional.owl,302669833,725443474,1028113307
approximated_0ed0e07a-fb59-45f3-913f-c1f98177236d_ZFA_functional.owl,212363696,521079560,733443256
approximated_4a8c6f9b-cc9b-48a9-a686-f82c37ef5504_ng_harness.ttl_functional.owl,15017481,3781909,18799390
approximated_a0ddb102-fce7-428d-9ecb-2d484e2e98db_ETPtourism.owl_functional.owl,17270733,12124555,29395288
approximated_7fed3558-4383-4835-b555-cce6cde4e508_sampleds2.owl_functional.owl,14060978,4547748,18608726
approximated_7ae37439-39c3-4a2c-b65c-3a885c1c2b7e_Coleopter.rdf_functional.owl,15174165,3767874,18942039
approximated_00282.owl_functional.owl,20346948,17234474,37581422
approximated_00592.owl_functional.owl,62952994,164596461,227549455
approximated_b358513f-0c5b-456e-8244-d256049b9533_eolOceanic.owl_functional.owl,128076701,216028196,344104897
approximated_kb-owl-syntax-unraveled-depth-0-cardinalities-triggers-constant-classes-value-nominals.ofn_functional.owl,261206969,369014361,630221330
approximated_538220a1-8a46-42ba-bc09-b8763f04c81e_WBPhenotype.owl_functional.owl,54796346,116675691,171472037
approximated_b06923db-e10a-4a6a-9a53-3beec1bf4b09_azoanbasic.obo_functional.owl,2384906006,6397922378,8782828384
6ffcd778-b9c9-4305-b06a-fc0c55b198a9_nverzeichnis_D_functional.owl,14178845,982680,15161525
42b54620-6ea6-4751-9938-5c4090770371_ifiedBases.owl_functional.owl,17752859,3328982,21081841
fccf3b9b-9316-41b0-a2d1-19288bcc0f4b_nop.rdfs_functional.owl,16551439,6378697,22930136
approximated_72d23c0b-fec1-4ee9-bb0f-f636c89283fd_core_fixed.owl_functional.owl,14635752,8935052,23570804
approximated_5a57ffe1-53ef-4dae-84c7-05a18ba2ed7d_Trade.owl_functional.owl,16221683,10719100,26940783
approximated_252907d8-169c-4175-b61f-e362b9cdc47d_onto.rdf_functional.owl,10257513,3794613,14052126
approximated_9735df63-2032-4062-bd8d-5c0cb1dcbb7b_stateWave.owl_functional.owl,154876434,212828934,367705368
approximated_55cf17e6-2a7b-4880-a565-d62100789957_Function_1.owl_functional.owl,11625091,7912376,19537467
approximated_bd6931d2-4a22-40f9-929f-6d0680a3117f_ecrm_110224.owl_functional.owl,24624598,21904401,46528999
approximated_3c86c2b4-962f-40a0-af88-c75afcfaaa92_Alpha_21364.ttl_functional.owl,16158753,3719158,19877911
621303c6-c403-4fe4-b534-f59932ac8083_piensensfm.owl_functional.owl,595415660,1353211621,1948627281
approximated_kb-owl-syntax-unraveled-depth-3-cardinalities.ofn_functional.owl,421720663,954248369,1375969032
approximated_82988d77-9944-4bdf-a45d-90255dce9fc1_from_oiled.owl_functional.owl,24427864,22501105,46928969
approximated_45be572e-04c1-4498-b38d-9db698247b03_nut_butter.rdf_functional.owl,15870142,3898286,19768428
approximated_231f1865-7b2e-4f40-a094-46a0d4387a3d_PaulFisher.rdf_functional.owl,11533523,2914108,14447631
approximated_bd534643-243f-4803-8368-30ea9a0105d9_y_version2.owl_functional.owl,12481652,8103530,20585182
approximated_00560.owl_functional.owl,10885427,6359433,17244860
approximated_73bdbf7d-eb93-4b89-8875-d7b6e34b2355_ERCOT1_6OWL.owl_functional.owl,76173087,134571577,210744664
approximated_6c997ea1-da1f-4a17-8c22-d95a4c29ca9c_s_detector.rdf_functional.owl,16920259,3738238,20658497
approximated_0c7a420a-33d0-4e63-8875-7f75a645de5d_cvdo.owl_functional.owl,26022120,50079690,76101810
approximated_1a86c5b1-22ca-4621-87b7-c4825a7ff5e0_prerelease.owl_functional.owl,1238172737,3807681282,5045854019
approximated_0741e54b-15a4-4783-aa3d-fe69e777f589_complex2.1.owl_functional.owl,21312663,22148169,43460832
approximated_4731ae11-eb19-4f89-9f60-e0b033a07d66_Intel_MCS96.ttl_functional.owl,11738783,3841466,15580249
approximated_81b5b937-87af-4fda-8819-ad33ca776308_pulsall.owl_functional.owl,325713890,182211604,507925494
approximated_12cd129b-9152-4299-98e1-62acfb5ffcc5_umlssn.owl_functional.owl,21260675,8453262,29713937
approximated_73ea1989-e8e3-4675-8065-27652bf534f6_harmgkbmap.owl_functional.owl,12245754,6760745,19006499
approximated_ac7bd1e8-78ba-4614-8bcc-acf7d04fcc14_ddiv2.owl_functional.owl,53757076,98487488,152244564
3ba1f6e8-c96e-47e7-87d0-d4be2fe13c30_event.obo_functional.owl,154426627,356464123,510890750
approximated_e4c03868-d76d-4ed8-b759-7d04262bfdc1_html_functional.owl,23796980,22756696,46553676
approximated_141eb30f-ad0c-4196-9ee0-011c03c8ed8c_Roast_goose.rdf_functional.owl,83623855,3774782,87398637
5d070f34-5632-4779-88e9-6d9dc61b7acf_patosimple.owl_functional.owl,52775926,103318010,156093936
approximated_a8074a0c-4f22-4f4d-b47d-17af99df9246_exporttest.owl_functional.owl,137518924,11144084,148663008
9694c357-eaba-4fd1-934c-ca0fd1e073f1_anatmerged.owl_functional.owl,99626939,19879664,119506603
approximated_efcfeb5e-e807-463f-938c-33548acc2502_v1.owl_functional.owl,96664409,9794298,106458707
approximated_c0ebb075-69a6-4001-9cf5-4b42262788b7_ing_device.rdf_functional.owl,88197700,3680773,91878473
3f1ced30-9d74-4312-9912-33faea982172_imitive2.0.owl_functional.owl,12534484,5486167,18020651
approximated_fb96e85e-c4d2-4498-9f04-97a9f8c5d6b4_nsverylite.owl_functional.owl,33462028,16913316,50375344
approximated_12c7558e-fdd1-4496-9ab3-10831105c5e4_enomicscomplex_functional.owl,87263063,13815802,101078865
approximated_7f89b14e-ea30-47e9-ba29-8efddc258db4_Design.v23.owl_functional.owl,82163607,9961032,92124639
approximated_080f64b8-6949-4e2d-aae1-8e0a2dc59e01_event_functional.owl,396343874,371367872,767711746
approximated_70e6b77e-078a-44df-bb64-c49b352b184c_al_process.owl_functional.owl,734029414,2232886120,2966915534
approximated_1dff947c-de55-4ec7-88a0-7ac52b33d570_Frock_coat.rdf_functional.owl,11817166,3847435,15664601
approximated_kb-owl-syntax-unraveled-depth-0-cardinalities-triggers.ofn_functional.owl,152127027,330845618,482972645
approximated_59174627-1be6-49f9-995c-ba39f81037a6_te_brownie.ttl_functional.owl,16827021,3672807,20499828
approximated_35d6809e-31e4-41ff-aaf7-ef702a246ef6_key_wrench.ttl_functional.owl,11938063,3863514,15801577
approximated_kb-owl-syntax-unraveled-depth-1-km-relevant-cardinalities-constant-classes-value-nominals.ofn_functional.owl,445361657,1068408950,1513770607
approximated_0f3ebb81-0d1f-4d3a-bbc3-bb2f7fac1165_imensional.owl_functional.owl,141208074,247906149,389114223
approximated_1700b657-c48d-4033-ac5c-2e2e57c304ad_pizza.owl_functional.owl,15238837,14224507,29463344
approximated_d16c1d82-a7d2-49c2-8083-37b48bdf2454_onto.rdf_functional.owl,10464214,4563723,15027937
approximated_194904ea-bb76-43a2-b5f8-57c374145216_less_dress.ttl_functional.owl,11627512,4173823,15801335
approximated_ogi.ontology-for-genetic-interval.17.owl.xml_functional.owl,19074936,19691020,38765956
approximated_3d398d06-ae38-4603-9e10-92026d793acc_erry_sauce.rdf_functional.owl,14682643,3745897,18428540
approximated_c2bf2e34-1b69-483e-aa19-4c4403c56113_aphcomplex.owl_functional.owl,10986209,5369035,16355244
approximated_60aaa2e7-ca27-47d6-a783-14cae9bba260__de_visite.ttl_functional.owl,13001048,3706927,16707975
approximated_63ff03b2-4b46-43e0-a13c-20293e3192f3_ngConcepts.owl_functional.owl,21327888,12722816,34050704
approximated_0f3a9eb4-eee9-4c87-b458-9b680680b2e9_common.owl_functional.owl,15703891,2039338,17743229
approximated_09c8f543-cc04-4b9e-956b-b64e50fbd414_Beer.rdf_functional.owl,13463099,3675804,17138903
approximated_239a5d01-8f2b-436b-af24-199eb493e698__gallusMOD.obo_functional.owl,1878771667,4471967401,6350739068
approximated_4be46b7b-c6e1-4fac-bec6-b34cd146493b_ology_6502.rdf_functional.owl,14314800,3780449,18095249
2b0c13c3-77ba-4c11-aa5a-b9e4cb6cb618_tosimple.obo_functional.owl,40118107,71478335,111596442
approximated_966f888b-a462-44f7-8e8a-6d5c28c73966_Brunost.rdf_functional.owl,15116975,3860838,18977813
approximated_0464c799-ec9e-4df5-aec6-62944a889b3b_enotype_xp.obo_functional.owl,437163647,932882897,1370046544
approximated_1493b175-3da8-4eee-948e-df5b908b90ef_le_protege.owl_functional.owl,131502377,224638219,356140596
approximated_dd043aeb-5b9f-453e-9159-e4b4d1095b34_bfowine.owl_functional.owl,85174017,15533103,100707120
approximated_36aa54b8-1b3e-4db7-917e-60b5dae66e7f_istryfinal.owl_functional.owl,75873474,9006039,84879513
approximated_34180450-4d2c-4019-bcca-d073592cee69_Heckler.rdf_functional.owl,50075177,4104516,54179693
approximated_3e8eb89d-ea50-4c45-af7e-1e60c0d0b904_Pencil.ttl_functional.owl,9974281,3759343,13733624
approximated_ec09fbd9-58ba-41a3-9c84-368d91118936_OBIMay2008.owl_functional.owl,10948979,7597629,18546608
approximated_1fe96e17-f729-4b41-a063-a32b026c14c0_onto.rdf_functional.owl,66603840,5617194,72221034
aed74dc6-146f-4c1c-8787-326d8d09111d_imagingMS.obo_functional.owl,64272476,5493816,69766292
approximated_644356e7-d943-407a-8f82-dc36816cd023_DP1.26.owl_functional.owl,60599114,3463935,64063049
approximated_85f2dc4c-5336-44d5-ab3d-030a383e8f1e_complex1.0.owl_functional.owl,77232889,29253476,106486365
approximated_b5ef5a0d-b6a1-4ecb-9838-569e3c6e0459_art200602d.owl_functional.owl,97901086,4791775,102692861
approximated_f0203f35-c445-4cb6-bf99-d6d64b372c5b_ndVolcanic.owl_functional.owl,148440391,254219171,402659562
approximated_64658b9b-d97b-4404-beb2-46213ddd3bd5_Parameters.owl_functional.owl,72745074,7710008,80455082
approximated_kb-owl-syntax-unraveled-depth-3-cardinalities-triggers-constant-classes-relation-axioms-value-classes.ofn_functional.owl,408310363,1035296928,1443607291
approximated_0a266ee4-3020-479c-bcd6-ef3bc048dcc7_Tool_bit.rdf_functional.owl,11284616,3872142,15156758
approximated_01fb90a8-f64b-4016-a6c5-4580d31d46f0_Watercraft.ttl_functional.owl,21119035,5450474,26569509
approximated_a2389b2f-f6a8-48ce-9f3f-19edef8b2959_webarchowl.rdf_functional.owl,10973374,4475629,15449003
approximated_9cba936e-0207-41cf-93d2-5b72aa1f932e_codprojects.owl_functional.owl,16714088,6309016,23023104
approximated_683f3c96-b1f1-40cf-9066-1cb4c2b4b66a_Piton.ttl_functional.owl,15870865,3891851,19762716
approximated_1a070fd1-ce64-44c6-8752-ae6257642a26_Monks_bench.rdf_functional.owl,9661474,3652705,13314179
approximated_1937347d-7595-4592-9f48-9d424508acbc_Caulking.rdf_functional.owl,14089189,4065930,18155119
approximated_a2c54ec3-99ff-41ae-b2b7-33f3a3572767_ESG1.1.owl_functional.owl,8812363,3996972,12809335
approximated_312dd161-738f-4839-bc54-e44ee9f82e63_annotation.owl_functional.owl,20279832,17457732,37737564
approximated_b8eb221e-8232-4565-9481-d8eb6e795250_niotebasic.owl_functional.owl,876953762,2308444595,3185398357
approximated_2dc000aa-ae60-4f50-a15f-b3d46d252cbf_matrMineral.owl_functional.owl,140274433,249232099,389506532
approximated_464e4880-a2c9-4b5c-a8e7-7acfe6a78f85_tambisfull.owl_functional.owl,42091152,31445792,73536944
approximated_72a7400e-d121-4749-9c26-e1f44f7855fb_Cardamom.rdf_functional.owl,10568694,3818712,14387406
approximated_58197550-a9dd-4328-9ea0-9f26169c8e22_NIFMolecule.owl_functional.owl,391686816,772281233,1163968049
approximated_ebe8c484-2839-4bbd-926e-91c34d2ac1e6__regulator.ttl_functional.owl,12079821,3914366,15994187
approximated_8ce4e829-3e72-408b-b6a3-b3f8ec6257bf_onto.rdf_functional.owl,16119488,4898359,21017847
approximated_c791ff29-5641-4862-964f-0b08d3aac17c_clbasic.owl_functional.owl,62963535,163993795,226957330
approximated_28ebfeee-0aa6-4412-b22d-040d969fe205_omplexdisjoint_functional.owl,17157182,5723950,22881132
approximated_435135ca-3f44-4601-89ad-af0afe5612d0_pco.owl_functional.owl,46866817,111259083,158125900
approximated_kb-owl-syntax-unraveled-depth-1-km-relevant-cardinalities-disjointness-triggers-constant-classes-relation-axioms-value-classes.ofn_functional.owl,772126989,1672241494,2444368483
approximated_4e08adae-44a8-4a80-a544-810504168c16_space.owl_functional.owl,115441972,3201446,118643418
4068b334-3b74-426d-a8ab-c2739fc07ce2_pato.obo_functional.owl,137816819,101919676,239736495
approximated_dceb900c-f772-4c90-a0d1-a5aad57bcf89_Jaguar.ttl_functional.owl,20058739,3751944,23810683
approximated_00387.owl_functional.owl,1025021378,3149267114,4174288492
227b0141-9524-4328-b956-b289a42467a3_usequivmod.owl_functional.owl,682388836,383617713,1066006549
approximated_genomic-cds_rules_demo.owl_functional.owl,3642641014,6598094094,10240735108
approximated_31e6def4-0387-4abe-bb47-e6d85eafb8da_Apple_sauce.ttl_functional.owl,15217350,3908070,19125420
493d9e7d-a6d4-4c4b-8e34-be19f249f290_Artist.owl_functional.owl,29608682,8072883,37681565
4438acd5-e2e7-4e18-a0b3-cd1f07d136c2_po_temporal.obo_functional.owl,11006877,11254130,22261007
dcc6c90d-ca2d-4dfe-bb28-0ca00e238dcd_atherontt2.owl_functional.owl,17343085,5929262,23272347
approximated_16ad608c-4451-4588-8e19-58f33a5962fe_Blade.rdf_functional.owl,13220112,4164467,17384579
approximated_93035443-ad7d-45c7-b7c3-9f3bb009385a_hdq.owl_functional.owl,21733066,11922436,33655502
approximated_013229b4-7cbd-40b6-8bb2-58877ee7cb90_Bread_sauce.rdf_functional.owl,16065649,3732274,19797923
approximated_23721525-9a69-4acb-b423-71f9da448d54_Cheez_Whiz.rdf_functional.owl,15908512,3732889,19641401
approximated_61ad5ed6-fab2-4e5b-a161-6032e704f773_er_network.ttl_functional.owl,14643903,3909426,18553329
approximated_27c97a5b-2ee7-466a-8ef0-56000a657588_Denailer.rdf_functional.owl,13459394,4025022,17484416
approximated_00459.owl_functional.owl,242158141,561909215,804067356
approximated_1df2eed5-8300-47c6-9267-674cc0326754_Apple_Inc..rdf_functional.owl,17384149,3703869,21088018
approximated_0a96f2f6-3ed4-4314-bf07-7b5c73834cdd_ll.owl.CURRENT_functional.owl,80512811,167896512,248409323
approximated_4354c345-c92a-4ca9-b0ab-1d1c6153178d_PATO.owl_functional.owl,56242743,124657898,180900641
approximated_3b9b68b1-20ca-41fa-932f-12ab92587485_Webcam.ttl_functional.owl,11923564,4307714,16231278
f8c8c059-6850-4ecc-8025-6e0a06cf0a95_onto.rdf_functional.owl,14620950,3431965,18052915
approximated_83121b99-6314-47b1-b297-47638f5ca33a_anDecision.owl_functional.owl,138279527,247647690,385927217
approximated_56b5b842-d560-4464-a4fd-9f4580e650e6_Grasshopper.ttl_functional.owl,14312736,3841045,18153781
approximated_8878cd04-8eb8-4f65-bbb8-e18382b98a0d_ion_system.rdf_functional.owl,16849277,3727715,20576992
approximated_0e1df1f3-f80f-4f16-969a-bcaf3affef4c__regulator.rdf_functional.owl,15563993,3862309,19426302
ece63562-acf1-43ec-9a20-d798b9ec6c72_i_organism.obo_functional.owl,18338361,21296594,39634955
approximated_5aaca176-8d4b-4589-a5b7-930067985190_onto.rdf_functional.owl,12434944,3968335,16403279
approximated_ffc1e43a-d3ec-4880-87c5-5ab9ad8e1c1a_FOSCoreTech.owl_functional.owl,19454952,18746742,38201694
approximated_99a401e4-1083-4c74-a6d1-b8a5593deada_ontinental.owl_functional.owl,143723867,252989347,396713214
approximated_3a12e957-d7e8-4528-a56b-7af7460db2a7_man_cement.rdf_functional.owl,9874580,4638786,14513366
approximated_16bd1f75-b06c-4074-a1ae-88cb68e0eb21_opRotation.owl_functional.owl,145511802,251816669,397328471
approximated_93217afb-fc93-4a07-90e1-1a86745fed12_Cleanroom.ttl_functional.owl,11871462,4316715,16188177
05e21cac-d2a1-467c-bbe9-97c568663d68_10090.rdf_functional.owl,15555113,1102496,16657609
approximated_bb44d9a6-a59e-4962-8d40-5a9f620e8f3f_roPlanDMWF.owl_functional.owl,13159709,10643378,23803087
0721d520-f07e-45cf-8585-5ec1737e60ba_onto.rdf_functional.owl,13396278,3492528,16888806
approximated_5b4f8e72-8ae8-45b0-bb23-cf97c1b22511_ale_cheese.rdf_functional.owl,14312684,3651581,17964265
approximated_kb-owl-syntax-unraveled-depth-1-cardinalities-triggers-constant-classes-value-nominals.ofn_functional.owl,470806019,1141794586,1612600605
approximated_915a0649-ccab-415e-98c9-81011a566706_COSMOtop673.owl_functional.owl,278075210,485427350,763502560
approximated_26f334e4-bf88-437c-9e13-f7bffca53222_realmOcean.owl_functional.owl,141410043,250331605,391741648
approximated_1d0294d3-733e-4e41-9c97-2993ce990548_cal_cheese.rdf_functional.owl,12679457,4127905,16807362
approximated_5b77b5d6-77a4-4cea-a23b-f8ee0c90d9af_paintbrush.rdf_functional.owl,16174637,3725622,19900259
approximated_9b333982-6740-4235-8b60-9c6c28124e42_crimeXY.owl_functional.owl,35622437,12133863,47756300
approximated_4cf7b373-babb-431a-adc3-6e2a90b05ae0_mplegraph2.owl_functional.owl,19365165,8281605,27646770
09d2807f-d8a1-4e15-8fbe-d15627f469e7_a_symptom.owl2_functional.owl,23076998,41970966,65047964
approximated_49213f67-21fd-45fb-80ef-5b213ff4a71a_13complete.rdf_functional.owl,18995728,3970997,22966725
approximated_7ed7cad9-d827-4e91-9440-b85369c9eace_TMVersion4.owl_functional.owl,18805465,5728566,24534031
approximated_95aead1d-85c3-4f8b-be52-1f08473090a8_virControl.owl_functional.owl,85629637,160428330,246057967
approximated_c6b143a3-b2ff-4a9c-8982-06fe1455323c_ofilograph.ttl_functional.owl,14559963,3966322,18526285
approximated_2e82eca7-f137-4818-971d-a9c0dd4ca30b_tateChange.owl_functional.owl,141413253,250309075,391722328
12e6b366-f34b-436e-b1ce-9546bc85d136_se2rdftest.xml_functional.owl,31770095,6169340,37939435
approximated_3d44db11-58c4-4575-9814-7898ba35cebf_Ont_schema.owl_functional.owl,11567822,3421520,14989342
approximated_5329fb26-10ec-4f02-8247-104bd6193ad9_nservation.owl_functional.owl,150112176,227234969,377347145
approximated_1fdfb0ed-7b71-4515-bf0f-384a3f32a682_matrRock.owl_functional.owl,139778668,212605196,352383864
approximated_27589d67-648d-48be-ad76-e8d451ffa621_Chvre_noir.ttl_functional.owl,14900534,3723521,18624055
approximated_00570.owl_functional.owl,28516126,55032895,83549021
approximated_1e3e3866-6c74-45a0-9466-084114b99078_Top3_units.owl_functional.owl,180185379,465879286,646064665
0549632b-d4db-47ad-a816-fe960fbab57d_Cardinal.owl_functional.owl,12157077,1658368,13815445
approximated_8afa45fe-33cc-4781-8d68-ccca2cb38d75_Lungo.rdf_functional.owl,15675213,4253281,19928494
approximated_87ab9bbd-d23d-4ae9-9324-ef337b982afa_myfamily.rdf_functional.owl,12345267,4021229,16366496
approximated_464f5889-3ca0-41d4-89ec-3d2b9c91057b_onto.rdf_functional.owl,14317333,4839234,19156567
approximated_0f5f1857-5373-44f5-bbdf-4e16845bd6e7_crimeXold.owl_functional.owl,48282646,12770887,61053533
approximated_1149aaf5-3c4b-407a-814c-9474d55b153e_preonto.rdf_functional.owl,17607892,5117853,22725745
approximated_d4e7e983-6c42-4c62-b17d-07a9890ce0f7_confious.owl_functional.owl,14586885,8230014,22816899
approximated_kb-owl-syntax-unraveled-depth-0-relation-axioms.ofn_functional.owl,137044246,356680341,493724587
approximated_091ce799-79ee-4f97-9184-bf80afc2aa7f_ysParticle.owl_functional.owl,35896392,57033504,92929896
approximated_d44438ee-6f1b-4663-bfab-a405d0a8edbf_Jameed.rdf_functional.owl,17511814,3796401,21308215
approximated_dff35d02-c1e3-4233-bcfd-e23cca20abae_FN1.49.owl_functional.owl,25251524,8094499,33346023
approximated_11322155-1505-40cf-ae38-9bea9cf9a39b_vidont.rdf_functional.owl,17294004,7994522,25288526
5bd7c44c-5581-45c7-88cf-fe98f844053d_classified.obo_functional.owl,463581497,888690965,1352272462
rex.physico-chemical-process.6.owl.xml_functional.owl,21475332,36289483,57764815
approximated_a2b81b8e-7f08-4538-a5a4-b32b3e5b3768_spatial.owl2_functional.owl,16967208,12379154,29346362
approximated_00636.owl_functional.owl,48935711,92105806,141041517
approximated_a5085976-eab0-43ab-bc84-f3f7e3b96649_ionofdolce.owl_functional.owl,23744306,24986668,48730974
approximated_00531.owl_functional.owl,204981911,618062849,823044760
approximated_2f8ec7ae-f350-4972-8281-b78d2608ee1e_Army_knife.ttl_functional.owl,11240312,3696357,14936669
approximated_00458.owl_functional.owl,34851052,80085638,114936690
approximated_00691.owl_functional.owl,11756294,13664391,25420685
approximated_kb-owl-syntax-unraveled-depth-4-km-relevant-cardinalities-disjointness-constant-classes-value-classes.ofn_functional.owl,634370741,1453993135,2088363876
approximated_50afc362-0e2b-4eb6-a1b7-00913933ad43_Scalpel.rdf_functional.owl,8392083,4108389,12500472
approximated_7cdc0e8b-5a0c-438f-aac0-5a8e8e4fac10__machinery.rdf_functional.owl,16587286,3750524,20337810
approximated_75a610e0-dc4e-4493-a35c-858a5c406106__functional.owl,18741016,21182865,39923881
02026428-5edc-4e90-aa69-6e841e891c69_d_nesting.owl2_functional.owl,19226289,16679398,35905687
approximated_7fb853b7-e280-48ec-9210-69f4d0e0791a_Platypus.rdf_functional.owl,11312366,3770129,15082495
approximated_612262db-ca9a-4c47-9688-6f9fc89e272d_fipaagent_functional.owl,12941470,8966600,21908070
approximated_c9f51085-fb11-4916-af61-b34e21c66717_Roles.owl_functional.owl,18549950,16806162,35356112
approximated_00460.owl_functional.owl,394244001,1082293146,1476537147
56934b44-7d10-4762-ab3c-1f849716a465_emap.obo_functional.owl,693515174,1370096012,2063611186
approximated_sse.surgical-secondary-events.2.owl.xml_functional.owl,58330074,19356652,77686726
37e67326-c921-46b9-9dc5-831c483b8e6e_Outline.owl_functional.owl,11456581,9812495,21269076
approximated_5cb4549e-7393-47d4-bacf-0641b08e10e6_BabyTaonew.owl_functional.owl,20759499,27749834,48509333
approximated_cfd6fa54-2a25-42bc-bbc8-5e25ebbb1df4_Endling.rdf_functional.owl,10357912,4278935,14636847
approximated_6045159d-5335-4ba1-981b-29c8b177545f_Mayonnaise.ttl_functional.owl,14643064,3751582,18394646
approximated_08daa055-8c38-4509-923d-dfe1a5e9c8e0_opCapacity.owl_functional.owl,142461564,250000720,392462284
00031.owl_functional.owl,195037900,239632508,434670408
approximated_00dcdb60-5ca1-4aa0-989a-3336283ca261_ICODMOPINF.owl_functional.owl,48472888,44933443,93406331
approximated_kb-owl-syntax-unraveled-depth-1-km-relevant-cardinalities-disjointness-constant-classes-value-classes.ofn_functional.owl,743795284,1668838386,2412633670
approximated_9716a444-746e-4c26-a911-1fe79b4220f0_fly_anatomy.owl_functional.owl,289231993,756014732,1045246725
approximated_05cef0ca-8f79-453a-90f8-6267336b6cca__phenotype.owl_functional.owl,18906983,15644902,34551885
52a0bb31-6242-4244-b306-10ec2cc4f851_eringPlant.owl_functional.owl,16476106,1246240,17722346
approximated_0ecffa0a-4dca-4a45-8370-51991f253530_ge_trimmer.rdf_functional.owl,12166306,3957258,16123564
approximated_dad5c4d9-caa5-4a81-a735-ade0b6ec0223_sistent_v2.owl_functional.owl,18829157,16848234,35677391
0683ced9-e79f-4bc7-a75a-b2c425cdae5d_go.obo_functional.owl,1941037520,4528867615,6469905135
approximated_030a2d27-324e-4ca3-a103-30174890fb72_v1.owl_functional.owl,17393604,3590064,20983668
approximated_00402.owl_functional.owl,93587191,225390825,318978016
71278021-2b7a-406d-9486-73f0367f4517_ha_1_final.rdf_functional.owl,27929847,5138358,33068205
6a36660e-6bf0-4014-a2cd-d40a04d10e98_Cave.owl_functional.owl,16353517,1133886,17487403
69e464dc-5b77-4ef1-b8b7-bf6d93ee7c26_mpsimple.owl_functional.owl,203689327,624159637,827848964
c2d3e237-1f5f-45c7-8299-f7f4b64cde1e_20060921.rdf_functional.owl,18041438,3804648,21846086
approximated_96de4023-8e46-48c9-ae42-1a67b75ba9a1_peoplepets.rdf_functional.owl,10012965,4030847,14043812
approximated_2a105f15-cfa6-40f4-a2eb-90bc1ee7ec6e_bill_valve.ttl_functional.owl,16316854,3744625,20061479
approximated_080536e6-efc2-456a-a1eb-c23b2e88799f_ano_cheese.rdf_functional.owl,25589063,3847953,29437016
approximated_24631e48-2514-44c6-a516-69b803d2d352_onto.rdf_functional.owl,18864043,6682335,25546378
approximated_ad295ab9-3cb0-48cf-b442-f8da8f912209_Frangipane.rdf_functional.owl,19171141,4262907,23434048
approximated_e198102c-a6f5-4df7-898b-9bb759712ac3_DynaLearn.owl_functional.owl,31541974,5641086,37183060
ec3dd9d0-f38c-4c2e-ad96-1f00365e9b6c_ganisation.owl_functional.owl,48122239,16294520,64416759
approximated_8444dd02-beda-4cc0-a385-e065298e3721_sed_cheese.ttl_functional.owl,21864733,4496823,26361556
cd88e7bf-a1a2-4c51-b931-c5648d9df88e_nriaBibTex.owl_functional.owl,23897321,2552239,26449560
5d9cd9d6-b29f-455e-9f49-bb39de2f9295_ckeyPlayer.owl_functional.owl,17514471,2190807,19705278
8a707c21-9784-4524-b8f7-8f27f66b0dd5_localumls.owl_functional.owl,13830472,7307132,21137604
55e90a6a-209a-4a60-8a4a-83d55023bd57_s_musculus.obo_functional.owl,707185524,1336607558,2043793082
c8c9ccf9-1d12-45fa-b8e6-d82097fadff7_na_symptom.obo_functional.owl,22692480,35043088,57735568
approximated_15b113db-3b63-4d5c-9ae6-1c094a09651d_ano_tuning.rdf_functional.owl,9820091,3810554,13630645
approximated_08c7f3ca-7e26-4083-8063-4b90e4944e2c_siodev.owl_functional.owl,48432008,99687177,148119185
approximated_11e827e9-d8ba-4e9f-820c-a026bc9c4cb1_nd_sockets.rdf_functional.owl,16471440,3768866,20240306
approximated_00c82799-bb79-4159-bb73-13a474594a2c_TSv0.9Lite.owl_functional.owl,31262797,19019846,50282643
approximated_19b107c2-6e7f-4543-8039-4b6cc19df559_ead_crumbs.ttl_functional.owl,18524645,3833766,22358411
approximated_19eb1bf5-5af7-41bc-bac4-4cf6ed600fd0_trSediment.owl_functional.owl,139034922,251517143,390552065
541cbf98-8b6f-46d3-b744-be7cc242dfcf_riePublikation_functional.owl,12182826,2132590,14315416
approximated_23f77c84-9f02-48b8-ae8c-4b028ac4e4c5_onto.rdf_functional.owl,11609617,7041824,18651441
0463b024-7835-4951-b38d-8c1883a37aa3_Governor.owl_functional.owl,15931082,990734,16921816
approximated_747b9ea8-ce38-498a-990d-7ce0d933d604_ContextAll.owl_functional.owl,28718182,19848246,48566428
d0660e1e-0715-404f-b499-def0166bc37d_NIFCell.owl_functional.owl,14253935,18568555,32822490
53fd02c1-1a08-4bd0-865c-d5efe872821b_IDOMAL_1.1.obo_functional.owl,67519594,155193470,222713064
approximated_3e77c9b9-ca65-4aad-be5c-0083271b3aeb_lanogaster.obo_functional.owl,1668616117,4118119429,5786735546
approximated_53ea5a09-de2e-4816-89f3-b721047c86ec_complex1.0.owl_functional.owl,22120447,22326431,44446878
227a375e-fc73-44ba-b71b-2e931be0b4e1_dantmodule.owl_functional.owl,63131442,129882191,193013633
approximated_fao.fungal-gross-anatomy-ontology.20.owl.xml_functional.owl,17511342,9903929,27415271
approximated_968b3f3d-a1b5-4b55-8cd3-d0b77a64a43f_cbimqe.owl_functional.owl,11901632,3970951,15872583
approximated_c2477408-ee2d-45f8-ad4c-07703048ced2_sequence.owl_functional.owl,47473223,118150694,165623917
223ff3ec-7856-45a3-af1f-0fae83bd60fe_a_ontology.obo_functional.owl,72120353,160622061,232742414
approximated_b38cccd1-ec41-421f-94f4-c11462770ca1_prerelease.owl_functional.owl,31801800,66534150,98335950
approximated_300a1956-48cf-427d-8445-e00fe53cffcc_wing_board.ttl_functional.owl,8939777,3996422,12936199
approximated_406284c6-e9b4-41c0-b032-9c6855f42622_GRO_v1.5.owl_functional.owl,16730093,13751798,30481891
approximated_bca0f476-ae17-4932-b5f3-2974e3add82c_ilk_cheese.rdf_functional.owl,13830465,4404230,18234695
approximated_2dbdd771-4851-4b28-9f7e-dc401469c7b1_rm_anatomy.owl_functional.owl,353768247,735284557,1089052804
approximated_38315f6b-262f-47ca-b581-9e8ce8f98da8_e.owl.PREVIOUS_functional.owl,16582340,6335833,22918173
approximated_03abb48d-18cf-4ed2-9fa3-e12a8a7c63db_d0.owl_functional.owl,25484151,26190698,51674849
approximated_f8fca035-1a4b-4f3e-8472-35f7bfa4276a_ethernet.owl_functional.owl,10278391,5585867,15864258
approximated_6c8a8ad3-8a22-40d6-bdf3-33ee58fd4980_rt.owl.new.owl_functional.owl,27369144,8077187,35446331
11955c28-e73b-4cc9-9261-ca08f2bfe208_ddanat.obo_functional.owl,18540091,17612602,36152693
approximated_53b73856-7f46-431c-9216-af6b02762bfa_onstituent.owl_functional.owl,126932243,219612143,346544386
approximated_2dafde3a-50cd-4da8-aab4-5eaef8d8dd25_Chronograph.ttl_functional.owl,13877041,3833907,17710948
approximated_35dd8ebe-41de-4b9b-a186-79838dc2a175_place_functional.owl,12127422,5718301,17845723
approximated_31cbbac4-15f0-40a3-a9c6-9faef9c5aaac_Knife.ttl_functional.owl,14726644,3650432,18377076
approximated_06a23d92-adfc-4e2d-a7e3-92ea3096f84d_pathway_functional.owl,23017660,51378318,74395978
approximated_2805e39c-035b-4123-a77e-4d61dd5c8624_ceLocation.owl_functional.owl,142731755,250744039,393475794
psds.plant-structure-development-stage.6.owl.xml_functional.owl,14550577,15414243,29964820
98b7f627-dcef-4a7c-9f15-a2e5db6ffea2_arinustype.owl_functional.owl,256267587,699490403,955757990
approximated_4d9b8529-5660-4313-a354-68d3e28589a1_.ENLiri.owl_functional.owl,26107188,9870614,35977802
approximated_664bb8ee-3af3-4a74-b751-94868d9d5294_rve_cheese.ttl_functional.owl,12050958,3691326,15742284
approximated_247ab8d2-1ed7-4f18-b952-db6c2fae2b33_ithaddress.owl_functional.owl,14471342,5572930,20044272
approximated_4d571d62-046b-4796-8cbb-af7dc92c5d8d_swrc_functional.owl,8779520,4616065,13395585
approximated_f0e166a1-300f-46e3-853d-c3698288e803_n_citation.owl_functional.owl,16982391,7199106,24181497
approximated_16fdce37-6a99-44d4-81fe-ee881b5bfc95_IBM_RS64.ttl_functional.owl,18169180,7168436,25337616
16e10006-745f-4e77-bdf9-27dd640ac68f_echromtbox.owl_functional.owl,1927477779,3642349423,5569827202
18d3d0c3-c495-4f57-ab99-8e5537fd8d51_m_anatomy.owl2_functional.owl,287055898,701945495,989001393
4b87b312-912e-4c37-a07d-1f06121c68a3_csontology.owl_functional.owl,18527504,5801553,24329057
approximated_2a99a594-d5d0-486b-a1d2-83ffe224c402_PARISC.ttl_functional.owl,7628115,3928369,11556484
approximated_dc6e438f-f007-4311-ae31-39ced0415b18_ngExamples.owl_functional.owl,27074828,19532293,46607121
approximated_04207e21-89bb-4f8e-944e-74f3e5e06c92_HP_FOCUS.rdf_functional.owl,14374358,3824155,18198513
approximated_c4d4885e-5121-4af6-98ae-6cf2ed7ccc91_PaulFisher.rdf_functional.owl,16213056,2951924,19164980
approximated_MSC_classes.owl_functional.owl,5057438567,7401109217,12458547784
approximated_94ed6c9d-040d-4223-8c6d-d7c18b045a1e_he_British.rdf_functional.owl,25002252,6148878,31151130
55aec0de-f319-483e-bf36-5e0e6e65c251_fyposimple.obo_functional.owl,92342124,242268629,334610753
approximated_kb-owl-syntax-unraveled-depth-2-km-relevant-cardinalities-triggers-constant-classes-value-classes.ofn_functional.owl,423225113,1032270653,1455495766
approximated_00032029-378f-4e16-83de-4c46f097ff97_BCR.owl_functional.owl,146874176,20494684,167368860
approximated_a0c4a068-adcd-4280-a345-0aba731a9e34_ring_clamp.rdf_functional.owl,15035522,3800377,18835899
approximated_291d132a-10f5-4aec-b8ee-6c786e313fb7_ryUntranslated_functional.owl,6917340,1798684,8716024
approximated_kb-owl-syntax-unraveled-depth-3-km-relevant-cardinalities-disjointness-triggers-relation-axioms.ofn_functional.owl,609051431,1469086170,2078137601
approximated_2730d3b9-c7bb-422f-a9d8-0a4838307349_Citavi.ttl_functional.owl,66279813,3801051,70080864
approximated_kb-owl-syntax-coreference-IDs-km-relevant-cardinalities-triggers.ofn_functional.owl,823917240,1713734646,2537651886
e3008e4f-08cd-4e56-b0ef-a5212f7df534_uo.owl_functional.owl,17210077,15997439,33207516
approximated_ad212343-640c-47f4-9dd1-8625db109085_lusuniprot.owl_functional.owl,657563287,1418059825,2075623112
approximated_f5974f7e-eea7-4653-965f-fb5ac137df85_Intel_80486.rdf_functional.owl,20518944,3677152,24196096
approximated_00555.owl_functional.owl,40274817,50709720,90984537
approximated_7df755c0-9189-41f0-9c42-130be6de128d_Coffee.rdf_functional.owl,15526805,3754318,19281123
approximated_7351eb40-b5ea-4f6d-b6b5-3d6f0bc30a8c_ductionOld.owl_functional.owl,19377753,3808632,23186385
approximated_031f40c1-5d36-45f7-ae09-eed52122addb_preonto.rdf_functional.owl,18510923,6474501,24985424
approximated_00628.owl_functional.owl,53051876,112997620,166049496
approximated_348b605a-b8d6-443e-b342-63117a4cea6b_onto.rdf_functional.owl,16436519,4124953,20561472
approximated_2ca77e8e-3b7b-468c-a051-763d875cbfb2_sequence.owl_functional.owl,54536274,128391989,182928263
ee53f8d2-7ee4-4e37-8b7f-cf16164dc8c0_onto.rdf_functional.owl,11803632,1934422,13738054
approximated_9ed3a80f-f6f5-49be-89a7-54cbd45dac72_phenMixing.owl_functional.owl,142175204,246563783,388738987
approximated_00394.owl_functional.owl,756749111,2197387975,2954137086
approximated_kb-owl-syntax-coreference-IDs-km-relevant-cardinalities-disjointness-triggers-constant-classes-relation-axioms-value-nominals.ofn_functional.owl,947522991,2198353481,3145876472
approximated_kb-owl-syntax-coreference-IDs-triggers-relation-axioms.ofn_functional.owl,601250638,1710491713,2311742351
approximated_6717a2a3-beb2-4f3f-846a-9372dcfdd2ed_Tic_Tac.ttl_functional.owl,16818506,3884010,20702516
approximated_1fcef593-a90f-456b-8aba-3eab11c65372_Foundation.owl_functional.owl,14045733,5490605,19536338
approximated_4d65e414-b851-48a2-b165-41ebe80761a7_ent_system.ttl_functional.owl,15104191,3771637,18875828
approximated_a9da4e39-c67d-4085-b7ca-0c114bd0df39_Dodol.rdf_functional.owl,13679735,3741413,17421148
approximated_143caa7c-2611-4fba-af8b-fa080e112733_Bromine.ttl_functional.owl,12317076,3727354,16044430
approximated_34b4dbd4-2432-4c65-9132-57a31ca9696f_ron_import.owl_functional.owl,122637037,327834976,450472013
approximated_c9ace0fe-9823-4e60-954a-958794c3d088_Easy_Cheese.ttl_functional.owl,110380060,3895404,114275464
approximated_10e49329-f732-47f1-a1a1-0ecfff78e25d_SUMO.owl_functional.owl,4516048748,1022126643,5538175391
approximated_5c5448d6-2614-4b4e-b2e9-c8d32d29a5e2_enReaction.owl_functional.owl,137650093,215256164,352906257
approximated_df58e429-fed3-4b0d-89ac-79fc144b3428_tateChange.owl_functional.owl,128245455,213162535,341407990
approximated_c6eb71a8-a52f-41aa-b78d-013db436f17e_atic_watch.ttl_functional.owl,21075849,7452181,28528030
approximated_42e5d4dd-9164-4e47-90f7-4cbedd984434_Cummerbund.rdf_functional.owl,11395242,4823672,16218914
approximated_kb-owl-syntax-coreference-IDs-km-relevant-cardinalities-disjointness-constant-classes-relation-axioms-value-classes.ofn_functional.owl,900474098,2306139610,3206613708
approximated_5bb11bfa-24b4-420e-a129-8de1a044de9e_4A.rdf_functional.owl,16962408,3772363,20734771
approximated_1e606ac8-76f1-479a-aa2c-9f5f20db0ebf_rman_clamp.rdf_functional.owl,5901883,4256189,10158072
approximated_e27dba96-d02c-4f65-8b71-f9f72ffb4f86_Orographic.owl_functional.owl,128863408,213499465,342362873
approximated_3301ada6-3da3-4bc7-9f8d-59d688449d28_Purlin.rdf_functional.owl,11611380,3975325,15586705
approximated_077d2c31-3f97-417b-974d-2ae69be6edfb_olian_harp.ttl_functional.owl,13162067,3948208,17110275
approximated_e66cf28e-1264-4436-9844-d79d53a7df68_llaricerca.owl_functional.owl,16913977,7978912,24892889
approximated_1b2f8ac7-f905-4bd8-8b33-d23e4422820e_Lye_roll.ttl_functional.owl,17914512,6098772,24013284
approximated_8d274935-82be-4ef0-a5c0-5967fd20013d_ino_Romano.rdf_functional.owl,12912345,3900912,16813257
approximated_00521.owl_functional.owl,255208611,673727032,928935643
approximated_kb-owl-syntax-unraveled-depth-4-cardinalities-disjointness-constant-classes-value-classes.ofn_functional.owl,668007338,1579352536,2247359874
approximated_kb-owl-syntax-unraveled-depth-3-disjointness-relation-axioms.ofn_functional.owl,612250760,1420035738,2032286498
approximated_7ad14f19-788f-445c-bc90-7d17d4e5c8af_OpenToxOntology_functional.owl,102376577,6464651,108841228
approximated_9430d81b-de1d-4999-8836-26adea13192b_TimeSeason.owl_functional.owl,196839433,215175543,412014976
approximated_3dc8c36f-74c9-4ca9-bad3-d92ecdbdcc4e_mantics_v3.owl_functional.owl,74870110,22944913,97815023
approximated_993ea318-8a44-4db4-8122-67c8d8fcf20f_cto.owl_functional.owl,24375023,14904280,39279303
approximated_00022.owl_functional.owl,18166601,7116884,25283485
4498b86c-14ba-4f84-bc34-0982551b4958_KategorieAtmung_functional.owl,13426950,1861630,15288580
approximated_0ed2a34f-e908-4dd0-9188-1343a624bcad_Vodka.rdf_functional.owl,11686098,3946143,15632241
approximated_107b3d41-1458-4d46-ae69-d1ba712085a2_EnzyO061606.owl_functional.owl,228692582,447282283,675974865
approximated_c9cd7334-1c49-4909-8c82-c8f9727064c5_icrosswalk.owl_functional.owl,16383872,3352564,19736436
approximated_865505e9-df76-46f9-bd24-1e6db2716a6d_onto.rdf_functional.owl,16318701,5339103,21657804
58296df4-ebd3-44ac-bb20-f4dfa2434c8f_pato.owl_functional.owl,27873767,31667350,59541117
approximated_3a0f5105-f618-4b41-aecb-862cda98f32e_C5A1ki_sir.ttl_functional.owl,12246872,3658475,15905347
ae9fb993-34ce-475f-ba37-cf68085c39a4_lgtl.rdfs_functional.owl,15108919,6683567,21792486
approximated_8ca87523-2941-4e7b-85eb-f31c55626c7b_properties.owl_functional.owl,15185749,1689098,16874847
approximated_4bf81491-e076-4392-ae22-dd1e7b108957_e_compiler.ttl_functional.owl,17594294,3754747,21349041
approximated_ecc54058-9232-4f4c-bbb3-598e191fd3d6_onto.rdf_functional.owl,11425530,4962070,16387600
approximated_b19f0d48-cf64-4616-b95d-26d6e6a05be5_person.owl_functional.owl,18709311,7525522,26234833
approximated_ee8142d8-363b-43e5-b098-04ae98473ab0_mptionTest.owl_functional.owl,15594578,6344586,21939164
approximated_eb259c60-6107-441f-9497-defd7b15ed9a_MyAutohaus.owl_functional.owl,15791480,4164651,19956131
approximated_855a3833-3186-403d-9435-864b79f50c9f_gibleThing.owl_functional.owl,14567117,8338808,22905925
approximated_6ca9d8e4-0673-445b-9f36-c5a7e6b2ddb3_onto.rdf_functional.owl,15931695,4883941,20815636
8bdbdcc6-2c79-48af-8157-66abf593a8f2_classified.owl_functional.owl,50545868,118399814,168945682
2c66e915-9742-4be0-9901-8c99f806ef2b_MaHCO_HLA.owl_functional.owl,253953522,741279839,995233361
approximated_1a6cb89a-2c0d-4312-9d12-de7432da7de8_Sago.ttl_functional.owl,15868959,3695132,19564091
approximated_8835254a-d48c-4484-9c53-743e5b468051_y_anatomy.owl2_functional.owl,285489358,745292344,1030781702
approximated_2ae4c01d-9eee-47ac-9a3f-7b4e9732196c_alogAction.owl_functional.owl,18122553,12170676,30293229
approximated_00412.owl_functional.owl,79090278,213829771,292920049
approximated_00290.owl_functional.owl,20444564,5517984,25962548
approximated_2401b923-6f17-47a2-8602-5011c4bb27ad_yces_pombe.obo_functional.owl,868225769,1901112506,2769338275
cmo.clinical-measurement-ontology.62.owl.xml_functional.owl,91865846,142697699,234563545
approximated_1c0efde0-5fdf-44a5-81ee-a4ec0f85b33c_le_systems.rdf_functional.owl,18492265,4573302,23065567
approximated_c8c3c75b-ea78-410d-bbb5-e8d3f433e50f_Bonifaz.ttl_functional.owl,12058379,3793488,15851867
approximated_5bdce687-de12-4e27-8e1b-286cd33c696e_Chalk_line.rdf_functional.owl,14510818,3662753,18173571
approximated_089eca65-5578-4060-bfd8-f7ffcef69986_Cake.ttl_functional.owl,15647594,3679877,19327471
approximated_d53aaa52-caba-4cca-8436-5b0e0f1d5015_alResource.owl_functional.owl,139034914,248593927,387628841
approximated_20b1f6c4-5c2a-4248-b6b7-9b5942dd6de5_Bread.rdf_functional.owl,15234766,4072267,19307033
approximated_a0a531aa-f892-4b45-8022-ac8dc6001ab2_so.owl_functional.owl,49481171,114807672,164288843
approximated_00446.owl_functional.owl,47162556,88126441,135288997
approximated_kb-owl-syntax-unraveled-depth-1-cardinalities-triggers.ofn_functional.owl,453076594,1112561169,1565637763
approximated_fa57f422-d4a6-4b01-bd80-af8f44cd9481_nAtmoFront.owl_functional.owl,133709691,211318842,345028533
approximated_31751ba0-6a59-4dee-9243-70a1ec90bf49_erFinalOWL.owl_functional.owl,19302186,4132150,23434336
approximated_81ccf70e-b4cd-493d-8478-a780ac42ac27_ecg.owl_functional.owl,9630654,6739197,16369851
approximated_4501adbb-127a-409f-9e10-cb84ae5e2e29_Ice_scraper.rdf_functional.owl,10251196,3784922,14036118
0c593ec0-1894-4be9-9277-02fe59d42a49_mod.obo_functional.owl,65978541,168477065,234455606
approximated_7de2e54f-8b2f-46b3-89d3-6206aff37749_physEnergy.owl_functional.owl,102723370,36826074,139549444
approximated_0abccd8e-2b19-4af2-a0b8-0548d21854b2_dataset.owl_functional.owl,130691496,47885286,178576782
1da6f83f-8270-4280-beda-3f377ea15685_aprimitive.owl_functional.owl,94510270,9087080,103597350
35c12d3e-b4e6-4615-b86e-59068de2eebc_onto.owl_functional.owl,71144964,3224395,74369359
approximated_9413a25f-fca6-496e-a121-bbb548504579_skeleton.owl_functional.owl,7732510,10267628,18000138
approximated_4bfd6c03-5835-42d7-902d-dd28a8635114_FN1.1.rdf_functional.owl,71190417,2026367,73216784
approximated_1ebee42e-44e9-4497-862d-1c5e5012b634_Pez.ttl_functional.owl,18036246,3665839,21702085
5864c686-5ad1-4379-97c6-81451d133c9f_p_anatomy.owl2_functional.owl,28726116,6810355,35536471
approximated_38ac6b6a-f06c-44b0-9cc9-68eaa90428b1_PaulFisher.rdf_functional.owl,87840877,2920158,90761035
approximated_5a122dfc-2433-44fb-93b2-1093bcfec164_Hip_boot.ttl_functional.owl,12461666,3673889,16135555
approximated_e021b7c2-e947-429b-bb23-e6b11e309fd7_alignment.owl_functional.owl,16209223,3846699,20055922
approximated_beacb7c2-e0e5-4ca7-90fb-bbd5a0adef73_matrWater.owl_functional.owl,218280065,249394837,467674902
approximated_51f0b1e7-8c80-4154-8baf-afd494621359_Raejuusto.ttl_functional.owl,16689842,3686482,20376324
approximated_e5bc6295-4306-45d1-b93d-6f85ac4e1937_complex1.0.owl_functional.owl,14099662,9481033,23580695
approximated_5f2b6e58-6c76-49e8-9ab5-c91adc81633e_Cuba_cheese.ttl_functional.owl,13466456,3622855,17089311
approximated_50ab3c45-612a-41aa-ace9-5fa7c489bf22_Lobster.rdf_functional.owl,9250897,3649277,12900174
approximated_224f6cd2-8179-4424-8589-594c837b1afd_ralogActor.owl_functional.owl,12815793,10642390,23458183
approximated_f3f99738-aa89-4a6b-b560-3fd2ff0de3f6_us1gov_functional.owl,18919219,15548756,34467975
spd.spider-ontology.21.owl.xml_functional.owl,31952695,43275210,75227905
approximated_8a2ad4e0-258e-4d8f-8bc7-0e9651fb4893_cedar.owl_functional.owl,43034317,25589269,68623586
approximated_7911695d-790e-4503-b90c-8ca9b16e2905_wine.owl_functional.owl,27424447,15920871,43345318
approximated_19d2d4a2-3610-4681-88f1-5d5616f011af_gnetometer.ttl_functional.owl,13320393,3646255,16966648
approximated_00018.owl_functional.owl,25436518,22904899,48341417
approximated_2f124dd5-9aae-427f-96fa-0464d5abcd5f_History.owl_functional.owl,27134639,20627089,47761728
approximated_kb-owl-syntax-unraveled-depth-1-cardinalities-disjointness-triggers-constant-classes-value-nominals.ofn_functional.owl,781678456,1675872942,2457551398
80bf8685-0e15-4780-8e61-7130e4e777c6_00Ontology.owl_functional.owl,169367573,21494616,190862189
approximated_d878e341-1206-4c50-9a40-52bb2e978fa8_KCO_dlp.owl_functional.owl,18583450,19117647,37701097
approximated_0cbfc84a-c109-4750-ad33-8fac54c69a7b_IPod.ttl_functional.owl,14509728,3738197,18247925
approximated_1b406a3c-58b5-4325-8a21-f72158f55c11_e.obo.PREVIOUS_functional.owl,769260652,2148903924,2918164576
131cc380-4c47-49e4-ab2a-732a56a158bf_FBbt_XP.obo_functional.owl,420714818,811424451,1232139269
approximated_1e6dbf1b-c7d6-45f8-a6cd-d3e765afcaa1_stateSystem.owl_functional.owl,133338644,211490601,344829245
85c3f1fc-9f27-43c8-9c76-109a3c844774_Animal.owl_functional.owl,13707236,3717067,17424303
approximated_3d732777-0ae6-436b-a856-8d2a99dadfc1_Pentium_II.ttl_functional.owl,21903778,5901915,27805693
approximated_e36758bf-c2af-4529-ac3c-355f1ad87ff7_Bluray_Disc.ttl_functional.owl,20832218,5127274,25959492
approximated_6942f2b2-bfbc-41c3-b747-663c02a9fe55_ties200512.owl_functional.owl,21346327,16515977,37862304
approximated_0d5bcc5a-8863-4917-9ea3-c4b94cf0054b_face_water.owl_functional.owl,20469593,1921954,22391547
approximated_486299da-47ba-4f26-9b7b-b6ce718c4ed8_Pita.rdf_functional.owl,16324840,3762937,20087777
approximated_3163886e-c6f2-4e5d-a042-6f7352586600_Tea_set.rdf_functional.owl,13578355,3684129,17262484
388c39d6-8712-4e1e-b74f-b1f3fb3c0382_onto.rdf_functional.owl,12380777,3407675,15788452
462874ff-75f3-459e-8b82-256358577fdf_alianatype.owl_functional.owl,567369677,1614832259,2182201936
630748b0-bfe8-4c1d-b0be-d464209a3c76_eKrankheiten_Z_functional.owl,11725755,906021,12631776
approximated_22f1b747-591b-4280-9caf-4612f13073e6_an_sausage.rdf_functional.owl,14841193,4149155,18990348
97091fce-4a28-4f82-a662-201df6c66259_ecoForVariO.owl_functional.owl,16292478,7512916,23805394
approximated_ef6480e1-8fbd-4f93-acd8-dee4e7d1a710_Pin.rdf_functional.owl,11610804,3644445,15255249
approximated_ogms.ontology-for-general-medical-science.8.owl.xml_functional.owl,17191477,10262743,27454220
approximated_kb-owl-syntax-unraveled-depth-2-km-relevant-cardinalities-constant-classes-relation-axioms-value-nominals.ofn_functional.owl,459234813,988529282,1447764095
0552ebca-2b2f-4d14-af4a-9ffaac6a5159_HAO_functional.owl,181203413,223874271,405077684
6241f7dc-d77b-4589-a411-6a6a2e1faf34_onto.rdf_functional.owl,17700318,1651799,19352117
approximated_857e6dd9-d531-4c49-95db-4d43cc97f61c_ontinental.owl_functional.owl,133018149,214472862,347491011
approximated_00453.owl_functional.owl,11119857,7871500,18991357
approximated_570d94a7-ca42-4f6d-a22d-1e7bf90e34cc_ll030210RL.owl_functional.owl,59708093,15695722,75403815
approximated_530c73f7-7653-47d1-8207-08dba7bcd5df_Archimedes.rdf_functional.owl,12608488,3797507,16405995
approximated_dd1ba0ea-4a33-4219-a560-56e190c20448_Service.owl_functional.owl,18746095,10548473,29294568
approximated_eda88f7a-1896-4529-aae4-460d1acfb2cd_notenskalen.owl_functional.owl,20078396,11950831,32029227
approximated_b347242a-d2e4-4eea-a2c6-79e750275ef6_ter_hammer.ttl_functional.owl,16736362,4395716,21132078
approximated_02b96981-3422-4e43-9af7-bc9f64e35632_esTresviso.rdf_functional.owl,10714583,3986940,14701523
approximated_12ef49dc-1f5f-4768-9442-7f738f366765_TRAIL.owl_functional.owl,52869045,9585615,62454660
c3b123e3-92ae-4144-ac56-1ae5cb36c3ed_nnotations.obo_functional.owl,19695399529,42155147038,61850546567
259cd8e6-6069-49db-b971-3d342a604c57_Building.owl_functional.owl,49482074,5366801,54848875
approximated_3afdb1ad-2b1d-49f6-a588-fa860f3f74ca_request.owl_functional.owl,11144223,5235565,16379788
approximated_f55af61b-54c4-4715-8412-fba11c3f6d30_ockIgneous.owl_functional.owl,144682958,248197762,392880720
30db90fc-6d0c-48c3-a027-53492a644cea_College.owl_functional.owl,16812034,848743,17660777
3b5e14cc-06e0-498d-9054-4ab85a6cb18b_classified.obo_functional.owl,146391518,259892140,406283658
approximated_36c7a54c-67d6-4681-a461-ab13426c7e66_Rice_Candy.rdf_functional.owl,12650703,3765930,16416633
approximated_ba124800-7f8a-47be-bafd-2992d356e4c5_chemProcess.owl_functional.owl,32272861,43389466,75662327
approximated_f882cdd1-fb60-424c-9ab6-e991d94a9db1_inOntology.owl_functional.owl,10631334,3668076,14299410
efdc2a3d-b99d-4695-9d86-c000183b0c47_emapmerged.obo_functional.owl,508219854,842448498,1350668352
approximated_48550a9c-4a75-4e8c-b9b2-acda06f624ce_Pippo_Baudo.ttl_functional.owl,96131201,3570448,99701649
approximated_62ed5c86-bf8c-4b52-ab76-c45e9b94a7cb_mBiolBiome.owl_functional.owl,141231091,252785702,394016793
c66c3e01-27f7-4fd2-9a38-b235bada5183_ntainRange.owl_functional.owl,105577775,1525850,107103625
approximated_99d33d70-3ac4-4379-bde9-df7fce86f0f0_p.obo.PREVIOUS_functional.owl,64442820,134720132,199162952
approximated_00475.owl_functional.owl,109854670,4992749,114847419
approximated_ff6eae64-1331-4d3a-a7e8-63fda72fc572_dProtected.owl_functional.owl,139484231,221847240,361331471
approximated_kb-owl-syntax-coreference-IDs-km-relevant-cardinalities-disjointness-triggers-constant-classes-relation-axioms-value-classes.ofn_functional.owl,1422196277,2344822361,3767018638
approximated_04473fad-b0c8-4e6a-bc17-bfb9e47867cf_moPressure.owl_functional.owl,132635736,212696730,345332466
0707be50-bd13-400e-9664-5a058bfeac93_umls.owl_functional.owl,9637049,6837500,16474549
approximated_kb-owl-syntax-unraveled-depth-0-km-relevant-cardinalities-disjointness-triggers-constant-classes-relation-axioms-value-classes.ofn_functional.owl,423135161,955395094,1378530255
approximated_ogsf.ontology-for-genetic-susceptibility-factor.8.owl.xml_functional.owl,28004440,34593633,62598073
approximated_bd4a4bf7-94a4-4711-9081-c4da23e7f3fe_Solar_panel.ttl_functional.owl,15124588,3826669,18951257
approximated_00769.owl_functional.owl,127574143,291478337,419052480
approximated_9fc3a460-e47a-4bad-b99e-7f4c2a49b38a_onto.rdf_functional.owl,10339248,5154419,15493667
approximated_046b927a-8ad5-4078-a70f-8bfdfa4a4339_nt_xp_self.owl_functional.owl,25826853,42688688,68515541
approximated_f44c972a-392a-40ce-9c07-0b149ecda607_GUM3.owl_functional.owl,15105432,11608997,26714429
approximated_kb-owl-syntax-unraveled-depth-3-triggers-constant-classes-relation-axioms-value-classes.ofn_functional.owl,402841371,942627526,1345468897
approximated_0ad7499f-300b-461b-93ea-223aec64f71f_chemistryv8.owl_functional.owl,12445431,8120065,20565496
1968b1db-9ffd-45af-96e6-96b343536f1e_egoryDeveloper_functional.owl,13737934,845467,14583401
17ec95e7-c695-4991-a777-417404863792_Heilpflanzen_A_functional.owl,9908108,706966,10615074
approximated_ffb1103e-378b-4566-96ec-1254e3e5f9da_combinator.owl_functional.owl,20739882,8800373,29540255
approximated_38144779-b4a5-4c10-80f6-521f8bab21b4_IPad.ttl_functional.owl,15615169,3921853,19537022
c5168110-6bea-4951-9a9b-6fd7d1377d00_flanzenatlas_E_functional.owl,14235399,726986,14962385
approximated_5c54d9f1-7a00-4df2-884d-50c9a8ebc4d7_Piston_pump.ttl_functional.owl,11864292,3775679,15639971
approximated_380432c6-efde-4642-b74c-5eab39b7d7db_InspireTN.owl_functional.owl,16271755,5434062,21705817
356d962d-4302-443a-beca-84a2574f46ef_xamplefull.rdf_functional.owl,21284777,2759507,24044284
88570258-0cfa-4dc0-972e-f9033c908348__documentation_functional.owl,27066488,799651,27866139
4154ae8a-1450-4a62-9234-5596fc7f7d5d_Olympics.owl_functional.owl,15854794,1268239,17123033
approximated_2d66630d-5034-4a21-9470-8b2b0e2ce521_phenAtmo.owl_functional.owl,138212513,216160908,354373421
approximated_c53cfd13-426e-4816-b24e-1a543085cc70_matrRock.owl_functional.owl,149892911,248787000,398679911
approximated_4818c781-8a1c-4362-84b3-ee0ab2556f44_compute.owl_functional.owl,19151311,7891859,27043170
approximated_6223947e-54bc-4384-bd37-7cae5693f0bd_wineshort.owl_functional.owl,18327103,3896285,22223388
approximated_1ad584e5-ca51-4bd9-bc6c-c5baef4e4c84_ofntb_v1.owl_functional.owl,15264030,4956947,20220977
approximated_08dd1e87-a0b2-4c0a-8a49-c622a9c9ca1f_kel_He_178.rdf_functional.owl,14964921,3955025,18919946
approximated_87abf9c6-f535-4ae5-b413-ca733d2be23e_vation_v14.owl_functional.owl,11963702,5982163,17945865
e5a89a48-7c48-48ab-8e64-bfdfb3e62e8b_tegorySMW_site_functional.owl,19577503,1726696,21304199
approximated_kb-owl-syntax-unraveled-depth-3-disjointness-triggers-constant-classes-relation-axioms-value-nominals.ofn_functional.owl,670838216,1523225256,2194063472
approximated_8b8536de-1fa8-43ca-af4f-3a79ed962379_nic_Cheese.rdf_functional.owl,23871661,5687522,29559183
approximated_1a063c66-cce1-42a3-b6cc-14e8cb62716c_Pantysgawn.ttl_functional.owl,10255013,3763172,14018185
4af2cc4d-c110-4edd-8577-ececc6ed466d_classified.owl_functional.owl,25877543,45520398,71397941
approximated_7153640a-2069-4d94-b910-9fefe470d3d6_sbpax2.owl_functional.owl,14182129,9057533,23239662
approximated_a808e8be-d410-4e04-886d-04f51ed33722_onto.rdf_functional.owl,10501317,4886262,15387579
approximated_00694.owl_functional.owl,161891621,396982233,558873854
approximated_004bcac9-cc85-49ce-b887-95ef9d6f7f0d_Validation.owl_functional.owl,132786188,218696174,351482362
approximated_379c8d82-b2cb-4598-a878-1dad8290017f_ary_cutter.ttl_functional.owl,16964201,3667126,20631327
approximated_kb-owl-syntax-unraveled-depth-2-cardinalities-relation-axioms.ofn_functional.owl,420435301,1063565834,1484001135
approximated_f847c2df-01de-44f7-bc4e-8ab565fe5836_90121_5_TQ.owl_functional.owl,32010919,21511761,53522680
approximated_2ea0bd1b-fe42-4600-b5ca-bbb260e24a1a_PaulFisher.rdf_functional.owl,16645763,2916732,19562495
1867ad39-0316-48f6-b525-4f61dfcd70d9_t.obo.PREVIOUS_functional.owl,18803186,21257899,40061085
approximated_9826340a-70f1-4e9d-8f8d-bc5de99ff668_bstractbio.owl_functional.owl,15475058,17004366,32479424
approximated_87525e27-1cf5-4f43-856f-0275c21cf7bc_opendaprdf.xml_functional.owl,14541604,4476682,19018286
approximated_371fe108-1eb5-4856-a1e3-5187fbc1e22e_EndNote.rdf_functional.owl,10947743,3734976,14682719
061c8c2c-c09b-4496-9ffb-16118b5507f7_Aircraft.owl_functional.owl,16972265,2114743,19087008
57acf32e-7c2e-42e9-811a-e81884e69f51_hp.owl_functional.owl,230968259,731314068,962282327
approximated_058cece0-8d18-43ff-94f7-42c44c9ac3e1_esg.owl_functional.owl,89357431,26519458,115876889
approximated_8cd43f9d-a801-4810-b206-5c4648809839_chemtopcore.owl_functional.owl,13858717,7977920,21836637
approximated_a53cade5-cd71-4383-87ac-a1769c449c6a_opPressure.owl_functional.owl,135283400,213932273,349215673
approximated_03898ebd-78bc-41f7-ae80-bcb3172df6e4_Twoman_saw.ttl_functional.owl,16406827,3681202,20088029
1087ecda-74d6-4676-99c1-ae4157e4cc8d_classified.obo_functional.owl,231162832,724101234,955264066
b15cb30c-4105-40e4-ad76-15d36c9a3dfc_stimulus.owl_functional.owl,14127686,17278551,31406237
de8de576-ae9c-4150-bde9-521013df6ba5_MI.obo_functional.owl,51322123,115066506,166388629
approximated_0fd75b6f-4fc6-4495-9ddc-eebc3f65fdd1_dublincore.owl_functional.owl,14877638,19344854,34222492
f64c043f-ba70-4d39-9326-c79f5f67b9cd_classified.obo_functional.owl,125029470,258169865,383199335
approximated_4ea74a4b-193f-4835-a6c5-2081d1091ba7_eOntology.daml_functional.owl,8503301,5274520,13777821
approximated_00009.owl_functional.owl,19772306,5221370,24993676
d3c3db45-6e64-4114-9407-1e277dc86862_PGDSO.obo_functional.owl,13899266,13510295,27409561
approximated_12f36632-5e47-4afc-b9a2-c26f389217c1_crime8.owl_functional.owl,25028807,11231618,36260425
approximated_f76c2d04-123f-4321-a815-f25bbd4b2dec_ossAnatomy.owl_functional.owl,165972456,340865276,506837732
approximated_1dead87e-a09d-4701-a762-5126010c7b4c_Stevedore.rdf_functional.owl,8432638,4145022,12577660
approximated_99b53125-2382-4241-a828-558d255acda0_Lap_desk.ttl_functional.owl,12098594,4575903,16674497
approximated_aed287be-cc9a-478f-bce9-6d5659e2e6bb_WindGlobal.owl_functional.owl,101265540,205019794,306285334
approximated_7407e96a-be14-487c-a01a-3594df24e36c_yDocumentation_functional.owl,16645826,2173415,18819241
approximated_6b102094-efed-4d26-8733-fafde02c9597_CategoryPlugin_functional.owl,19116994,2941193,22058187
b5053c8c-4458-4659-9229-6b18b1fbcd41_Astronaut.owl_functional.owl,20548448,1679907,22228355
e45323ce-3eaf-4d88-a3fb-4636b5cf4257_figorg.owl_functional.owl,302099585,724559657,1026659242
approximated_c4137b4c-34dd-43e9-bca5-0d454e2ba8b2_topology.owl_functional.owl,10574982,5224679,15799661
approximated_4a1d331a-38bb-46ed-88e4-51a530a822f4_MK14.rdf_functional.owl,13545923,4085567,17631490
approximated_08dd7c7e-bd29-4ae4-8dc4-84be3a73f55f_Hoop_skirt.rdf_functional.owl,10160081,3741375,13901456
43221dae-c7fb-4cb9-99a3-a1b286645dae_CategorySMWCon_functional.owl,16180992,1827715,18008707
approximated_6a8f0423-9f32-4baf-bb61-098baa909de1_atmoSky.owl_functional.owl,103182563,206986624,310169187
approximated_kb-owl-syntax-unraveled-depth-0-cardinalities-disjointness-triggers.ofn_functional.owl,355989151,809036526,1165025677
approximated_fa94b62b-484e-4ab8-abb6-1ab9407d41a1_egypt.owl_functional.owl,17246767,4713495,21960262
approximated_00630.owl_functional.owl,45376352,113001740,158378092
approximated_2bb8fc52-a2a1-4d53-94e7-fc069e42e313_aminoacid.owl_functional.owl,15863325,8370855,24234180
approximated_00345.owl_functional.owl,32410413,16992444,49402857
approximated_00591.owl_functional.owl,50840676,123761827,174602503
57dc1631-dc30-4405-8c59-c6af4b1e4221_gaz.obo_functional.owl,24358131855,45778121871,70136253726
approximated_59d31aa2-5d97-4940-9eb1-0da54a258a72_uomeCore.owl_functional.owl,23717810,10479425,34197235
approximated_6c7f1cf5-6e8b-41df-a26a-07252efe8278_tegoryOwlThing_functional.owl,11438586,2147345,13585931
approximated_533e5c9b-2b41-408e-9009-5f35429a9fa5_tingPlaces.owl_functional.owl,17034997,10635733,27670730
8a0c3f0a-41c0-434e-9119-d0cc03f387d9__v5.0.2__.rdfs_functional.owl,23370581,6226214,29596795
approximated_a348491b-e27e-4e9d-af46-120e5824de7d_eam_cheese.ttl_functional.owl,18937422,4576876,23514298
approximated_c51645d9-42a2-441d-8576-8e988683c508_ontoutf.rdf_functional.owl,18788764,5031440,23820204
approximated_f9fca5ec-77a7-4dd6-a04f-f585ed3d61a7_Hedgehog.owl_functional.owl,30860506,6753162,37613668
approximated_0c33cfee-74c1-480d-bb37-5182de8c1217_ll.obo.CURRENT_functional.owl,217098386,567851341,784949727
approximated_USDA_sr25_NF0_10.owl_functional.owl,84321237,18831824,103153061
approximated_0b47829b-9fdd-4d82-86de-7a134feca500_OGMS.owl_functional.owl,12391669,6908241,19299910
approximated_ee844417-b0ca-4f33-9671-157bd414b08a_lca0.owl_functional.owl,19026287,3427197,22453484
be16e248-6e34-4cd9-9091-2c94c4a1e0e9_ccerLeague.owl_functional.owl,12747920,984077,13731997
approximated_5b70d6a8-8c28-4891-82c7-5811635ad1fd_iaeensembl.obo_functional.owl,971423222,2384602734,3356025956
approximated_4d300490-0c5f-4770-a5af-f35679cf763a_appy_Hippo.rdf_functional.owl,16975810,8268793,25244603
approximated_fe3ad35b-eba7-4bc8-a828-eeb8ad84ecce_IOLite_v17.owl_functional.owl,18555337,16502878,35058215
approximated_db5c53ed-d86f-4959-a8dd-65ac340817da_lmm1.owl_functional.owl,18976745,18157997,37134742
approximated_uberon.uber-anatomy-ontology.210.owl.xml_functional.owl,760777301,2147938679,2908715980
f2aabc0c-17fc-4f9b-ac0f-db6cdc846a1b_Valley.owl_functional.owl,15316890,718126,16035016
02b17082-5f51-41ee-8750-74f7c79c3026_Actor.owl_functional.owl,10743467,1287912,12031379
facb5031-ccc3-4361-8838-448bc5c2370f_ecosimple.obo_functional.owl,18683459,22146023,40829482
approximated_9a7e01b0-32e5-4fe5-bd23-50c8541cb2e9_stateSystem.owl_functional.owl,136052748,216185307,352238055
approximated_6df72770-9844-420a-9c37-5f14d3d7ae67_scienceOWLq.owl_functional.owl,43886172,14752916,58639088
approximated_668adf7f-3cfb-4ba8-b903-8786a91dd4d6_IPR.owl_functional.owl,14608003,8618773,23226776
approximated_897ee834-b0d1-499b-8bff-5826d7c005f9__II_series.rdf_functional.owl,13386110,3813962,17200072
approximated_d43f8ad4-20db-48e9-a656-9ea474502c3d_104onto.rdf_functional.owl,15770803,5111854,20882657
approximated_cd0a8135-bb47-4f36-b702-3cbb973e0cc5_ntOntology.owl_functional.owl,16219443,6107985,22327428
approximated_5052db14-73cb-4b58-a6ae-358ae703393d_hom_rev.owl_functional.owl,88374403572,2.88083E+11,3.76458E+11
434bb2e8-cd81-46f0-a987-ffd759457597_prerelease.obo_functional.owl,1089434013,3193223489,4282657502
approximated_cf577f56-208e-479d-8aef-6d979ad707dd_PlansLite.owl_functional.owl,21217359,15989390,37206749
approximated_169a7b10-d9ac-4a8b-817e-2f5a11b2310a_eryContext.owl_functional.owl,13220308,4656433,17876741
approximated_e767b141-3587-4b82-b70d-fd99edb05a4a_Danio_rerio.obo_functional.owl,3597793258,7968403431,11566196689
approximated_0507d1c6-5536-41fd-b717-a51a3f5cbf4f_PD.owl_functional.owl,74963521,82383763,157347284
fa0944c1-0b34-4388-9ae0-82937546a70a_SUMO.owl_functional.owl,72435419,39953042,112388461
approximated_kb-owl-syntax-coreference-IDs-km-relevant-cardinalities-triggers-relation-axioms.ofn_functional.owl,608271276,1690568690,2298839966
approximated_0a4d615a-c4fa-4824-bb65-55d96ecfd8ed_Corinth.ttl_functional.owl,14820094,3785356,18605450
approximated_df25eea7-56b1-44e5-9360-934faff9d936_Ponceau_4R.rdf_functional.owl,16550744,3664848,20215592
approximated_6e0146dc-dc66-43b9-abf3-ab629bba1ea1_Pliers.ttl_functional.owl,12050443,3698883,15749326
1e6a2a96-fb28-4083-8bde-1bce0fb07c40_ms.owl_functional.owl,53248684,254545394,307794078
approximated_d9fe555b-a491-4f92-8a94-54396c264e15_onto.rdf_functional.owl,12835261,4941888,17777149
approximated_kb-owl-syntax-unraveled-depth-4-km-relevant-cardinalities-relation-axioms.ofn_functional.owl,342922320,860981113,1203903433
approximated_8e15a194-d74c-4ab7-9493-cf7cd507fafb_zedneweb.rdf_functional.owl,7633471,4123637,11757108
approximated_15003dd8-c454-4d57-9f1a-16704597d97c_edElements.owl_functional.owl,18678523,6901945,25580468
approximated_d497586d-fca3-47ad-8f01-75b46a738364_eolVolcano.owl_functional.owl,133817101,215549943,349367044
approximated_2f07617c-68bb-46d3-ab83-eb005a760e94_onMarathon.owl_functional.owl,13697888,6215756,19913644
approximated_b57ac414-a41e-4cd0-9b7c-6979607c515c_tourismB.owl_functional.owl,19519635,28914880,48434515
approximated_213ff15b-9cd2-4e79-ae93-facf6449281e_ire_cheese.rdf_functional.owl,15179063,3838113,19017176
approximated_b2b3b1dc-3663-469a-b5f4-f08fc3f6a007_.rdf_functional.owl,10023284,4116964,14140248
approximated_987033c1-a245-4fdd-a1af-c8aadffadf62_phenSolid.owl_functional.owl,137086401,247811282,384897683
approximated_2288fd48-f982-4827-b07c-dd46fd6053c4_itionGroup.owl_functional.owl,14164616,10356886,24521502
approximated_407ab8bf-6178-48ec-b4bd-b686f51cdb04_ero.obo_functional.owl,65442704,139756914,205199618
0533595c-ead5-40f5-a57d-39f8bfd69a04_KategorieNerven_functional.owl,15291188,773811,16064999
approximated_cb43df96-d97e-409c-92a2-48948a77f1d4_Athlon_II.rdf_functional.owl,12166352,4028929,16195281
go-ext.gene-ontology-extension.2.owl.xml_functional.owl,1641082077,3479676909,5120758986
1d400aee-3cbf-49dd-a937-4efb91f65c2d_emapa.owl_functional.owl,413125437,910963919,1324089356
approximated_cd8c5bf7-5c0b-4d05-b453-8b4999616316_onExamples.owl_functional.owl,10742629,4673621,15416250
approximated_77c0992e-a919-444f-95c1-082da549ce77_Aluminium.rdf_functional.owl,17215476,3640708,20856184
1578c4c7-2fda-4345-9e86-a5dcc5d62fea_allusensfm.owl_functional.owl,576758247,1058547190,1635305437
approximated_kb-owl-syntax-unraveled-depth-0-cardinalities-disjointness-triggers-constant-classes-relation-axioms-value-nominals.ofn_functional.owl,430189400,917519017,1347708417
approximated_293eea63-ad92-4398-a28d-12af00526bbc_c_pipework.rdf_functional.owl,14673990,3828309,18502299
approximated_zfa.zebrafish-anatomy-and-development-ontology.36.owl.xml_functional.owl,244598692,562990106,807588798
approximated_a296d5d9-7a9d-471c-9e6f-7130d624dae5_ho2.owl_functional.owl,94334845,7779822,102114667
approximated_844cdbf2-dc80-4f98-a8cb-9b0033c14c8f_foot.owl_functional.owl,87581989,13506421,101088410
approximated_6338a2ad-d196-4c6f-97e7-211a3194c8b2_Acetone.rdf_functional.owl,69207602,3767157,72974759
approximated_e3865e6b-5812-4821-b993-bbe5c9d287aa_phenWave.owl_functional.owl,268822736,211179421,480002157
approximated_e2ea3f60-7908-444d-887f-12c542b5a858_ssOntology.owl_functional.owl,15503245,3726658,19229903
approximated_5a2e30bf-e243-4d86-bb4a-849a0d00cfe2_Antidoron.rdf_functional.owl,12986789,3658622,16645411
approximated_44c070f6-9795-4cd1-94fd-74d061816277_properties.owl_functional.owl,16401261,1204197,17605458
9cb5f78a-6d8b-4c1f-b9bb-60aeb7fe1553_NIF_Cell.owl_functional.owl,15389870,17407469,32797339
approximated_48e59368-d026-4018-ba3f-fff45809f1be_ro.owl_functional.owl,13668893,4623715,18292608
approximated_070cf5de-2d18-4c0e-a6bb-5cb35bde2043_action_functional.owl,19037239,9507291,28544530
approximated_ngsonto.ngs-ontology.21.owl.xml_functional.owl,16929179,9251845,26181024
approximated_1c0a729d-02dc-4789-8b49-b5a7679c9ff1_gyVersion3.owl_functional.owl,16163678,7584565,23748243
approximated_af1aaeba-21f0-4368-ad0d-69d34223d776_partimenti.owl_functional.owl,18632387,9147131,27779518
approximated_779c6780-83ae-46d5-93a7-4c772e4aa38a_core_subset.owl_functional.owl,26349637,33514497,59864134
approximated_450dab4b-06e0-47e6-ad6b-95782c3d4850_les_cheese.rdf_functional.owl,13732713,3857828,17590541
approximated_0178f9d7-734b-4a2d-9102-6bc23e102a6c_rtbouillon.rdf_functional.owl,18528627,3841020,22369647
approximated_f0be0f6e-b9f3-4947-bcd7-6c24299be333_sigma.owl_functional.owl,16234990,17845794,34080784
approximated_a126e40a-23a0-4aa4-b380-4375eab8b92c_Tollatsch.rdf_functional.owl,15873755,3748535,19622290
approximated_82fc6e84-7c98-4eac-baa5-db7a161565e0_Worm.ttl_functional.owl,13344903,3652576,16997479
approximated_104924f7-0a72-47fb-b9c5-2d672c9c7773_mergedtbox.owl_functional.owl,5558543596,12958659658,18517203254
approximated_61a30661-23e2-415f-b470-cb2fa033359d_eSituation.owl_functional.owl,12715864,5401969,18117833
approximated_748a78a6-ef2a-4a8e-a145-e8b827ea0b46_5_Maverick.ttl_functional.owl,9981423,4009761,13991184
approximated_8799de7b-9928-4b5f-80dd-00a77832fe9c_griculture.owl_functional.owl,139972534,253517362,393489896
approximated_bc3ffb56-bdc7-4d18-b305-018c39bb1b70_tegoryMetadata_functional.owl,17635428,2022176,19657604
approximated_389dc2d1-fb9c-46fd-8c05-c3cb293d9edd_andFluvial.owl_functional.owl,129443527,216773494,346217021
approximated_9c2b9cf9-4d6b-45ae-8adc-83c966bf02ec__phenotype.owl_functional.owl,537992648,489810376,1027803024
approximated_2d1192ce-4260-4993-89ab-9c4510967e68_machine_v2.owl_functional.owl,20386876,12053644,32440520
approximated_530266ef-e6a5-46ec-b4cb-fed21fdcb5b2_Hair_dryer.ttl_functional.owl,12329010,3664439,15993449
approximated_6bdb9f1f-4f08-4731-9624-5354d2aec0c2_Tail_lift.rdf_functional.owl,18489169,3709009,22198178
approximated_ec538584-6161-4b45-9681-6cdd210213ff_biobridge.owl_functional.owl,11441181,5015347,16456528
833d20be-879d-4801-93b5-6c3d05c7ef67_ve_biology.obo_functional.owl,32254949,43696773,75951722
approximated_04ebd5c9-543e-449a-9eea-35a806e9dfbd_nch_shield.rdf_functional.owl,18667951,4572547,23240498
approximated_5758bcce-e925-417f-86c6-29d1f8721dd1_Radiata.rdf_functional.owl,15940023,5595707,21535730
approximated_91386747-1edf-47ff-a382-8f18e663255e_NIFFunction.owl_functional.owl,10963228,8231655,19194883
bd06c332-9f2f-4bff-977d-2bfe09b9cb6e_Conifer.owl_functional.owl,13135960,919519,14055479
4d4e32df-26e5-4020-b802-be1f3205a038_ls_DAG_1_3.owl_functional.owl,23186698,51156595,74343293
dec31969-74ab-4636-b9e3-2f673cc7b83a_sumonew.owl_functional.owl,36632083,35922859,72554942
approximated_8fd77ae1-8f38-4cb2-a0ff-bd12804a0f13_wineCR.rdf_functional.owl,49321792,30266759,79588551
approximated_014b7ef5-e7a8-44b1-b487-098954ed6c2e_go_xp_all.owl_functional.owl,1979594198,5668013026,7647607224
approximated_8ba23d71-02a4-41c6-8781-7df92b01b326_partimenti.owl_functional.owl,15265023,5565107,20830130
529b5f82-8af0-44cf-a6cf-8c480f875457_behaviorel.obo_functional.owl,28440961,57653177,86094138
approximated_kb-owl-syntax-unraveled-depth-1-cardinalities-disjointness-triggers-constant-classes-value-classes.ofn_functional.owl,762809974,1807202990,2570012964
62ee4103-ff49-48e1-af67-929cd52803c0_sgenechrom.owl_functional.owl,1137148927,2352327840,3489476767
cabb0653-dfc8-4006-80f9-5b17cb17a814_envo_xp.owl2_functional.owl,92161378,107398882,199560260
4ecbd33e-2619-4493-a74c-0ac462792457_classified.obo_functional.owl,53490841,13488309,66979150
approximated_3b3054be-0d78-4a53-aabe-89fdbcbb8eb5_Fire_brick.rdf_functional.owl,82715413,3690988,86406401
approximated_61c63a71-31bc-4eb8-92b1-e777e5b7f461_ish_coffee.ttl_functional.owl,17529861,3719717,21249578
approximated_e2d645f4-6515-49f7-a5b6-5b2422314de5_landCoastal.owl_functional.owl,130036534,177946456,307982990
approximated_080a0405-7304-4120-bba4-e1bd322402e6__component.owl_functional.owl,381042931,220509037,601551968
approximated_kb-owl-syntax-coreference-IDs-cardinalities-triggers-constant-classes-relation-axioms-value-classes.ofn_functional.owl,2104792872,1818067824,3922860696
approximated_00366.owl_functional.owl,95825459,6669322,102494781
approximated_60b2b488-5daa-4181-9a58-7bd4bfcbabba_NEMO.owl_functional.owl,82647265,132163887,214811152
approximated_bcb593a2-748d-44c8-a696-bca2acbf08b2_rn_battery.rdf_functional.owl,22248751,4975544,27224295
approximated_5a50ada9-ee41-427c-a956-2776e745a1b3_Salt.ttl_functional.owl,17503905,3797453,21301358
086afcb9-d836-44bf-8a44-1c999b2ebdc0_spergillus.obo_functional.owl,15946992,6092082,22039074
approximated_phylont.phylogenetic-ontology.7.owl.xml_functional.owl,16311788,11070671,27382459
approximated_kb-owl-syntax-unraveled-depth-4-relation-axioms.ofn_functional.owl,345289293,894374017,1239663310
approximated_818f63e2-8d91-42f8-82bf-27e7bd486398_Offthegrid.rdf_functional.owl,12655821,3960939,16616760
approximated_cba32f7d-15e3-4264-bfbe-efdf5f03e87e_spaceExtent.owl_functional.owl,21920123,25900127,47820250
approximated_af42e584-66e2-472b-a3be-f6c792fbcb53_less_bread.rdf_functional.owl,13792086,3726451,17518537
approximated_86e44d80-d919-4f90-ba96-fb7b25d5815a_ano_cheese.ttl_functional.owl,10899359,4071754,14971113
approximated_a8c5b180-a972-44bd-9530-46513934b461_rEquipment.owl_functional.owl,149579766,245590818,395170584
43f48c78-f914-4c8d-a2b5-8b8af76efa8f_mpathmerged.owl_functional.owl,28759764,38610004,67369768
d334f00e-4890-498d-84b4-80c6b647ed9c_Stadium.owl_functional.owl,18802760,2741640,21544400
cfc2636e-d853-4543-a263-9838d8db3712_nverzeichnis_N_functional.owl,15123617,753707,15877324
approximated_591df79e-ef73-44df-b00c-d1f531af2139_4_09_16_20.owl_functional.owl,65255697,33048466,98304163
2c240a7f-228a-46ec-a0e6-2a03dd6d4adf_KategorieKopf_functional.owl,10569735,779142,11348877
29797625-923b-499f-ab03-18ac5b175bec_ontology.owl_functional.owl,25694833,34510496,60205329
approximated_f89796a3-403e-4bd9-ac34-89f1d13854be_escription.owl_functional.owl,12729537,8906032,21635569
approximated_00547.owl_functional.owl,64245174,145735996,209981170
06cc1275-8160-4da6-966f-a2b135d920f9_hp.obo_functional.owl,233889562,706861332,940750894
approximated_a401897e-d689-43f5-b02e-06b572dad803_EhC3A9catl.rdf_functional.owl,13285496,4005049,17290545
42798633-322c-492e-be30-26e904920b7b_NIFCell.owl_functional.owl,19274953,11859569,31134522
approximated_54ffe66c-7b38-48b8-b987-75d30d91aa7c_cerevisiae.obo_functional.owl,766772795,1906288202,2673060997
approximated_66b3c619-b98c-4b92-879a-d2a417958fe7_protogeni.owl_functional.owl,26114059,20246787,46360846
7314452f-f5ad-4b89-8b8c-c4d771ddba6c_anatmerged.obo_functional.owl,21769224,18367878,40137102
approximated_6edb1f6f-17f3-40c5-984a-8ea20d1cda90_taosimple.obo_functional.owl,103730667,208388462,312119129
approximated_1e07fb8c-b97b-4920-83d6-ed106364b183_Danio_rerio.obo_functional.owl,4144031229,8206228871,12350260100
approximated_0ecd9763-2a0d-48b2-a6ca-9533c8168e02_MyReview.owl_functional.owl,15707077,5374518,21081595
approximated_1ce7d1d6-d67d-4933-a9c1-519a164d41ab_eservative.rdf_functional.owl,10925132,3669046,14594178
approximated_546bb76e-9663-4727-9a87-027850c702e9_hsine_acid.rdf_functional.owl,15559306,3689064,19248370
approximated_f9fc0b36-909c-4dd2-be4c-de5910c531f4_chitecture.owl_functional.owl,11521675,5597363,17119038
approximated_kb-owl-syntax-unraveled-depth-1-km-relevant-cardinalities-disjointness.ofn_functional.owl,671168506,1553337857,2224506363
approximated_55646890-8fc8-44d5-a92c-92eb0dffdeb3_bfo.owl_functional.owl,18299955,3233193,21533148
approximated_0c4f42b8-5ad3-4724-89fa-0c4f059d1af4_PaulFisher.rdf_functional.owl,16069383,4997741,21067124
approximated_8bb539eb-321a-4f74-bf4b-64923acb4840_rela.owl_functional.owl,146663748,249325870,395989618
approximated_4e17c89d-7822-472e-b2de-4f7864da79bc_chemIsotope.owl_functional.owl,35956387,60431364,96387751
approximated_724efad5-eb55-43ff-bf0f-0065abcd8bcf__apartment.rdf_functional.owl,12429565,3906778,16336343
approximated_c9422304-a4fb-40e4-9d0f-81bdea1cd50b_l.obo.PREVIOUS_functional.owl,212670582,539109447,751780029
approximated_061b5e6f-6296-41e0-9629-3c0304cc985e_ange_juice.rdf_functional.owl,12919237,3672584,16591821
approximated_kb-owl-syntax-unraveled-depth-2-triggers-constant-classes-relation-axioms-value-classes.ofn_functional.owl,464852600,1013545568,1478398168
approximated_d28c4a60-3143-4fab-ac63-eadc65621753_minstances.owl_functional.owl,212104570,18696651,230801221
approximated_98456548-5cc2-4ecb-a8b7-a8da439b6bfc_Ontology.ttl_functional.owl,15663325,3781889,19445214
approximated_af6fbd9c-ad35-45ca-ab84-069b449c1679_Sturgeon.ttl_functional.owl,14259230,3862246,18121476
5930ffa2-dcc9-49b2-82b0-581509fe1d33_ant_trait.owl2_functional.owl,32398533,56233540,88632073
0edc7fed-a5da-49fa-878f-1854501a1f1e_prerelease.obo_functional.owl,255066326,499140254,754206580
approximated_b9bdc964-ed47-4f77-84c8-8a9b6b7185f7_concept.owl_functional.owl,14680952,12742855,27423807
35e784c7-4812-4c9c-a948-4927e4b49c36_e_ontology.obo_functional.owl,1971008366,4096460770,6067469136
33e9258d-121e-4356-9c6e-37248efea559_A_twodigit.owl_functional.owl,230250334,604678354,834928688
approximated_37d6fe54-c709-4fdc-9987-d3882b2cea40_p_ontology.owl_functional.owl,14245520,8859420,23104940
approximated_da07e43c-4737-4deb-aece-e401d8a3ee2c_GPCROKB_2.owl_functional.owl,16700959,5428667,22129626
approximated_4d290206-63fd-4c01-b425-25f095495c9a_onto.rdf_functional.owl,10244369,4987990,15232359
approximated_06702f28-8bd8-469c-857d-9c8ae01a1e32_Genre.rdf_functional.owl,12490602,3776034,16266636
approximated_94be4801-107d-445c-9a1b-86bbc7d81e34_owave_oven.rdf_functional.owl,9354244,3864755,13218999
4df9ba20-c495-4631-86cc-fb9c590a27c7_Planet.owl_functional.owl,20085223,1694534,21779757
approximated_0eeff220-b6f6-4675-86ae-a648b1ffd9fa_Categories.owl_functional.owl,20169187,2949946,23119133
approximated_8572072a-9b72-4e86-9308-f4cf2238d149_matrBiomass.owl_functional.owl,170707485,247284789,417992274
approximated_06c61e03-6efa-46f4-a04a-7f7929b2e364_cexamplegraph2_functional.owl,18474067,13571144,32045211
approximated_b57c86e9-551a-4307-b3c0-2e9adac3569d_al_grinder.ttl_functional.owl,12576867,3875993,16452860
9f90c468-a43f-4551-b9ab-1421344f1557_temp.owl_functional.owl,26405326,12448747,38854073
773613fd-b35c-4cab-b87b-2b970dc9862f_sculusexpr.obo_functional.owl,4181694622,9243884911,13425579533
9b40d0ff-8d60-4124-97df-445db4b492db_envo_xp.obo_functional.owl,48189267,101435938,149625205
approximated_9de67f85-93ff-4187-b4f5-9f8b1bbb86e2_tmoWeather.owl_functional.owl,139590212,216610294,356200506
approximated_5a2d1ab5-2e27-4948-871f-60561624f601_Spike_maul.ttl_functional.owl,16002854,3808871,19811725
approximated_a99f3bdd-1220-4247-b798-0587678e3431_geo.owl_functional.owl,20767048,4938864,25705912
chmo.chemical-methods-ontology.6.owl.xml_functional.owl,66053278,157306243,223359521
ppio.protein-protein-interaction-ontology.5.owl.xml_functional.owl,59265064,144350342,203615406
approximated_1e91ffe0-85f6-4532-bb5b-8e1c65f25af7_physSolid.owl_functional.owl,66598166,127945629,194543795
approximated_c3b19107-7a99-42e7-b660-f0966f1cbfc0_havioredit.owl_functional.owl,5433501026,14436408901,19869909927
approximated_2aef7e92-538f-43c7-90b1-fe1035a9762a_Bundt_cake.ttl_functional.owl,90280580,4566316,94846896
approximated_70f5f802-892c-411f-8c39-3445e2ca6b51_OpenConf.owl_functional.owl,75443411,9335957,84779368
approximated_f90b5da6-5209-4d15-8d26-c3c3a266c8c9_sequence_xp.obo_functional.owl,135829094,117415789,253244883
ef021099-0adc-40d8-94d0-01f1b8afe042_ph_protege.rdf_functional.owl,386791902,32895296,419687198
approximated_6b2ed6dd-be9f-4b6d-b3aa-d94ad1445513_TFSProp.owl_functional.owl,114043324,2648721,116692045
approximated_46bb8166-7f78-4f2e-9b61-5d3b96472a86_prerelease.obo_functional.owl,1469365251,2091003723,3560368974
approximated_a469abcc-5892-4898-89ae-f91a1a4a50d0_Schnapps.rdf_functional.owl,22763983,5045712,27809695
approximated_kb-owl-syntax-unraveled-depth-1-km-relevant-cardinalities-triggers-constant-classes-relation-axioms-value-nominals.ofn_functional.owl,468646929,1160232550,1628879479
approximated_00449.owl_functional.owl,46594786,105335270,151930056
approximated_00042.owl_functional.owl,1434011143,4432587219,5866598362
c36448f8-2390-4453-8afd-9ea1a7498e59_y.obo.PREVIOUS_functional.owl,26304365,18810557,45114922
approximated_01e12784-2878-4a68-8104-1939b8fbe4a4_FMA.owl_functional.owl,2673190809,7049991800,9723182609
approximated_0928a4e6-b4e8-4103-8663-ae7498ee0486_Snail.ttl_functional.owl,15590984,7969394,23560378
approximated_8829e85b-9f08-4074-9d72-529ad034db14_biotopcore.owl_functional.owl,21575585,19908427,41484012
approximated_546a79a0-846f-4939-bbc1-b09a46182a47_IAO.owl_functional.owl,13286482,4384080,17670562
approximated_df241ef5-d0de-48a9-b45e-a1cf70dfcfca_promoters1.rdf_functional.owl,74003450,27470141,101473591
approximated_9e93ebc9-daf0-4646-8d40-b83b1d5bc5c0_Camcorder.rdf_functional.owl,16403772,3783592,20187364
approximated_42abe225-4601-4763-a18a-b564dc1ee706_Oka_cheese.rdf_functional.owl,17702153,4191068,21893221
24254b04-9e07-4aea-b4c7-e037130f974b_dence_code.obo_functional.owl,12098510,7573371,19671881
a9ca49bd-1bf5-4156-995b-f544be415648_tcorecobra.owl_functional.owl,11931931,4831278,16763209
approximated_f9ec269f-ec9b-4266-a9dd-e93147339d02_chemistryv7.owl_functional.owl,10997315,8165655,19162970
approximated_51bb7cb2-e990-4a5b-bc9c-743ef7081e15__phenotype.owl_functional.owl,12158995,15434399,27593394
approximated_80ba3adf-079e-4ec6-9c20-8573070460d4_bfo_2.owl_functional.owl,17208358,5047590,22255948
approximated_b1b69a59-e22e-4ec9-b606-1acca18b746a_ethernet.owl_functional.owl,14719998,5590986,20310984
approximated_9829daf3-483e-48f6-94b5-3986fcd35145_codarg.owl_functional.owl,12969069,6402323,19371392
approximated_6d9067ff-9b73-49cc-bf88-21314e0c202e_ct_vehicle.rdf_functional.owl,16720745,4304748,21025493
approximated_92d24bb4-2005-403f-bcfb-50c81f36fc27_Sinclair_QL.rdf_functional.owl,15866990,3805572,19672562
approximated_4b73e0ca-471b-4576-94d5-e52a208e7f72_provenance.obo_functional.owl,21986607,21762709,43749316
approximated_396a39bb-8aba-41b6-8637-5541a6534e59_stateSpace.owl_functional.owl,170719262,209198213,379917475
approximated_6fd2fe50-6a87-4463-ae9c-45cc14347b80_oTransport.owl_functional.owl,140360409,249430466,389790875
approximated_9b354ea5-0750-46e6-93a3-24875d05e325_onto.rdf_functional.owl,10470239,5561902,16032141
approximated_b900e80d-0d2e-45b7-aeb0-2c96d3deffdc_ink_tubing.rdf_functional.owl,17514366,3687593,21201959
approximated_kb-owl-syntax-unraveled-depth-1-cardinalities.ofn_functional.owl,445862250,1113564827,1559427077
approximated_e8e21cf0-f086-42d1-af7d-41478f976c67_Samovar.ttl_functional.owl,14614949,3669646,18284595
approximated_79d64254-fb31-4a2d-9586-6c28b1ba92cf_TramGodis.owl_functional.owl,16252845,5228946,21481791
approximated_f5ed6864-20eb-4906-9eba-6e94216825eb_relaSci.owl_functional.owl,140113797,257250687,397364484
approximated_1adb0316-7fd5-4a60-8e36-062fa07f2d0f_units.owl_functional.owl,10955083,1600971,12556054
approximated_kb-owl-syntax-unraveled-depth-2-km-relevant-cardinalities-disjointness.ofn_functional.owl,636169680,1514311951,2150481631
approximated_2860f2a6-73b2-48d5-a11c-97082cbb06c0_o_rerioMOD.obo_functional.owl,2887421215,6774795188,9662216403
approximated_00532.owl_functional.owl,1081250256,2784230670,3865480926
approximated_017583af-b800-4fb9-bed8-b9ff82e81c8b_nGeolFault.owl_functional.owl,139571713,214021599,353593312
approximated_53d67348-e274-4083-ab4d-e56cac40fdc9_singleton.owl_functional.owl,13792904,4943618,18736522
approximated_d4e4f23e-3d59-429e-8111-8e3a4cf17fc1_PaulFisher.rdf_functional.owl,11915844,3073004,14988848
approximated_00561.owl_functional.owl,23707321,25622159,49329480
approximated_95619746-4c8d-4401-ba40-c42237b03372_Tool.ttl_functional.owl,16210810,3628099,19838909
approximated_kb-owl-syntax-unraveled-depth-4-disjointness-triggers-constant-classes-relation-axioms-value-nominals.ofn_functional.owl,703342839,1419287204,2122630043
approximated_65a4f85c-c693-48a4-a61d-1fa2e041f81c_classified.owl_functional.owl,21601164,10062415,31663579
approximated_00554.owl_functional.owl,6161996893,11527634009,17689630902
approximated_38915e33-6b44-4d41-9bb8-f7cf4f808074_Girandole.ttl_functional.owl,111709112,3773012,115482124
approximated_e1404a38-2d70-4173-8c02-6b6fac85cf32_DOLCELite.owl_functional.owl,30375767,6506398,36882165
40aa897c-51b6-430e-b3c0-b1e866f0a626_phylobase.owl_functional.owl,99374573,30430896,129805469
approximated_4cdfd06c-a1ba-423a-99d9-3da051a0d831_unications.owl_functional.owl,104493275,23855483,128348758
approximated_038cd3a6-5cb5-40f5-b7e7-33e77e6045ce_provenance.owl_functional.owl,185318991,24943148,210262139
approximated_37aef8c5-e669-40ad-8dda-c3d19ef0dfdd_cating_saw.ttl_functional.owl,106237349,3800609,110037958
approximated_cbf51049-1548-499b-8a43-0fd87218db7b_iw.owl_functional.owl,46147653,5180815,51328468
approximated_214d8d14-be33-4b63-96f1-8163f8b34773_Cloak.ttl_functional.owl,14914581,3654349,18568930
approximated_9c70bb3a-36a6-4514-bd82-cf7768c2a1b9_ewell_tart.ttl_functional.owl,14574619,3853842,18428461
approximated_00027.owl_functional.owl,1053177022,3074408852,4127585874
approximated_2445e055-6dd4-4787-ba1e-0e20739a30e4_LUMO.owl_functional.owl,32629737,40806056,73435793
00140.owl_functional.owl,28381063,21387483,49768546
approximated_b47b480b-54d0-4919-9d57-7f5b100ab06d_Shovel.rdf_functional.owl,9143363,3709566,12852929
approximated_2d7f322a-44a4-4eaa-8be7-41ca504a1432_valcomplex.owl_functional.owl,16446167,5472742,21918909
approximated_06942028-e2d4-4435-bd88-3d918b44cc95_PiedDeVent.ttl_functional.owl,9661179,3647721,13308900
approximated_d118f435-8920-4e8c-81b3-fb572717cfec_NIFFunction.owl_functional.owl,11057902,7401468,18459370
approximated_dd23a477-c7d2-4dbf-9827-3fb0ff440b6a_a.owl_functional.owl,29864815,10261650,40126465
approximated_3bc44ee5-440a-421a-ae35-0f9811adf907_Snubber.ttl_functional.owl,12915385,3654242,16569627
approximated_9c27ad44-788a-46a9-b1cf-cccb4c51bc8a_centration.owl_functional.owl,65162151,124395172,189557323
4ac9c3b9-d364-4eb9-a14a-0c338e8897c2_meMinister.owl_functional.owl,17206856,760471,17967327
b1e7d208-8560-49fa-b216-724b3ff84105_NIFChemical.owl_functional.owl,17973695,10404650,28378345
08978b2b-04da-4d85-bf76-32127e4ea6e1_animals.owl_functional.owl,9868277,3622876,13491153
approximated_1f6df56d-fe3f-45b3-87e3-da79b8886651_tt_trigger.rdf_functional.owl,11292861,3838179,15131040
78d49df6-aeb8-4342-b569-03a6c25fe019_oryRdfsLiteral_functional.owl,13337690,988283,14325973
1be1759d-b81a-4b57-84da-0169a7f3df40_y03.09dnew.owl_functional.owl,1165900772,2727453006,3893353778
approximated_34fa7cb2-38f2-4937-a773-90af06057e9e_ure_sensor.rdf_functional.owl,13865448,3786334,17651782
approximated_5e4de526-a54d-4da0-9407-3e089bf121d2_onto.rdf_functional.owl,8709755,5270993,13980748
approximated_a883dc64-d830-4f88-bf02-3ce2644fec78_software.owl_functional.owl,16451653,4689222,21140875
approximated_e832f5d2-5523-486a-ba06-ea4b1726d2a9_toplankton.owl_functional.owl,30507290,3970227,34477517
approximated_66d2a476-fabe-4faa-8905-c11908e0ef89_propCharge.owl_functional.owl,157085195,212869436,369954631
approximated_vo.vaccine-ontology.182.owl.xml_functional.owl,473259895,619899887,1093159782
approximated_4584317e-f691-4c92-a282-1c73b834e8d0_physicscomplex_functional.owl,16462870,8813208,25276078
cd993bd4-a3ec-45c4-b8f4-e1dfce21b42c_icusentrez.owl_functional.owl,693625378,552924681,1246550059
approximated_a3aef80f-4383-4dfb-82a8-6cb2f611c29b_ersections.owl_functional.owl,13693624624,17975575284,31669199908
approximated_49d680c2-95e2-4492-b403-f7b450dbfd74_xbfo.owl_functional.owl,1767858121,4984644173,6752502294
approximated_985f6803-290c-4670-a543-91d82b01873d_isiaetaxon.owl_functional.owl,234271721,378201681,612473402
approximated_00699.owl_functional.owl,51237570523,1.7632E+11,2.27557E+11
approximated_7382295a-242d-43fd-83c0-397ca0a4912e_prowl.owl_functional.owl,16406252,9797713,26203965
approximated_13efb19e-14d6-44c3-940d-8b966a600a6f_web.owl_functional.owl,9123800,2261857,11385657
approximated_11e063b2-3dff-4efd-b598-ca7e4d11dd88_Policy.owl_functional.owl,27736791,9999584,37736375
17f60e2b-4c54-4d5f-8e19-56ce5366933d_AEO.obo_functional.owl,28208930,17432435,45641365
approximated_986cb384-f53b-4de6-862d-c9dc1ac1ea1b_Sabiki.ttl_functional.owl,14221783,3676846,17898629
approximated_20a88a24-e163-432d-9f8a-e17570d327e7_Faldstool.ttl_functional.owl,15150170,3712875,18863045
approximated_05701c02-1bc6-439d-9f41-248078b8c4c6_Kashkaval.rdf_functional.owl,14164342,3704594,17868936
approximated_bc2ae69d-3052-4d00-bde2-2a8901b4c4b0_ensuniprot.owl_functional.owl,42339050,11560914,53899964
578afe61-b0d6-45fb-a418-a2c553052fe5_rieKrankheiten_functional.owl,17388367,2779749,20168116
approximated_7dee39ef-1a0d-4ccc-a911-9ec2e3435e97_AstroHelio.owl_functional.owl,135053710,217047130,352100840
approximated_1645b401-0120-4b64-8267-16a3a3d30da6_reath_Blue.rdf_functional.owl,17048814,3687809,20736623
approximated_0fbe29ff-8c97-433c-beb2-4a55cd9c07f9_Atom.owl_functional.owl,16464804,6920584,23385388
approximated_093d55a1-713a-4aac-9350-b95a9216b55f_Sonometer.rdf_functional.owl,13721807,3877154,17598961
approximated_528b1eb3-11ce-4ea6-a8ad-d1535023f332_LMM_L1_v16.owl_functional.owl,19958964,19161174,39120138
approximated_1926f433-a5ed-454b-a05e-46cf1cee9d75_el_display.rdf_functional.owl,12933705,3743863,16677568
d46fa651-98ee-44c8-8fdf-d5c1bf66b736_River.owl_functional.owl,26313425,2249912,28563337
approximated_14238b66-0a0b-4b84-b8d3-7d4bf6bff234_lcoleModel.owl_functional.owl,16818234,10167056,26985290
approximated_kb-owl-syntax-unraveled-depth-4-constant-classes-relation-axioms-value-nominals.ofn_functional.owl,353772119,878686409,1232458528
approximated_33806dc1-6c50-4ee4-8858-0e4612814d45_Process.owl_functional.owl,15596724,5477453,21074177
approximated_d55596e0-507a-4824-bb1f-7d431def120b_eReduction.owl_functional.owl,135898251,218240296,354138547
d314978b-522f-4d70-a829-40583ee41a85_classified.owl_functional.owl,32916799,63645903,96562702
3ff6a8f3-3277-4369-ad8b-bc3a9d0e7757_erioentrez.owl_functional.owl,761384367,779464018,1540848385
approximated_d40e3db6-6283-4703-8610-a9589a54b337_amo3.owl_functional.owl,13810920,6559801,20370721
approximated_4795a514-58f0-4f58-8650-6c3ce32f18cc_Chain_tool.rdf_functional.owl,17544735,3767101,21311836
approximated_4e9d0953-95d5-4d86-b64b-5216b14823ed_Video_game.rdf_functional.owl,12378917,3693150,16072067
approximated_kb-owl-syntax-unraveled-depth-0-constant-classes-relation-axioms-value-classes.ofn_functional.owl,160921338,417842700,578764038
approximated_2e04d88e-9ea4-42f5-96bf-3893c0bd1271_Spudger.rdf_functional.owl,11474777,3960995,15435772
approximated_490c0242-1ca2-4bd6-b8d3-52e0601893cf_storage.owl_functional.owl,25039330,16604840,41644170
approximated_9b90f0c9-61ee-42ff-ae4a-9b967b1c845b_S0toS1.owl_functional.owl,14910028,3831945,18741973
approximated_9294c118-4e6d-4a1b-a575-14b5e571694e_tion_clock.ttl_functional.owl,13127744,3731515,16859259
approximated_1d447ee8-3cfc-43bc-9d27-9991b913471d_Butterfat.rdf_functional.owl,14024730,3758290,17783020
approximated_00448.owl_functional.owl,1491763953,4380530040,5872293993
approximated_0f951a57-94e9-4087-aa28-a86fbd466c72_corine.owl_functional.owl,27088819,24882494,51971313
532b0cec-b686-4e06-8039-d107dfda9358_hybrid.rdf_functional.owl,13730327,2442501,16172828
approximated_6b2d1ac5-a572-4da5-ac60-e4c7319b7c68_phenGeol.owl_functional.owl,133731457,210320405,344051862
e8637f06-c9df-4572-ad81-4ede6928d061_attributes.obo_functional.owl,362481626,394591164,757072790
52e9f490-43a2-4aa9-8dbb-735f1d97235c_President.owl_functional.owl,15965281,2208089,18173370
approximated_e69ea2b2-b602-4428-b311-9e26767415bc_Toma_cheese.ttl_functional.owl,14658711,3678206,18336917
approximated_82a2b4c8-e8c8-4a2c-970a-9352ebb0591c_taontology.owl_functional.owl,12590826,6144198,18735024
approximated_kb-owl-syntax-unraveled-depth-2-km-relevant-cardinalities-constant-classes-value-classes.ofn_functional.owl,411866262,1027958048,1439824310
approximated_ec70e52d-8c70-46e1-a631-7bc8b6dfb100_storage.owl_functional.owl,19315496,18496934,37812430
approximated_46a08f7a-b858-450f-9107-59f3c412f476_Pig_scalder.ttl_functional.owl,10163711,3820029,13983740
approximated_0380cb4f-84df-4cdf-a1cb-3a60480f285d_Mohnnudel.rdf_functional.owl,16012519,3871628,19884147
249e527a-6a7a-43ff-8509-f978b62fe78a_classified.owl_functional.owl,76246121,153076003,229322124
approximated_012a4ab4-8592-4cb8-8178-ebbab63d29d3__functional.owl,26021586,45453107,71474693
approximated_7bedf68f-eaec-4f9b-ab7c-3ebf27d04818_photography.owl_functional.owl,21821270,13421552,35242822
approximated_11a8aa38-64f5-4a1f-b4d4-663d58ebfdaa__mouse_anatomy_functional.owl,83749061,302984730,386733791
05d1a3f4-fee8-4bfb-8324-c32403f9fbb4_Band.owl_functional.owl,13671118,1208623,14879741
approximated_6642f295-f0a7-4803-93c9-4d2fd9f5dd82_rial_thing.owl_functional.owl,16073154,12901593,28974747
approximated_697ed12c-3ec9-4379-8406-2d7f0a2c5953_ifugal_fan.rdf_functional.owl,12253902,3822090,16075992
approximated_opl.ontology-for-parasite-lifecycle.5.owl.xml_functional.owl,21505868,26656000,48161868
ecbecbe2-eba5-4d95-aa33-13956f2fbd2b_IDO.obo_functional.owl,22872814,15594310,38467124
approximated_da5d77db-6f7f-4f3d-a7cd-7dd8c4a3f834_so.obo_functional.owl,55945177,124861971,180807148
approximated_25ec044a-93c2-4880-b5ac-c0fab9d1a664_people.owl_functional.owl,14439181,4036860,18476041
approximated_94247517-4627-401a-8b5e-a394c146588f_nservation.owl_functional.owl,133561406,250034870,383596276
approximated_00379.owl_functional.owl,2636183172,7044624285,9680807457
approximated_4910021c-3f8f-4058-92a2-12229e1120f7_Bakery_mix.ttl_functional.owl,15200427,3747247,18947674
approximated_82c2c5f8-3d76-4618-a59d-ebefd9c28298_pizza.owl_functional.owl,19629327,12721294,32350621
approximated_7b74ff63-891a-431b-b89e-01b8aaf01794_FN1.80.owl_functional.owl,25480799,9350923,34831722
approximated_0ab7d676-42da-48ee-a729-15c1f4aeb9e6_Paneer.ttl_functional.owl,90117915,3648971,93766886
approximated_7337899d-dc8c-408c-b14d-072a642fa5fc__guideboat.rdf_functional.owl,14780420,3688742,18469162
approximated_48086d34-a89a-480e-98d7-81b9823ab534_Reverso.rdf_functional.owl,11619219,3752643,15371862
approximated_53a8509d-2393-4fa6-923d-77ee7897359b_Teapot.rdf_functional.owl,16495360,3653199,20148559
approximated_e56a67bd-9010-4690-9cc9-ba2ff6a506c5_onto.rdf_functional.owl,13406265,4923578,18329843
approximated_5643db3d-0ba1-4b36-933b-a14ec1dddda5_Auger.ttl_functional.owl,16153458,4044196,20197654
75780f46-f6d9-4746-af71-b8b71db905bd_hom.owl_functional.owl,93839194357,2.86774E+11,3.80613E+11
approximated_00370.owl_functional.owl,1259854014,3986818531,5246672545
approximated_e967ceff-cf08-4aee-a93f-46bfe341ed45_tigersyntax.owl_functional.owl,114024513,1353065,115377578
approximated_4d45b0bf-4bbb-494b-a2df-5eb59df7aef5_Action_film.ttl_functional.owl,15519845,3750845,19270690
approximated_83ea152b-1087-4e58-b22c-3da54c459b6b_aero.owl_functional.owl,24470057,19260417,43730474
approximated_01c4de7d-b880-4c91-a4dd-90082028f179_Hershey_bar.rdf_functional.owl,112615871,3647775,116263646
approximated_10a8e59f-78f9-4d24-9de9-9c630353db28_tionmodule.owl_functional.owl,255196747,39181605,294378352
approximated_24f71616-1c6b-4f33-933f-2f63eddd74f1_core.obo_functional.owl,681823796,1449117942,2130941738
approximated_2dce8064-69b8-4990-9d56-6aa47bd4be78_Hair_iron.rdf_functional.owl,12574811,3930791,16505602
approximated_31661035-9adf-4ae8-adf3-9a9ace58ea16_Casu_marzu.ttl_functional.owl,11671469,3847520,15518989
approximated_ccb848d2-009a-4be5-b53e-0bac286780ac_opChemical.owl_functional.owl,141291287,250832232,392123519
approximated_89400dba-77f8-444e-94d8-998c78140591_kisao.owl_functional.owl,24194202,26932228,51126430
approximated_7647fbae-2c45-4fa2-9cc7-52ac618b6654_figure4.owl_functional.owl,18259023,11079634,29338657
4d99e241-deca-4901-a073-567a3dfa4513_exo.obo_functional.owl,11423856,5767051,17190907
approximated_5c7cb3eb-bb0d-4bd6-9093-455baf565f99_paperdyne.owl_functional.owl,11453327,4851383,16304710
approximated_51ea88d6-9735-4fe4-84ca-cf425f04f8e2_es20120118.owl_functional.owl,34652672,6676193,41328865
approximated_c3604559-527d-4fd1-94c4-72f50f84cefe_tivityType.owl_functional.owl,14702422,5654123,20356545
approximated_0f3f8613-079e-4f77-8c6b-11a095ff63c0_onto.rdf_functional.owl,17092769,4643514,21736283
approximated_12d491a2-9ad7-4676-a5de-4d9d154dabf3_id3.owl_functional.owl,24317113,24599350,48916463
approximated_bao-gpcr.g-protein-coupled-receptor-bioassays-ontology.23.owl.xml_functional.owl,29722320,50100476,79822796
approximated_687f5a5d-0742-4b3c-9205-135003d6bc9f_pentax.owl_functional.owl,24189696,19209635,43399331
approximated_c1e556d7-2c6d-41a8-a44e-6baa8fe1b499_ology1.2.0.owl_functional.owl,38732088,27424896,66156984
a90801f3-9b9e-49b0-abc6-aa733394c68e_e.obo.PREVIOUS_functional.owl,1402056519,3573611595,4975668114
approximated_00541.owl_functional.owl,651913831,2010985273,2662899104
approximated_5cc04e47-6a08-4d82-ad66-fc770841ad46_ngontology.owl_functional.owl,20264015,9473323,29737338
approximated_e16c487c-3d2a-44e6-acb8-23440ffbf787_nco_cheese.ttl_functional.owl,14631370,3727180,18358550
approximated_b3e89463-21f2-472e-97e6-e75eb242794b_ancorralink.rdf_functional.owl,35700545,53288344,88988889
approximated_c43198c7-9ed8-4a14-b036-ff23a9cdc3b8_onut_cream.rdf_functional.owl,24646741,5004471,29651212
approximated_172efe6a-cae1-44ba-afad-29469441e9aa_lectronics.owl_functional.owl,20188754,13482214,33670968
approximated_00479.owl_functional.owl,27835642,42138345,69973987
approximated_2c2f4142-0da3-49d5-8594-9b29ad40c8f2_Twybil.rdf_functional.owl,18996465,3749584,22746049
approximated_368e45c1-63ae-4757-9a13-ddc2c2e0ac65_ensensembl.obo_functional.owl,6217696177,14369831560,20587527737
approximated_81f5aa50-2562-41b0-a29c-b9e1d495d796_appingShen.owl_functional.owl,103285133,10925591,114210724
approximated_f3a132cc-d44e-4e69-9cc9-6e452ec03184_onto.rdf_functional.owl,18055040,5419931,23474971
approximated_dedcff40-e8a4-4222-b495-105ede33e3cd_o_reasoned.obo_functional.owl,3772852265,8199151509,11972003774
approximated_00791.owl_functional.owl,3028269692,2549859567,5578129259
approximated_22f917a7-a952-4242-a666-1a34d588d3b8_Antonov_A1.rdf_functional.owl,15465224,5611005,21076229
approximated_67025c56-64e4-40dd-bdde-cef9d31557d8_anCommerce.owl_functional.owl,139233356,225894338,365127694
approximated_22536e03-6935-4cd0-bdd7-57aca41636e0_CHEBI.owl_functional.owl,578950014,1678432403,2257382417
approximated_kb-owl-syntax-unraveled-depth-1-km-relevant-cardinalities.ofn_functional.owl,421422048,1075105929,1496527977
approximated_487e1166-fe3c-469d-9081-e3285bebdfb8_JC3IEDMBase.owl_functional.owl,118655134,129658481,248313615
approximated_kb-owl-syntax-unraveled-depth-1-cardinalities-disjointness-relation-axioms.ofn_functional.owl,710717416,1622424614,2333142030
4f0f60fe-0332-4051-92fb-41357633b17f_r_function.obo_functional.owl,191852263,563810150,755662413
approximated_0d6a0d29-a525-4c38-b734-63eccd84c7b2_SO_functional.owl,55395706,140329295,195725001
approximated_69836b3a-f927-4e5d-a316-aa76e8eb420b_reprTime.owl_functional.owl,133439030,246691033,380130063
approximated_394f0de1-92f0-4a6c-a832-09147aabdf9d_Rindswurst.ttl_functional.owl,14208259,28979675,43187934
approximated_4ae895cb-c4dc-4063-9094-ad1c5c293170__phenotype.owl_functional.owl,15465349,14349078,29814427
23272be0-db72-4582-8cdb-8ade600ffa2c_e_anatomy.owl2_functional.owl,93326581,203671406,296997987
approximated_8c81468b-d00e-496c-bb8e-6f357f2a0a0b_4.ttl_functional.owl,13729896,3923718,17653614
approximated_1cecf3e4-bbc8-4731-9a6f-dc7d2d38c064_Phenol.ttl_functional.owl,10458915,3902284,14361199
approximated_4ded3c93-c18b-466a-8f14-fbd5ba23ec6e_Bow_drill.rdf_functional.owl,10699449,3757286,14456735
93521946-57bb-4b08-a4bd-169f89f6c017_etballTeam.owl_functional.owl,16378191,1388540,17766731
approximated_77af02d9-169a-4074-83f3-b4e89d13bdc5_galen.owl_functional.owl,99772230,216965946,316738176
849e74d6-f5a5-4827-99a3-9fd53b3cf50b_phenotype.owl2_functional.owl,156588061,462174991,618763052
approximated_d6f2c750-3684-4cb8-8c8a-435006991818_anCommerce.owl_functional.owl,21383111,21021222,42404333
approximated_4e23608d-b462-499e-a6b3-f861608b28f8_uma_shears.ttl_functional.owl,11820502,3650792,15471294
approximated_496a05f9-9d34-4fb6-8ad2-d47c4e730571_oLightning.owl_functional.owl,129399260,215278362,344677622
approximated_a560eb63-c14a-43b2-bc38-faa0b69ade7b_SUMO.owl_functional.owl,706371412,437297882,1143669294
approximated_00514.owl_functional.owl,18148933,18093430,36242363
086bc8fe-9648-4f9c-973e-88f33d5392a1_gastertype.owl_functional.owl,282029953,821449526,1103479479
approximated_8ad5af8f-65ea-4069-bef9-3dd771cab25a_go.owl_functional.owl,1580344741,4974730791,6555075532
approximated_c0ec5d5c-94ce-4e66-a7c6-7285d1fec73f_ijo_coalho.rdf_functional.owl,11273602,3948591,15222193
1a3080c0-d71e-42c4-920b-91176a1797a3_mfosimple.owl_functional.owl,132224868,258076940,390301808
approximated_284a3901-9c56-4df4-a3cf-406cf4baa3c1_Intel_i960.rdf_functional.owl,19640378,5067712,24708090
approximated_b599b68d-53b4-4f7e-b534-d75fcc8a8820_onto.rdf_functional.owl,17828210,4677598,22505808
approximated_ceddd05d-6123-48e6-abda-e5cbacf6d9e8_.rdf.bibix.owl_functional.owl,9606221,5339367,14945588
approximated_a6cb59ac-e479-4dc5-bbbf-625b6d91fe58_mo.rdf_functional.owl,28701922,19982281,48684203
approximated_57c02374-4628-4621-b2b0-e2b9fbb8d50e_ciFunction.owl_functional.owl,131683113,249799704,381482817
approximated_0ecabfc6-dc3e-4c72-af91-61ff7037b305_Vlaskaas.ttl_functional.owl,15078467,3685735,18764202
approximated_9a1c269c-f20e-400d-bdc4-e379c28b1e4e_cedar.owl_functional.owl,39145133,24602994,63748127
2a7131af-1db7-4fe2-93d2-d5fa5f721622_GOCCBridge.owl_functional.owl,18988038,3334231,22322269
approximated_330bb501-bd8c-4e55-97ce-7b7decc555ce_es20110411.owl_functional.owl,23325349,8336043,31661392
approximated_00638.owl_functional.owl,16557003,12975817,29532820
approximated_bcc7bb54-d90e-4892-9bb2-62ebbda9fb48_ns.owl_functional.owl,17538791,4641486,22180277
approximated_2472ab8a-14fe-44c2-94c0-333210f19dda_vek_Import.owl_functional.owl,28075033,49118344,77193377
approximated_7cea0431-a5fc-4965-a107-0bd3e11b6e0c_Bienenstich.ttl_functional.owl,12282194,3838211,16120405
22603362-d400-4306-8b6b-b742cb9df2f6_ysfunction.owl_functional.owl,21771714,16374138,38145852
approximated_774b7c0d-89b4-4097-a592-9e2bc3428946_uantity2.0.owl_functional.owl,14522808,4057372,18580180
approximated_0b4dc7bf-1fe4-4b3c-9991-3804d56a959c_ang_glider.rdf_functional.owl,11471773,3793396,15265169
96ea97d4-1aa6-40c8-be57-272051b9db05_onto.rdf_functional.owl,11763202,1575794,13338996
approximated_93dbaa56-cbf8-4eda-98cd-94226ea88667_istituti.owl_functional.owl,17002896,10905444,27908340
approximated_kb-owl-syntax-unraveled-depth-2-disjointness-constant-classes-relation-axioms-value-classes.ofn_functional.owl,730373815,1571033416,2301407231
52aecfef-da97-46f1-9a64-80f56d52165a_aeo.obo_functional.owl,16436274,18016200,34452474
688aa480-d630-4d41-91d3-1b78a7b98916_y.owl.PREVIOUS_functional.owl,167040410,212927610,379968020
approximated_28622bc7-cb98-4f2e-a426-d9635cfc44b5_yrightonto.owl_functional.owl,13896962,9478139,23375101
26897d80-79f5-4393-bfe8-280eabe1f710__march2007.rdf_functional.owl,13028283,1490716,14518999
18980a83-8b08-4a65-8db9-b2d8e805de09_mpath.obo_functional.owl,29404522,44624667,74029189
approximated_92fa8dc5-f1e1-41a8-824c-1f3660dfc5f5_oReduction.owl_functional.owl,22860666,33343086,56203752
approximated_8ad12c88-5058-4a76-a0b3-4a380974341c_biotop.owl_functional.owl,18963772,23421433,42385205
approximated_46de5483-ba2b-490e-ba2a-1a00e2a86bea_Thermistor.ttl_functional.owl,17352709,3910806,21263515
approximated_eb185baa-7385-4933-9ae5-686199ea8e3c_SwTO.owl_functional.owl,13269237,8680630,21949867
approximated_d957afe9-1131-456c-96be-f3a4c3c4f857_OExtension.owl_functional.owl,12567730,3148035,15715765
approximated_c5fa1600-3560-45ee-ab0a-e25da51dd5b6__Ontologie.owl_functional.owl,209743033,32305039,242048072
approximated_idqa.image-and-data-quality-assessment-ontology.8.owl.xml_functional.owl,14213923,13710515,27924438
41ce0d64-4b1d-4803-b6d5-0b03f536adbb_hao.owl_functional.owl,86204842,203783059,289987901
approximated_ce42f3d2-7f3d-45cc-a7c9-27f09449df65_edElements.owl_functional.owl,17611452,6094706,23706158
approximated_genomic-cds_rules_full.owl_functional.owl,3610376187,6698834264,10309210451
approximated_55b94b12-da5f-4c43-9a41-b8332c72b8be_umlssn.owl_functional.owl,20705079,8876832,29581911
approximated_d57f3a03-cb35-4e6b-b8a5-88adf841e112_phenAtmoSky.owl_functional.owl,222603581,242133391,464736972
approximated_bbf8bf85-d523-457d-9d6d-7bc77f2a14fb_o.owl.PREVIOUS_functional.owl,22091140,27096860,49188000
approximated_58ae1ea7-98a4-41e9-b8ac-8954fcdf5d4d_umentation.owl_functional.owl,46692710,62359958,109052668
approximated_93dc286c-c206-47a3-be36-c6b2d3fc0b39_ering_iron.ttl_functional.owl,15651744,3697734,19349478
approximated_1c8f3bf8-b5ac-428b-9ef4-1174e7e446b4_prerelease.obo_functional.owl,201512275,523644285,725156560
5ae4876a-8eb8-4588-a601-36e05462411d_nverzeichnis_T_functional.owl,14376127,880674,15256801
cc26ba5f-6218-4c8b-b8b7-324a55bd78cd_ATO.obo_functional.owl,257059071,746412206,1003471277
approximated_055f620d-9a09-4e52-b3af-b345fb04f61e_Supplements.owl_functional.owl,17563445,12543139,30106584
approximated_8822c90c-1600-484a-8165-4a7fa3c4cc75_siaeModIDs.obo_functional.owl,959666628,2314416690,3274083318
approximated_62e5d462-9a6a-4505-853d-5b3eb2493328_3_20100614.owl_functional.owl,99027128,198782387,297809515
83b5f8b2-fe4a-4359-bda2-952e81670265_ephenotype.obo_functional.owl,923044352,2267453217,3190497569
approximated_00544.owl_functional.owl,230418813,539442599,769861412
approximated_00279.owl_functional.owl,12423840,4547021,16970861
approximated_a2256f9d-c923-4a40-a68e-e775d2949c8e_events.owl_functional.owl,17666857,10108741,27775598
approximated_2bb710b1-fabf-4b78-8aef-8833e5abf0e2_adpresentation_functional.owl,16273217,8732966,25006183
approximated_185b32f5-bc67-4ac2-ac51-ce01fcb0f859_ivacy_port.owl_functional.owl,12364735,3146422,15511157
approximated_ctx.cerebrotendinous-xanthomatosis-ontology.1.owl.xml_functional.owl,41917528,18257785,60175313
approximated_105b9e75-b4bc-4e4f-86eb-50a3086726ab_raamplan.owl_functional.owl,30663428,49982707,80646135
approximated_07eb103b-7996-4b33-9716-c316314e302c_BAO_v09b558.owl_functional.owl,26072102,27822314,53894416
approximated_15a16883-1d27-4e28-9b7b-e9041606088b_Location.owl_functional.owl,11846492,1589439,13435931
approximated_03554b1a-3f4c-4eaf-a6bc-b1ef483dc74d_act_driver.rdf_functional.owl,14734202,3678139,18412341
approximated_184e8ad6-6150-4736-9680-65519e3eb8ca_McDonald27s.rdf_functional.owl,16985226,3754033,20739259
approximated_d1c7527f-ae7b-4bbc-9b5a-456999489111_PaulFisher.rdf_functional.owl,15811888,2947122,18759010
approximated_kb-owl-syntax-unraveled-depth-1-km-relevant-cardinalities-constant-classes-relation-axioms-value-nominals.ofn_functional.owl,444269201,1084332912,1528602113
approximated_e0c729ab-587d-4618-a3e1-29fb1ab901e4_um_cleaner.rdf_functional.owl,19255046,3704212,22959258
approximated_00550.owl_functional.owl,35921127,41947190,77868317
approximated_kb-owl-syntax-unraveled-depth-2-disjointness-triggers-constant-classes-value-nominals.ofn_functional.owl,1179608167,1533037098,2712645265
approximated_b488cbce-e728-4eea-8f8e-186e61b87f3c_Technology.owl_functional.owl,20584421,23970017,44554438
f248f15a-b996-4ac7-ad65-c4c07a3aab3f_tissueinfo.owl_functional.owl,16064322,24681152,40745474
approximated_kb-owl-syntax-unraveled-depth-0-cardinalities-disjointness-triggers-relation-axioms.ofn_functional.owl,370432039,828691196,1199123235
approximated_310a78be-8d32-4ae0-87b8-a1e2953b0969_Fixed_rope.ttl_functional.owl,12134833,3865942,16000775
approximated_9083e138-06f7-4aef-b62b-b29a59cf1af7_Pipe_wrench.rdf_functional.owl,15854831,3662455,19517286
approximated_kb-owl-syntax-unraveled-depth-1-km-relevant-cardinalities-triggers-constant-classes-value-classes.ofn_functional.owl,443866127,1155505677,1599371804
approximated_c55e68e3-2673-4567-a9b4-2c3fb19b4641_Content.owl_functional.owl,17065910,4717679,21783589
90cc715d-ed54-45f5-b266-2e806fb2b97a_amf.rdf_functional.owl,29580859,837262,30418121
034c7b8c-06dd-4c6f-b1b4-1ce3e84c9b07_PW.obo_functional.owl,46970566,59203251,106173817
approximated_60b9ceb6-bc88-4a31-9682-022bc0611c70_bulary_tac.rdf_functional.owl,17461463,4198655,21660118
approximated_kb-owl-syntax-unraveled-depth-4-cardinalities-constant-classes-relation-axioms-value-classes.ofn_functional.owl,379875660,976088859,1355964519
approximated_5c1eab19-811a-43b5-9807-76b3ac1c08f4_r_function.owl_functional.owl,191315599,579011682,770327281
approximated_cd0a1fec-4b85-4a79-bb9b-4ac7c655ce12_oClean_example_functional.owl,10622137,2207082,12829219
approximated_2a164057-3010-4ef7-aeaa-460507ed087d_Smartphone.owl_functional.owl,14522686,10386040,24908726
f7937997-ac84-413f-aced-a7d0571391fa_psims.owl2_functional.owl,51538859,115618003,167156862
1f853c87-59ec-4258-a230-0db909147213_csontology.owl_functional.owl,16624100,6148391,22772491
approximated_76aa0daf-538d-4aba-a84e-1946539d9964_andGlacial.owl_functional.owl,142659995,251511890,394171885
205fd91f-d1fc-4853-992d-43c7e5b35693_A4uterapotheke_functional.owl,14324675,849171,15173846
0c756021-1e52-4a68-9a35-9da860bd0b85_Language.owl_functional.owl,12008631,1756006,13764637
1ff241a4-3d38-4961-b88c-5c9da7c7b292_cerManager.owl_functional.owl,13114882,1931930,15046812
approximated_69770d6c-5534-43e9-9032-ab9a0702b960_n.owl.PREVIOUS_functional.owl,430002876,1181233081,1611235957
approximated_kb-owl-syntax-unraveled-depth-4-triggers-constant-classes-value-nominals.ofn_functional.owl,435580555,856850996,1292431551
approximated_99a96eaf-e131-4285-a04a-0c1842f4cf0c_POWER6.ttl_functional.owl,83901951,3754819,87656770
approximated_a5abf9cb-7bb2-4d58-9967-d4f2deff1c6d_person.owl_functional.owl,20333200,6866481,27199681
00030.owl_functional.owl,394230717,237074333,631305050
32bd69fb-38b6-48a9-83a0-e229b6ae3928_abstract2.owl2_functional.owl,298452076,702953624,1001405700
5a86d8ef-073f-4690-8330-cc5afc20bb0d_unitxp.obo_functional.owl,19244062,3389530,22633592
approximated_60bac925-236d-46d4-8aaa-a3b96f2aec1d_hOperation.owl_functional.owl,152281619,214275462,366557081
approximated_c706b478-486d-48d1-b18e-bddfb25937f9_graphic_RM.owl_functional.owl,15819510,13516836,29336346
ccfa33e7-f5f2-4404-a096-34492755e4c8_Country.owl_functional.owl,21460383,2530095,23990478
approximated_04e28aa9-604d-4782-9fd6-3ba1465d29a6_quanCharge.owl_functional.owl,135406532,212036424,347442956
approximated_c9fd83a9-f0d8-487b-acc5-18e9b6ff15e6_Cream.ttl_functional.owl,10206320,4085291,14291611
approximated_7308728f-3851-4a48-84ee-630cc4ac201e_Robot.rdf_functional.owl,16966915,3776494,20743409
approximated_756a7d78-1836-4da2-a9fe-e2b7bf7d9e52_e42_atwork.rdf_functional.owl,12333800,2940176,15273976
pato.phenotypic-quality-ontology.162.owl.xml_functional.owl,53349031,91454343,144803374
approximated_29a867f9-d489-4127-be03-20320d3ac3eb_thetometer.rdf_functional.owl,21357093,4384725,25741818
approximated_a9092f75-21ac-4900-a14f-3f5d82729771_olTectonic.owl_functional.owl,145725461,247026576,392752037
approximated_a081ac62-8573-40c3-8e60-d87d7c79819e_Loudspeaker.ttl_functional.owl,14230364,3918026,18148390
approximated_7d4c9905-e86c-45d9-a15b-646bdf934b8b_swpatho2.owl_functional.owl,26495853,43275629,69771482
approximated_00359.owl_functional.owl,30288019,67338687,97626706
approximated_50ccb65e-2232-4be6-baa8-1aecbce98232_TO_XP.owl_functional.owl,28522528,45745273,74267801
approximated_5d581452-b35d-4cf5-a7bb-da6d3be46764_E2.0Litev5.owl_functional.owl,9364078,6345721,15709799
1b99efff-7fdf-4fb3-8b01-9d8ab2efc8f1_3702.rdf_functional.owl,23563060,2057847,25620907
approximated_a3c0e2f5-0593-4071-bfe3-85c892887d42_ecrm_111122.owl_functional.owl,25195179,21372655,46567834
approximated_564fbe9d-50fb-4749-af2a-7ad7e89a57f4_nWaveNoise.owl_functional.owl,141816521,248737932,390554453
approximated_14980344-3e02-4323-a05f-e1697a27f833_biotop.owl_functional.owl,18747729,19536346,38284075
approximated_275cfc9a-3fb1-4e8f-bcbf-003f09671928_Swimbait.ttl_functional.owl,13155112,3701193,16856305
approximated_47fa2193-b71b-423e-9ed6-81b7e0adb1cc_onto.rdf_functional.owl,14191390,4626529,18817919
approximated_410dd4ac-bf2b-47ff-ba36-fc6f9d1c2486_Skate.ttl_functional.owl,13872060,3645521,17517581
approximated_497726bf-d222-4d34-bca7-cf90594e1f99_NIF_Dysfunction_functional.owl,77212322,169055714,246268036
approximated_kb-owl-syntax-coreference-IDs-km-relevant-cardinalities-disjointness-constant-classes-value-nominals.ofn_functional.owl,888930781,2245947953,3134878734
approximated_kb-owl-syntax-unraveled-depth-0-cardinalities-triggers-constant-classes-relation-axioms-value-nominals.ofn_functional.owl,151252814,385330685,536583499
00138.owl_functional.owl,19678311,11049537,30727848
82bbbe24-8593-4c74-b17e-4d6e5f45659b_Website.owl_functional.owl,15198161,2233417,17431578
approximated_63c86308-ee29-4a2c-8043-3233116e4795_se_anatomy.owl_functional.owl,112521346,191618893,304140239
approximated_171c0b68-5c7a-404b-9c3e-535959dc051c_ng_trimmer.ttl_functional.owl,19803763,5375720,25179483
approximated_3a1b2628-8c08-460e-8368-673e5b331cc8_Heat_gun.rdf_functional.owl,11178174,3665715,14843889
approximated_f2385330-02bf-41db-8aa6-73b0fcffcba5_Fretsaw.ttl_functional.owl,9813906,3767675,13581581
approximated_07e69a69-26d3-4655-8e28-b978b8b6ea46_Brush_hook.ttl_functional.owl,15250747,3673040,18923787
approximated_4059d7b6-d333-4266-82e1-74e56f760ac5_iting_desk.rdf_functional.owl,14035956,3670628,17706584
approximated_01f0c2d3-7480-48d6-bd7f-27b8e8b74065_Saumagen.rdf_functional.owl,16638745,5086559,21725304
approximated_95e93e67-0968-4169-8e57-c3645ef119b7_Dryer_ball.rdf_functional.owl,16342236,3905142,20247378
approximated_8b056def-133b-4f3d-8342-4aa45fede850_on.obo.CURRENT_functional.owl,355418942,971352755,1326771697
0dd76a43-d53e-4e3f-95c3-0bf86478ad5f_classified.owl_functional.owl,249343019,358140911,607483930
approximated_33ef5eb5-89e6-4cb5-be90-46a5ee5c0e20_ssiondaily.rdf_functional.owl,29959368,30025247,59984615
approximated_85e86651-001c-4e50-bc27-de464e8be209_edgeDomain.owl_functional.owl,129507597,215966478,345474075
approximated_4907f5f7-6fb8-49a4-8f69-33907519ca4e_bio2rdf.owl_functional.owl,18949168,15659499,34608667
approximated_799937b8-380f-41a9-a6f6-901c2b23e3f2_Bar_stool.ttl_functional.owl,12959129,3815473,16774602
approximated_kb-owl-syntax-coreference-IDs-triggers.ofn_functional.owl,594924959,1697340378,2292265337
approximated_77634d14-33fb-4973-9ccf-835ce5af15d9_Trowel.ttl_functional.owl,16956410,3812440,20768850
approximated_6922fbe0-29f6-43da-9657-d04535e8b9b4_Steam_box.ttl_functional.owl,15903776,7673747,23577523
approximated_1daf246d-481e-46d7-97d6-4195f7c0bf53_lusensembl.obo_functional.owl,1994501233,4836318815,6830820048
approximated_c128a6aa-ad8c-424b-a4e4-8358034daee7_compute.owl_functional.owl,15095183,7825293,22920476
approximated_03935f93-d508-4667-b6e0-80a7a7187eb8_oceanevents.owl_functional.owl,15414271,3528789,18943060
approximated_6852ec9c-f026-4bbe-9373-7112947d003f_realmCryo.owl_functional.owl,134863194,211913697,346776891
25dd3bc2-2d6f-4599-b1e6-78fffc8efde2_hema_Bilal.rdf_functional.owl,28614694,8419766,37034460
approximated_4bfef320-2419-4ba3-a0aa-60d87378c172_andAeolian.owl_functional.owl,132445253,215361199,347806452
961fafb9-60d7-481b-8b78-73ab49ca5bfc_iaepanther.owl_functional.owl,98010472,207311716,305322188
approximated_a8064db8-3a38-49e9-bbe2-e513562a72d1_Instrument.owl_functional.owl,130551962,227106635,357658597
ifar.fanconi-anemia-ontology.5.owl.xml_functional.owl,106046222,249252685,355298907
approximated_f547c4c5-1c09-45e2-adb1-e545222262a3_ndardmodel.owl_functional.owl,20022598,15600054,35622652
approximated_2e5361f8-34f7-4f3a-b9d7-463908044ec1_ting_board.rdf_functional.owl,15656367,3800115,19456482
approximated_8d32770b-62b4-4abe-90c8-44770a1c51fc_som2codo.owl_functional.owl,22643707,16916017,39559724
approximated_1d35b4fa-9812-44d0-adf9-68cde31d8273_SYMP_functional.owl,22630392,46248105,68878497
approximated_d1a9fd10-2cbd-4adf-bef8-e153ca6e873d_S0.owl_functional.owl,16152147,3961993,20114140
approximated_3a3b88b3-6a6b-4ed4-a7ee-04d682520f22_scriptions.owl_functional.owl,27969031,20920567,48889598
approximated_f3defe0f-ce09-42c2-9292-3120cf679497_225onto.rdf_functional.owl,12452924,4013813,16466737
approximated_6d2c9559-c779-4709-a397-d43307f630bb_concept.owl_functional.owl,15096549,10631784,25728333
approximated_e44a672c-c8b3-48d5-b352-f8327347700f_4_09_17_44.owl_functional.owl,59986473,33137084,93123557
approximated_20892525-5521-4f2f-b9c9-9122ca8251e1_Crampons.ttl_functional.owl,11312969,3776928,15089897
approximated_4a72d18f-e846-42d4-947d-14fd805fbe93_raptest.owl_functional.owl,27592564,8795659,36388223
approximated_370a4b49-a6ed-4864-8eb3-471e41312f7d_Prstost.rdf_functional.owl,11969337,3669731,15639068
143888a0-8276-420d-84fd-4cfe10824018_ng.obo.CURRENT_functional.owl,15471628,16734146,32205774
ddd6d023-65dd-429a-a01f-2784c1d61f65_WNAffect.owl_functional.owl,13950244,5407335,19357579
approximated_1221efd2-4e6d-4fb6-8dc6-ffdf97fb48a7_core.n3_functional.owl,11841601,8044972,19886573
0fe50fe9-b828-43b6-bbf6-1d0c64e3c2b7_nciOntology.owl_functional.owl,1223091492,2594294305,3817385797
approximated_4fdff6d7-eaf3-4360-8d17-e13a8e888f66_Block_plane.rdf_functional.owl,14421655,3695579,18117234
approximated_8a62b6d4-d424-4b64-b9f7-efd2c1c82d18_ofn2lmm.owl_functional.owl,27863507,27897876,55761383
approximated_3790bf2d-66c8-4fe5-98b8-8bf00d6f10d6_shing_line.rdf_functional.owl,14085401,3798512,17883913
62b298ee-043e-4868-81c3-e5cea01ce7fe_Eukaryote.owl_functional.owl,19722398,8702166,28424564
approximated_124a3d0f-56ea-4d92-a67d-48c826fb4128_iew_screen.ttl_functional.owl,10350613,3855804,14206417
approximated_733093c6-d54f-4403-af25-f5860dd12b6a_Quadracycle.ttl_functional.owl,14611346,3827218,18438564
approximated_debc1f89-53f3-48f7-a8fc-38db277e47ce_rDataModel.owl_functional.owl,139939035,217794016,357733051
09e75e49-a3b6-4326-b42b-15b53069176c_ezeichnungen_P_functional.owl,13974218,851114,14825332
approximated_f5a5cf4d-c97a-4309-8b39-5610cb7b9dc0_H_Ontology.owl_functional.owl,17637127,6609442,24246569
approximated_f396bcf2-274c-4c9b-b57d-423a0c492ab9_ext.owl_functional.owl,940861476,2641415740,3582277216
approximated_c7cf068a-2694-42bb-8996-9a68a9bdfba8_topOnly613.owl_functional.owl,250171649,370005973,620177622
approximated_b9a0e692-a54c-4c47-aec9-ecae65daebc6_realmHydro.owl_functional.owl,137388313,212688248,350076561
approximated_056d71e7-0892-41a6-b455-612f81f80de9_Cast_iron.ttl_functional.owl,14854601,3710260,18564861
approximated_0178f4af-9daa-46ce-b19e-935dfa9736d8__sharpener.rdf_functional.owl,17505494,3668257,21173751
approximated_101878dc-d4e6-438e-9751-36076fd23640_onto.rdf_functional.owl,14273206,5323766,19596972
approximated_1230ad04-0fe8-4831-8a71-20ee3639bce1_Honey.rdf_functional.owl,13005628,3669816,16675444
approximated_cf0e4300-1025-41d8-9041-3b5a1129a021_estigation.owl_functional.owl,27272951,27124979,54397930
approximated_kb-owl-syntax-unraveled-depth-0-cardinalities-triggers-relation-axioms.ofn_functional.owl,138702748,357030398,495733146
approximated_22cbecd4-3367-4d63-b457-69e4ed584abc_phenSystem.owl_functional.owl,143218902,213230241,356449143
approximated_52a27f94-8030-4710-9c32-82926fe8df2c_nkey_bread.rdf_functional.owl,21108385,4463217,25571602
approximated_0b24372f-7712-45cf-bd82-745f31080eb7_IAO.owl_functional.owl,11089693,4578034,15667727
approximated_a9e3953d-5a63-439f-bfd8-c7b7a7a317c8_rolNotamsP.owl_functional.owl,26338632,41143794,67482426
approximated_1005c853-dc47-483d-a607-f3e8b6961b3e_topOnly609.owl_functional.owl,215539721,358442551,573982272
approximated_genomic-cds.owl_functional.owl,2783079226,5306908330,8089987556
approximated_1cb774b6-ad95-4e1c-b419-f34f6e591ce1_ttle_valve.rdf_functional.owl,14612925,3799582,18412507
approximated_00110.owl_functional.owl,31644622,23795304,55439926
approximated_mf.mental-functioning-ontology.12.owl.xml_functional.owl,28499499,41249992,69749491
approximated_2d6d6c2f-ad4c-468e-8094-2cf5cd6f681b_WNDefs.owl_functional.owl,150198403,26349632,176548035
approximated_168cc67e-ff5b-4b6a-9346-66a7579c1cce_er_heating.rdf_functional.owl,16156838,3675459,19832297
approximated_3a13f394-00cb-489d-a0c8-882611cd4afb_BATutorial.owl_functional.owl,22937111,9457739,32394850
approximated_89bfb04f-7c13-427c-bbd8-ad1b580df4b5_abulary_wi.rdf_functional.owl,18021882,7223490,25245372
approximated_8501829a-ef0b-4fbe-b952-e002cb09e1fc_laptops.owl_functional.owl,9794945,3989411,13784356
approximated_ddac5182-315f-4fce-a711-3f9e4d1d01ac_phistolink.rdf_functional.owl,35126662,55609235,90735897
approximated_8ff61c22-45d7-4ca2-9463-8add8d7d5514_cmoc.owl_functional.owl,12080767,12611682,24692449
approximated_obi_bcgo.beta-cell-genomics-ontology.9.owl.xml_functional.owl,76056802,171678888,247735690
approximated_07d71d21-07d8-4007-8bf6-313170b22b72_alcomplete.owl_functional.owl,22516790,8067660,30584450
approximated_479d0fc3-2eef-4155-bbad-be33f539e7df_Common_RM.owl_functional.owl,12569333,8252997,20822330
approximated_7e74de42-a28b-4a49-a7f2-ebf47b564d65_nderbraten.rdf_functional.owl,9421789,3969879,13391668
approximated_00690.owl_functional.owl,51709198,114035359,165744557
approximated_3498a00e-2450-4195-b1dc-44f41c6dc239_cillograph.rdf_functional.owl,10668316,4091593,14759909
approximated_4c37c947-0edb-4e65-be1d-af5e62ada614_reprSpace.owl_functional.owl,129037404,211355806,340393210
approximated_e188a9a1-104e-4050-aa56-95c87561b655_morphisto.owl_functional.owl,15627316,2949844,18577160
approximated_52afd264-ef33-4daf-ba39-28d88e5401ab_ton_cheese.ttl_functional.owl,14875387,3707882,18583269
approximated_kb-owl-syntax-unraveled-depth-3-km-relevant-cardinalities-disjointness-constant-classes-relation-axioms-value-classes.ofn_functional.owl,655226844,1566444123,2221670967
approximated_648cdc4c-92a8-4838-912e-fbc7fbc91625_jet_cutter.ttl_functional.owl,14815486,3693694,18509180
approximated_0820d6a0-d596-48a0-88dd-f08a4f21eeca_Rationales.owl_functional.owl,48137627,18783703,66921330
approximated_00781.owl_functional.owl,27013844,16078827,43092671
approximated_0f88403b-27b1-4c15-8862-c7e85ce0ec55_ExtendedDnS.owl_functional.owl,21957111,21049411,43006522
approximated_c2abef0f-3619-4589-860a-22821e5142ac_ntology_xp.obo_functional.owl,271906375,651670546,923576921
approximated_bdab17c9-38a8-468c-ad6b-edf96334cb15_nTransport.owl_functional.owl,118083332,40611751,158695083
approximated_7ab2b759-f452-411b-acec-ff844c527c94_Pyranometer.rdf_functional.owl,83069948,3790472,86860420
approximated_a5dff68e-fd35-49a0-b9ff-e8761d735ae6_biolProcess.owl_functional.owl,31482947,33301826,64784773
approximated_0f6d6b44-975b-4aad-b441-73164ba93859_Amigo.owl_functional.owl,80141687,12496270,92637957
approximated_d6a35b67-abae-4e1f-b9cb-27c4ae8acff2_onto.rdf_functional.owl,76003712,5253976,81257688
approximated_7fa9c540-3c8c-4ea6-9188-78cd69283470_ching_tool.ttl_functional.owl,70598108,3672729,74270837
approximated_2976729e-9e90-4690-89c7-7d3bb709d75e_istituti.owl_functional.owl,19434122,12444264,31878386
approximated_4d15609b-7129-4bd9-a018-285f8f402c89_xd2codo.owl_functional.owl,105519270,22859019,128378289
approximated_0bcb9c24-1bfc-4380-a47c-d035c809b9fa_herry_soup.rdf_functional.owl,50057005,3692834,53749839
approximated_10023d99-ff0c-4600-8566-f71fea0ced10_biotopcore.owl_functional.owl,17601022,18884054,36485076
approximated_74c5ff5f-81bd-4070-bd5c-fa1a532dc537_Smint.rdf_functional.owl,11058878,3913784,14972662
approximated_e1ae8537-d1c7-4503-8e59-5211f757270c_omalsimple.owl_functional.owl,48352345,103295878,151648223
approximated_bd029434-02c3-427c-a85c-c6e5f7a0de1f_reprTimeDay.owl_functional.owl,136338564,213146820,349485384
approximated_00505.owl_functional.owl,10019720,8229389,18249109
approximated_916ed9cb-a10a-49d7-bbc1-61d9595794b2_PaulFisher.rdf_functional.owl,12818562,3035872,15854434
approximated_2a360b56-cf00-4b38-b3d7-390330daf063_Blachindla.rdf_functional.owl,13044292,3664637,16708929
approximated_c326f1cc-b243-424d-9cea-82f42a419812_epontology.owl_functional.owl,16182554,6818359,23000913
approximated_92fb5d2f-754b-4d0b-925e-6c49d01d6242_ant_coffee.rdf_functional.owl,13005775,3740278,16746053
approximated_38ff03b8-917e-4b0a-a160-2d26157ea4ed_ction_seat.rdf_functional.owl,18149623,3739846,21889469
07fccd6f-2fdc-4c5f-aee6-1edd6611d2d5_EbGdrcN5Y29ycA_functional.owl,59888899,114474888,174363787
approximated_e686d148-d088-4023-ac37-b22ed59054d8_netcdf3.owl_functional.owl,14005366,2745005,16750371
approximated_b545b71a-2659-40bf-9445-3363f1ba664e_iComponent.owl_functional.owl,137216178,211364864,348581042
approximated_000625f4-66a1-4f5a-8513-24d547cdb5cb_nvirImpact.owl_functional.owl,131945787,210370298,342316085
approximated_096e5dcc-b8b5-40c5-82f4-2c00eed01ae4_ding_dress.rdf_functional.owl,12200390,3822714,16023104
approximated_21bf1dd2-e131-4a5b-86ee-3084782bd546_merged.owl_functional.owl,933905590,2617674656,3551580246
approximated_d1f30083-aa94-4745-a45c-4f5d60fadd8c_Vicon.owl_functional.owl,15907450,4390128,20297578
approximated_a085debd-ca56-457f-b403-b9938f6f43b1_core.owl_functional.owl,695515077,2140968495,2836483572
approximated_c1e214a0-37d4-4cd2-8868-10743fafff20_neistituto.owl_functional.owl,18170370,12361997,30532367
approximated_2a5cafb9-87c3-4776-900a-ac5cb5196348_Hex_key.ttl_functional.owl,10610445,3654075,14264520
approximated_00477.owl_functional.owl,5936340794,10859063931,16795404725
approximated_1f8b0a10-be30-44b9-a02c-f7d6eecd673a_tail_dress.rdf_functional.owl,16157577,3670127,19827704
approximated_kb-owl-syntax-unraveled-depth-0-km-relevant-cardinalities-disjointness-triggers-constant-classes-value-classes.ofn_functional.owl,415516934,935265628,1350782562
approximated_916b0ecb-7569-4797-9535-63efbfe840b8_onto.rdf_functional.owl,11831457,5308134,17139591
approximated_42546a60-b76f-4eb7-a1b2-511aa6403b09__interface.ttl_functional.owl,12727258,3917719,16644977
approximated_56bfc13a-df7a-4bb8-8c6f-c15d1c96d9cb_Salpicon.ttl_functional.owl,15400866,3721196,19122062
ba4089c6-1a4a-443d-a899-0db878457501_BRInferred.owl_functional.owl,8805293,5344607,14149900
approximated_0ee21d9f-074e-41fe-9802-93934a10da46_visitor.owl_functional.owl,12678878,5329795,18008673
approximated_12336be9-e5c6-428c-a2ea-248dbf46d6f8_vsto.owl_functional.owl,16502931,8756836,25259767
8014c327-948b-42ed-865e-f2f546ee15d8_classified.obo_functional.owl,30599797,60581703,91181500
approximated_5db4d34a-be91-434b-a961-cb1db44e07c9_Van.rdf_functional.owl,17158578,3738659,20897237
approximated_16389419-2fd9-4b49-abe9-ee2659d190fb_adjustments.owl_functional.owl,23295918,22617589,45913507
approximated_00513.owl_functional.owl,19367095,17853776,37220871
approximated_cb7248c9-4a13-4e6f-be2b-d6d5eda233e1_tologyV2.0.owl_functional.owl,33750690,34762483,68513173
approximated_kb-owl-syntax-unraveled-depth-1-disjointness-relation-axioms.ofn_functional.owl,784227991,1532333006,2316560997
approximated_84814296-56e5-429c-81cf-da91b895205e_urdu.owl_functional.owl,12264052,3133099,15397151
44716794-d43a-4e55-97bb-ca6c0d2d8a01_wbbt.obo_functional.owl,291323246,711503887,1002827133
807889f1-dc9e-4c0a-84d1-a119276e0d06_regulators.obo_functional.owl,15875284,2590173,18465457
approximated_5342ed42-7637-4712-9e5e-b54f1d9ca075_Affogato.ttl_functional.owl,12259395,3875972,16135367
approximated_270cff5d-67f4-4521-9a61-104a2206450f_Shaper.ttl_functional.owl,13185628,3842397,17028025
approximated_00420.owl_functional.owl,114263506,318126429,432389935
f01166a0-9a6f-421f-b380-a85f66db4be2_GrandPrix.owl_functional.owl,7231209,884712,8115921
08308ae2-7078-45f8-8553-d3be59a03175_ratebridge.owl_functional.owl,268324124,259776576,528100700
approximated_1c6fa4e4-6445-4f97-8cb6-d29abbb098f8__component.owl_functional.owl,108068473,172859193,280927666
approximated_1c638dd6-b4f8-4e00-9c20-97a79e6c8b9b_gd2rServer.owl_functional.owl,118486402,10245917,128732319
approximated_174665ca-f7b7-4317-8ed3-5ecc29a278a5_owl10b2lmm.owl_functional.owl,39571983,44031706,83603689
approximated_be5e0b83-621a-4163-b810-010238ba71ba_dOntology2.owl_functional.owl,19504514,7616724,27121238
approximated_15b50ba3-e082-44e9-8480-2d80ce08c4b1_lla_cheese.rdf_functional.owl,14162959,6867539,21030498
approximated_212e0a70-5fce-4f53-ac2a-88d54380ac89_Saloio.rdf_functional.owl,12714943,4179817,16894760
approximated_37ec504c-2262-4e75-ae16-ac1dbbf8e839_lRelations.owl_functional.owl,11835742,6897953,18733695
17ca5ff0-3d29-45e6-9f80-c1ff6c41a18e_onto.owl_functional.owl,11742310,3300240,15042550
approximated_c0093cdb-d3ad-493a-933b-ae121eb751ee_testRes.owl_functional.owl,10243950,1837290,12081240
779ef1e1-acf5-4a43-8c9f-1be6d5099194_viorsimple.obo_functional.owl,24154286,42958996,67113282
rh-mesh.robert-hoehndorf-version-of-mesh.3.owl.xml_functional.owl,10732577522,24006911903,34739489425
c87825a8-ced4-4d6d-8cd3-ee2da2e82c68_bodyobject.owl_functional.owl,99370045,9321425,108691470
approximated_00340.owl_functional.owl,78762891,5976871,84739762
approximated_86d53811-cc46-450c-8845-b8d286e9462e_Rectiformer.rdf_functional.owl,59465835,3698092,63163927
495ad0f9-f7a6-424e-8778-28f12182d6c1_ss_xp_cell.owl_functional.owl,45951929,19122678,65074607
0145c9fc-5708-4517-a909-1e574b4c39db_nboel.obo_functional.owl,273225838,63830844,337056682
approximated_0872ce09-5943-4f1c-a191-58d36679f4e3_lexicon.owl_functional.owl,199620023,13086937,212706960
approximated_69c07f76-4b61-4534-9927-31ec4d8f5038_AAkeysv1.0.n3_functional.owl,260283129,34076819,294359948
approximated_426785fa-25bf-492a-93bd-ec2607ec7098_clinometer.rdf_functional.owl,106727487,3661502,110388989
approximated_21d2e946-18c6-4cb3-bae0-5a9c2f03ad25_Babysitting.rdf_functional.owl,108551994,3765568,112317562
7a528067-4cef-44d4-8b92-d0850cbf5189_fbcv.obo_functional.owl,30472199,31502230,61974429
approximated_kb-owl-syntax-unraveled-depth-4-km-relevant-cardinalities.ofn_functional.owl,585529808,818528366,1404058174
1b0f7276-4481-4ccd-a269-56d1edc49c3b_ianaentrez.owl_functional.owl,1760161344,835297667,2595459011
c669669d-7a04-410c-9474-1f6e46230556_BioLinks.owl_functional.owl,49271648,11265162,60536810
approximated_2fe73174-55da-465e-87c0-0c6682bb3fd4_ngineering.rdf_functional.owl,15979205,3732411,19711616
approximated_3d1c5660-5e27-4439-9c4c-5e6a73e0bad6_Beef_tongue.rdf_functional.owl,8886258,4559921,13446179
approximated_168f552a-9fa8-4009-a32d-03d4aef08a39_ceDistance.owl_functional.owl,135629288,212621686,348250974
approximated_58cdd616-9f8f-4956-a0f1-acc56d9a9936_Microbiota.owl_functional.owl,138910268,249199365,388109633
approximated_c06f618d-66a7-432e-890e-d2592d17bb7d_009UNAeasy.owl_functional.owl,813023139,71613535,884636674
approximated_94f1b84d-205d-4de0-810a-6ec2a9f08695_sio.obo_functional.owl,37542015,72554605,110096620
approximated_2c74dd6c-05e9-441a-9893-93be451430e7_Saffron_bun.ttl_functional.owl,10891367,4317496,15208863
approximated_pdo.pathogenic-disease-ontology.3.owl.xml_functional.owl,19412767,13670343,33083110
approximated_e1634697-665f-487d-a985-7135bd1fa0a8_rbon_steel.rdf_functional.owl,12838867,4000959,16839826
approximated_8ff9cc67-bd62-455c-9573-999224b512c7_onstituent.owl_functional.owl,142424054,250692121,393116175
approximated_1a037ae1-e3ff-4564-a364-4397e736f319_lisensembl.obo_functional.owl,1446449488,3277751096,4724200584
approximated_2f79d508-b59e-45a8-a477-e32320b2933f_Valve.rdf_functional.owl,17241735,3741918,20983653
approximated_kb-owl-syntax-unraveled-depth-3-km-relevant-cardinalities-relation-axioms.ofn_functional.owl,362223655,916771562,1278995217
approximated_48b31924-6ad5-4b16-9825-71feaddf587c_multibeam.owl_functional.owl,17079746,5576589,22656335
approximated_a1d2ac96-ed93-4bb5-bc06-00559649b63d_complex2.0.owl_functional.owl,17362397,5029031,22391428
approximated_45cf1522-b03b-4b1d-ac2f-ee52c882042f_ent_cheese.ttl_functional.owl,12965584,4069434,17035018
approximated_c0024c00-e70f-46d5-a30a-3c1f80bf0031_pienstaxon.owl_functional.owl,1671932238,3119542428,4791474666
approximated_1f57378b-9f87-4c1e-90c4-b92bfd1705ce_Roland_MT32.ttl_functional.owl,15134397,3717053,18851450
approximated_kb-owl-syntax-unraveled-depth-2-disjointness-triggers-constant-classes-value-classes.ofn_functional.owl,722500625,1600409958,2322910583
4b54e80a-cabc-40d4-9348-32507da9eebf_esistance.owl2_functional.owl,87757098,223938188,311695286
approximated_14c1690b-e578-4a32-b6a3-5479f1f5af1e_mantics_v2.owl_functional.owl,21848902,23069320,44918222
xco.experimental-conditions-ontology.48.owl.xml_functional.owl,13569387,27395971,40965358
approximated_8aef9aba-9d35-4866-8b9f-dd6129c96d5a_onto.rdf_functional.owl,14912093,5161532,20073625
approximated_18811a36-1b4e-4aac-bc91-d291faf55662_LMM_L2_v10.owl_functional.owl,25975392,20363783,46339175
approximated_79eda219-06ef-4771-96f1-5083ace69afe_onto.owl_functional.owl,8638597,5288327,13926924
approximated_42123f96-f3b4-4875-9b8a-6b6b1da45463_mlso.owl_functional.owl,16289773,10351609,26641382
approximated_94e100d0-92a5-40cd-b09d-11e1b5236cec_t_lavatory.rdf_functional.owl,11494922,3664115,15159037
approximated_859ed50b-ff20-490d-b4e7-5f513b7dd133_saengerrna.owl_functional.owl,24559625,26659258,51218883
approximated_91d671b7-7119-4100-ab45-12625a52e3ff_Rstarvs10.owl_functional.owl,122965344,21502377,144467721
approximated_034657bb-ae7e-4db3-a67b-b19c77715ace_ty_harness.rdf_functional.owl,17160396,3719503,20879899
approximated_011882ed-0797-486f-945c-406cab4ed654_Headgear.ttl_functional.owl,11035780,3843783,14879563
1e655281-cec3-4e76-b190-ff065b667086_t_ontology.owl_functional.owl,63936484,133149795,197086279
approximated_a5de6677-f866-4add-bfe5-bab94aeaec81_EnergyFlux.owl_functional.owl,143406891,247612832,391019723
approximated_8e638331-bd8b-46d6-9cfe-a8a082e4c7d2_Instrument.owl_functional.owl,29101349,39370253,68471602
approximated_d8b7cf59-d132-4c0d-b33e-92a3a01234d5_eh_Arabieh.rdf_functional.owl,16571799,3675847,20247646
7eb212d7-1dbd-41fa-8496-1935bece5a26_RugbyPlayer.owl_functional.owl,19621133,1756643,21377776
approximated_4f8c0e42-ef62-45e3-8dd3-1057a6047d43_myOnto.owl_functional.owl,15763110,4891854,20654964
approximated_99bba4d3-6998-48b7-a1ed-a334016cdb7c_doc16.rdf_functional.owl,30136091,19332711,49468802
approximated_d65d997d-aa38-4638-8703-b3faecbdc7ed_ithesaurus.owl_functional.owl,4198879009,8508835890,12707714899
approximated_0da869df-aa47-4094-8b45-d8adcd274acd_ecrm_100707.owl_functional.owl,24915345,21219424,46134769
b223b66e-81e0-4aaa-8a4d-e7e5f5e35d17_SMW_extensions_functional.owl,21062434,1584527,22646961
4061843a-3fd2-4186-b15e-6631ceab65b0_onto.rdf_functional.owl,14278005,4233781,18511786
approximated_2df83f4e-d992-40c1-9c7f-783c51b9dcde_de_battery.rdf_functional.owl,15612138,3783057,19395195
approximated_4b4c4c11-a7e8-412b-b17e-0838b1e763d9_ly_network.ttl_functional.owl,14918490,4041784,18960274
approximated_79617b32-e5f0-4a55-874d-53d625258b17_Thesaurus.owl_functional.owl,2975547176,5422171317,8397718493
c7403c2b-f907-4329-9760-9c87cafa387d_ctermsrelation_functional.owl,20636394,2444849,23081243
approximated_887565f2-6ed2-40a8-abfc-c7fbac0d454c__converter.rdf_functional.owl,14645409,3660458,18305867
approximated_af21ae98-5b25-4c88-af11-89b5f9cbcf08_management.ttl_functional.owl,12065123,3663330,15728453
approximated_1b8fd0d2-5e00-4472-9299-11b11604ad18_edElements.owl_functional.owl,17245233,8242382,25487615
approximated_43b34e6a-f2dc-4813-90aa-8cadfa6c4bc3_mAstroBody.owl_functional.owl,135506035,211706591,347212626
approximated_03442ce5-7960-4861-9f0a-1562d3f49c09_ao.owl.CURRENT_functional.owl,22134983,26101437,48236420
794bfd83-b766-45fb-9b0d-5ad0a6dba752_typemerged.owl_functional.owl,51873798,114263431,166137229
approximated_cf24f337-5263-4187-9559-9fb86f3a5fd1_Knight.rdf_functional.owl,18764238,3278040,22042278
approximated_171ea4bb-92f1-499d-84b2-f7c2df976132_and_health.rdf_functional.owl,10384144,3692231,14076375
approximated_dedc0af3-2753-4919-9740-c5bff02f6582_DP1.22.owl_functional.owl,16391042,3158884,19549926
approximated_22484eda-8103-4d4b-9980-9e139cfd0f3a_MOmodular1.owl_functional.owl,387127602,669433369,1056560971
approximated_40977513-9e60-41d0-ac27-dc417d16ae65_mnov192004.owl_functional.owl,15977287,16198188,32175475
approximated_b0305065-1b29-49ca-a8e7-1930dab6cf55_propIndex.owl_functional.owl,171896497,214515620,386412117
approximated_bb9f786a-6dcc-474f-8097-5d825fb9703f_Design.v13.owl_functional.owl,75756390,7571465,83327855
approximated_40263d28-23c5-44d7-9d44-ee94d53fa3fe_estigation.owl_functional.owl,74164057,31263121,105427178
approximated_5c43b0b8-b1d1-4002-b3af-603d65db6ae1_arm_cheese.rdf_functional.owl,75136256,3710958,78847214
approximated_84296309-8fff-49c7-b539-3ae0831863dc_moduli.owl_functional.owl,24999739,15465848,40465587
approximated_1b81ea35-983c-4230-ba83-86a93eec7c87_tric_watch.rdf_functional.owl,77495825,3637549,81133374
917ed205-2afd-4cfe-95a6-0d9be21e3b0c_slim_plant.obo_functional.owl,16718050,7456285,24174335
approximated_ca7123c6-6206-42e1-b070-4d51942c882f_Micrometer.ttl_functional.owl,56973390,3767541,60740931
03e89000-6869-4c1c-95dc-bd069b154b3a_classified.owl_functional.owl,19337530,31210986,50548516
approximated_14e21c67-ac27-4f8a-abf6-0b8e8cec5c7c_onto.rdf_functional.owl,83757044,5528714,89285758
approximated_1e657d27-1ae8-4d93-b762-69745fff1aee_idgeClosed.owl_functional.owl,55864139,6265909,62130048
approximated_a086cc23-d2bb-4417-8eaa-0835fdfcf26b_schema.owl_functional.owl,60848224,6988090,67836314
approximated_b0e41004-2748-443c-8e9c-61c3f81dc24b_Fruit.ttl_functional.owl,65532190,3623117,69155307
approximated_4ad6a722-f425-4177-af22-00c3866f3df5_Bohrium.ttl_functional.owl,15737628,3695247,19432875
approximated_e823ed3c-8c9e-4c62-a3f4-8821ffe77388_ontology.owl_functional.owl,17127256,5161673,22288929
f45812d8-8ea9-472a-8b02-aabd7948e6f4_GenreCS.owl_functional.owl,59375247,19555926,78931173
approximated_de98e0c3-35ca-490b-af8b-b450bed425a1_cerif.owl_functional.owl,34774305,26082111,60856416
approximated_59c42aeb-6dc2-4824-a7ec-6aed305e2aa5_alModel2.0.owl_functional.owl,19142117,14070667,33212784
approximated_00511.owl_functional.owl,19080918,25436285,44517203
approximated_d6658c0b-1a86-4c53-b05e-aaff4d6c8842_nWaveNoise.owl_functional.owl,131499681,210185136,341684817
approximated_2c1cb68f-7240-47d0-8817-a1e9e0aec931_classified.owl_functional.owl,479150505,1020458360,1499608865
approximated_17184bb7-b3b9-4a1e-9c47-824c971a247d_FMolecule2.owl_functional.owl,414887228,785303713,1200190941
approximated_aura.kb_bio_101.1.owl.xml_functional.owl,917024905,2382511471,3299536376
approximated_08e43d27-0332-45ed-9e88-7d714b35fdca_Toffee.ttl_functional.owl,10899280,3926852,14826132
approximated_84088311-bd85-44b0-a786-820d92c4d94f_gold.owl_functional.owl,22147923,7059830,29207753
8c01261b-8bc8-4667-bef0-a4279b20d181_envo_xp.owl2_functional.owl,49036714,101361251,150397965
cf6d3f83-bc51-40b8-b833-468095850b37_Book.owl_functional.owl,19088930,2959466,22048396
approximated_50261e1a-1d2d-4997-9d9e-4f40bf0e34ad_etourism.owl_functional.owl,19530049,4619787,24149836
approximated_187ba1ad-7e0b-4a62-b4bd-6a00170be2cf_controller.ttl_functional.owl,14546244,3984015,18530259
approximated_7617f240-1835-48df-b1a0-78d42e592e67_aise_sauce.rdf_functional.owl,11229185,3802549,15031734
approximated_ca61db54-fa88-47a3-9b4f-a19d3359eb65_PaulFisher.rdf_functional.owl,12484951,3214116,15699067
fb-bt.drosophila-gross-anatomy-ontology.26.owl.xml_functional.owl,515152349,1284108945,1799261294
35f4a78e-9c89-4d5c-a31d-169ec5c9820d_pacs.rdf_functional.owl,88716447,187067845,275784292
approximated_0e025da0-9058-4f9a-aa7b-a39b6ab9aaaa_Crab.ttl_functional.owl,14287888,3900741,18188629
approximated_0ce73ce9-af29-4567-b4ad-e8abf1814f74_ityClasses.owl_functional.owl,25459945,11702417,37162362
approximated_Oly.owl_functional.owl,971170565,185510734,1156681299
91a63a65-f094-42d0-8c94-1c2b3df353d1_fma3.obo_functional.owl,4078295328,7385192749,11463488077
approximated_00e79123-2fdc-452d-a7dd-b60089839ba2_onto.rdf_functional.owl,14733119,4914485,19647604
approximated_5101ac50-defd-457e-a6f4-62f2e9ce5738_phenotypes.owl_functional.owl,19296986570,25346682692,44643669262
approximated_18d69173-cf8b-4141-b8d2-7c73a834c95d_ncitations.owl_functional.owl,93007252,190713732,283720984
approximated_1864f82c-5946-4dc4-a386-a3db5f0ca94f_graves.owl_functional.owl,13399796,5082297,18482093
approximated_e4fe7fb5-3d1f-44bc-9cd3-4af7cf91c333_ISTAR.owl_functional.owl,26758446,16826852,43585298
approximated_45185f01-dd24-4dff-ace6-f9245a8be3c5_44_battery.rdf_functional.owl,12535600,3667256,16202856
approximated_5e456b79-e2a8-400c-88ec-c922fb1ea8db_cheminfcore.owl_functional.owl,21506154,22572519,44078673
approximated_5878f03e-8e98-44b6-b462-1afbc2446be5_Amiga_500.rdf_functional.owl,13643665,3744217,17387882
approximated_kb-owl-syntax-unraveled-depth-1-cardinalities-constant-classes-value-nominals.ofn_functional.owl,458595012,1127928616,1586523628
caa981d8-f2ed-4a7f-bf2c-b586c0de8b55_trait.obo_functional.owl,34256097,71813791,106069888
approximated_4c6c7dc4-1d76-45ec-8e71-5f40bd6f0772_PaulFisher.rdf_functional.owl,9441561,3185329,12626890
c393f17c-fa7c-4487-87a4-736a1644024c_FlyBase.obo_functional.owl,1355861094,2336204947,3692066041
approximated_54137f18-e63e-48d2-b552-fd7b9cacc7de_transistor.rdf_functional.owl,15832919,3810372,19643291
76a92abf-296e-452a-b67c-0f751ddad505_e.obo.PREVIOUS_functional.owl,25401938,26234543,51636481
approximated_261f18de-581b-4334-9bd1-fa87028404cc__component.owl_functional.owl,81764981,215464984,297229965
38b1684f-7e84-4f0b-a7dc-6fe392b833d0_aeoedit.obo_functional.owl,19693358,18765623,38458981
approximated_921b516a-551c-4a1e-aa37-2d5261fc155d_GPCROKB_11.owl_functional.owl,18302526,5544464,23846990
approximated_e5f71bd3-a645-40f8-850e-65bb948df35b_stor_array.ttl_functional.owl,15046935,3650629,18697564
approximated_e0c43086-8882-4b88-a104-de9d7a33cf16_domfi.owl_functional.owl,61890327,44686487,106576814
approximated_3c49103d-f551-4d07-bc39-f02f12eb122d_figure10.owl_functional.owl,20435854,18088326,38524180
33086dde-d0d0-4b96-9871-d3579e349e57_nalisensfm.owl_functional.owl,422129599,972585832,1394715431
approximated_058c0fbb-074c-4b5f-97bb-a18cc30861bd_paldataont.owl_functional.owl,15773956,7162687,22936643
approximated_00368.owl_functional.owl,578193128,1747982985,2326176113
approximated_3b10bb8c-a109-46dd-878c-e84f09fa389e_ter_pencil.ttl_functional.owl,16791704,3858899,20650603
approximated_e5d69675-de32-4951-b218-e335b65dd2b2_phexample1.owl_functional.owl,20576934,7649054,28225988
approximated_bd99f4b3-1a1f-42b2-8fa5-ffefa0f458f8_GUM3.owl_functional.owl,17072186,11378564,28450750
approximated_30d13f17-711b-4ccc-8136-683af58a7386_Asparagus.ttl_functional.owl,13040289,4439873,17480162
85e7b868-f851-450f-943d-c2cfe8f8ecac_ish_label.rdfs_functional.owl,26094074,7018451,33112525
approximated_1179bf2e-f16c-47ce-873f-2ebc1ce03536_uselkuchen.rdf_functional.owl,10839140,3660134,14499274
approximated_1e39ce6b-53f3-4791-8b09-4aff4d8c1ab9_IOLite_v18.owl_functional.owl,26150957,16887110,43038067
approximated_6a7b493f-1068-42e0-8add-3bb83394643b_ery_hammer.rdf_functional.owl,10481217,3704657,14185874
approximated_1e3d1cc0-60bf-4423-9102-e897a08855be_ingle_Chip.rdf_functional.owl,13707199,3715216,17422415
approximated_kb-owl-syntax-unraveled-depth-0-triggers-relation-axioms.ofn_functional.owl,136495996,359436610,495932606
approximated_4c6aaa85-bca5-4387-a2a4-f905b797c77f_bca00030.owl_functional.owl,37969470,6705324,44674794
approximated_4acbf35f-a8df-4e29-b330-7d89fc62daa0_O3DVT.owl_functional.owl,12972718,7530651,20503369
8dea6909-e11f-44a5-b969-0086de407b74_leganstype.owl_functional.owl,849986290,2539461427,3389447717
approximated_1fb28bfd-5caf-4112-b7c2-eb7e14849359_tension_02.owl_functional.owl,102745606,128118513,230864119
bc91878f-cd84-489e-bad7-6682c3f0a0e7__pathology.obo_functional.owl,16813540,32662866,49476406
approximated_ab8734cc-3503-4967-8af0-7feda2265c1f_question.owl_functional.owl,34156612,8958988,43115600
approximated_00582.owl_functional.owl,21902525,38387538,60290063
a5eb03d2-6547-49f7-a0b8-69014b2c243c_e_anatomy.owl2_functional.owl,83788534,202365790,286154324
a5300918-ef9f-4cf6-8e0e-eda47f3b93b9_tectedArea.owl_functional.owl,26095604,2276209,28371813
approximated_12295b6b-5a4a-4bb1-9c0a-b7e626292604_y_interval.rdf_functional.owl,18018556,3914845,21933401
approximated_13733e8c-4027-44c3-9c01-f7a1e9762b07_onto.rdf_functional.owl,16631176,5161153,21792329
4cc438d3-cc07-402f-ba30-2aceac2dd268_protlabels.obo_functional.owl,94911737,224573717,319485454
approximated_e5ee3a0a-57f0-447a-88c1-bb9c6fcf2a5b_tadatasets.ttl_functional.owl,15066101,2123932,17190033
approximated_8b4ded14-b55c-451a-8ecc-8d5d23e55caa__functional.owl,23928653,21494294,45422947
approximated_2fadea1e-6833-4ee7-b2a4-a55833e0463f_EASE_functional.owl,15511646,9657981,25169627
de90359d-d9ba-4852-9d0d-2b1dc137c0c2_GolfPlayer.owl_functional.owl,13449020,1516702,14965722
approximated_8ed3ae64-3076-4ec4-ba50-ffd2b86335a5_Swiss_roll.rdf_functional.owl,17554663,3682952,21237615
approximated_f9fdfcf2-048c-4a14-9847-9f99e57e108b_Sex_worker.ttl_functional.owl,11403091,3711134,15114225
approximated_a1701811-0f39-46e0-9038-e19bc2bb9ef3_mds.owl_functional.owl,17493936,6697939,24191875
approximated_7255322a-fa59-4d59-bc2d-359b4d17deb7_mecv.owl_functional.owl,15190661,10409431,25600092
approximated_acbec5d5-54dd-40cd-aa31-a46ebbee0c74_iaomain.owl_functional.owl,13604519,11167225,24771744
approximated_oae.ontology-of-adverse-events.22.owl.xml_functional.owl,101714884,245104644,346819528
approximated_4c88b856-66dd-4d81-bb78-c9b8256ab126_Pectin.ttl_functional.owl,15780879,3771733,19552612
internano.internano-nanomanufacturing-taxonomy.123.owl.xml_functional.owl,16110879,12518149,28629028
approximated_20b7cd2f-ccc2-4a9b-91a7-672d5d0b8d2f_EnergyFlux.owl_functional.owl,138564317,213131212,351695529
approximated_0eb403ce-063b-4c04-b30a-7adab65151ba_Kahla.rdf_functional.owl,13191865,3890053,17081918
8309fa38-4653-46e9-ae2d-1d1202c63c20_theme.owl_functional.owl,17872108,10096439,27968547
00160928-56f7-4a74-81ea-1adc92544a13_classified.obo_functional.owl,169364055,361437477,530801532
approximated_00593.owl_functional.owl,50741441,112048852,162790293
4ce5bff9-d12a-4f0a-8325-0f52f0c28764_classified.obo_functional.owl,49425196,128121184,177546380
approximated_18947f63-d0bc-487f-8bd0-73177fec5e00_amework2.0.owl_functional.owl,38459239,19799037,58258276
approximated_kb-owl-syntax-unraveled-depth-3-triggers.ofn_functional.owl,358935175,917868973,1276804148
approximated_270de39c-967b-4435-aef7-454685a814e5_Vacuum_tube.ttl_functional.owl,14259543,3725865,17985408
approximated_94504746-e46c-4960-a3ab-d90506848919_ns.owl_functional.owl,11914025,3980408,15894433
approximated_762f1c87-8f87-4f2f-a56d-f0b0deaff07b_Caffeine.rdf_functional.owl,16528205,3674649,20202854
approximated_46724305-ac5e-4986-8799-e34a75ab0746_Hataki.ttl_functional.owl,14144706,3658334,17803040
approximated_2c68bb2e-7ccf-4d01-bdfb-5f9007dce612_eDirection.owl_functional.owl,25800979,27562297,53363276
approximated_84d4b363-85ec-4720-a67a-1290c85cf306_prerelease.obo_functional.owl,382865336,993247666,1376113002
8ce26445-6ba5-451b-b3bf-a12255bace96_classified.owl_functional.owl,271099984,627630176,898730160
approximated_rxno.name-reaction-ontology.22.owl.xml_functional.owl,107501669,62561651,170063320
approximated_1c33e136-9f14-4127-ac0c-f3d874b51133_Cuttlefish.rdf_functional.owl,111056472,3660911,114717383
approximated_18b0d680-3ac2-4ff2-84e4-89c7e5fbd0ad_PA7100.rdf_functional.owl,16195907,3999434,20195341
approximated_a9c16443-6bb6-4273-8522-b3bd809ea91e_matrAnimal.owl_functional.owl,205983745,248556078,454539823
approximated_889f9c76-0316-4830-ba45-72974f98ea88_Pentium_M.ttl_functional.owl,9125354,3792560,12917914
8f80081c-c258-466b-a9f5-efa4b5610fb3_seontology.owl_functional.owl,499783269,1080782266,1580565535
approximated_1ebe9369-4009-4e83-aa99-d6aff195726a_traints1.0.owl_functional.owl,17119941,4236375,21356316
approximated_7e61a086-9c91-45f3-8c4b-8b7ef542bb9b_family.swrl.owl_functional.owl,11354941,4185711,15540652
approximated_5cea8748-f789-4c38-8990-5f955d623231_Hoop_cheese.rdf_functional.owl,14688574,3798992,18487566
approximated_13eacac6-8b1e-4366-82e0-047c9f208f19_realmAtmo.owl_functional.owl,135205622,213116438,348322060
approximated_02f7e0e7-5978-4e16-b396-c461362525e6_SAO.owl_functional.owl,28365291,50526311,78891602
approximated_98d6b0fe-d8df-4d5c-a022-6d0cffce31c2_Swordfish.rdf_functional.owl,11118674,3951596,15070270
approximated_00775.owl_functional.owl,449867884,45730853,495598737
d70388c3-a914-435d-8fa2-523b25286cf1_psims.obo_functional.owl,52176614,116512939,168689553
approximated_c2ee8d34-9110-4467-a6fa-74d2940e4c8d_S1.owl_functional.owl,9903141,4164319,14067460
approximated_18b925f2-c3bf-4c07-b15e-8ee05a729bc2_onto.rdf_functional.owl,14423796,5058548,19482344
approximated_dbd797c6-78db-4641-be20-6a2d54a5f8db_dKnowledge.owl_functional.owl,12833872,3949198,16783070
approximated_c8523082-dcba-4b83-8686-fb78a5251b67_evelopment.owl_functional.owl,156307000,257834056,414141056
approximated_kb-owl-syntax-unraveled-depth-4-km-relevant-cardinalities-disjointness-constant-classes-relation-axioms-value-nominals.ofn_functional.owl,638565670,1447478036,2086043706
approximated_a9e38d0a-af7c-4cd4-94bd-be749a3268ce_tching_awl.ttl_functional.owl,16001670,3832283,19833953
approximated_c343f7b1-c70e-4dbd-bef7-0d3b9aaf6fd7_prsimple.owl_functional.owl,1626192451,5099907671,6726100122
approximated_5da4636a-4d8b-43e8-b70a-f47ee9255559_oLightning.owl_functional.owl,137851353,213149429,351000782
approximated_debd80a8-aed0-4120-ada1-24129eda42c8_swrelonto.owl_functional.owl,17479568,6427138,23906706
approximated_cogat.cognitive-atlas-ontology.6.owl.xml_functional.owl,98833959,208706047,307540006
approximated_kb-owl-syntax-unraveled-depth-0-km-relevant-cardinalities-triggers-constant-classes-relation-axioms-value-classes.ofn_functional.owl,157420749,413378875,570799624
approximated_kb-owl-syntax-unraveled-depth-3-disjointness-triggers-constant-classes-relation-axioms-value-classes.ofn_functional.owl,1055169808,1547735104,2602904912
fb041c6d-5afc-4d45-be4d-eeba067edb75_President.owl_functional.owl,13501183,851804,14352987
approximated_49aa8b61-8b53-4b87-9c49-510a53099698_swum.owl_functional.owl,14050744,4774045,18824789
approximated_26f0d40e-c31f-4421-b927-5197a1e6e0c1_PIN_diode.rdf_functional.owl,13625364,3731307,17356671
approximated_03d462b7-857b-416e-90cb-b7ffe395e22f_Multitool.rdf_functional.owl,7918092,4439321,12357413
approximated_5a28b67e-20cc-4d92-a656-fa139e8b4a32_ce_objects.owl_functional.owl,93359055,165060721,258419776
approximated_fee2724f-5d72-40c1-961b-394a2677c8c5_DOIDBridge.owl_functional.owl,184622247,496360594,680982841
approximated_7c892a26-f017-4996-b480-26ceeb6e335e_mantic_browser_functional.owl,14477411,1725865,16203276
approximated_00416.owl_functional.owl,1293233147,3812546876,5105780023
approximated_00540.owl_functional.owl,289572439,812851821,1102424260
approximated_kb-owl-syntax-unraveled-depth-4-constant-classes-relation-axioms-value-classes.ofn_functional.owl,358815400,929468723,1288284123
approximated_7957facd-c51a-4a92-a5b2-82b72c21e5a7_gist2.owl_functional.owl,15799601,6744598,22544199
approximated_562d26b3-68bf-4fa4-a9f7-c9208c3dda3f_dtn.owl_functional.owl,12571126,8128863,20699989
approximated_63e7aea2-ec18-4968-93cf-65e63b710769_ansuniprot.owl_functional.owl,147175643,272095110,419270753
approximated_DPC2.owl_functional.owl,1547798769,476182972,2023981741
approximated_kb-owl-syntax-unraveled-depth-3-km-relevant-cardinalities-disjointness-constant-classes-relation-axioms-value-nominals.ofn_functional.owl,665223277,1536274177,2201497454
approximated_c56335d7-0e91-49b7-992c-ad6fa29d5027_onto.rdf_functional.owl,50539819,4275981,54815800
approximated_6d034b79-7817-4711-b9f6-339bd1a95008_provdc_functional.owl,28701089,4224981,32926070
approximated_4c35abdb-2fea-44b6-ad11-45226f763b34__ontology.owl2_functional.owl,96235577,160970861,257206438
approximated_da5e0a3b-5269-4fc7-a84e-6bb1a99312b5_atmoCloud.owl_functional.owl,98845229,202821777,301667006
approximated_43fd90d8-403e-4595-bc5f-90539fd434c5_bibo.n3_functional.owl,17018622,5383019,22401641
1eea77e0-2f62-4db9-907e-293b3e8f5852_classified.obo_functional.owl,34229752,52659079,86888831
approximated_f4d9caf0-ebe5-4f6d-9294-f5bb3c356f9a_ethernet.owl_functional.owl,16979756,9767400,26747156
approximated_7e3dfedf-9c95-424b-8b14-6b254ede4ba8_Hand_net.rdf_functional.owl,10484248,3783548,14267796
approximated_25ada088-13c2-43d9-a855-ee025e8ad503_Wire_brush.rdf_functional.owl,12996497,3856260,16852757
approximated_28ccf278-c623-4b82-bc2c-cd8b7be33d64_realmGeol.owl_functional.owl,131526611,214794083,346320694
a3be0574-6751-44ca-ad8a-afdcada314ba_ase_vocab.owl2_functional.owl,20105622,34744508,54850130
approximated_670215dc-09a1-42f9-ac4d-11f89a17275a_cRae_Rally.ttl_functional.owl,12011644,3660775,15672419
approximated_08273c4e-c9ce-4bdc-b045-f29ac8e178e0_formazione.owl_functional.owl,16855373,7517151,24372524
approximated_da5f12ac-7796-433a-9f9b-f313f9948821_cl.obo_functional.owl,305557104,816941215,1122498319
approximated_18bed17f-1eb1-4aa1-a08c-7a3e008da34d_mann_valve.ttl_functional.owl,18957123,5962896,24920019
approximated_18d1ff7e-a6a9-4b9f-a6da-aebc9ecac522_W_ontology.owl_functional.owl,22687948,22642629,45330577
approximated_23d8278f-9fbe-4ea6-90ca-31b50cd2b208_ght_switch.ttl_functional.owl,18063120,3995846,22058966
approximated_2c6b39ca-709f-4513-bc99-34ed78637f5e_eThesaurus.owl_functional.owl,1761940362,4350350881,6112291243
approximated_kb-owl-syntax-unraveled-depth-2-km-relevant-cardinalities-triggers-relation-axioms.ofn_functional.owl,408532694,998166557,1406699251
approximated_7bc1a90d-d3fe-40f9-86d7-357828abbd25_fetchPDB.rdf_functional.owl,108161692,2659836,110821528
96506db6-9a0e-4dde-97e5-25d985a19d3f_ess.rdfxml.owl_functional.owl,41797565,24717587,66515152
approximated_51599a5c-8e22-456d-a5b7-9123d9fc3cdf_onLocation.owl_functional.owl,108957961,8208400,117166361
a401418a-1a45-4d34-9d19-85ed09dddff9_ro_release.obo_functional.owl,155038153,222754429,377792582
approximated_kb-owl-syntax-unraveled-depth-0-km-relevant-cardinalities-disjointness-triggers-constant-classes-relation-axioms-value-nominals.ofn_functional.owl,423956562,919337104,1343293666
approximated_kb-owl-syntax-coreference-IDs-km-relevant-cardinalities-relation-axioms.ofn_functional.owl,590148463,1693975978,2284124441
1e8a47c4-2c04-441c-bcb0-bc705f959469_sm_process.obo_functional.owl,76136173,11661560,87797733
approximated_7c3d92c7-26cb-4f45-b201-6e63454b4d9f_agenttest.owl_functional.owl,21998643,12612242,34610885
b7b37b83-c9f7-481c-b3fa-5a04a0f3903d_protlabels.obo_functional.owl,462827270,1312998398,1775825668
approximated_kb-owl-syntax-unraveled-depth-3-constant-classes-value-classes.ofn_functional.owl,377223060,956705007,1333928067
approximated_00350.owl_functional.owl,262818322,551652475,814470797
6a4db90a-afce-4ca2-9223-cdf22a03127d_y.obo.PREVIOUS_functional.owl,323792394,669967506,993759900
approximated_55b9de1b-021f-45de-b171-c1d33b55b1b3_Pfeffernsse.ttl_functional.owl,13947606,3923042,17870648
approximated_kb-owl-syntax-coreference-IDs-triggers-constant-classes-relation-axioms-value-classes.ofn_functional.owl,631670129,1734611673,2366281802
approximated_3db4d022-3415-4985-89f8-43d805aa20ea_e43_athome.rdf_functional.owl,22170860,4658448,26829308
approximated_76686b12-ca01-4f70-a8f1-72f4f501e705_king_knife.ttl_functional.owl,15711534,3762180,19473714
approximated_36e2b695-7e57-42d8-a72b-a5805f96e99b_Cassareep.rdf_functional.owl,22164620,7422816,29587436
approximated_d3549086-9028-4034-bea2-8ce744ad4fba_onto.rdf_functional.owl,22415222,7314312,29729534
approximated_3eb2f210-a182-421e-a81d-0c9835a4f25f_ion_server.rdf_functional.owl,10398642,3824739,14223381
2fd696f8-54fa-4e5a-9224-4ddb0fff81ba_onto.rdf_functional.owl,10119754,709180,10828934
2e684955-52cf-45c8-8f97-4f7f94350c01_s_xp_chebi.obo_functional.owl,212841795,126368753,339210548
approximated_7b29fdfe-bbe4-45a5-aa72-7d2b0b952f51_DUL_v24.owl_functional.owl,17857382,11786298,29643680
approximated_f30336ee-58cd-4dd1-9c82-fc538108d954_ceCategory.owl_functional.owl,25868936,29383415,55252351
5ca7188b-d141-4ca7-b61f-a8b2ced1356a_gcmdservice.owl_functional.owl,9791402,6161658,15953060
f1c7d225-c099-4cab-914a-91d39650cabb_onto.rdf_functional.owl,16714811,607456,17322267
approximated_e7844250-3998-42cf-8f70-713def7b351d_DC_motor.ttl_functional.owl,14797372,3773640,18571012
approximated_21fb8244-523b-49bc-8907-dc0ed47ceee8_Lollipop.rdf_functional.owl,11998120,6214135,18212255
approximated_848565c2-ca14-49bc-8b52-e6deb327edb1_ka.owl_functional.owl,14590083,12365064,26955147
approximated_kb-owl-syntax-coreference-IDs-km-relevant-cardinalities-constant-classes-relation-axioms-value-classes.ofn_functional.owl,678074901,1663864238,2341939139
approximated_e86dc9cb-c12f-43fd-9745-27f7b0ea4585_SYSElement.owl_functional.owl,21428985,7550784,28979769
approximated_84266235-e568-4829-b0ae-0d09ec890592_atus_terms.owl_functional.owl,17777013,1289224,19066237
approximated_03bb9bcd-ecad-4678-accd-6b9abafae736_etingPlace.owl_functional.owl,24365954,20956402,45322356
approximated_35e8ccc1-d21d-4bdc-838b-ba1659373c2e_AAA_battery.rdf_functional.owl,12235062,3900017,16135079
approximated_591cf9a1-5964-407b-bced-93c544a66c4d_Processing.owl_functional.owl,141856653,232948139,374804792
3f595b65-5d18-4412-ab29-1a32e45a3547_omalsimple.obo_functional.owl,56093893,103816059,159909952
approximated_dd92b271-1017-45c1-a540-be58f24ae438_plusassocs.obo_functional.owl,83580435751,2.87287E+11,3.70868E+11
75badc89-afe7-47f7-ad3b-c9e6be31ec54_onto.rdf_functional.owl,108471125,644502,109115627
approximated_238aca04-2dbd-4c38-925b-a30ef23c85ae_t_annotate.owl_functional.owl,14257920,7760626,22018546
approximated_32b650eb-6bbc-41ee-8aad-2b27abb9adfd_gnd20120630.rdf_functional.owl,83212334,442751507,525963841
approximated_aaf58065-bf74-40d0-a77d-5232b13bd748_zfa.obo_functional.owl,304504289,560283568,864787857
approximated_kb-owl-syntax-unraveled-depth-4-km-relevant-cardinalities-disjointness-triggers-constant-classes-value-nominals.ofn_functional.owl,746189314,1401201796,2147391110
approximated_97d1d844-b13b-461a-9e85-e8f7ab7de8c2_realmOcean.owl_functional.owl,142818261,212607570,355425831
approximated_00103.owl_functional.owl,20967948,12631737,33599685
approximated_90d0d5ce-4486-48d0-bac7-3cfa179dda9b_onto.rdf_functional.owl,14014294,6450142,20464436
approximated_27eb6f82-d2bd-4333-ba23-7b8900ed2270_e41_athome.rdf_functional.owl,12139651,2909931,15049582
approximated_91f8a47f-0c76-4d29-8dae-0ad354e91c3b_ypes_1.500.owl_functional.owl,17775259,27689180,45464439
approximated_cfb0d7b0-b838-4e20-8fda-eb450637c41f_undbericht.owl_functional.owl,42362766,57077792,99440558
approximated_ce74019c-e161-411c-b69a-7160d1e9e414_Location.owl_functional.owl,18749376,5232580,23981956
approximated_840b9703-c6da-41ea-a773-9d1ff0558f9d_Tricam.ttl_functional.owl,12255870,4363001,16618871
approximated_a7fd6254-84a1-4ec8-b588-8869c04defca_ology_v22b.owl_functional.owl,11916680,7610363,19527043
approximated_6e12231a-c9d0-4b0d-acb5-89a75a0a6ef8_ated_valve.ttl_functional.owl,12562086,3685785,16247871
817a1834-8685-4afa-885d-635c35f6139c_e.obo.PREVIOUS_functional.owl,249976054,529147001,779123055
0c9a859b-9744-4dbd-9082-de6b49539b6c_prerelease.obo_functional.owl,240632916,529912051,770544967
approximated_0d504a1f-5c7a-45f8-81a9-aafe46a83096_uberon.owl_functional.owl,809898805,1946342404,2756241209
approximated_373adeec-caee-4c6a-bed7-cadd89d17d53_crimeoa.owl_functional.owl,25124552,11777784,36902336
approximated_82dcda9c-46a4-4aa3-9b88-8d748024ce97_Process.owl_functional.owl,14186679,6694459,20881138
approximated_1c0b94a1-e148-479c-8717-1a576e48e7ec_Lowboy.ttl_functional.owl,12295873,3743426,16039299
cb4e3305-95e4-49e0-bd5f-c32d2290743b_mmusdv.obo_functional.owl,13930279,14593964,28524243
29c0561e-6a44-4380-a519-195cb988e93d_classified.obo_functional.owl,535161775,865845351,1401007126
approximated_dbe4fbd3-83c8-45c1-8dbd-c1d1a2cccd33_sequence.owl_functional.owl,46030098,113073403,159103501
cfb29d8a-dd22-4da8-b81c-01ce513a0c0d_kupodisease.owl_functional.owl,15520019,16666115,32186134
approximated_368942d2-8547-4bb9-bc3b-453542908291__extractor.ttl_functional.owl,12576789,9752173,22328962
approximated_d32ba9dd-f7ee-4d8d-b36b-6ced6d264280_codtools_03.owl_functional.owl,46747455,8030520,54777975
approximated_91326a92-6938-47d4-86a5-0ef08be84bbf_4_09_18_44.owl_functional.owl,24327474,8514208,32841682
approximated_29936615-dde3-4111-bbf4-559401c8b6d3_e_roasting.ttl_functional.owl,14819639,3977955,18797594
4bcdd125-f27b-446e-a086-20cacab7422c_teria_mrca.obo_functional.owl,15974192,6485058,22459250
0fd71c33-6283-4ce0-b326-b7ec9bd64157_regulation.obo_functional.owl,1401501263,3100698789,4502200052
approximated_bco.biological-collections-ontology.7.owl.xml_functional.owl,15180308,11393022,26573330
approximated_dfd615e2-eaaf-4383-84bc-24e1256cd400_onto.rdf_functional.owl,15933377,3585855,19519232
approximated_7997d416-476b-4ae7-aa9a-1e80929b4de6_ocChemical.owl_functional.owl,126630541,214752148,341382689
nmosp.neuromorphoorg-species-ontology.3.owl.xml_functional.owl,33414223,66558007,99972230
approximated_1ce518f6-3efe-494b-8787-352b97d321aa_onto.rdf_functional.owl,16512301,5150457,21662758
approximated_0863b2c2-8cf2-462e-831e-87468730b22f_food.owl_functional.owl,16274069,5451155,21725224
approximated_53068f7e-e3b3-468f-ad1f-2103c003c349_eRoleTrust.owl_functional.owl,134911225,215305055,350216280
approximated_d7da87b7-52ea-429b-a2b5-fcb84a16d772_ontology.owl_functional.owl,14210470,7440975,21651445
approximated_30836b24-e55d-4d95-a812-b016fecebffa_idDynamics.owl_functional.owl,140870326,246415575,387285901
approximated_8657e37e-81d7-4a60-9db1-3c0e4dd470ac_chemtop.owl_functional.owl,23753596,8975552,32729148
approximated_bb2d0110-9b72-4dfd-a463-06adcaf75161__furniture.ttl_functional.owl,11115943,3629538,14745481
approximated_176c09c5-07a7-467b-bf0d-3e0b88139789_NIFOrganism.owl_functional.owl,46284031,40844518,87128549
approximated_fa15a178-b47e-4555-9d3b-7ea451654d82_ngoProcess.owl_functional.owl,18287772,15294339,33582111
approximated_15dd1fc3-a384-49e6-a0de-4ca0c7d67376_DP1.27.owl_functional.owl,21954413,3894837,25849250
2bcf983c-ab17-482f-b2a2-34b92aa4312d_sfo.rdfs_functional.owl,23578671,3510483,27089154
4c29178c-bc2b-4843-af95-91eef4ffe392_onto.rdf_functional.owl,13268153,3453964,16722117
approximated_61485d20-20ef-4977-b2f4-575db247e131_onto.rdf_functional.owl,14761273,5196871,19958144
c61a0242-1015-4883-970f-f1e580cecd47_lcacheSWRL.owl_functional.owl,54435743,12066457,66502200
approximated_pmr.physical-medicine-and-rehabilitation.3.owl.xml_functional.owl,12732637,6985888,19718525
approximated_kb-owl-syntax-unraveled-depth-0-cardinalities-disjointness-triggers-constant-classes-value-classes.ofn_functional.owl,511475122,900909077,1412384199
approximated_efbb1bd4-961a-475e-9c74-ab950979aa68_ston_valve.ttl_functional.owl,19950033,5064008,25014041
approximated_567da6ab-0baf-440d-a84b-cf19aa919b68_Black_cod.ttl_functional.owl,16698593,3674404,20372997
approximated_00782.owl_functional.owl,34847778,17425397,52273175
fb9f3da0-48be-4d78-86b2-804fe1908402_resistance.obo_functional.owl,97513677,218065043,315578720
e4f2576d-a517-450a-ad91-a37add9926f2_Disease.owl_functional.owl,24311526,2672672,26984198
approximated_c0a18b87-3db3-4db5-960f-413f489262d4__component.owl_functional.owl,101564720,278424348,379989068
approximated_51aa27c1-043e-4fd2-8f97-78e38ec9a123_premises661.rdf_functional.owl,14138437,9734963,23873400
approximated_af5d4c4c-ac77-4a25-9f93-cd5f07f5c04a_ter_cheese.rdf_functional.owl,9342687,3669281,13011968
7feabbff-eb49-42a8-84d7-9510894687b8_zfa.obo_functional.owl,239425301,554521509,793946810
867b8c43-6f8d-47ae-b0fb-b7a8202f55b9_amesPlayer.owl_functional.owl,9783682,1163656,10947338
approximated_4af56714-91e7-4f01-a2b1-32901f029142__Leicester.rdf_functional.owl,11548577,3963777,15512354
approximated_4cf35e2c-b46e-4c49-a640-192d6385ce19_Broth.ttl_functional.owl,14144733,3751947,17896680
approximated_56234a5b-bed9-4551-8735-1588c01e9a72_biospecimen.owl_functional.owl,16961463,5535457,22496920
4f5642ce-30b6-4379-8da5-f82ab0c79c67_chebilite.obo_functional.owl,815686866,2558398929,3374085795
0745dbda-5142-45d6-8411-2142bc784aaa_fyposimple.obo_functional.owl,89401021,289259747,378660768
4a520bf3-9f46-4cee-95bf-2ce522ea8afa_y.obo.PREVIOUS_functional.owl,108661335,47880585,156541920
approximated_00573.owl_functional.owl,2466896776,7336588542,9803485318
7593a257-68e2-4f4b-8a94-c8fbef8587e0_onto.rdf_functional.owl,88235312,1781513,90016825
approximated_4a3781ca-7c2c-45fe-ac87-5b4a38129ccc_nsverylite.owl_functional.owl,35754054,6763100,42517154
approximated_8cf6080a-38dd-42dc-b759-5f988578c93f_thSolution.owl_functional.owl,334422331,214858514,549280845
approximated_3e8ed311-46b6-49ef-854b-92802565bfa9_onto.rdf_functional.owl,20908038,4869475,25777513
approximated_81035ba0-44cd-447e-8c1d-cc1b6e9d7f34_bom.owl_functional.owl,14157262,11660305,25817567
approximated_72cb36ab-b9b5-481d-bb03-52213966d715_ding_wheel.rdf_functional.owl,10763690,4054740,14818430
approximated_e43ad3c5-6c19-4519-89f3-ea1e66b5d520_tance_edit.owl_functional.owl,57429204,69921349,127350553
approximated_3126934e-af8e-4be5-87ad-762ad9723af3_time.owl_functional.owl,21115444,20434727,41550171
approximated_75ffb667-fe20-4a98-b84e-9c0b604cc249_predicates.owl_functional.owl,74677190,161147048,235824238
08af329b-613b-4c0f-b1dc-7883581ffe98_sbf.owl_functional.owl,21915169,13876149,35791318
approximated_aab5d525-26f0-4a77-b812-18666d9d7dff_brenda.owl_functional.owl,106002542,254444314,360446856
1024c415-fca5-4206-9dbe-04d020ca896c_psimod.owl2_functional.owl,68151142,218748540,286899682
approximated_0ca32d25-1762-4f09-935a-ca9c3d452452_Adhesive.ttl_functional.owl,15403861,3674059,19077920
1fe35384-5617-46dc-b433-bb5c4f7144ae_LunarCrater.owl_functional.owl,13149169,1524660,14673829
d66bae8e-09f3-4f44-8adc-81c5184732ce_iao.obo_functional.owl,36169516,6369901,42539417
approximated_22835b8d-156c-4fe3-8d9e-efee7abccb19_Amiga_2000.rdf_functional.owl,11640450,3768808,15409258
approximated_rctont.randomized-controlled-trials-ontology.1.owl.xml_functional.owl,14252973,13873120,28126093
approximated_74da6be0-d432-4d37-8754-cf92a262f726_Design.v26.owl_functional.owl,16769926,10515871,27285797
approximated_1312d3e8-87ea-4265-ab84-f6325c677357_onto.rdf_functional.owl,10428468,4651277,15079745
approximated_e6ab41b8-ea6a-4ad9-b545-b1a2e12c6056_rfixionorig.n3_functional.owl,15940217,4463793,20404010
approximated_35517746-4898-4c15-a905-6518355a4b85_ST2009SHIN.owl_functional.owl,878914044,77692912,956606956
approximated_063a31e2-d4ab-47f9-8317-61fc68bcd0eb_pe_measure.ttl_functional.owl,10172060,3771510,13943570
approximated_56c48430-1d7f-4c24-bc88-b18a1ebed4ba_confious.owl_functional.owl,14845001,9090651,23935652
approximated_6f4c8e4c-3c0a-4c8f-a2e7-b0e77bbbdc47_Mitre_clamp.rdf_functional.owl,15826973,3797747,19624720
approximated_9f6eba2b-d7c8-49d6-85f8-32b870f171e0_Design.v27.owl_functional.owl,14103659,10194881,24298540
approximated_696640a9-8847-42a1-b3f3-21af72203940_alMolecule.owl_functional.owl,30945153,32150739,63095892
approximated_c583158e-626b-46af-8908-e47014ae1ff8_ceAnalysis.owl_functional.owl,141538319,252989149,394527468
38eeea63-a1ea-4cd1-9f1d-163238a0071c_nnotations.owl_functional.owl,10377897477,7462588809,17840486286
approximated_02626818-2955-4e31-bb56-5c9efaa9143a_COSMOtop709.owl_functional.owl,870496378,529655115,1400151493
approximated_c854f077-a8ad-4041-b749-371a662bfb9d_topchemtop.owl_functional.owl,30930131,40633189,71563320
approximated_64e7a0f1-60a3-4a5f-9fa3-3dabc7aba397_out.rdf_functional.owl,201403443,103989656,305393099
approximated_5cedb1a1-a84f-4ccf-ab4c-a23e0bca2508_Arsenic.ttl_functional.owl,14849663,3760254,18609917
approximated_c91ef5c4-b401-45a4-817e-38fe03988859_ss_crusher.ttl_functional.owl,16437541,3732343,20169884
9c6e2c2f-8946-4de2-9403-dd01da92c909_image.obo_functional.owl,22279972,23463304,45743276
approximated_4a8d2653-ebd8-4d73-a256-52e5e84b9cd8_ecoedit.obo_functional.owl,34182591,38803994,72986585
approximated_cbcf70c0-166c-4578-bb85-cf7601639ea0_ectralBand.owl_functional.owl,150851809,216361925,367213734
approximated_f1395437-68d1-4c5a-8615-b7714be541fb_reprSciLaw.owl_functional.owl,141892365,248033485,389925850
approximated_03640eab-454b-4ae7-af46-f3360781e1b9_Hook_ladder.rdf_functional.owl,15727776,3808455,19536231
approximated_c3b73d03-04d6-48b1-8c1f-a1c95131b186_EDOntology.owl_functional.owl,31499742,25141368,56641110
cab7d1bc-89a2-4b78-8a92-10bb0b7f8f31_tology.1_2.obo_functional.owl,1503474954,4185652321,5689127275
approximated_6516f88c-8dbc-44b2-a490-31d74c9c75e5_gc_functional.owl,7544561,5269325,12813886
approximated_153a417a-84a8-4849-a246-bbaeb3cb8e11_Check_valve.rdf_functional.owl,17622081,3809866,21431947
297f52f1-83da-4508-885a-82c37e7f15d3_atol_v6.owl_functional.owl,51220328,106046158,157266486
approximated_95b3e3ee-34df-4c91-bfbe-0ac1fdfbf434_DDR2_SDRAM.rdf_functional.owl,17912049,7256331,25168380
approximated_59e65c7f-12e7-4981-9227-16607af99f9a_raphicData.owl_functional.owl,12474495,6728982,19203477
approximated_942096f7-8856-497b-a5d9-e12e59b9a4ba_SAOcore.owl_functional.owl,29063313,46154348,75217661
approximated_efe25187-5707-4419-95f2-b2a876072b98_and_onions.rdf_functional.owl,14805959,3700029,18505988
approximated_090d43b0-344e-41db-9072-677d047e111a_y_clothing.ttl_functional.owl,19376969,5871950,25248919
approximated_f3fdd732-54e6-4bc4-8484-6dca7302f377_testinalis.obo_functional.owl,1658141787,3308908431,4967050218
8ec61954-36f1-45db-afa0-09e6683b4f21_ent_xp_go.owl2_functional.owl,25170196,6608695,31778891
5669707e-ff3f-4417-9965-1bcada923782__function.owl2_functional.owl,178503534,538801256,717304790
approximated_b0e8c75c-caca-46e2-856c-2a375cd7779a_Keyhole_saw.ttl_functional.owl,70107909,3699446,73807355
approximated_8f9fd337-a811-48d2-b71b-6cf6a0b9bd20_complex1.0.owl_functional.owl,57238299,87986764,145225063
approximated_f13918f7-c1c6-43fc-bf89-fce7db9ea602_PreO052206.owl_functional.owl,108555324,25986067,134541391
419e5586-4573-4ce5-aa07-6d7c174762f6_gobasic.obo_functional.owl,2125727955,4222906012,6348633967
approximated_5404637b-2342-4d95-b413-bbc043601173_Earthworm.ttl_functional.owl,15193162,4096581,19289743
approximated_96db04f3-ced2-434d-bf99-1f1a609c9d44_uneLexicon.owl_functional.owl,11687001,11239664,22926665
approximated_adda0abf-100f-49b7-893d-679b5e0764e1_iard_table.rdf_functional.owl,11790756,3880171,15670927
approximated_kb-owl-syntax-unraveled-depth-1-disjointness-triggers.ofn_functional.owl,700881281,1520202392,2221083673
approximated_2cbcfc9c-1788-46f5-a4cd-17737cc0db4e_COSMOtop745.owl_functional.owl,328004461,571365796,899370257
approximated_00400.owl_functional.owl,673965934,2048307347,2722273281
approximated_00503.owl_functional.owl,11625476,12873990,24499466
approximated_ae59cc65-2dac-4938-955c-b78eeffe3fcf_instrument.rdf_functional.owl,11026009,39715959,50741968
approximated_92a1e1e9-9216-41c0-92c2-3091c92988c5_mergedobi.owl_functional.owl,265932866,555084124,821016990
approximated_9e7ac78e-bfba-4cbc-84af-335a9cf5c6fd_DUL.owl_functional.owl,16314642,12159350,28473992
approximated_a85eb64c-63bc-4097-ab8c-2f0e32237aa7_astroPlanet.owl_functional.owl,68740833,125581992,194322825
approximated_06f773e7-32a4-4165-84a5-3931411b811b_ncrete_saw.ttl_functional.owl,11291449,4147883,15439332
approximated_kb-owl-syntax-unraveled-depth-0-cardinalities-disjointness-relation-axioms.ofn_functional.owl,375332204,822935808,1198268012
66f1cb55-ad18-4c4a-875d-b337cba28bd5__xp_chebi.owl2_functional.owl,199277619,125710556,324988175
approximated_835f8828-32c2-45fc-af57-5e6834d4e372_nlessRatio.owl_functional.owl,139525221,215667509,355192730
approximated_3fdad92c-f39e-4fc8-8b4b-b8c2d9d4314c_datatype.owl_functional.owl,7658731,10581228,18239959
approximated_f2634272-29a9-4cb0-aecb-d6d69c132aa6_onto.rdf_functional.owl,20474412,4895441,25369853
approximated_198266dc-9979-40f0-8ccd-dbac15d6a886_biol.owl_functional.owl,27625689,30178750,57804439
approximated_846f8a8b-3ca8-462c-ac60-3f3eb19bc999_PaulFisher.rdf_functional.owl,20126504,6162573,26289077
approximated_49cc87d3-70dd-425e-b728-d8f599e88666_shoe.owl_functional.owl,13803392,5760309,19563701
approximated_1ca758f5-aa0a-4523-b7e5-6c574bebd9f4_an_anatomy.owl_functional.owl,24383226,37024805,61408031
approximated_1d2653a6-1b3c-4515-8fce-e8b7f01aa294_ficial_fly.ttl_functional.owl,16061455,4602677,20664132
approximated_a1d17f69-3925-4c4d-b5dc-d2454b3dc723_loskeletal.obo_functional.owl,185099840,444265335,629365175
approximated_88e1b852-9ee4-4fa3-96f2-1699d0230dd6_n_dressing.ttl_functional.owl,16136754,3818056,19954810
1023b845-39a7-490f-9120-2d98e9cf11e3_rerelease.owl2_functional.owl,21942992,14473478,36416470
c78d24dd-67ae-453f-8efc-d4fe1228c084_ertyDcrelation_functional.owl,11744260,926156,12670416
approximated_58dafe47-fe8a-4082-ae8b-e65a94d78d1f_commesse.owl_functional.owl,19209688,12058824,31268512
84a7c924-32c3-492b-92b1-ba16f3c4607b_IDOMAL_02b.obo_functional.owl,56801467,126120519,182921986
approximated_8d751b94-82ff-40b2-8de3-a953d606d0d0_ess_memory.rdf_functional.owl,12059956,3880777,15940733
approximated_7bb9b1d8-b62f-4d19-bf1c-48235bb2df99_pulsbridge.owl_functional.owl,140736601,55589534,196326135
approximated_00437.owl_functional.owl,2785451983,7920059776,10705511759
8aaa1e07-1ca6-44c8-a65b-6ccde9255cfc_rex.owl2_functional.owl,33242198,35827384,69069582
approximated_3354ab06-569e-42fb-bf57-7ba0e6ff5b36_delisation.owl_functional.owl,31901792,42534830,74436622
approximated_8583b0ce-1f56-4046-8b59-4720f46f2ed1_lantic_cod.ttl_functional.owl,11647327,3898883,15546210
approximated_d9c0c83b-4e2a-4b48-b3ad-24ff73a6c564_anDecision.owl_functional.owl,136966975,215833616,352800591
approximated_c88a8f00-08da-49a9-8469-3dae5e6c16c0_cal_pencil.rdf_functional.owl,17836700,3721099,21557799
approximated_8202a49d-36df-4413-881f-73eec9f9b902_EHDAA2.owl_functional.owl,374984393,669897789,1044882182
442f333a-503e-42ac-9a26-7cfd6e9c9bf1_WP_XP_WBbt.obo_functional.owl,26420502,6310895,32731397
approximated_542c1f61-1f41-4439-98c8-a5b806522b8d_onto.rdf_functional.owl,15449363,4857272,20306635
20587d7a-7c92-4314-8ab2-dc43b19257c7_Song.owl_functional.owl,16430047,1670803,18100850
approximated_00413.owl_functional.owl,105954551,282255998,388210549
approximated_321268b3-4e57-4c51-b142-22bdeb268c54_Requeijo.ttl_functional.owl,13135990,3759500,16895490
approximated_c66dde76-0016-4740-8ae3-a6a0bb3be222_Letter_box.rdf_functional.owl,16387417,3704438,20091855
approximated_kb-owl-syntax-unraveled-depth-3-km-relevant-cardinalities-triggers-constant-classes-relation-axioms-value-classes.ofn_functional.owl,403684684,983519295,1387203979
approximated_34a5dc66-20c7-43ea-9f08-6e9b8591d32e_gue_pastry.rdf_functional.owl,104654507,3728249,108382756
approximated_f5f30708-0a50-4a87-82a5-8deb61f8e62e_Kuchen.ttl_functional.owl,30909364,3664412,34573776
approximated_083a0b34-1db8-46e4-9f12-8d2eb4785f0b_e_ontology.owl_functional.owl,374012269,478211788,852224057
approximated_1ea03413-61d7-4127-9780-3cef952db7e5_component.owl_functional.owl,89459960,181130682,270590642
055a02d0-c468-4729-ab70-d301b0c99c21_sgenechrom.owl_functional.owl,535998347,1138566771,1674565118
49988d89-71b4-4bfa-8332-3b9c5f46feed_taxonomy.owl_functional.owl,17063063,10782295,27845358
approximated_92f6b7ae-e47c-4d1f-a2a4-3d23538b1fcf_time.owl_functional.owl,50949068,88557474,139506542
approximated_25cabfec-591e-4a93-a8e5-e5d6c955f221_annotations.owl_functional.owl,33149140,9221237,42370377
a609ea98-32da-4296-a5a3-df6cfb510b75_cell.obo_functional.owl,63758273,144551873,208310146
approximated_00533.owl_functional.owl,1846991117,5344508389,7191499506
approximated_2a61679b-3818-43cf-9ea0-54e6dceb6b1f_gyVersion1.owl_functional.owl,17454319,8227938,25682257
df1865b4-b96e-4b5d-8a5b-fc61dac520bc_sportEvent.owl_functional.owl,20726814,18097398,38824212
0be7640e-1f36-4db5-b96d-26eae0df6e31_onto.rdf_functional.owl,19841321,3412387,23253708
6e89baa3-1195-489d-b410-a0fdfbee4d01_l.obo.PREVIOUS_functional.owl,61303295,19249333,80552628
5c062ba9-73e5-4667-b224-8e370efc8222_Government.owl_functional.owl,58267776,7048899,65316675
approximated_dc6f7c16-91ac-4fcb-8efe-1f448066f172_go_cc.owl_functional.owl,125047412,266395098,391442510
approximated_43e24ab8-fa95-4aad-8d3c-f10424621e6d_aic_system.ttl_functional.owl,18719661,3690994,22410655
approximated_3983a269-8061-4349-bb79-cd1969fe40c3_oor_buffer.ttl_functional.owl,10215332,3841087,14056419
approximated_0192ecd4-0f0d-4a66-b910-dbc4f8b733a7_accexample.owl_functional.owl,15821246,4616397,20437643
57606b25-f78f-420e-89b8-97c6a48cdd45_n_anatomy.owl2_functional.owl,30325414,39398655,69724069
approximated_ac09acac-e682-45fe-8146-a2d9c7062382_Home_wiring.rdf_functional.owl,20036794,7883809,27920603
approximated_0898a3eb-b41b-4dac-931c-75632b5ef305_basic.obo_functional.owl,590817635,1630033529,2220851164
approximated_63f768c0-be18-451d-9c0e-b699badd95c2_leMaterial.owl_functional.owl,138226031,250462220,388688251
approximated_b09b63e8-f45f-486c-9bb4-84bbbf78cec8_eanFeature.owl_functional.owl,178789894,212634031,391423925
approximated_781cd4ea-dc4e-419f-925a-8b344ac78bdb_icAnalysis.owl_functional.owl,15015004,3977818,18992822
approximated_0680e1ae-718e-40d9-92af-1cabd62c90a4_imeAverage.owl_functional.owl,136301902,213307514,349609416
approximated_41b8dbed-1635-4b5d-856a-256b572a0cb0_biotopcore.owl_functional.owl,16932737,19479182,36411919
82bffb7c-a66b-4030-b6fe-7acab0401872_substance.rdf_functional.owl,11824011,6982429,18806440
approximated_10de9537-0263-4fe7-8e32-c57985add702_POWER2.ttl_functional.owl,17727917,3669971,21397888
approximated_8ece82cd-f295-492b-a46b-a4f856c9d3fe_Backsaw.rdf_functional.owl,14970632,4261870,19232502
approximated_ac94beff-32e2-4834-8c0e-4ea4f1898169_po.owl_functional.owl,40897512,94875349,135772861
approximated_kb-owl-syntax-unraveled-depth-4-km-relevant-cardinalities-disjointness-triggers-constant-classes-value-classes.ofn_functional.owl,1136930467,1466627181,2603557648
4f3c0ef2-95ab-49c5-b36e-fdea1f7b5384_nnotations.owl_functional.owl,10961705558,7971337697,18933043255
approximated_c2d754c9-933e-4d74-9462-cb41b4124181_vel220copy.owl_functional.owl,18829113,6346134,25175247
approximated_kb-owl-syntax-unraveled-depth-4-cardinalities-disjointness-triggers-constant-classes-relation-axioms-value-classes.ofn_functional.owl,736203108,1526568596,2262771704
57c94444-63d7-4aa6-b656-be2afa4a06c7_phenotype.owl2_functional.owl,204892211,630404180,835296391
approximated_980c05a6-401c-45a6-a722-b99383fb913b_EXTRACT_RM.owl_functional.owl,16999466,18820043,35819509
3a78c22a-0f10-45f8-b11f-82d5f84684c7_tplusmouse.owl_functional.owl,177589927,197200570,374790497
approximated_53d576c6-e2fa-460d-9066-5c7aafd9ba89_us_anatomy.owl_functional.owl,39682105,79776839,119458944
approximated_09b45261-1d9d-4832-8faa-b8837e9a29e7_221onto.rdf_functional.owl,16934532,3698373,20632905
approximated_ffcb7948-c657-4034-9c07-236513cd741a_iableHuman.owl_functional.owl,15695830,10367597,26063427
approximated_ec505798-4555-4edb-bb60-aaaebf1fe396_cedexCore.owl_functional.owl,18753421,6001992,24755413
approximated_e93465e3-0d17-4b17-9623-d9dc354ce5d2_FN1.50.owl_functional.owl,26538370,7911791,34450161
approximated_a64edfcb-0233-4130-a277-4cf556838f70_xample_ebu.owl_functional.owl,18396172,5242065,23638237
approximated_d78c5b33-a927-4239-b273-fa0b82eedfad_content.owl_functional.owl,39525912,15179474,54705386
approximated_d603a76d-cb58-4768-bc7c-6b3cb1c588e5_Crouton.ttl_functional.owl,12800131,3762660,16562791
approximated_kb-owl-syntax-unraveled-depth-3-cardinalities-disjointness-relation-axioms.ofn_functional.owl,631691059,1475954190,2107645249
4812315f-8139-4fae-81e6-a78380bab65c_nriaBibTex.owl_functional.owl,14663694,2197835,16861529
approximated_3978b09a-79c4-421d-8160-5ab1435c78ff_nGeolFault.owl_functional.owl,136149256,250116250,386265506
approximated_4e002914-0d35-4de8-a197-4ad9029acc08_nseMapping.owl_functional.owl,29011902,24041978,53053880
approximated_7b1bb33d-f798-471c-b3a4-d0629dc55479_phen.owl_functional.owl,136538602,211913198,348451800
approximated_00b7bf3c-ec7f-4636-801a-c965deb4cc17_1.1_functional.owl,16459579,5900978,22360557
0ada0275-aacc-4314-b611-4b8ab4bcdd2a_henotype_xp_go_functional.owl,37568775,10693348,48262123
approximated_18976231-83bc-4413-93f0-153e194e2d0a_Candle.ttl_functional.owl,17071678,3657830,20729508
approximated_4f84d4f8-165b-4e4a-a8b7-c0461064245b__functional.owl,11323330,3258684,14582014
1c7c683a-205e-4620-aadd-90161e37ff90_iev.obo_functional.owl,156375890,365682247,522058137
approximated_4a0f1929-1a1b-424c-a9a9-bf684575cc2e_Solar_lamp.rdf_functional.owl,21470528,5261375,26731903
approximated_4e5f35d3-1e97-4ad1-937b-9237849cde79_umlssn.owl_functional.owl,16559169,7356682,23915851
approximated_1f8e8f12-970e-44dc-8813-7e4c5e537c2d_Fishing_rod.ttl_functional.owl,14118094,3743914,17862008
approximated_3dc8e0f9-1824-4b4d-975d-19d5310061bf_Jeans.rdf_functional.owl,16319087,3677439,19996526
5385c20a-b696-43db-b6dd-3c548f7ae2ba_onto.rdf_functional.owl,9890318,1720785,11611103
approximated_0d2463e8-8c15-49be-b6b7-fbd9b73e07da_REX_functional.owl,24102530,35565600,59668130
approximated_26463604-3238-444d-86de-a1c0eab11ae7_y_molasses.rdf_functional.owl,15212713,5987813,21200526
fcb31fa8-fb55-4719-86c1-f4d506bb4a8f_wc20060921.rdf_functional.owl,15757256,4068277,19825533
hao.hymenoptera-anatomy-ontology.21.owl.xml_functional.owl,93911143,227842895,321754038
approximated_999212cc-d372-4d86-a6f1-1e766ef9a0e1_tuebalink.rdf_functional.owl,35532199,58331364,93863563
fdc00b77-9c4a-4384-b108-76690aafdd93_setdiagram.rdf_functional.owl,17742722,5443074,23185796
approximated_1f9500a2-151b-4855-8b7c-5a2229d1d871_toy_functional.owl,12144891,4211047,16355938
approximated_fcd5396f-bad2-4202-96a6-e70129ac4140_odcmapping.owl_functional.owl,10376022,5265635,15641657
approximated_79ad3e7a-658c-42e8-bda7-0247b2f9b31f_elontology.owl_functional.owl,13523870,13527681,27051551
approximated_ec95ec5e-711a-4ac4-ae5a-340d3f06c98a_orialstep2.owl_functional.owl,13709760,7346425,21056185
approximated_42a5a9d8-9149-4e21-9ab4-c4448492f230_ry_fencing.ttl_functional.owl,22302393,5571506,27873899
approximated_32d60478-4d66-40d1-8ec5-9ffe3ceeb408_DOLCELite.owl_functional.owl,14903463,5901799,20805262
56432e07-0753-4131-a339-0c69ee680892_nent_xp_go.obo_functional.owl,24118209,5964066,30082275
approximated_d08b90e9-b209-42b7-90ae-b8355f298f06_triz.owl_functional.owl,210686351,17410885,228097236
approximated_887d4b85-c344-489a-867d-8aedc1052df5_realmAtmo.owl_functional.owl,140767729,253258452,394026181
23d1529c-7b12-4966-9957-9acb34786688_Reptile.owl_functional.owl,11984993,1843850,13828843
approximated_8ab3e5bf-55c1-404d-a1c9-c9c8f2434aaa_a_ontology.owl_functional.owl,84113420,164526968,248640388
da075f7b-a0fd-4afd-bfe1-a8fcc0a16a62_patomerged.owl_functional.owl,134167724,85476339,219644063
approximated_5d04eeac-a812-4569-8538-84aedb172802_sequence_xp.obo_functional.owl,140967615,135828650,276796265
approximated_wb-bt.c-elegans-gross-anatomy-vocabulary.95.owl.xml_functional.owl,482024906,686026578,1168051484
approximated_8f229f69-db9c-4aee-a74b-058af5f33ba1_kupocore.owl_functional.owl,38381370,66652319,105033689
approximated_f9d8606c-b276-49fe-8201-0b3a0cd7ad52_ImpUiTest1.owl_functional.owl,9720872,5102456,14823328
mmo.measurement-method-ontology.42.owl.xml_functional.owl,20780739,30518586,51299325
00142.owl_functional.owl,31581304,24110676,55691980
approximated_0d9eb3fe-033f-4fbc-b5a1-b06cd74a360d_onto.rdf_functional.owl,18386176,4981104,23367280
approximated_02730161-0e8e-4b16-ad57-55b21ee2a875_cipitation.owl_functional.owl,127802125,213413849,341215974
approximated_d8522555-aa25-4fcc-9d49-fed22881ed41_eryContext.owl_functional.owl,33303167,19823796,53126963
4a283a23-9bfd-4a34-85e9-98abf7f6f025_botany.rdf_functional.owl,16980819,810866,17791685
approximated_3fab7bb3-6907-4008-bd89-2f06e091311e_S3.owl_functional.owl,9640910,3994209,13635119
approximated_8d7cc12c-5af6-4e7c-acb7-f183c0fd1836_aulic_pump.ttl_functional.owl,16820746,3814292,20635038
approximated_00046.owl_functional.owl,1406590193,4341731435,5748321628
047db972-b42a-4b07-a9f8-350a25946255_manprotege.owl_functional.owl,94885746,123411301,218297047
approximated_852dc966-7088-48f2-b82f-03e6ce565a0e_slim_plant.owl_functional.owl,16530626,7334549,23865175
approximated_25e239b7-5f11-45aa-afd9-16a99e2818b7_Web_service.ttl_functional.owl,15130504,3782869,18913373
approximated_291579b8-c7ce-4272-b3c8-d87099a9a782_Libro.ttl_functional.owl,12582735,3828738,16411473
approximated_4655086b-352b-4c4b-9ffa-473d84b42009_LexInfo.owl_functional.owl,13692409,12255482,25947891
approximated_f00d6f3c-8071-47be-845e-d325985c6be5_4_09_18_15.owl_functional.owl,14749474,6546031,21295505
973e724c-1e75-47fb-9895-7e337afe225a_i_taxonomy.obo_functional.owl,15903176999,41956169259,57859346258
approximated_5a358aef-5457-4b1f-ad48-11bc424f9fff_Bryndza.ttl_functional.owl,41906561,3783936,45690497
approximated_1a48cbdf-e5e4-4357-950d-5961118db455_Wurstsalat.rdf_functional.owl,11932727,3943391,15876118
approximated_1f1e10ae-ba19-490d-8365-131487b39b24_Putty_knife.rdf_functional.owl,13762466,3821072,17583538
approximated_193fe309-0933-4750-a30c-b29a94415bbd_FBdv.owl_functional.owl,17257132,21080209,38337341
approximated_4e5c98ae-7192-476f-bdf3-7c93f526f4da_ithesaurus.owl_functional.owl,5218307203,11523234033,16741541236
2f3c57c3-2e59-421f-8ae4-9d1c35ed039b_nnotations.owl_functional.owl,20150401380,18345076224,38495477604
approximated_e489285d-f1c8-4239-a5b2-dbdc467acdfc_ter_cheese.ttl_functional.owl,13692769,3783746,17476515
approximated_016506e7-05c4-4a18-bb69-553810036eab_ology1.1.9.owl_functional.owl,33418375,26415136,59833511
db6d5f96-7b79-4c9c-89ac-e7a1b3140a4f_prerelease.obo_functional.owl,46457184,90056573,136513757
approximated_713f7d42-440e-4a9b-bcf4-edc324f1353a_pennlink.rdf_functional.owl,32267361,56264040,88531401
approximated_62782ae6-1b9b-4b81-b9a8-ebc5d9ce109e_lexicon.owl_functional.owl,21558242,12236794,33795036
approximated_33ec7680-b505-4569-a701-da82923cc658_CoreLegal.owl_functional.owl,23941922,25355802,49297724
approximated_kb-owl-syntax-unraveled-depth-4-cardinalities-disjointness-constant-classes-relation-axioms-value-classes.ofn_functional.owl,670515922,1610483080,2280999002
approximated_ca8f5840-f46f-4f57-86cb-7ca8df608aee_dataschema_functional.owl,16379035,7202031,23581066
approximated_557d2c6e-a4e6-440b-a9a7-b64fe5f4c203_preonto.rdf_functional.owl,18256916,6759373,25016289
approximated_85583e20-8bdd-4c70-b2bb-25ec28ca37b8_Moka_pot.rdf_functional.owl,14313157,3939643,18252800
b2a1ce14-a7e3-4ffa-9cb3-892bce53b4ca_erdb_edited.nt_functional.owl,9187425,2312946,11500371
d89474ea-d9b8-40a9-b917-f48912dedc2f_y.obo.PREVIOUS_functional.owl,21947431,37629763,59577194
approximated_21c620f9-15ad-493c-b700-d7d4742ad1ed_erg_cheese.rdf_functional.owl,11087925,3867462,14955387
approximated_1c2a8c16-4c7a-4d77-ab0e-4656fb59d24d_tity_theft.ttl_functional.owl,11336573,3718491,15055064
approximated_aa9a800f-04d7-4fea-948e-0c3d0a473708_phenAtmoFog.owl_functional.owl,155459822,249286019,404745841
approximated_f7a23f0f-1de0-4996-a60c-584af67ed532_lanDMWFHTN.owl_functional.owl,21085259,28275689,49360948
kb-owl-syntax-unraveled-depth-1-constant-classes-value-nominals.ofn_functional.owl,877178515,760887334,1638065849
approximated_00578.owl_functional.owl,37167477,67751013,104918490
approximated_82581fc1-0bad-4cfd-9267-c34557210e55_Clam.ttl_functional.owl,16763186,3686121,20449307
approximated_02c5ce82-abd4-4c42-b4b0-d4c1e79f21b5_consistent.owl_functional.owl,9300203,7523085,16823288
bcteo.bone-and-cartilage-tissue-engineering-ontology.4.owl.xml_functional.owl,16726763,24303392,41030155
approximated_d26b1d4e-0ad6-4e34-b944-5f2f034551fe_elBaseline.owl_functional.owl,10133019,1759408,11892427
approximated_kb-owl-syntax-coreference-IDs-cardinalities-triggers-constant-classes-relation-axioms-value-nominals.ofn_functional.owl,647968458,1782140962,2430109420
approximated_5644f9ee-97ab-480d-945b-2e7ee644c06b_Rice_paper.rdf_functional.owl,18237172,3657242,21894414
approximated_DPC1.owl_functional.owl,1068760269,350675170,1419435439
approximated_48680ec1-63fa-41e0-82a5-222411f44a31_tance_edit.owl_functional.owl,72549138,75422153,147971291
approximated_9c00bb2f-6d1a-4050-b08d-abffd5034bef_Sally_Saw.rdf_functional.owl,16459515,3688883,20148398
130d584e-6e5e-406f-ace6-42f87e6c3750_ma.owl_functional.owl,93755158,222032204,315787362
approximated_04a3929f-d335-4435-9f9a-6f2c6bd02721_onto.rdf_functional.owl,18120810,4911814,23032624
approximated_d3b582e6-6c37-4bf4-ba1d-2f2ea58a60ee_ale_cheese.rdf_functional.owl,15489196,3802661,19291857
approximated_fd827207-ef0c-49e1-87ee-4f511a64f2fc_wine.owl.sep_functional.owl,14102558,11908463,26011021
approximated_50b859e3-8c51-430a-8a2b-28abd0e9c21b_iribib.owl_functional.owl,12583552,2529130,15112682
approximated_a36ed951-2090-4437-91d8-d22fa046c9cd_rnao.owl_functional.owl,52652806,92875530,145528336
approximated_00793.owl_functional.owl,15879412,13688823,29568235
approximated_56c78db5-5fc2-45bb-a3b2-6feb398ea096_eanCoastal.owl_functional.owl,129378621,212369161,341747782
243f4450-8be7-49bd-a736-00914f88e2ae_s1.owl_functional.owl,37591145,36953856,74545001
approximated_a897d560-51af-459a-8e93-08d70c658118_p.obo.PREVIOUS_functional.owl,413218780,965493882,1378712662
approximated_f926252f-3225-44e8-ad4d-09142036fe3f_Causality_6.owl_functional.owl,30831502,22640237,53471739
approximated_222fcf8c-ee3d-4d72-a94d-ae1013681f7d_SIO_000008_functional.owl,45325474,94983813,140309287
approximated_07e27833-0331-44b7-ade8-e93de5c1ee2b_computers.owl_functional.owl,159047574,36751050,195798624
52962a04-852f-4d1a-bc4b-a001af44d964_seontology.owl_functional.owl,505254760,1146636517,1651891277
approximated_eed6d725-5a31-482a-bbd7-0990f3887fc7_anCommerce.owl_functional.owl,139147702,248133818,387281520
62e6cd8b-2eaf-4632-874a-5eb758346e2c__xp_chebi.owl2_functional.owl,208556694,127262270,335818964
approximated_sitbac.situation-based-access-control-ontology.3.owl.xml_functional.owl,29933227,15446011,45379238
approximated_51b401f3-6b31-4933-8969-37d3beacd782_uo.owl_functional.owl,27786946,34849377,62636323
approximated_cdao.comparative-data-analysis-ontology.7.owl.xml_functional.owl,26165720,13019510,39185230
approximated_dca6d5fc-74b7-43c0-9e3a-830f3cb9c17a_kimodified.owl_functional.owl,17452038,23204920,40656958
approximated_223e9f97-9026-4774-acaf-d1b2c07d888b_Bread_roll.ttl_functional.owl,14918777,3856679,18775456
approximated_0600a708-0fc7-4f91-a73d-b47bf0458457_Tent.ttl_functional.owl,18684764,3965299,22650063
approximated_6e61d861-58d9-422a-975f-2b671e5b0ae4_PaulFisher.rdf_functional.owl,15372313,2996974,18369287
approximated_593cb27f-5277-483d-974e-6e014b850e4c_gafi_bread.rdf_functional.owl,16714370,3775946,20490316
approximated_9d7c0de4-db79-439c-8542-41954faa216f_Celeron.ttl_functional.owl,22617318,6566694,29184012
approximated_1497b1af-138b-42d7-aa9a-927bc1043d78_cipitation.owl_functional.owl,166764803,249836476,416601279
approximated_aa164fea-9f43-492a-ae45-27ae528a5432_eagleslink.rdf_functional.owl,43069294,66545500,109614794
509d6dbc-3581-42c5-8948-e18b3b173b2e_fma.obo_functional.owl,2823368218,7184771196,10008139414
approximated_fae7ccf9-9a8a-4f34-ad9f-55bcba31c005_curityOntology_functional.owl,46423758,4992232,51415990
approximated_4f04ef29-b9ec-4216-b192-7746ab7252df_biolAnimal.owl_functional.owl,29562927,32425878,61988805
approximated_00569.owl_functional.owl,64562046,127284613,191846659
approximated_86ba3db8-492b-4c56-b96b-c9aa08604220_onto.rdf_functional.owl,9392786,4576493,13969279
approximated_28271632-015d-4980-aa93-16efcf8bf3fc_ano_cheese.ttl_functional.owl,15389314,4024701,19414015
approximated_6d6bf114-2fad-47b3-9526-dd4a8da1d6d1_storage.owl_functional.owl,27831280,16895737,44727017
approximated_cdb18f83-776f-4b40-bd96-afd64596cc31_classified.owl_functional.owl,75763671,175917144,251680815
8c511853-12ba-4236-af28-3990eb95b0fb_NIFCell.owl_functional.owl,18363335,13852934,32216269
approximated_kb-owl-syntax-unraveled-depth-1-km-relevant-cardinalities-relation-axioms.ofn_functional.owl,438258481,1068877431,1507135912
approximated_833a48a8-4047-4fc3-a7a2-7f89fc20c915_biotop.owl_functional.owl,18067051,19490425,37557476
approximated_03efc70b-d7f9-414e-a1b1-9dceded61005_MI.owl_functional.owl,42567947,123816591,166384538
approximated_1de103eb-00ad-4a0c-bf9e-5279acc62cc1_Weisslacker.rdf_functional.owl,15174706,3745659,18920365
approximated_ac46eaf0-1354-495b-b4e0-79cae3a32b50_e_computer.ttl_functional.owl,17213965,3668100,20882065
approximated_33b585c7-a610-4bb4-af96-ff2f17f2bd87_o.owl.PREVIOUS_functional.owl,66793229,138763996,205557225
approximated_77b77bac-eff8-4081-826c-ef74a451fa5c_KEPD_350.rdf_functional.owl,15817183,3778016,19595199
2ff8c1f5-61a3-4bc3-a5fa-0b7ed93f88df_blinCore3g.owl_functional.owl,13619452,5649217,19268669
approximated_28f17659-03d2-459b-9594-11cfd036fef7_Camera.rdf_functional.owl,14776671,6309984,21086655
337a232d-3f4f-470a-ada1-aec74f13a61f_oryRdfProperty_functional.owl,19657150,2154825,21811975
approximated_00005.owl_functional.owl,575571170,1290758333,1866329503
approximated_5272648a-afd7-4449-8a06-aedac653e85a_hitney_GG4.rdf_functional.owl,11094999,4057578,15152577
5199db06-6621-4447-81ed-7fff064402a5_NIFRetired.owl_functional.owl,11948776,5582630,17531406
approximated_358d9c84-586a-48fa-83d1-71c71e1a76f5_Maltesers.ttl_functional.owl,16306089,3839528,20145617
approximated_5402b461-4c43-40a3-947d-9b0beb9478f2_helioscope.rdf_functional.owl,16434396,3791516,20225912
approximated_5642787a-106d-4d50-acee-f5869ae8065b_merged.owl_functional.owl,879465023,2632403611,3511868634
approximated_924cf3eb-fa0d-4d99-a5cd-22ddabbe66c0_onto.rdf_functional.owl,17224232,4621590,21845822
approximated_04c12371-ce77-457d-8466-1d8fec7666f6_avesbasic.owl_functional.owl,777830023,2064962064,2842792087
37655913-5760-4cc7-930b-1bcc44039b01_tap.rdf_functional.owl,278822327,351068600,629890927
approximated_a9535310-c96e-46f9-b6b1-ca006609dac8_Process.owl_functional.owl,14761932,6749564,21511496
approximated_389a96d0-4b97-429b-b831-cab267dd85f6_223onto.rdf_functional.owl,17202514,6907528,24110042
approximated_118a4487-50c2-4791-a122-b6250d54b154_morphology.owl_functional.owl,66458620,136836501,203295121
approximated_6feab6fb-43ba-4697-9902-12af4f1b08cb_ctionsLite.owl_functional.owl,15378963,11564957,26943920
0c5c41eb-6a00-4b7e-b79d-23f4f021f731_20060526.rdf_functional.owl,13613851,3764138,17377989
approximated_c275f7dd-55ce-49bb-bdf8-1184648a1e5e_n_core.rdf.owl_functional.owl,13962273,15351036,29313309
approximated_00332.owl_functional.owl,9337235,5966192,15303427
approximated_6bffa009-55ec-4cc4-96eb-ffda12170661_NoSQL.ttl_functional.owl,12034072,3722397,15756469
approximated_251f3824-b733-48a9-9aea-be583981a3bd_V11.rdf_functional.owl,16972351,3857761,20830112
495a14bc-7d8a-4d25-9f31-53fd0761b381__xp_chebi.owl2_functional.owl,354165173,175256909,529422082
approximated_3275e489-3818-4329-b7f7-8604cb33c574_ystemState.owl_functional.owl,20608858,28359539,48968397
approximated_f0494396-e65b-4da9-a87d-5e8aa3a175ec_6414s6s2s1.owl_functional.owl,54643359,9760129,64403488
approximated_5097cd64-6d81-440f-a831-cd9dc033af19_don_Bridge.rdf_functional.owl,69052886,3665833,72718719
approximated_e5e689fa-c640-4163-83fb-e2c8270d71d6_ypes_0.99r.owl_functional.owl,37250329,29833759,67084088
approximated_1267162d-89f3-4f8f-9123-8b1d724e3cad_y_Caramilk.ttl_functional.owl,66612054,3807438,70419492
e355c2e5-e6af-4a26-9899-b801aa765e86_tegoryMetawiki_functional.owl,121995494,12038046,134033540
approximated_14c1c304-e5e5-4645-8d2d-8eb673fa6b60_vsto.owl_functional.owl,71411459,17024715,88436174
00b27d6c-5532-43aa-902c-2468b7407841_classified.obo_functional.owl,228293541,250042690,478336231
7039d759-3a0f-434c-8e3c-0b14787ccb53_Kaiko_LSCOM.owl_functional.owl,102655449,223410192,326065641
approximated_c0e2774e-968b-495c-a5a1-c8be243e08ae_sbpax.n3_functional.owl,13681016,10072034,23753050
approximated_17f06dfc-039c-4343-9ff2-5ee20d81060b_ethernet.owl_functional.owl,10769651,5516396,16286047
d9f8eab0-3c46-4414-b526-ed62603b6493_MusicGenre.owl_functional.owl,12427098,1487451,13914549
a65d053b-39da-4808-8c8b-7c28844962b9_tlingEvent.owl_functional.owl,16019041,1183273,17202314
approximated_2cb92e29-c14b-478d-88fe-7ce17c0db374_realm.owl_functional.owl,156058688,215313062,371371750
approximated_4e65432f-5e6e-4b90-9481-91367b55c947_bleOWLTest.owl_functional.owl,10749986,2022696,12772682
approximated_1b2ba6f4-4828-42da-9165-be91b6529c56_uberon.owl_functional.owl,665655003,1856306175,2521961178
c282eb66-ea7c-4da1-a027-8a76286130e8_Chemical_1.owl_functional.owl,16777372,9268625,26045997
0ff1ddbe-7462-4689-b92d-951d18169cf1_a_anatomy.owl2_functional.owl,54955043,104077659,159032702
approximated_c6ac90ee-50d9-43d7-9111-2d5ffd12ced0_ionaddress.owl_functional.owl,17095786,20255482,37351268
approximated_2d983b9f-02a3-433f-9ca7-3b139d51cb09_p_knitting.ttl_functional.owl,11666077,3818622,15484699
approximated_5676d90b-8cf6-4735-93f0-4d9d37a531d3_onto.rdf_functional.owl,12169732,3980479,16150211
approximated_0d87b570-3fc3-4d52-8fab-833dcdd67c5b_my.obo.CURRENT_functional.owl,113454940,252871983,366326923
approximated_15da540f-d51a-4143-aa19-a1510f24c025_artelite.owl_functional.owl,19329067,10181118,29510185
approximated_kb-owl-syntax-coreference-IDs-km-relevant-cardinalities-triggers-constant-classes-relation-axioms-value-classes.ofn_functional.owl,745654309,1788095220,2533749529
approximated_54bd4a53-4111-403d-8d8e-010116144168_tagenomics.owl_functional.owl,27478510,8826729,36305239
approximated_454f77c9-131e-4129-8c5c-b8ec98232212_premises666.rdf_functional.owl,37642813,11125491,48768304
approximated_27a98856-5d51-471d-b21c-01d0f12d2cf2_testinalis.owl_functional.owl,1708082438,4369706184,6077788622
approximated_c212fea7-acc8-4712-b614-1b7d428a2586_Protection.owl_functional.owl,43574027,41569954,85143981
approximated_fc63e30b-0fc8-42cb-a773-61d903caa0f4_propCount.owl_functional.owl,143605890,210712737,354318627
898c15c2-90fb-40ea-b806-842bc68655bc__trait_xp.owl2_functional.owl,27408501,11208697,38617198
approximated_20544e78-e168-408a-8ac8-5ed19900be33_prerelease.obo_functional.owl,635699867,1745152033,2380851900
approximated_0e3a76b1-3951-4bb3-a633-94fbc09194aa_vation_v15.owl_functional.owl,11821469,6057577,17879046
approximated_kb-owl-syntax-unraveled-depth-0-cardinalities-disjointness-constant-classes-relation-axioms-value-nominals.ofn_functional.owl,456613390,895174615,1351788005
approximated_ba68b13b-5742-43ee-8e7e-77c0a02b6565_sciUnits.owl_functional.owl,23832289,19960388,43792677
approximated_10d4a772-3fd9-47fe-b5e7-81e42c99775c_Fish_tape.ttl_functional.owl,17081603,4190039,21271642
approximated_fb0316f5-7860-4154-8ca1-e319393f1332_iiitlink.rdf_functional.owl,32564185,52743151,85307336
approximated_30a118a1-886f-439d-b4fa-0fa4ad0a26ef_ija_cheese.rdf_functional.owl,11398477,3851724,15250201
3acb1f0e-d867-450c-a41c-8d29ac7384da_cule_role.owl2_functional.owl,251087321,581338189,832425510
approximated_82f08abf-8162-4e42-9757-ab609c624e1d_to20110320.owl_functional.owl,28351195,39006639,67357834
approximated_kb-owl-syntax-coreference-IDs-cardinalities-constant-classes-value-classes.ofn_functional.owl,628963513,1799395521,2428359034
approximated_37ae21a8-8d3a-4482-a1ae-34cab320bf93_lapa_bread.ttl_functional.owl,17216809,3739028,20955837
approximated_32890b05-5f9f-4103-a102-ea222df97928_city_meter.rdf_functional.owl,10904246,3735854,14640100
approximated_fe654bb2-e8cb-47b5-9608-8d43597b25dd_functionsfn_functional.owl,26255851,9864421,36120272
approximated_80bcbfb2-3841-4520-b3c2-3ad43d54206a_5.rdf_functional.owl,24864079,5183654,30047733
b152925f-3e93-4b14-8749-48f4e80db5de_Museum.owl_functional.owl,27100727,2642401,29743128
approximated_f59bdce4-10ce-4412-a232-97df3cba8924_hatase.rdf.owl_functional.owl,14230399,17142301,31372700
approximated_efe57f06-f77c-4d8a-b971-844f884b86d7_bean_paste.ttl_functional.owl,25630686,4260009,29890695
fix.physico-chemical-methods-and-properties.4.owl.xml_functional.owl,37927110,80288282,118215392
approximated_4702afa9-37f9-4fc7-989e-c57219674548_isometadata.owl_functional.owl,29700580,21673868,51374448
approximated_56ae5d57-2e38-484a-9bed-2d5ec856c0e7_wart200602.owl_functional.owl,12229518,4853714,17083232
approximated_82e42e12-fa12-4b82-bdb2-338eebeafac5_Screwdriver.rdf_functional.owl,11520616,3646595,15167211
approximated_kb-owl-syntax-unraveled-depth-3-cardinalities-disjointness-constant-classes-relation-axioms-value-classes.ofn_functional.owl,732572514,1580136728,2312709242
approximated_96ce8830-4418-45b6-ab74-563d80179867_zzo_marble.ttl_functional.owl,14512019,3667249,18179268
approximated_34a60211-a552-4861-b467-c6ccf9a7782e_less_steel.rdf_functional.owl,16823506,3671853,20495359
approximated_550bbb2a-26ee-418e-a1b3-c28095635655_BRInferred.owl_functional.owl,184845863,371507737,556353600
approximated_2dd704d1-2b3d-4469-ae3a-e07f2534a0a7_PlansLite.owl_functional.owl,16912140,16410768,33322908
9b886760-d835-48c7-8d1b-68d0ebef9343_sgenechrom.owl_functional.owl,664134142,1263127333,1927261475
approximated_334db5fd-9bae-4ad7-96fe-8d775d42b33e_AX_Machine.ttl_functional.owl,20001357,3664732,23666089
approximated_nemo.neural-electromagnetic-ontology.24.owl.xml_functional.owl,66464313,132085690,198550003
a9cc4f85-9251-4406-a4dc-5305e35e02f8_myreadonly.obo_functional.owl,128316053,43044900,171360953
approximated_5fb820a2-814b-4f3c-8c95-1689727293f4_que_wrench.rdf_functional.owl,8292279,3753487,12045766
approximated_cbb83c0d-9d23-4665-bc51-9f40651f7063_dantmodule.owl_functional.owl,15714209,7893821,23608030
approximated_ab864b0c-2fac-4e98-a74a-f0ca1ba715af_e.obo.PREVIOUS_functional.owl,63020785,130128915,193149700
50d5589e-2138-404b-b160-62b76c1b180e_psims.owl2_functional.owl,38554479,89365760,127920239
7d32821c-7173-472e-ba67-2f316cb411c2_meMinister.owl_functional.owl,14769370,1996261,16765631
approximated_5139a41a-b1a1-46ef-a8e7-810634d5c2bf_extractfns.owl_functional.owl,91341051,7914788,99255839
approximated_a38bcc46-3b2f-4254-be56-deb690f9aa40_stateFluid.owl_functional.owl,152510890,212032448,364543338
approximated_3dc4e099-af9d-419d-b9fb-bcef9d8758e5_reGradient.owl_functional.owl,135857892,216107223,351965115
approximated_4a6ba382-eb40-4a59-8b19-e03d45fa9923_bre_cement.ttl_functional.owl,16312333,3759368,20071701
approximated_bf9acb43-1b19-4529-b5f5-e914b91710c8_omplexsadi.owl_functional.owl,12152162,7349703,19501865
06351fae-998e-422e-977e-0c25d1a6c730_Cyclist.owl_functional.owl,11674220,1550227,13224447
approximated_02b3268e-4776-4465-809a-0426d82d93d1_DP1.28.owl_functional.owl,22393515,3347313,25740828
approximated_d56e5273-dace-477b-82a1-eadc06b9d86d_mergedtbox.owl_functional.owl,1693920862,4411428550,6105349412
e378b271-b457-40e0-8519-def679db4807_psipar.obo_functional.owl,26944811,38455642,65400453
approximated_0f628045-efd4-448f-ab65-b438cd3d4389_core.owl_functional.owl,712194699,2153831335,2866026034
approximated_00654ae3-16ea-4396-8c73-cd3931391ea7_d_railroad.rdf_functional.owl,21938313,3778143,25716456
approximated_tmo.translational-medicine-ontology.12.owl.xml_functional.owl,19314343,18048895,37363238
approximated_2c77eb5b-6dc1-47f8-aa10-12897cfc7882_l_database.ttl_functional.owl,17805184,3709280,21514464
approximated_5163c3e7-5d69-4a5b-b26a-ca41bfe049eb_cidoc_v4.2.owl_functional.owl,21392250,16637236,38029486
approximated_09a3ab85-9803-471d-a442-89d4bd7b0567_person.owl_functional.owl,15244747,6947029,22191776
f1633d56-6080-4b87-b35e-6f2735f382cf_classified.obo_functional.owl,63239815,166389455,229629270
approximated_e31c4e75-5c8a-480c-bc01-6d594c69e852_mbeuniprot.owl_functional.owl,248447687,410800854,659248541
approximated_4532adb8-ee7e-4cf8-8daf-c163fffe7fd1_Rotosplit.rdf_functional.owl,15080083,5783732,20863815
approximated_8246808d-82aa-4060-8d84-a4fe069b048a_tingAgency.owl_functional.owl,80612336,160601920,241214256
approximated_58459510-f8f5-4b95-843a-f287dbe1f993_Globe_valve.rdf_functional.owl,16071946,3818936,19890882
approximated_8ef69391-b3f2-4da9-a2f2-b96c9a2bd65b_EMERK.ttl_functional.owl,19833718,4999223,24832941
approximated_508c163f-060a-4bc3-9785-02cd23ae2ca7_stateSolid.owl_functional.owl,137767439,213100177,350867616
approximated_5689427e-17bb-45ce-909d-33c14032f6c3_iri_cheese.ttl_functional.owl,15367476,3865420,19232896
fa93f557-4e1e-43e6-80e0-1e90d80977b6_im_generic.obo_functional.owl,13689166,7394998,21084164
approximated_fcf6c85b-3596-43e1-9dd1-c2d49718b5f8_eres070612.owl_functional.owl,23282520,22020230,45302750
bf1b9dcd-fed7-4970-8ebf-f8dc84a1f96e__GO_import.owl_functional.owl,16295351,5859837,22155188
d17e6238-1081-4270-8f91-dfb3a800c179_t_ontology.obo_functional.owl,61169344,122877829,184047173
approximated_971647da-45f3-4433-8c94-d598c073523a_222onto.rdf_functional.owl,12904455,5333411,18237866
approximated_4def9b8f-20be-4ee8-8f76-3ef43e1f4f22_onto.rdf_functional.owl,15548866,3833699,19382565
2f60951d-d9a1-4c03-a985-6ecbc54ea7ba_xattribute.obo_functional.owl,29020665,3155767,32176432
approximated_4c4bb8fa-02c6-446f-9881-cdf8357307d4_FOSCoreEcon.owl_functional.owl,19876453,9693248,29569701
8240de50-4d24-4d94-b853-f8d867717086_bsr.rdf_functional.owl,168818057,105393210,274211267
d1d903f9-4d9c-4f5c-b904-69a8dc2d18cf_nverzeichnis_L_functional.owl,9172058,873636,10045694
approximated_3c7550dc-aecf-45b2-8f89-d11b303864fc_tourismowl.owl_functional.owl,15398489,14360257,29758746
approximated_6eac3603-36fb-4e54-9927-ae3233bbe836_reprSciLaw.owl_functional.owl,127791385,212762753,340554138
approximated_2acf8e57-7d1e-4026-abce-697df298030b_abic_khoja.owl_functional.owl,14223648,3729679,17953327
92817fd0-4f78-4d75-84a7-74c17a6865c9_taxonomy.owl_functional.owl,47312806,94058842,141371648
approximated_38b55830-b145-488f-b3fd-a4d95b5df50a_ACTexample.owl_functional.owl,17760448,7529104,25289552
approximated_00686.owl_functional.owl,3289943959,8145914821,11435858780
approximated_24fe47aa-33d1-4ff6-9982-73907202014c_swebok.owl_functional.owl,79799456,22894223,102693679
128c7202-1405-4794-8130-32e826b8dc23_unit.obo_functional.owl,41336705,17337941,58674646
approximated_00390.owl_functional.owl,587656968,1771462452,2359119420
approximated_6a621ce1-c63f-4649-96f2-2cadf7ba17d4_cedar.owl_functional.owl,50475302,24831570,75306872
approximated_b1982bf6-e1e6-4e75-9ce8-acd4ed991240_icken_wire.rdf_functional.owl,12368197,3726316,16094513
approximated_6d35fed5-0014-47d3-b0b6-3ae0bef1f9d2_Traffic.owl_functional.owl,16743638,5102484,21846122
approximated_3c95f452-dd0e-4599-a594-f09baab8b9e8_Furniture.rdf_functional.owl,15716221,3745132,19461353
e606b28d-ee9e-4243-b286-97dfc6b7a4e9_rm_anatomy.obo_functional.owl,402599628,686649796,1089249424
approximated_446842a9-826f-4f6c-8502-5b6c449984e5_ysDynamics.owl_functional.owl,30753574,48574427,79328001
approximated_1b63ee3c-936f-4d8c-b362-20670d327b1e_phenAtmoSky.owl_functional.owl,134033572,213418104,347451676
approximated_01a91626-d2d6-46eb-83ff-f20d3b5c613d_Hacksaw.rdf_functional.owl,12048984,3908320,15957304
01020666-768a-494d-bfda-6d9a4eedaf52_enspanther.owl_functional.owl,412670285,1027447114,1440117399
approximated_335596b5-094f-4f3e-a0e7-ca51b7554572_Call_girl.rdf_functional.owl,16571645,3683727,20255372
approximated_kb-owl-syntax-unraveled-depth-3-km-relevant-cardinalities-triggers-constant-classes-value-classes.ofn_functional.owl,380930738,948123084,1329053822
approximated_43a708b4-7145-49d9-8dab-dee4ab0373e1_af20070424.owl_functional.owl,14583488,5303971,19887459
approximated_a73b8cbe-d9cb-4bb8-aa71-973f96f49d54_onto.rdf_functional.owl,10565866,4935871,15501737
approximated_75dff472-3976-4079-8555-e6d264028c1d_CategoryMarking_functional.owl,10241837,1716512,11958349
approximated_14871cac-cf5a-4afd-9f40-9f095253b688_esg.owl_functional.owl,86007950,23733518,109741468
approximated_25f64bf3-08e9-4ce1-a712-d4a23f19ad30_Loaf.rdf_functional.owl,12419563,3823287,16242850
approximated_kb-owl-syntax-unraveled-depth-2-cardinalities-triggers.ofn_functional.owl,417287195,1074939720,1492226915
approximated_342db382-7dd1-49a8-81aa-3866aa4664a5_Croglin.ttl_functional.owl,38773066,4047436,42820502
approximated_54a5027a-e2a6-424c-856f-2a2502ae0d5d_DUL_v23.owl_functional.owl,15478431,12450500,27928931
approximated_00007.owl_functional.owl,28188639,7009296,35197935
approximated_kb-owl-syntax-coreference-IDs-cardinalities-disjointness-relation-axioms.ofn_functional.owl,869577690,2289548645,3159126335
approximated_e1717933-4749-4b44-9d1b-7302185ebe80_sbol_wSO.owl_functional.owl,16601026,19723060,36324086
approximated_259f6c13-81bc-490c-9944-0eebc1fa4de7_ermittlung.owl_functional.owl,12716513,6285585,19002098
approximated_04b96804-36a5-4f4f-ba7b-5db0810ce062_bibo.n3_functional.owl,16197436,5392137,21589573
approximated_a24dfcfa-50a1-4477-b8f3-31ca6c089f38_preonto.rdf_functional.owl,17043958,7069908,24113866
approximated_9d06624a-f7ee-4a19-81ef-ef1158b7394a_rby_cheese.ttl_functional.owl,8354247,3738872,12093119
738a62ec-d995-4d8b-badd-7e8ed6b818a2__documentation_functional.owl,65199649,8480482,73680131
approximated_7854c038-685e-4dab-8412-35b9ce2adc1f_lRelations.owl_functional.owl,18263397,6987539,25250936
5fc0bcd2-f106-44c2-9353-1426c209ecd6_nnotations.owl_functional.owl,8387723576,7265503233,15653226809
