Ontology,OntologyLoadingTime_ns,MetricMeasuringTime_ns,TotalTime_ns
approximated_a8f6019c-f34e-4418-af12-f0f464881e4c_VAST2009all.owl_functional.owl,2063295702,203794459,2267090161
approximated_cd75b3f9-a5f7-4436-bf9e-c73dea998d92_onto.rdf_functional.owl,35101329,27464005,62565334
19c0e590-e643-49d7-b21f-2fc584b1ab11_t_annotate.obo_functional.owl,28537738,32956207,61493945
approximated_0e041011-1e56-459a-a749-5038f476ca3e_fearlus.owl_functional.owl,31873180,27102342,58975522
05aa3148-2984-473a-b4d7-5a97ef55b620_nsynset2D0.rdf_functional.owl,2265552207,4808760778,7074312985
approximated_a0f1fe03-9384-41b8-a338-81b935691ca7_dProtected.owl_functional.owl,242088320,359372601,601460921
aaff4dda-3125-4140-89fe-74647cbbba58_stdview.rdf_functional.owl,18651226,20530568,39181794
approximated_36bf65ea-821a-4868-aaaa-ba268d25b06c_Bollard.ttl_functional.owl,23499044,8834442,32333486
approximated_25026944-4e55-4055-9c7d-b733fd0752e8_Sight_glass.rdf_functional.owl,23857332,7949355,31806687
mat.minimal-anatomical-terminology.2.owl.xml_functional.owl,27391858,28896756,56288614
approximated_00014.owl_functional.owl,57898049,44488360,102386409
9b10aa7f-5d37-4a23-9dc8-c0e74b59d728_Film.owl_functional.owl,44476628,8358278,52834906
c4522b4a-8b40-45cd-a28e-130ae6f77616_loggerhead.obo_functional.owl,26757198,35325512,62082710
266078d7-4ebe-482d-98a2-090b4d640520_EbGdrcN5Y29ycA_functional.owl,18439630,12250704,30690334
e24d6190-e9dd-4ffe-bb50-e13016b382d9_Company.owl_functional.owl,20959210,2862316,23821526
approximated_74d155eb-2fac-447f-bc9d-a9a75b00a009_cery_store.ttl_functional.owl,17036930,11638419,28675349
approximated_bspo.spatial-ontology.20.owl.xml_functional.owl,27760610,31181233,58941843
approximated_23fee2e3-9ffc-4fce-86fd-342eeba74013_John_Dory.rdf_functional.owl,10800190,8249539,19049729
approximated_9833b76c-da15-4524-83af-85574d900520_u_dressing.rdf_functional.owl,20935871,8194238,29130109
approximated_d5526c43-5838-4a9c-af57-b8f625e26237_Leerdammer.ttl_functional.owl,19498281,8183819,27682100
approximated_cd8a38f3-171c-45fa-b461-fb3ce121cfb6_software.owl_functional.owl,15428309,8006720,23435029
approximated_kb-owl-syntax-unraveled-depth-3-km-relevant-cardinalities-triggers-relation-axioms.ofn_functional.owl,520318139,1160705518,1681023657
approximated_70aeb10e-eece-43b2-8b09-2f9ea45c1cfe___Koch_G36.ttl_functional.owl,21275422,5084880,26360302
approximated_75d9fe1b-71db-4e70-a109-bd304b2321a7_VRAM.ttl_functional.owl,16392891,5179397,21572288
approximated_8f89a31c-fe5f-46b1-9b07-d9dc72b50e03_pban.owl_functional.owl,25550085,5933056,31483141
approximated_8fca389d-d850-405f-b461-c6ce2ab6feb7_premises663.rdf_functional.owl,21646914,11518907,33165821
approximated_01e61578-858f-498c-9aba-2401be843c1b_nry_trowel.ttl_functional.owl,11968417,5665192,17633609
approximated_35a36bb9-c479-4063-a445-a9a4c676755c_Azorubine.ttl_functional.owl,13971122,4996985,18968107
approximated_24faf36b-9a27-4f92-b4c1-770320f7d109_Gummi_candy.ttl_functional.owl,13707172,4663852,18371024
approximated_1b9bc6c9-d156-4a1c-a821-014fcf3ae7c5_20090907.rdf_functional.owl,16901633,15761714,32663347
approximated_kb-owl-syntax-unraveled-depth-4-triggers.ofn_functional.owl,329711275,961224809,1290936084
approximated_ep.cardiac-electrophysiology-ontology.2.owl.xml_functional.owl,3252962541,7104040954,10357003495
approximated_f345c79b-a278-41a6-b109-44ba64739788_PaulFisher.rdf_functional.owl,17905844,4090340,21996184
74315bf7-bb8f-4a98-95d2-f260450b6ee9_lCharacter.owl_functional.owl,19316445,3497478,22813923
approximated_dd922e1f-73f2-43fb-9a84-6664f9c4d6d3_temetazoan.owl_functional.owl,2351774036,5363187126,7714961162
approximated_cfe00e32-c9b8-404c-9f5a-07b042d046c9_codtools_02.owl_functional.owl,22539786,13928687,36468473
approximated_4a243936-cf39-4269-b053-24e2e8820fb0_Gyrodyne.rdf_functional.owl,33079157,4891333,37970490
approximated_dfc18503-60bd-4cf0-8e46-46da849392d3_Grounding.owl_functional.owl,16148576,8636411,24784987
approximated_a3f0aaeb-b9cc-4337-882c-cb968126a9f2_higgins.owl_functional.owl,15119900,4859931,19979831
approximated_1c3bac4f-4f4e-4518-bc86-0377d3dc6c32_Wahoo.rdf_functional.owl,16412057,3792583,20204640
92a9f2e8-3e78-4470-ba97-727b01ed6b3a_Station.owl_functional.owl,16224080,2863445,19087525
approximated_3d18c527-3dc1-4a8e-a715-b5e912ff6c48_calisation.owl_functional.owl,17263687,4098514,21362201
approximated_a8009033-f351-4981-aef6-bbf8c91567ab_odData.owl_functional.owl,16329226,7760964,24090190
approximated_4a6e0711-cac1-4153-82f9-1a729636c163_CPR.owl_functional.owl,37414105,44972673,82386778
wb-phenotype.c-elegans-phenotype-vocabulary.195.owl.xml_functional.owl,63248635,136889463,200138098
approximated_45c105f1-be30-4d21-acaa-545093e8a3c2_COSMOr603.owl_functional.owl,284045084,414258244,698303328
approximated_59c23576-3905-4768-807c-e42953a49469_PA8000.ttl_functional.owl,17462137,3933722,21395859
approximated_2bef0cf8-78c8-4930-8f10-3cd63f3ced94_unitcomplex_functional.owl,18513094,13302911,31816005
approximated_c111b583-ea49-41d1-8301-7bf4cd420885_ebbp2.0.3.owl_functional.owl,17125737,10619342,27745079
59c2a3d4-020a-4a2a-8b2f-a9a9c096e102_HP.obo_functional.owl,207043696,662399500,869443196
c6fe1d07-3a65-44b7-bb6e-5be86e59feaa_pr_import.owl_functional.owl,11789353,15488851,27278204
approximated_312ead57-98a6-4831-9cfc-efc961e02d26_74181.rdf_functional.owl,14057265,3756977,17814242
approximated_kb-owl-syntax-unraveled-depth-2-triggers.ofn_functional.owl,376974850,936249146,1313223996
96fca1bc-6cbd-4edf-9155-62885ac3321c_icsCreator.owl_functional.owl,22068945,2195165,24264110
approximated_7508fb18-a372-461b-861f-3e1d236f466c_qudt_functional.owl,17736467,9373467,27109934
approximated_00708.owl_functional.owl,154697390,28812827,183510217
approximated_839b2cf5-ecb9-4418-85c6-4427ff7aebd2_matrIon.owl_functional.owl,231904735,214183027,446087762
approximated_1cdf362c-2ae8-4727-b5e9-576130834e04_OBI.obo_functional.owl,2024272951,1537685949,3561958900
approximated_c2be6154-32e2-4603-829f-7d5b1d11b934_d0.owl_functional.owl,27842272,12178073,40020345
approximated_00535.owl_functional.owl,264162636,606297606,870460242
approximated_8d26f9a2-ef79-4a31-becf-0e57b2393271_undbericht.owl_functional.owl,47073137,9674820,56747957
approximated_3f2b94bf-d53a-4daf-946d-6c59da721e7c_Cola.rdf_functional.owl,17703741,4081000,21784741
approximated_702b8efb-32b2-4a87-8350-415581a69a16_Resistor.rdf_functional.owl,15490689,4223929,19714618
approximated_22b3b685-bd5e-47cd-a249-4830d6cf08c6_Fish_hook.rdf_functional.owl,14964342,4484417,19448759
approximated_c9cbf95b-a86d-41c2-85f9-8d759de6c1d9_sion.zfish.obo_functional.owl,374670675,535522557,910193232
06c9f57b-624c-4e3a-9610-48d68898db4c_HAO.obo_functional.owl,88479713,270162121,358641834
approximated_6d30d82d-ccfe-4993-b40a-958aa17be6f9_MSKB_ver1.owl_functional.owl,22170879,15155381,37326260
approximated_1f1074d7-d9d4-4a6b-8977-0a77b95392f8_interfaces.owl_functional.owl,19902511,8471016,28373527
approximated_tao.teleost-anatomy-ontology.135.owl.xml_functional.owl,136325792,300582729,436908521
approximated_77e55a95-d069-4da2-b261-57e89fcb896a_rTransport.owl_functional.owl,114454955,264000001,378454956
f24457ab-cea2-4017-b9f0-e77f9f1f4f39_notype_xp.owl2_functional.owl,392960994,169724554,562685548
approximated_052b7c55-4d02-4d5d-99f4-48676cb191e0_FYPO_functional.owl,86264928,220169368,306434296
approximated_5249685c-71db-4f8b-8746-00fe11948fa4_Mandoca.rdf_functional.owl,14875981,4245576,19121557
approximated_4e9382c4-e9aa-4494-96b1-14892f8a5695_Flail.ttl_functional.owl,12404730,4295282,16700012
approximated_6b6bbd7f-64af-446f-b47d-a11f97c191c3_Tilapia.ttl_functional.owl,18450733,4188078,22638811
approximated_4c0f61da-db43-40be-aea5-096d0e25cf87_eral_water.rdf_functional.owl,17861790,4064467,21926257
approximated_ddd751bd-f933-42b7-865d-e9aa08c3408b_ncertainty.owl_functional.owl,29238521,38049700,67288221
approximated_00627.owl_functional.owl,57284029,154717520,212001549
approximated_00f0d5f6-395b-4d82-97bd-75062b17681a_odore_CDTV.ttl_functional.owl,12511984,4206949,16718933
approximated_52d591c9-b4fc-4f87-99c4-8b81323a910f_Sun_valve.ttl_functional.owl,19020362,4188174,23208536
approximated_00039.owl_functional.owl,129520349,321301342,450821691
approximated_48bdccca-5b0c-48b6-b156-5f88a9662b1c_envirImpact.owl_functional.owl,71293348,154771165,226064513
approximated_6fce96ad-8afd-44a8-8828-258cac75fc7b_risdiction.owl_functional.owl,20980180,23884521,44864701
approximated_09b555c1-a7a1-4cc9-b9de-b53288f8fd91_onto.rdf_functional.owl,20707782,5937081,26644863
approximated_531c2d22-624b-47ae-8947-357b8894cb23_MF.owl_functional.owl,23274867,44360431,67635298
approximated_821570a0-d208-4173-a2f9-a885caabf71c_plusassocs.obo_functional.owl,21297231169,34479180312,55776411481
0b269d8d-1c50-45ce-ae4b-60a46714d203_classified.obo_functional.owl,607285995,874790596,1482076591
approximated_617ed6c6-5075-429e-aa0d-8f510bb901d7_Pentium_III.ttl_functional.owl,28638435,5426513,34064948
approximated_904615b5-96da-4a92-9a63-41b2f042c337_stermerged.owl_functional.owl,2226619209,766409026,2993028235
approximated_462bdf6b-f7ad-4c73-8244-024769021458_vertebrate.obo_functional.owl,1490816719,4137226198,5628042917
approximated_0a139bbb-6261-4262-b62c-c0d3733f5508_Drill_bit.ttl_functional.owl,154715764,5083144,159798908
approximated_ca495d9f-6fd0-455d-be1b-17538744f700_dinterests.owl_functional.owl,81905121,8847714,90752835
approximated_122239cd-6801-417a-81e4-5bb1fe1f464c_ZX80.ttl_functional.owl,84539574,3984485,88524059
approximated_kb-owl-syntax-coreference-IDs-km-relevant-cardinalities-disjointness-relation-axioms.ofn_functional.owl,1425713000,2189903893,3615616893
approximated_2968831e-1053-42e1-9bcc-b6da3f94d6f9_uowithpato.owl_functional.owl,61654060,137277702,198931762
approximated_c2d3e8f6-066c-4850-9cd3-befc930596a1_opentox.owl_functional.owl,11018502,5177798,16196300
approximated_1d340b73-57f7-4f92-9367-7f131dd2e647_htning_rod.rdf_functional.owl,14064750,3827309,17892059
approximated_kb-owl-syntax-unraveled-depth-4-km-relevant-cardinalities-constant-classes-value-classes.ofn_functional.owl,417679830,869568994,1287248824
approximated_320badf1-da62-42a0-9c1c-34bd80ee78c7_sequence.owl_functional.owl,60913436,111725883,172639319
3c57bcdc-f50b-4109-ae15-65fc2daca9b4_sterfamily.owl_functional.owl,191679309,481040257,672719566
1a474e7b-ad9f-47a1-a5b8-89ebb8d621c8_hpdisjoints.owl_functional.owl,221379061,704792324,926171385
approximated_8c9dbe2e-b0fc-4cb9-bba4-fb6903d70b05_realraum.owl_functional.owl,37402705,50980323,88383028
approximated_1b376225-5d7e-49ee-9513-3e00ee758f9b_dam_cheese.ttl_functional.owl,13197074,3936342,17133416
approximated_00523.owl_functional.owl,130153896,257452689,387606585
approximated_54870b9a-b785-423f-8341-593ccd22e96b_dar_cheese.rdf_functional.owl,14808082,3835638,18643720
218a127c-8d13-40af-9957-63c28b0a091e_elontology.owl_functional.owl,14758643,4922310,19680953
approximated_0a07d171-7ec3-4923-b804-27f35189d2ab_Smartphone.rdf_functional.owl,12021396,3963110,15984506
approximated_545c0c28-7fab-4d03-81c3-154ab2e6d066_chemistryv9.owl_functional.owl,11532963,8858475,20391438
069b23e0-2d3c-4532-af90-4a36ad576dc5_zoology.rdf_functional.owl,17510775,2216053,19726828
af9a1bd0-8eee-4803-87a4-da7fba1f9b80_mo_sapiens.obo_functional.owl,310375179,832243773,1142618952
88ca2646-c819-46af-a2a5-3edb2ad6283b_behaviorel.owl_functional.owl,54685815,84270390,138956205
approximated_11a6ae08-af8c-4b71-b899-4bc1ab375bb8_IL2.owl_functional.owl,88832476,18837291,107669767
approximated_d8aa63e6-e43a-41a6-a8da-9b3cee1f97af_onto.rdf_functional.owl,11382106,6419986,17802092
3aecbbdb-aae6-480e-9b07-4a92532c927e_nnisPlayer.owl_functional.owl,18174564,2577825,20752389
approximated_0a613e4d-9555-4e67-8830-b5f2d3277b53_PaulFisher.rdf_functional.owl,18453877,3941035,22394912
approximated_304e32d6-f5b0-4468-9712-744482cc13de_ossAnatomy.owl_functional.owl,139255503,125336567,264592070
53d979de-8e9e-4293-aed9-4e4b771cd2b9_condition_5.owl_functional.owl,55465694,109601157,165066851
75a65645-51c9-4fe9-9f71-443fde726c1a__v5.0.1__.rdfs_functional.owl,25269875,7516759,32786634
approximated_c65713cb-5f43-44ce-86f2-9c20bf6530ae_IBM_801.rdf_functional.owl,12271333,4049106,16320439
approximated_7f287dc9-bdce-4650-9c6a-da3d089e72ae_Diptych.rdf_functional.owl,15368426,3935120,19303546
approximated_1f131286-0fa9-43e8-a0fb-b7798b7c1476_sasclasses.owl_functional.owl,13228017,1685952,14913969
147cbe7c-d161-4214-8ced-0f838c6d33f7_onto.rdf_functional.owl,20246817,3698660,23945477
approximated_02024966-c8c7-4345-b30b-844ca0bdf8f5_lipid.owl_functional.owl,192543793,340708577,533252370
approximated_kb-owl-syntax-unraveled-depth-4-triggers-constant-classes-relation-axioms-value-classes.ofn_functional.owl,347721350,901374283,1249095633
approximated_c759adb9-1701-429f-aec5-7bda663d10c5_WM30.owl_functional.owl,100283444,41335117,141618561
approximated_fa9611cd-15ed-46e5-8c7c-12e5fa3019d1_ocChemical.owl_functional.owl,129396120,208657941,338054061
approximated_ecdbec75-3dca-4adc-8ecb-7ab59223f896_que_wrench.rdf_functional.owl,17111308,3922624,21033932
approximated_37fa1851-5aae-4f1e-8f87-3a963d31f52a_ecrm_101001.owl_functional.owl,19994541,20730717,40725258
approximated_9a37417e-e497-4e4a-b02a-286d68cca3cf_ry20130324.owl_functional.owl,18906048,5176902,24082950
approximated_00319.owl_functional.owl,29643631,17431970,47075601
approximated_1943f3e0-e02b-43c4-8be0-887c00c50be2_odSolutions.owl_functional.owl,23009237,19837433,42846670
approximated_1e544f4f-62b0-403e-975f-cc6e46b323f3_ology_6508.rdf_functional.owl,13112057,4201881,17313938
approximated_82328b8a-70c3-452d-a0d2-411f97f022f3_Guarana.ttl_functional.owl,17660451,4028152,21688603
approximated_6e432d68-c034-4bee-b4be-a09d8639258d_swadchart.rdf_functional.owl,19484093,1854287,21338380
43ab106b-7603-4227-98c6-11076e559f15_biochebi.owl_functional.owl,4208950430,7788047800,11996998230
approximated_b63e65f5-3268-4847-b875-1facaa30a8ff_olate_cake.ttl_functional.owl,72372450,5567563,77940013
approximated_36ba3ae1-5cfd-4236-8065-31a467167b24_Assessment.owl_functional.owl,242421067,242994281,485415348
approximated_8bbf5afc-49e5-4909-90ac-c81447199582_OceanFloor.owl_functional.owl,146404828,251807339,398212167
approximated_3f281d93-288b-408e-b2b0-f59336017907_onto.rdf_functional.owl,23757298,8946537,32703835
e84667ab-aa59-43dd-a59b-fa01a7935389_xmfprotein.owl_functional.owl,49917371,10155643,60073014
68a3b126-681c-4a19-9f9a-d11a344cb62f_enotype_xp.owl_functional.owl,88388401,31763868,120152269
approximated_155783bc-563f-4401-9be5-4d331c36fe4c_930_v0.930.owl_functional.owl,23737749,28854958,52592707
approximated_0a3291d6-4084-4c87-bd3a-8a71974c331a_iconductor.ttl_functional.owl,17373225,5772928,23146153
approximated_kb-owl-syntax-coreference-IDs-cardinalities-constant-classes-relation-axioms-value-classes.ofn_functional.owl,636714472,1836572891,2473287363
approximated_c5d1a38e-60bf-4925-b4fc-56585d6dda13_ompoundCFC.owl_functional.owl,33895877,41602575,75498452
1cb603d0-4461-48b7-b7c5-ffe0cb8133db_i_of_the_Month_functional.owl,21837253,1583613,23420866
approximated_0eefc452-cedb-4f53-917b-aaa953367334_r_airplane.rdf_functional.owl,17626598,4947062,22573660
approximated_b5252068-269d-48bf-ab98-8fa7d930e944_iao.owl_functional.owl,10975188,7075380,18050568
approximated_lipro.lipid-ontology.3.owl.xml_functional.owl,41122828,77789586,118912414
approximated_a720fd8d-fed6-4c34-af00-aee3dc02ab24_M820070115.owl_functional.owl,141865657,252542584,394408241
approximated_19236968-0ae2-4fc9-b885-f8fca6435bc2_Gold_leaf.ttl_functional.owl,13406983,4968516,18375499
bc26cf47-a757-46be-9278-ea05fc30f755_Heilpflanzen_H_functional.owl,17504313,1066472,18570785
approximated_c861e21d-098a-4e3f-98bf-f24ac7f29b38_cdao.owl_functional.owl,16661226,15451662,32112888
approximated_085abd30-44cb-4bc3-90b2-ba12067a2253_premises664.rdf_functional.owl,13168814,17169110,30337924
approximated_b104bd58-3b00-495d-83d2-be4c495872a8_stribution.owl_functional.owl,26747008,35966143,62713151
approximated_00790.owl_functional.owl,55965800,115906892,171872692
approximated_19bf7357-5896-433a-96f5-550fdced9f46_Cobblestone.rdf_functional.owl,19128270,4498944,23627214
approximated_00407.owl_functional.owl,10841187,5783641,16624828
1061d93f-5382-49c7-8ff8-9bad58957dba_Parliament.owl_functional.owl,13057539,1269841,14327380
approximated_kb-owl-syntax-unraveled-depth-2-cardinalities-constant-classes-relation-axioms-value-classes.ofn_functional.owl,830484841,1160827090,1991311931
approximated_kb-owl-syntax-unraveled-depth-4-km-relevant-cardinalities-disjointness-constant-classes-relation-axioms-value-classes.ofn_functional.owl,765693551,1479324649,2245018200
7727b8c9-0c9e-4a0d-887c-d8d992e99693_LCE2.0Lite.owl_functional.owl,18382096,5423718,23805814
approximated_10142bca-f95e-4bbd-a505-26dceaca21c2_dbpedia_3.8.owl_functional.owl,55766895,97014532,152781427
approximated_19b868f4-d568-4bfe-9562-5c72353d09c3_classified.obo_functional.owl,122284071,311147690,433431761
682dd383-e47f-487a-bdd2-68e141ea75d3_llegeCoach.owl_functional.owl,17635010,2499033,20134043
approximated_955ce844-3484-4111-8c5f-25309f1e8771_opendap.owl_functional.owl,18021834,5328363,23350197
approximated_290979f9-3ec6-4592-aeb0-3fd5352ffe34_spaceScale.owl_functional.owl,22729684,26537213,49266897
approximated_00473.owl_functional.owl,3447021407,7312543834,10759565241
approximated_05eede8d-8713-442b-85e6-c96cd7d0bf67_ing_system.ttl_functional.owl,109609038,7151579,116760617
approximated_00512.owl_functional.owl,101670778,63123420,164794198
approximated_9b7ba240-c471-4350-9fc4-415016482db5_news.owl_functional.owl,130822381,11035702,141858083
approximated_042205ac-1f9f-4527-bec0-46ac7858cdb1_app_coffee.ttl_functional.owl,128136179,3834630,131970809
approximated_8ab611f5-344f-49db-950d-2b30cd2519b7_timeline.rdf_functional.owl,14707341,8059693,22767034
approximated_13cf8419-c9df-44f2-b93a-2056f1e49237_Dessert.ttl_functional.owl,82721942,3695827,86417769
approximated_a0b141af-1c70-426b-a9fa-7af1492526b0_POWER5.rdf_functional.owl,14926314,3889095,18815409
c324a1a0-6124-47d9-b68e-6833b957fc8b_classified.obo_functional.owl,87977619,247018279,334995898
approximated_823969ae-818e-466c-9a3d-31d74170ffb3_NTNames.owl_functional.owl,159170438,7706360,166876798
approximated_00055.owl_functional.owl,105502587,9109308,114611895
approximated_29487853-ff19-47d1-87f4-e27cfe4fac15_codo2owl.owl_functional.owl,84787900,8298647,93086547
approximated_6b97ba4b-1cf9-432c-9588-595963e9ce8e_Dairy_Milk.rdf_functional.owl,112740352,3908962,116649314
approximated_1b969f77-56af-4bc7-993b-a7f8a0c2523f_mboldt_Fog.ttl_functional.owl,16470541,3895531,20366072
approximated_8dda8e44-1380-47d3-ade5-93cc9ed88d8c_cell.obo_functional.owl,40613285,75687485,116300770
approximated_0d08daa0-94a5-46c0-875c-786b2eb6d907_Scroll_saw.rdf_functional.owl,135098423,3742433,138840856
approximated_9e84983e-c3ff-4a2f-9316-ad5347df1d46_Biological.owl_functional.owl,138417308,250565998,388983306
approximated_4c042000-a214-4837-be08-f3d0275608db_PersonGroup.owl_functional.owl,142785922,3833277,146619199
approximated_77d16d40-e0d0-4bf3-995a-f6bc55b87ced__furniture.rdf_functional.owl,49657904,4004326,53662230
approximated_11d727d4-eefe-4fa4-ac83-c5185cf161c7_noaOntology.owl_functional.owl,139219250,216307860,355527110
approximated_4a3300a6-72f6-4a06-9024-ef41ad0ab4db_emic_dress.ttl_functional.owl,15886723,3759757,19646480
approximated_1630b64f-9852-4bf1-b237-d90d622ac6a0_ns.owl_functional.owl,18046003,9361881,27407884
approximated_ce01d0b4-811c-4b75-8ffa-41b2c2b45cd9_Design.v16.owl_functional.owl,20039788,7072327,27112115
ea684dbf-d36b-4f7c-b5dd-a71687b2dafa_type.rdf_functional.owl,72917666,101041846,173959512
approximated_3c41871f-f428-4862-9cfd-e3acd1b4c8c1_dian_valve.ttl_functional.owl,9176413,4548718,13725131
approximated_c074ec7f-0f44-44cb-a4fc-59563c255c54_dKnowledge.owl_functional.owl,11408422,6849651,18258073
4c221298-7309-4bc3-bb37-78ec263abb6f_classified.owl_functional.owl,24247935,28881965,53129900
approximated_a1ca6f7d-eab9-4b8f-8f9b-bed47001e9e6_interface.owl_functional.owl,16474791,2110534,18585325
0cd0b9d7-4b0b-443f-9139-2dc69088938a_pathway.obo_functional.owl,30455277,50202092,80657369
approximated_4b39fc56-bc7e-4947-a1a4-5bfd97d52ff2_Hotel.rdf_functional.owl,15253410,3911520,19164930
approximated_5b493be1-de5f-4bf8-b766-24079ab81854_cryo.owl_functional.owl,78494541,140007317,218501858
approximated_c0e4367f-8267-40a1-a83e-5a4678ad79bb_andFluvial.owl_functional.owl,134340853,214677848,349018701
approximated_d9bfc7d2-bcd1-4289-a223-2c091d2b50e1_tambisfull.owl_functional.owl,33956021,29462915,63418936
approximated_886cda93-23eb-40d2-9a1b-af45f74deb0d_onto.rdf_functional.owl,17398376,5100607,22498983
39f92fd6-6545-47a9-b77d-219c0fbadbc6__Bezeichnungen_functional.owl,19267038,2735027,22002065
approximated_eb3935a2-5c42-4f91-9277-34052419fa97_COSMOMod.owl_functional.owl,398431961,536959106,935391067
0f1441b8-1a55-42f7-abd7-e6a214a5627f_brenda.obo_functional.owl,109108491,252767977,361876468
01951143-a1ee-44e6-93eb-0b82c695c0e4_gumo.owl_functional.owl,28405098,60554790,88959888
approximated_0045af0e-5c68-4d7e-b53b-6d2cc43cce20_opaxlevel3.owl_functional.owl,18184750,7647075,25831825
approximated_427c5805-6c00-4123-951b-82bb4f7f00a4_Caesium.rdf_functional.owl,11665587,4334153,15999740
approximated_eb2f8a9d-c645-466f-9f92-2998f1b73fbb_salo.owl_functional.owl,13177755,16561403,29739158
immdis.immune-disorder-ontology.1.owl.xml_functional.owl,37389188,78206938,115596126
approximated_3a720fee-fc9d-49b3-a59d-1972aa6d1100_Bolt_cutter.ttl_functional.owl,15543783,3797317,19341100
approximated_496795fa-3ed1-4544-b940-cf8f338c4fbb_Steel_wool.ttl_functional.owl,15313616,3913780,19227396
approximated_a8aa88ff-2631-42b0-ac47-4804b01b57d9_Bus.ttl_functional.owl,11626232,3829990,15456222
approximated_6d2b6ef6-402f-4f26-ad3d-1003b0cfa233_staxontbox.owl_functional.owl,1821116682,3384637817,5205754499
f4dd079c-0b5b-4254-bcc2-c055bd008098_classified.owl_functional.owl,151154438,389043023,540197461
approximated_8ebd7e72-5d7f-4041-8d7f-f5d44f671d18_esc.owl_functional.owl,40992241,13647804,54640045
approximated_80d3045e-e709-447f-8a60-64f953ed6718_disk_drive.ttl_functional.owl,9571121,3783926,13355047
approximated_48431d82-6ace-492f-bf5a-0cc0be753a9c_Asphalt.rdf_functional.owl,10734234,3724227,14458461
approximated_17fe5dd2-bbc3-4668-907f-9b43549deda4_quantity_functional.owl,17504209,18116053,35620262
approximated_2c5fa5c5-067a-4a52-b9a0-aab4378f18fe_nson_Valve.rdf_functional.owl,16048269,3908102,19956371
015f8405-f234-4e27-a9d3-0bf659b9e785_mpath.owl_functional.owl,29339216,44318173,73657389
approximated_e9374aaa-bcc8-471d-bab1-a28dc48b94fa_PaulFisher.rdf_functional.owl,17246017,3104163,20350180
00139.owl_functional.owl,19898043,4934921,24832964
approximated_74fedc71-8310-487c-9bf1-0e9e08355144_ura_cheese.ttl_functional.owl,15049192,4001173,19050365
approximated_aa5158a7-9b23-4a0d-a71c-a87b357bfed5_nedprotege.owl_functional.owl,28868232,46938502,75806734
58cdafe1-027c-48b9-892f-f4910d27d31e_Country.owl_functional.owl,15640109,1301492,16941601
approximated_0f1d6b38-3d37-4989-bd56-913674f8cf6c_Royce_WR21.rdf_functional.owl,17457856,4200512,21658368
approximated_ido.infectious-disease-ontology.7.owl.xml_functional.owl,23271889,32715677,55987566
approximated_3e2271f3-8f9a-4f9c-b30f-42627781bc1a_relational.owl_functional.owl,15135286,6757998,21893284
56dfb985-4e2b-43fa-b94e-41c4c1d096a7_Criminal.owl_functional.owl,14004646,2306575,16311221
6db72b64-5e51-4f54-b197-c70294d3f9c9_onInferred.owl_functional.owl,13369526,5473241,18842767
a0512604-71c0-47a6-a9e1-7de2d21505dd_lanogaster.owl_functional.owl,308660064,423094473,731754537
6ab826d5-9d64-4df3-99f5-53ab756d148e_egorieAlchemie_functional.owl,18353673,1358961,19712634
approximated_a1096c57-096c-4dac-bef8-10ce4babb27e_turkish.owl_functional.owl,24117076,5927349,30044425
approximated_f252ccbd-f4b4-44e0-8b46-7a106deca8f8_Discipline.owl_functional.owl,73273460,149448858,222722318
approximated_a1a8b6dc-705b-495d-b755-2e1a93e0bdff_FN1.54.owl_functional.owl,21674065,9097786,30771851
approximated_00527.owl_functional.owl,23727344,26940690,50668034
approximated_8b14b3ee-df2b-430a-83a6-fd519475ceda_Sauce.rdf_functional.owl,14212260,3892036,18104296
approximated_4f1d6514-6a6d-4109-897e-9c316fd558a2_eestimulos.owl_functional.owl,14052656,6210868,20263524
737808a4-15b1-46af-ad5e-3d7e721f8055_tabstract.owl2_functional.owl,75204865,128707430,203912295
approximated_77e8eacb-7ae9-4d39-8bd2-88ff1d7d5e06_tric_motor.ttl_functional.owl,13804333,3821506,17625839
approximated_291cd757-f2cd-4551-b169-247b9372572c_Almond_meal.ttl_functional.owl,10824135,3965871,14790006
approximated_0030107c-7315-4a26-a530-2346f0ced0b7__gathering.owl_functional.owl,17057143,5174595,22231738
approximated_cb95a779-0d27-4bc4-bfe0-4b8e699eb988_iffusivity.owl_functional.owl,144233534,247880200,392113734
approximated_716754cb-7c5f-4ff9-b05e-358bc24d8522_Zilog_Z80.rdf_functional.owl,12187444,5142139,17329583
059be0e8-6a11-4a6f-9e21-52b393d60feb_a_ontology.obo_functional.owl,10197655,10311855,20509510
approximated_kb-owl-syntax-unraveled-depth-3-km-relevant-cardinalities-constant-classes-relation-axioms-value-nominals.ofn_functional.owl,377488997,917240972,1294729969
approximated_1a281549-2a09-4bc9-8de6-7a899efe7b32_ECO.owl_functional.owl,15807678,17898269,33705947
approximated_608f3a4e-ecc7-45df-9632-b11f3cee1d05_ve_battery.rdf_functional.owl,11084285,4114960,15199245
approximated_00660.owl_functional.owl,356439629,991008740,1347448369
approximated_b222f3a8-511e-4d91-8bbb-ba4a47128340_provenance.owl_functional.owl,18889288,17931636,36820924
approximated_0dfe564a-578f-4cb0-bd76-1f45afc8c4ea_phenAtmo.owl_functional.owl,181454621,246313598,427768219
approximated_1c48131e-1d5f-4e59-aa6d-3cd9a6c8c62b_eam_cheese.rdf_functional.owl,16957269,3875856,20833125
approximated_31306603-ff1b-4a6f-867e-8453e684db52_Hot_dog_bun.rdf_functional.owl,18544048,3932112,22476160
approximated_538aef57-b690-40e2-ae9f-9ac15493dce2_n_xp_chebi.owl_functional.owl,271422760,624910641,896333401
approximated_0bd91de6-5a2e-473a-9929-86edf1cfb467_onto.rdf_functional.owl,17645694,6109306,23755000
c7dad604-a911-4ceb-8693-463f0d442b5b_KategorieNieren_functional.owl,15102381,1418690,16521071
approximated_5ccf6e47-f205-4cfe-bb45-8f47b5267eb5_oTransport.owl_functional.owl,129774294,209552751,339327045
approximated_00717.owl_functional.owl,15085159,2287548,17372707
approximated_d0e44828-b51d-4469-a4d2-31734d237777_lary_assay.owl_functional.owl,10632745,9852999,20485744
approximated_kb-owl-syntax-unraveled-depth-3-cardinalities-triggers-constant-classes-value-nominals.ofn_functional.owl,385064888,962418703,1347483591
approximated_4b9e0b60-32b5-4e59-a931-8d652ab764c9_Screw_gun.rdf_functional.owl,18538111,4183979,22722090
approximated_a7ad6dc8-2d8f-46e3-b2e7-7590c7007430_Whiteboard.ttl_functional.owl,10142299,3839158,13981457
approximated_0e0d22af-e58f-467d-b562-a7b0c7b03680_Brown_bread.rdf_functional.owl,16184784,3803075,19987859
approximated_ced9d741-f06b-4b86-80f2-cedf4d3fad0f_time.owl_functional.owl,10778450,1165494,11943944
approximated_kb-owl-syntax-unraveled-depth-1-triggers.ofn_functional.owl,428905512,1122822215,1551727727
approximated_kb-owl-syntax-coreference-IDs-cardinalities-triggers-constant-classes-value-classes.ofn_functional.owl,2048968210,1750242646,3799210856
approximated_3bcce273-d290-4d82-8e6f-813a3a27af9b_multiplier.rdf_functional.owl,17418640,4054361,21473001
approximated_so.sequence-types-and-features-ontology.202.owl.xml_functional.owl,60645201,124714434,185359635
approximated_4e3e9d16-0fbd-4851-8631-4770235da9dc_ft_Bonanza.rdf_functional.owl,17608858,4659799,22268657
cca4cdd4-a621-44f3-a8b6-4caec62830b1_l.obo.PREVIOUS_functional.owl,14936960,11616487,26553447
approximated_0622b1e6-c1a2-4f47-93ff-0eff530d7d3c_Parameters.owl_functional.owl,12373559,7367433,19740992
approximated_2b982c8a-e4fe-4738-9251-3ef8e7d63f76_Symbion.ttl_functional.owl,15216823,3900350,19117173
approximated_00375.owl_functional.owl,1142095528,3073872134,4215967662
8f2a41f6-d739-41a2-a8af-093aa4765d1b_Village.owl_functional.owl,25351144,3525201,28876345
approximated_01a9fa16-c357-40d2-a625-186f49e6c3fd_PATO_functional.owl,62340184,135779430,198119614
approximated_70fa35aa-b942-4d22-8032-2de55a96a7dd_Mincemeat.ttl_functional.owl,11044374,4033411,15077785
cf952362-c1bd-4e77-b1bc-f861be1b9769_tc8540.owl_functional.owl,16725937,7034994,23760931
approximated_c04ec2f4-1f7c-4d2d-b3f6-682e5347614f_Reggianito.rdf_functional.owl,16491000,3825827,20316827
approximated_6f23839c-1a36-4f9c-ad8e-cd8732368837_rmodynamic.owl_functional.owl,127559828,211104588,338664416
approximated_44618447-fec3-4019-a114-7d8f756d0db3_Provenance.owl_functional.owl,23536029,21478025,45014054
approximated_13f593d8-dc52-4f4f-8ef0-494059e67c0f_SUMOLiteTB.owl_functional.owl,46369325,48541917,94911242
approximated_1b670ea4-90e2-4c38-8266-225bff815f4f_Tire.ttl_functional.owl,13865363,4049584,17914947
approximated_b194ab75-eed2-4a56-87a8-285f23d9fe05_Bluefish.ttl_functional.owl,14406353,3756149,18162502
approximated_00029.owl_functional.owl,102156183,221756498,323912681
approximated_a67f19d8-c7a6-4bfd-90c3-d86ac5b15a4a_matrRock.owl_functional.owl,131815645,215278255,347093900
approximated_42541c17-8fbd-4cac-ae00-c98ed2d02d1f_Xynotyro.ttl_functional.owl,9322474,4089628,13412102
0289874e-4b78-4e47-b349-bf866a9c1044_er_anatomy.owl_functional.owl,106006607,51813173,157819780
approximated_a61b1028-0965-40a4-b8f9-e0f503b35de1_JavaActor.owl_functional.owl,15773925,10828733,26602658
approximated_45c97561-9ee1-4454-a896-a8ae61e1b1fa_onto.rdf_functional.owl,13662904,7482777,21145681
2684a099-e94b-4deb-bad9-f60547ccdd68_masimple.obo_functional.owl,97941756,216038337,313980093
97456bca-7168-4ff5-a82e-b57dbae55897_aeo.owl2_functional.owl,18225114,19610757,37835871
atmo.african-traditional-medicine-ontology.2.owl.xml_functional.owl,14542283,10908684,25450967
approximated_1afe6701-b313-4dc3-beb0-9a1605897f31_test.owl_functional.owl,20865207,18081865,38947072
approximated_412c85e6-a225-4751-9f0e-85ff9c7045f8_cell.owl_functional.owl,100122921,146850787,246973708
approximated_41ead8e0-9ee5-4403-9c55-d460968f7c03_LMM_L1.owl_functional.owl,25658514,18552826,44211340
a92d1dcd-0663-4cb7-b280-1ff7d2dd6532_Pizza.owl.rdfs_functional.owl,14602469,4837782,19440251
approximated_0856d8e4-64f6-425d-89d5-90595f814e8f_shing_bait.rdf_functional.owl,13603989,3958935,17562924
approximated_51e14a6e-fef9-4989-b2c6-ad08276f9bbd_RIMV3OWL.owl_functional.owl,21139575,17231427,38371002
approximated_86aaa29f-e9af-4078-a394-3a73c71e3b80_software.owl_functional.owl,45165539,89028252,134193791
017ba95a-fd2a-4957-894a-eab3f6fe846a_humancobra.owl_functional.owl,78576315,118795911,197372226
approximated_290f46e1-bb70-439a-9a77-8f50f2a98b46_pulsbridge.owl_functional.owl,292812774,193738887,486551661
approximated_139e4ed5-261e-4218-b147-15c9b159c75f_cheminf.owl_functional.owl,27484222,28124008,55608230
5a12636d-3302-4e2f-8dda-aae8e9065fc0_ysfunction.owl_functional.owl,17524212,16452479,33976691
approximated_kb-owl-syntax-coreference-IDs.ofn_functional.owl,571767506,1664226795,2235994301
approximated_aae56d44-9f92-4bd6-b673-adf19b738804_SAOntology.owl_functional.owl,2111902380,2923902198,5035804578
approximated_ea85a5ac-f436-4733-957d-24fe36f88320_ns20060722.owl_functional.owl,24142590,12841856,36984446
approximated_cco.cell-cycle-ontology.3.owl.xml_functional.owl,72548066320,1.84317E+11,2.56865E+11
approximated_NEW_fhkb.owl_functional.owl,842202005,78336293,920538298
approximated_00334.owl_functional.owl,15799234,6648213,22447447
04096b24-000d-4d49-94bc-1ee51d41f07e_ontoderm.owl_functional.owl,22851064,33121222,55972286
approximated_375e1790-ab20-4e89-9132-3967afbd3ecc_onsistence.owl_functional.owl,70833472,127063715,197897187
approximated_a5b3741f-ff4d-4050-8091-daa1d5c19fbb_matrEnergy.owl_functional.owl,152803906,355773843,508577749
c0ff2fb6-d093-44ea-8ef0-80601b418c65__taxonomy.owl2_functional.owl,231580555,603704921,835285476
approximated_5460bc8c-66fe-4082-989d-843376671246_rna.owl_functional.owl,23706331,20879040,44585371
approximated_67c88d35-6b09-4a15-a4f4-6e42ae13a5ab_Bocconcini.ttl_functional.owl,14087652,4731028,18818680
approximated_3ca859a4-cb7b-4e9f-8d78-f55d5db3b9b5_Coordinate.owl_functional.owl,143651410,209048898,352700308
approximated_00346.owl_functional.owl,31633225,15791934,47425159
approximated_bbd9d564-70be-47d1-ae3d-a529b686d38d_canon.owl_functional.owl,19468464,17633455,37101919
approximated_98473685-bcbd-45c5-be9b-0e7177e5e517_nif_backend.owl_functional.owl,68302071,145376618,213678689
birnlex.biomedical-informatics-research-network-project-lexicon.1.owl.xml_functional.owl,81642491,183436869,265079360
approximated_e9d10b42-3011-41a8-99f5-d0604b0fc2c5_GUM3space.owl_functional.owl,18485005,19685959,38170964
da44abd3-6d13-4c8a-a0b7-ab2dadc45e56_putational.owl_functional.owl,9378076,8119863,17497939
a456e456-27a5-4342-8c65-4a29f45eed5e_anatomy_xp.obo_functional.owl,292678487,629703612,922382099
approximated_3a0b2188-7158-4b3f-b9a5-457d4f303730_bodo.owl_functional.owl,32644164,53037102,85681266
approximated_20ec31c5-c1a5-4834-a709-8f64103a6c7c_ce_Manager.ttl_functional.owl,15200406,5495148,20695554
approximated_00522.owl_functional.owl,223735368,251539990,475275358
approximated_7c6ea8e1-2e34-433a-9517-d9b83a71e38c_ilpostslink.rdf_functional.owl,30142196,59803927,89946123
approximated_00fe93ac-4471-4d88-9a20-2162f8616716_DUL_v26.owl_functional.owl,14776166,11136505,25912671
approximated_1d7ab82b-263e-46d3-82e3-39cbcd1c9a2a_Comb.rdf_functional.owl,15685347,3826485,19511832
approximated_50b2449e-4540-4ad4-8f1e-06da7f1b4b1e_Scythe.ttl_functional.owl,13155311,3819999,16975310
approximated_25cfafcc-21e2-4b61-a33c-ec54473abf96_Kelly_tool.ttl_functional.owl,16376264,3775022,20151286
approximated_d9e06abb-d737-4c21-9877-6645e36c5796_ockIgneous.owl_functional.owl,121427653,208172473,329600126
approximated_72ce2aa2-72e2-4ac2-909e-531459bcc57c_lt_battery.rdf_functional.owl,11246884,4178268,15425152
approximated_03f0122a-3251-4925-8eb8-d39f97486bb9_Biscuit.rdf_functional.owl,16985409,3747139,20732548
da52e6c0-2717-40c5-a198-354db04f6c38_erequivmod.owl_functional.owl,489245932,412519301,901765233
approximated_3b3bee0f-a8e9-48b8-a078-fbe86aee1b92_physSound.owl_functional.owl,66473846,123954135,190427981
approximated_6e41b96f-71e7-42e6-a643-0a84d3b6f6fc_opl.owl_functional.owl,16652251,26253690,42905941
1eef12c0-c9fb-4b28-a23f-1991c3a63818_po_anatomy.obo_functional.owl,43462768,96777544,140240312
ddeddc5c-3766-43aa-b35a-7d3799aa7f2d_vHOG.obo_functional.owl,50039155,88530542,138569697
approximated_2b4bb34f-468f-4b55-9142-fda18d15a714_ebiservice.owl_functional.owl,233314012,265415272,498729284
06d27a7f-d087-46e4-9340-95ac4d8848b3_onto.rdf_functional.owl,19690193,1681308,21371501
approximated_2ffb86d5-d067-4a51-ae41-742b68104567_xed_ladder.ttl_functional.owl,13979254,3708391,17687645
approximated_ab77ae1b-0f37-4a4f-8ef4-e550c42c764e_anDecision.owl_functional.owl,129773857,211330775,341104632
approximated_6e2c429f-1b46-448b-8bc8-8b26bcb3f5d1_nCrosswalk.owl_functional.owl,17201314,2302561,19503875
5d7a4d71-9b30-4411-ac2e-f70aa57a2cd2_us_may2007.rdf_functional.owl,12307491,1913338,14220829
approximated_d22c146a-d6f1-4e71-822b-9ce3cabf39c6_le_remover.rdf_functional.owl,10208107,4165003,14373110
approximated_b006f4d2-c2f0-45ca-abe8-cfb49ebb855d_ms_biology.owl_functional.owl,29636450,27643166,57279616
approximated_02b5145a-535c-4f9e-bc59-77b88d8203c0_Persipan.rdf_functional.owl,12229986,5590213,17820199
approximated_28ea7fd1-7cff-4f80-b556-1dcab943bc86_CategoryEvent_functional.owl,15470234,2573561,18043795
606a4de8-c608-4238-9212-8c0bbd71e0b5_Scientist.owl_functional.owl,24505918,2981096,27487014
approximated_b47e86f9-e4c0-40a6-8797-c949bea26a7c_event.owl_functional.owl,151406216,361022465,512428681
7b125a28-5a9e-4010-9596-ee57546669e3_mo_sapiens.obo_functional.owl,429556623,984216497,1413773120
55e57af3-069e-49ef-9e13-d109bc8a4436_e_ontology.owl_functional.owl,600933718,1020542527,1621476245
approximated_ca276805-7b06-48b3-8968-ee8770b67b7a_stateSpeed.owl_functional.owl,134039976,213120330,347160306
approximated_2f8a6c6c-f6d5-4fa7-a968-5ffa1eef4077_ecs_functional.owl,14989723,10031387,25021110
94eae2fc-16f3-40b5-aaaa-dac860d80029_lular2_1.0.owl_functional.owl,29713911,18986620,48700531
approximated_95863538-7946-49a5-a915-c4fd56d6a787_Blue_cheese.ttl_functional.owl,16142423,4595634,20738057
748da840-0fa0-4a91-94c2-4ce0268c8fc0__USE_psipi.obo_functional.owl,16762570,25026261,41788831
0778f4da-24b9-4412-b670-0db67ab2ed93_FYPO.obo_functional.owl,105105104,91948469,197053573
approximated_2826e94d-e35b-484c-aade-4325620dc2d1_lay_device.rdf_functional.owl,13005231,3904761,16909992
9739b60a-3411-4715-9eee-0176a8d583eb_categories.xml_functional.owl,14559571,1039620,15599191
approximated_23f122ef-f94f-42e2-a684-d0793c47f04d_univbenchdl.owl_functional.owl,19372212,7986114,27358326
approximated_b1f9cdb3-1836-491f-b3cb-a7a77ee8db27_rIndicator.owl_functional.owl,84559669,159322261,243881930
approximated_ba814c8c-8247-4879-89ac-58de1e18251e_offerjob.owl_functional.owl,47488425,42987939,90476364
approximated_kb-owl-syntax-unraveled-depth-2-cardinalities-disjointness-constant-classes-value-classes.ofn_functional.owl,810987013,1608309548,2419296561
02aabb7a-7881-4639-9ec6-c0bf1722e0b5_flanzenatlas_K_functional.owl,80482775,808585,81291360
3a8b11c8-7efa-4dbb-9dfe-5acd4b18df60_rsimplegaf.obo_functional.owl,1765528861,3638275238,5403804099
fad36681-5831-4d92-a4ec-4ca820e7c40c_omim_do.obo_functional.owl,45636143,84333339,129969482
top-menelas.menelas-project-top-level-ontology.4.owl.xml_functional.owl,29623588,25500173,55123761
866f4702-ccf3-4395-b143-1cc59339573c_chebi.obo_functional.owl,2465838724,6395799066,8861637790
approximated_de53814d-8c8a-43dc-bfa5-06304b271387_mtq_100707.owl_functional.owl,26392129,20937167,47329296
approximated_kb-owl-syntax-unraveled-depth-4-triggers-relation-axioms.ofn_functional.owl,334958172,841195825,1176153997
approximated_054c8aaa-0fad-40a7-a649-1eadc5900aaf_odProjects.owl_functional.owl,48182885,57143608,105326493
approximated_9b7209db-3aa2-47b5-b737-9013c471503d_Coregonus.ttl_functional.owl,11608755,4041232,15649987
approximated_6ce7a3de-8f86-4f12-8e44-79a2191ab3ac_l2odm2codo.owl_functional.owl,22230454,24369949,46600403
approximated_e0f21ed4-098c-4de4-8629-447aa81c5363_eucalyptus.owl_functional.owl,19989786,19042734,39032520
approximated_057f5914-0b6d-4aef-994f-8de774a1129b_ted_v0.7.1.owl_functional.owl,14052671,4465070,18517741
approximated_514ecb7b-8545-49b4-8a12-c61c434b40bf_lanogaster.obo_functional.owl,2028486258,4358859794,6387346052
approximated_kb-owl-syntax-coreference-IDs-km-relevant-cardinalities-disjointness-triggers-relation-axioms.ofn_functional.owl,836229237,2267156374,3103385611
84aeabbb-9b46-4e12-a01c-c04566c0d5b9_quality.obo_functional.owl,56900870,80797709,137698579
approximated_40ac6c08-cafe-4df2-a2ae-5eacd405f4e5_ontoutf8.rdf_functional.owl,10807234,5943453,16750687
5407a1ae-2048-4d7b-b38b-72bbbd946814_xon_import.owl_functional.owl,20082360,12164828,32247188
approximated_1302f587-bdfa-4479-b2fe-2307bd642efa_EntrC3A9e.rdf_functional.owl,10888321,4739635,15627956
approximated_4e3d8918-7324-4043-a07d-f79473d96baf_prerelease.owl_functional.owl,403704455,1047904319,1451608774
6dc86090-12ad-480e-9e13-eb603c38694d_ology_v2.1.rdf_functional.owl,82561518,10704456,93265974
approximated_fa6870c1-17db-40bd-b1cb-f9bf86cd1bb6_graphrules_functional.owl,29169438,10337079,39506517
approximated_96675da5-d4b1-49d4-8437-a684037123e4_oncretebio.owl_functional.owl,19096372,19162341,38258713
approximated_8b5204a4-bc77-4f1e-962f-3b53269adda5_FN1.42.owl_functional.owl,26309459,7743219,34052678
68c62c77-bc06-4878-b11e-a9c9cb832e47_protein.owl2_functional.owl,652624435,1414579226,2067203661
approximated_fc7ebfb2-d4a2-4142-8d83-51b9ee1c83d5_cogenomics.ttl_functional.owl,86843141,132971796,219814937
approximated_942aa14f-3fe7-495d-bdb1-e8ebfe4eab57_lrelations.owl_functional.owl,14125410,6274309,20399719
approximated_63b2cfaf-35c7-4761-aca0-51b359510023_nductivity.owl_functional.owl,130942598,212459409,343402007
approximated_9a2bfbcf-9fe3-41ea-95c4-821ff42ce643_envo.owl_functional.owl,146672609,72404141,219076750
approximated_4c981224-c44e-48fb-9783-0e8f5e623bd8_Cod.rdf_functional.owl,86841502,3876563,90718065
approximated_0baeddaa-9695-4c9a-8c47-5be2e025d6cb_Parameters.owl_functional.owl,46395981,7083256,53479237
approximated_25e94498-d632-40ad-9fcc-722e7909f6b2_alem_stone.ttl_functional.owl,60125339,3843416,63968755
ccbc306c-b701-4d59-99f6-2cae10d22dc7_NIF_Cell.obo_functional.owl,13005945,16654246,29660191
approximated_c4290df7-5002-4e35-addc-5fef9f0a8f54_onto.rdf_functional.owl,105556947,5067794,110624741
approximated_ocre.ontology-of-clinical-research.23.owl.xml_functional.owl,76508399,31355753,107864152
approximated_336e8293-8c2e-49f9-91a0-80578b60802b_Garden_hose.ttl_functional.owl,83108321,3968562,87076883
approximated_0294e2a0-f4dd-4512-9757-ec1833a54899_erver2codo.owl_functional.owl,25566501,20406093,45972594
109f6db6-0098-488b-ba94-93c2b27bb276_n_xp_chebi.obo_functional.owl,368568609,168046619,536615228
approximated_026f5fd3-4edc-41a7-9a5d-a3a1d722329a_neistituto.owl_functional.owl,18574448,12435334,31009782
approximated_fb6c8cf2-e929-41a2-a487-dffa64278648_prSciUnits.owl_functional.owl,133378908,243559518,376938426
approximated_00337.owl_functional.owl,17231853,6114695,23346548
approximated_6505503e-b7ae-47ad-adb8-56354e98d9bf_Television.ttl_functional.owl,16002600,3806823,19809423
approximated_3b0580c3-b752-4935-9437-14161bcf92b1_ave_cheese.rdf_functional.owl,11574258,3679511,15253769
approximated_7bea2481-9299-462b-af4b-59747b0d60a5_PaulFisher.rdf_functional.owl,17586337,3098080,20684417
vario.variation-ontology.6.owl.xml_functional.owl,15605146,18306450,33911596
approximated_5a31ff58-7b01-4f05-b0ee-a5993d80b7ed_NIFOrganism.owl_functional.owl,52014633,40686856,92701489
approximated_43947cff-7565-4156-b399-0279de3cb299_onto.rdf_functional.owl,14769697,6123587,20893284
approximated_24d612d2-c255-4fce-bef8-fd96df8d34d0_t_adhesive.rdf_functional.owl,12443410,3858507,16301917
approximated_5b3cec2f-e90d-4525-a931-b041421529e4_behavior.owl_functional.owl,5298556165,14570016469,19868572634
approximated_0129d06f-06c2-4e4b-94db-cc0c65fab9cc_COSMOtop853.owl_functional.owl,391835842,696088161,1087924003
approximated_24f20bc8-3a15-49b2-a3be-bd63aaced92a_Lutjanidae.ttl_functional.owl,17665509,3716975,21382484
2444a2fd-a8f4-420c-accc-0a60a15c77e4_mp.obo_functional.owl,257215052,588952179,846167231
approximated_395e9b4a-32eb-4d76-bfbe-f2c79fe0e57f_epublic1.5.owl_functional.owl,26349017,22634983,48984000
approximated_8cd971bb-9799-4128-bb3f-c618eba6d0c4_nresources.rdf_functional.owl,22196293,23148093,45344386
approximated_8ea477cc-8a91-4587-b783-e0650edfde31_ale_cement.ttl_functional.owl,14951590,3772674,18724264
approximated_00770.owl_functional.owl,120737545,264785922,385523467
approximated_5de54494-9374-4adb-8bcd-a552c0870953_Scissors.ttl_functional.owl,12006999,4342976,16349975
approximated_5e081fb1-7d6f-4808-8470-19db2fd94e67_r_varistor.rdf_functional.owl,10718561,4430754,15149315
approximated_95dfca90-f310-42f4-98b1-170f0e78f574_ring_steel.rdf_functional.owl,10394431,3756035,14150466
80b5053f-6d88-4d59-9bf7-b89603d59538_Parliament.owl_functional.owl,15118503,2752159,17870662
approximated_2cb91d08-46b8-477f-b65f-9b4fe55423e8_Fifi_hook.ttl_functional.owl,13206255,4551028,17757283
approximated_00461.owl_functional.owl,377899513,1054041843,1431941356
approximated_kb-owl-syntax-unraveled-depth-3-cardinalities-triggers.ofn_functional.owl,452511596,956628859,1409140455
approximated_bd517c43-30fa-4990-a77e-54609a053828_quence_xp.owl2_functional.owl,47850605,117690668,165541273
approximated_54ba13dc-7414-4015-ab38-9e58c6b7142d_Mattock.rdf_functional.owl,18719562,3671574,22391136
approximated_3f8d137c-e357-4c32-b070-86ccde0a4895_TFS.owl_functional.owl,53491821,12358805,65850626
approximated_f47e9504-64b0-4df7-9a53-2ff2ac3491b8_pdb_2_pmid.owl_functional.owl,100687398,187618739,288306137
approximated_f20041c6-6a9f-4542-85b7-93cab6854a97_ogy_ca_ins.owl_functional.owl,23096992,9365273,32462265
031191c6-b4f6-46b7-bc5d-4755e3836523_fbspsimple.owl_functional.owl,125255841,342649303,467905144
approximated_b2d88331-edae-4938-8828-be231ad9799f_at_extract.ttl_functional.owl,10574177,4077811,14651988
approximated_4c3f371d-5579-453a-8043-908282cc8bf1_Valve_stem.rdf_functional.owl,17868778,3716326,21585104
f2627923-e5e1-4d5b-9087-6d4fc8dde7c0_posimple.obo_functional.owl,65540234,131410644,196950878
ed008509-5ac7-46df-8a43-2d94df885342_blinCore3d.owl_functional.owl,14772493,2227209,16999702
approximated_kb-owl-syntax-unraveled-depth-4-km-relevant-cardinalities-triggers-constant-classes-value-classes.ofn_functional.owl,379635864,861171416,1240807280
approximated_50dc59b7-ff06-4385-a1a5-802c54dd17e8_Jointer.ttl_functional.owl,32240077,7297631,39537708
approximated_6e439c6f-d7f3-46df-a9f6-1c66b37bd221_ink_tubing.rdf_functional.owl,11585964,3823343,15409307
approximated_kb-owl-syntax-unraveled-depth-3-cardinalities-disjointness-constant-classes-value-nominals.ofn_functional.owl,677065988,1559729866,2236795854
approximated_46d9bec3-3c70-46e1-8289-c333f2bd72d9_Kohlwurst.ttl_functional.owl,16202399,3659421,19861820
approximated_00520.owl_functional.owl,11290792,8167195,19457987
approximated_f00fe0ce-02c8-46b2-9e3a-39393f0aa328_s_dressing.ttl_functional.owl,15454912,3738395,19193307
0223fe0b-6717-4e60-bdde-d6c4b4bedba0_onto.rdf_functional.owl,17012020,1980378,18992398
approximated_db02c054-d618-4398-a09e-bd1656b2f4cd_xdt_100302.owl_functional.owl,19830089,20834224,40664313
approximated_d5fc4e8e-fd89-44e7-805e-87aeac36f30a_eeclass_v1.owl_functional.owl,176580526,448120282,624700808
approximated_1123bfe9-3fb9-4ff2-aa17-15b0339e09a1_Cuajada.ttl_functional.owl,12547996,4156039,16704035
8e31b2fa-a5f7-4bab-b9b6-f914e4420e73_er_science.owl_functional.owl,33353491,18493037,51846528
09d9eca5-e016-4f66-8f16-bee1ec386eb1_protlabels.owl_functional.owl,18384885,22531721,40916606
approximated_f22829c6-cad7-4426-8cdc-068254131c37_physThermo.owl_functional.owl,72255683,129458930,201714613
approximated_cc71ed7c-b161-431d-9784-76040b0282e6_tmoWeather.owl_functional.owl,140870279,210087078,350957357
approximated_50e50bed-de55-43d2-8ad4-fa06ff82f7cf_Daktyla.rdf_functional.owl,16469632,3810203,20279835
589f5753-9434-47e6-ae92-dd6319e721bb_oreprotege.owl_functional.owl,10774929,2055179,12830108
approximated_20db865a-c7b5-48e7-843a-40d33fd5279e__con_leche.rdf_functional.owl,12176026,3737415,15913441
approximated_kb-owl-syntax-coreference-IDs-disjointness-constant-classes-relation-axioms-value-classes.ofn_functional.owl,962569267,2178968833,3141538100
approximated_c5b42d4b-52ee-4972-822e-33efe70cac64_Extraction.owl_functional.owl,207257287,161747008,369004295
approximated_1ff32aa8-b9ca-448b-93af-3c76bcf05041_e42_athome.rdf_functional.owl,86381499,3016561,89398060
approximated_0ce5ce5c-9d1f-4f93-a250-29771292b116_Pilot_valve.rdf_functional.owl,12381604,3820292,16201896
approximated_506d9c49-36f2-4304-b5af-02eac128574e_Fontina.ttl_functional.owl,16413727,3843960,20257687
approximated_e63a6b29-3366-4131-a9f3-17987cbe1779_IL4.owl_functional.owl,57750629,10328790,68079419
approximated_644add67-49e7-437e-b730-27f44c9abaf9_rticle.rdf.owl_functional.owl,69514644,7141561,76656205
de5256f6-2648-4b13-b0a7-086d3fcc1b7f_Pizza.owl.rdfs_functional.owl,66517668,3391988,69909656
7f50ba2e-fc37-4eda-bc5b-6169f6e1f70b_us.owl_functional.owl,13935049,1805083,15740132
approximated_21e5ebea-c31a-47bd-aad9-480fd651b63a_e_allsorts.rdf_functional.owl,19774023,3658628,23432651
approximated_335e8795-71f1-40fa-9cda-162f7e7eeab1_Octopus.rdf_functional.owl,10580193,3744524,14324717
f578e9dc-b1b5-4451-b012-22945c759d9f_agenechrom.owl_functional.owl,1364318201,1863496265,3227814466
4f456a4a-5838-4b84-88ef-06ca6b2d06a1_ntiWordNet.owl_functional.owl,27787833,8245255,36033088
approximated_38dfbd9e-a58d-4b80-a851-41267ac60774_Vinegar.ttl_functional.owl,4997217,3748479,8745696
approximated_204ab6eb-9bb6-49dc-9a2b-bf0183ee7c12_Statistics.owl_functional.owl,129846601,213607146,343453747
approximated_bf542813-a956-4103-a441-8b9933dd7913_opCapacity.owl_functional.owl,136854251,209777950,346632201
approximated_536dc0d1-daff-4a96-b6f7-3a0e39289020_function2.owl_functional.owl,20077920,2793224,22871144
approximated_684b2a6f-42ef-4d3e-96d2-686e9050a34f_NIFMolecule.owl_functional.owl,845957402,1766735774,2612693176
approximated_3df525c6-a2f5-4076-913f-f8cccfeef30c_Medical.owl_functional.owl,21067119,11417506,32484625
approximated_b58eb1dc-cd37-4748-acff-46439f694740_Guaiwei.ttl_functional.owl,11095291,3749976,14845267
approximated_33d2060e-a6e6-4075-b2cb-477196936018_ale_cheese.ttl_functional.owl,15287093,3915999,19203092
approximated_a9f10c38-a5ce-4897-b780-6f77207e4992_adw_owl2.owl_functional.owl,20230983,22264586,42495569
approximated_7e5d0f15-9831-4dab-a55a-938371725b68_ainability.owl_functional.owl,33106672,49480394,82587066
48386724-2e8f-4b68-a9f3-818b4acca7a6_rialentity.owl_functional.owl,16262544,7484675,23747219
approximated_519fab8c-9a25-40af-8c97-c8401cd053c7_Rubing.ttl_functional.owl,13942831,3785691,17728522
approximated_baf0db72-a34a-4bca-8872-dacc900e9b9d_sportSpace.owl_functional.owl,103472994,202921037,306394031
approximated_63aa4005-7184-4b65-a640-057493243650_cteristics.owl_functional.owl,17258448,6221631,23480079
approximated_mfoem.emotion-ontology.23.owl.xml_functional.owl,35066022,54506543,89572565
a4f5ed6c-53cd-47d9-9f61-78332773e595__Ontology.rdfs_functional.owl,16988403,7268426,24256829
approximated_40303b7f-b449-423f-843a-548fa7b3145a_po_temporal_functional.owl,19650743,15500275,35151018
138c1f9b-5a8a-4020-87dd-e8647cb24b39_s.obo.PREVIOUS_functional.owl,66352306,115141625,181493931
approximated_opb.ontology-of-physics-for-biology.7.owl.xml_functional.owl,27714303,38264082,65978385
approximated_6188dc1b-5fda-4e60-a061-ef397532bcd7_logy.0.1.1.owl_functional.owl,16771794,2854778,19626572
approximated_01ab705e-f4a1-4ff0-a34d-837dbd744e6b_sTransport.owl_functional.owl,68446766,122017806,190464572
444a3020-7ef8-4893-aa7f-d555311a37bb_ysfunction.owl_functional.owl,18708531,16795939,35504470
approximated_f21ef14b-ada9-4202-9af5-102004ecc3f1_mbPurchase.owl_functional.owl,19905801,5283676,25189477
approximated_c5d58610-5a8f-44d3-92f9-c3e9790205c4_elontology.owl_functional.owl,19675191,12985484,32660675
bb9610d8-1a2c-42f7-8a32-b713e0a0cc31_NIFQuality.owl_functional.owl,15568829,6416927,21985756
approximated_e9395a8b-50a5-4f78-bbc3-ec8a82c12c06_AMcalculus.owl_functional.owl,134638937,24576700,159215637
approximated_7b063ade-2bbb-4c8e-ab9b-60d8470770bd_rface_lure.ttl_functional.owl,11316376,3736191,15052567
approximated_00571.owl_functional.owl,32980427,66811188,99791615
approximated_02c54730-a992-48b5-8ff2-94b4fd63c4b6_units.owl_functional.owl,14535423,1597421,16132844
approximated_4c49876f-8bff-478e-a217-cf5286b1115b_Party.ttl_functional.owl,16625090,3816067,20441157
approximated_00774.owl_functional.owl,15106382,21249813,36356195
2b7cd7ea-4812-4e04-8013-b2acfca71ec0__component.owl_functional.owl,48038180,17100677,65138857
approximated_15fb8553-0e3c-4638-8556-0aac74bc73a7_amel_sauce.rdf_functional.owl,16656253,4367727,21023980
approximated_849349d9-9bfa-45a3-b49b-58dccdffddb1_irit_level.ttl_functional.owl,15002935,3702593,18705528
approximated_10b07f6b-c0f7-4d90-b757-64044d99aac5_Geospatial.owl_functional.owl,167361352,227775789,395137141
approximated_9a4f7095-d66d-4dde-b635-12cf11476381_onto.rdf_functional.owl,19145787,7684278,26830065
approximated_d46a5d0b-7543-4256-ba9e-f2f95df797ca_provo_functional.owl,14487914,3556221,18044135
approximated_f02015e6-617b-40ec-b9ef-d95795076a52_ignpattern.owl_functional.owl,19212534,5391089,24603623
approximated_876b6bff-b0cc-4aed-98e4-6fe9f6e5c9b9_olia.owl_functional.owl,26775287,42215384,68990671
approximated_dd83085c-e035-41d3-90c7-bbbb37f51d1e_hostomulid.rdf_functional.owl,19329767,4220603,23550370
approximated_4296f4c5-a25e-424f-9def-830c268296b0_swrc.owl_functional.owl,12525582,4523731,17049313
4a1cf58d-791a-41e6-9732-ea8dbc57b2d5_tologyV1.0.rdf_functional.owl,15347670,2870149,18217819
approximated_099373f7-8afb-4259-adc4-3296d9d6c1e9_c_20090509.rdf_functional.owl,16247374,10817906,27065280
approximated_kb-owl-syntax-unraveled-depth-3-disjointness-triggers-constant-classes-value-nominals.ofn_functional.owl,718877702,1448519518,2167397220
approximated_kb-owl-syntax-unraveled-depth-3-cardinalities-constant-classes-value-nominals.ofn_functional.owl,413071357,965891801,1378963158
approximated_100f1df0-fcd1-45d8-bf89-6ff2a0015319_Apple_II.rdf_functional.owl,15978289,3811818,19790107
approximated_3993806e-7dc4-4d12-aafb-72396e0190d1_Ink_Pen.ttl_functional.owl,10434452,4212445,14646897
approximated_004e183d-265d-4a71-bb70-c4ed701de9d3_age_cheese.ttl_functional.owl,17540082,3755642,21295724
approximated_24ca5dd8-e2fe-4eec-97f6-c4ac6b966d17_escription.owl_functional.owl,18004681,5802481,23807162
kb-owl-syntax-unraveled-depth-1-constant-classes-value-classes.ofn_functional.owl,950636439,919011821,1869648260
approximated_0878990b-ea15-4060-b14e-90673fe46f9f__furniture.ttl_functional.owl,15415319,3973593,19388912
approximated_kb-owl-syntax-unraveled-depth-3-cardinalities-constant-classes-relation-axioms-value-classes.ofn_functional.owl,449957057,1108206754,1558163811
approximated_80ee9cb0-a198-4eaa-b028-224fa1acd086_OceanFloor.owl_functional.owl,149246045,239905368,389151413
33942e5b-6cd1-425e-bcdb-6ac1b39d8144_vhogsimple.owl_functional.owl,63820004,97358917,161178921
approximated_ca2c6c28-0eba-4e46-a637-3aed8ccbd916_esg.owl_functional.owl,68862612,22116230,90978842
edda.edda-study-design-terminology.3.owl.xml_functional.owl,9815659,7988343,17804002
approximated_0daf3685-0874-4ed6-93e2-ffad64f1390c_pulsbasic.owl_functional.owl,15087362,1520935,16608297
approximated_kb-owl-syntax-unraveled-depth-2-km-relevant-cardinalities-disjointness-constant-classes-relation-axioms-value-classes.ofn_functional.owl,731004448,1627957166,2358961614
53943919-e0eb-460d-a255-f135fc0a9bac_sumo.owl_functional.owl,99052130,40964576,140016706
approximated_kb-owl-syntax-unraveled-depth-1-km-relevant-cardinalities-disjointness-constant-classes-relation-axioms-value-classes.ofn_functional.owl,1064782000,1676717925,2741499925
approximated_53877d9f-afdd-42b7-8b15-79cb304c5224_0714_5_0_1.owl_functional.owl,26438148,21821379,48259527
approximated_6d76e454-93dc-4401-b75f-1a052808ea94_C48CZW556.rdf_functional.owl,10903770,4346301,15250071
approximated_a0cf0767-ff28-4bcd-8e77-7743df75b7ee_Silica_gel.ttl_functional.owl,9971891,3813438,13785329
approximated_ec69d911-b0eb-43e8-bf57-4ccc8befa2c0_Downrigger.ttl_functional.owl,18586002,3943945,22529947
approximated_kb-owl-syntax-unraveled-depth-2-cardinalities-disjointness-triggers-constant-classes-relation-axioms-value-nominals.ofn_functional.owl,723067866,1675548166,2398616032
1dd81ef3-1e3e-4b2f-9bd0-230123497968_atOntology.owl_functional.owl,75637770,7165671,82803441
approximated_kb-owl-syntax-coreference-IDs-cardinalities-disjointness-triggers-constant-classes-value-nominals.ofn_functional.owl,900810178,2303702504,3204512682
approximated_f9fd9d2f-6b64-4ec5-aa71-5a73e103c89d_Orographic.owl_functional.owl,175338158,249576598,424914756
47ee6b36-5089-4312-b61f-a59e7203f19b_emap.owl_functional.owl,391369674,869560447,1260930121
approximated_113dca92-2224-4262-9613-b8e597e277cb_o_wv_label.obo_functional.owl,742344976,1981218969,2723563945
approximated_043edf55-a9e6-4b12-9a95-e71da23c61df_moduli.owl_functional.owl,23374360,15226947,38601307
approximated_466fc3dc-e05b-41fe-bdad-a00a552d0e17_uberon.owl2_functional.owl,247230667,555965724,803196391
33017407-63e7-4bb4-bf80-7c856c110d43_aao.owl_functional.owl,28470450,39271520,67741970
approximated_2e153460-fefc-4bda-aa7e-68e75ba89455_COSMO.owl_functional.owl,488277509,849501032,1337778541
approximated_d5af2a7f-62a8-4ee3-899f-883187d6d817_owlrl_functional.owl,72271225,7391798,79663023
approximated_0f20f07b-0292-4761-a75f-b0b400bc1648_Zilog_Z8000.ttl_functional.owl,89608681,3698174,93306855
approximated_d24b9aee-7a14-48bb-bffe-5c512a0fc5d2_refactored.owl_functional.owl,438662818,812116942,1250779760
approximated_6e795f81-86a9-4d9c-bd74-08d237decdc9_POWER3.ttl_functional.owl,20834573,3808827,24643400
approximated_cc510868-13b0-4658-9cb6-99858c6997be_onto.rdf_functional.owl,18335224,5392790,23728014
approximated_25707b4d-aa33-4fcd-9a08-2e2d3ed8d074_tension_02.owl_functional.owl,74203003,81524953,155727956
approximated_9c9e1619-f863-4d2b-8579-150a632eb342_Brush.rdf_functional.owl,18825187,3807490,22632677
approximated_a14a100e-202f-4eb1-9539-b24a28b802fb_cl_import.owl_functional.owl,88768326,209566563,298334889
approximated_493b273e-8b90-4421-b47a-fa77bf73aee5_ekaw.owl_functional.owl,10518512,5181572,15700084
approximated_39b18d32-9767-4538-8dc6-decf5fefaad5_geol.owl_functional.owl,75153648,135012018,210165666
approximated_00a10182-d64c-41cc-8d5e-2abfa0aba7f3_vivocore1.1.owl_functional.owl,24554693,21025209,45579902
approximated_aa6dae8d-f1c6-4679-8c9f-c7419f73cab5_ectralBand.owl_functional.owl,144470073,253199049,397669122
approximated_02b9a9ad-625c-464c-bca9-319973ed04c5_POWER1.ttl_functional.owl,13308952,3894081,17203033
approximated_a44e7525-6080-4ae9-815a-65386aabc5fd_r_keyboard.ttl_functional.owl,13183178,3769461,16952639
approximated_1b25f96c-a3d1-4eb0-ad84-ed158c8a245c_relaClimate.owl_functional.owl,180931611,240362408,421294019
0e69a5da-5732-49b0-9988-c853faaa993b_Architect.owl_functional.owl,16568391,1945026,18513417
mcbcc.breast-tissue-cell-lines-ontology.2.owl.xml_functional.owl,131042551,199510811,330553362
approximated_00160.owl_functional.owl,17831118,16270194,34101312
approximated_573a083d-aab4-4873-aab1-3349e32264e7_ignpattern.owl_functional.owl,11075167,5599293,16674460
746f8f1d-429f-480e-8197-d9bd1798c48f_rinuschrom.owl_functional.owl,130536718,324966260,455502978
a977b317-9f48-4afd-b301-5a330c9ff0d3_ato.owl_functional.owl,248215545,628640301,876855846
approximated_116a0ebc-4bbe-45f1-a703-69273ceb9def_eolVolcano.owl_functional.owl,209447935,231927910,441375845
approximated_096a6d73-a68d-4f64-a081-390e0d180a57_onto.rdf_functional.owl,76761422,6629908,83391330
0dbdc7a2-b0c1-45db-ad1c-224ecd5e7223_calischrom.owl_functional.owl,104692047,121624308,226316355
approximated_8a766d90-030c-4c01-afa9-45edb05a0a7b_keywords.rdf_functional.owl,11255960,5355121,16611081
approximated_38cb2f0f-2c0d-4bcc-9f67-80d82467ec5d_ash_memory.rdf_functional.owl,13400081,4853872,18253953
56c24cc1-e236-462a-8c62-c8be749ea945_classified.obo_functional.owl,14008047,8081117,22089164
approximated_6586f334-b04d-4d08-887c-47de32b0b753_rch_engine.ttl_functional.owl,12541166,4501748,17042914
approximated_128974e2-440e-4b1e-a8ea-ac4176d426d2_escription.owl_functional.owl,14177902,10238525,24416427
approximated_00432.owl_functional.owl,21144941,20326116,41471057
49ee914e-c606-444b-a69b-a902f61eb079_mi.obo_functional.owl,35797512,68710393,104507905
00322.owl_functional.owl,56276506,44930686,101207192
approximated_03fcfe87-535e-49d7-aeb2-64553009ef30_Pipecutter.ttl_functional.owl,9963684,7181767,17145451
approximated_35451b41-c449-4b99-b50f-aa68b1165e80_log_device.ttl_functional.owl,16658802,4299437,20958239
approximated_e19bbe24-024d-4860-8f37-287e0c7d8659_multexteast.owl_functional.owl,16740456,18803603,35544059
4608aba9-a4c0-4f88-ad66-894e60f238a0_ciationsDO.obo_functional.owl,857047387,1740237363,2597284750
approximated_7736d1d3-442e-41ad-a9ea-32943a314c55_Bran.rdf_functional.owl,12399940,4108176,16508116
977732b1-9008-4d40-a7d9-6282d3e1b76e_College.owl_functional.owl,16696266,1595943,18292209
3576cf9a-d2dd-4a90-aff6-215c4311e6d5_cto_obo.owl_functional.owl,32311481,51521007,83832488
approximated_90370a36-7359-4e39-b583-900a1d915f60_ogms.owl_functional.owl,16329558,6079116,22408674
approximated_23437d86-4013-415a-bf10-e138784789c6_Beaverboard.ttl_functional.owl,12281950,4099324,16381274
approximated_37a21d68-cfdc-40ce-af06-12ec4818b59b_phys.owl_functional.owl,34631675,37598037,72229712
approximated_4c5e61ea-89dd-4f25-b248-413bc85e39b2_ualization.owl_functional.owl,17706697,12442818,30149515
approximated_1c377542-aa8f-49fe-99b0-9fcf388751fa_Intel_8088.rdf_functional.owl,12148072,3807022,15955094
approximated_0908a087-98f6-400b-928d-ae3e5e2bdf58_space.owl_functional.owl,12538037,8549150,21087187
approximated_db70a667-871f-47cc-aab0-6403c912e300_lTectonics.owl_functional.owl,96688432,165449474,262137906
approximated_4f4f7d58-1004-4cfc-a4b3-4c1cabadc6e8_trParticle.owl_functional.owl,133783970,222341978,356125948
approximated_dc50a9e5-91e0-4c35-926c-2464f4fd647c_mergedtbox.owl_functional.owl,20615973614,44172013740,64787987354
approximated_a20b43ba-8339-48d1-a774-cd78143727de_biolBiome.owl_functional.owl,146423611,149316678,295740289
approximated_faa95fb1-bdbd-4f60-b9cc-fda92c198986_PaulFisher.rdf_functional.owl,74735126,3230066,77965192
approximated_0cca6d94-f7da-4ff9-bd79-af90b4ede378_psimod.owl_functional.owl,64464026,170742127,235206153
approximated_08e73f13-cb78-4934-a787-4eae27ffb5d4_figuration.owl_functional.owl,225641730,274198564,499840294
approximated_c31d1262-91ce-4fb5-bb50-d98f8a8f8b18_MFOEM.owl_functional.owl,233270221,54695375,287965596
approximated_30e8c86d-6920-4f62-bf6a-782717e63cfc_Intel_8080.rdf_functional.owl,90359828,3708434,94068262
approximated_110b4e36-524e-4a42-802a-5d27ee3c9c4d_Power_pro.rdf_functional.owl,116901177,3774341,120675518
approximated_98645061-2659-4244-8a5a-66b0d5985e14_Protractor.ttl_functional.owl,86091499,3825353,89916852
08a4ecab-f8ce-4717-8f16-46c4a9ac8177_ontology_7.owl_functional.owl,96556486,2507759,99064245
26e09cd3-cd6f-4a16-ad24-5e69180c2727_XMLSchema_functional.owl,36076656,909664,36986320
7405c40c-0064-4b0f-b3d0-a42bfda329b7_oid_import.owl_functional.owl,9358049,9688197,19046246
approximated_07b826f9-ec22-40b7-b361-b407c9e9f70d_Piano.rdf_functional.owl,67822309,3976808,71799117
approximated_f0e8b200-cad8-4596-b6b0-094ef5ee54b7_cexamplegraph3_functional.owl,23769237,13701802,37471039
approximated_0316586c-f367-44d4-884d-2b9c8ccbdb6d_shing_line.ttl_functional.owl,83022043,3776808,86798851
approximated_496c48f8-a348-4e40-bdef-2ee8dfbf4de2_onto.rdf_functional.owl,18880890,5817045,24697935
f21e9602-33e8-4a5c-994a-281586702c06_goryFoafPerson_functional.owl,59645498,1213165,60858663
approximated_2b6ae08e-08a7-4312-ba9a-6b7b8325152b_cle_saddle.rdf_functional.owl,13222106,3760442,16982548
approximated_2c23ab60-cad2-4cab-a7d7-e5b591581d1f_opl.obo_functional.owl,18206503,22348213,40554716
approximated_1cbab943-e664-4e18-9df4-dc9dc389c81c_Design.v11.owl_functional.owl,75191428,8114089,83305517
approximated_kb-owl-syntax-unraveled-depth-0-disjointness-triggers-constant-classes-value-classes.ofn_functional.owl,741320642,914952859,1656273501
approximated_00354.owl_functional.owl,169654018,336413247,506067265
approximated_61e9a5b0-b500-4a0d-8fb4-854831823f05_onto.rdf_functional.owl,17748461,5017156,22765617
approximated_602f5b45-de34-49ab-b1af-fc1855c2a767_dMesoscale.owl_functional.owl,141602086,246992615,388594701
approximated_d7c83a27-e668-4b04-b43f-d90cd71d48bd_Roles.owl_functional.owl,17281037,18342211,35623248
approximated_00011.owl_functional.owl,12672210,4981928,17654138
approximated_kb-owl-syntax-unraveled-depth-4-disjointness-constant-classes-relation-axioms-value-nominals.ofn_functional.owl,871570690,1412181142,2283751832
approximated_54e23156-4e21-4cf7-a4eb-2a4124921a60_idomal.owl_functional.owl,72614987,172036061,244651048
approximated_7e83d5a2-59d8-426f-aeca-4c6f04cb8cb0_leChemical.owl_functional.owl,137798848,211825698,349624546
approximated_f5eb84e4-cfc1-472c-b327-4a89f39cb113_erenceList.owl_functional.owl,106545066,19183748,125728814
approximated_8975f171-02cf-44b5-8c2f-84e78086f550_Pickaxe.ttl_functional.owl,18736234,3786678,22522912
be045516-b3d0-43f4-b1d7-2c3b13144003_classified.owl_functional.owl,124620520,260071144,384691664
approximated_00418.owl_functional.owl,18803960,21250154,40054114
approximated_00581.owl_functional.owl,13468913,15659775,29128688
approximated_47e8bfb9-783f-4d50-8d0d-26d89fdfa598_phenHelio.owl_functional.owl,358828300,242713618,601541918
approximated_b2cd94ea-1119-4fff-b999-893be5729043_FN1.51.owl_functional.owl,22423044,8618595,31041639
approximated_93e22a28-ca3c-44ca-9fe0-58c351dcc1e2_Catupiry.ttl_functional.owl,13263543,3790945,17054488
9328de92-8293-4c0e-8ed0-18f015c3f483_ehdaa.owl_functional.owl,74161006,130543849,204704855
approximated_00518.owl_functional.owl,400844914,987090384,1387935298
approximated_3cee4187-def7-4dcc-ac3e-fa3d936e8408_Weisswurst.ttl_functional.owl,12698289,4045094,16743383
approximated_596e23b8-e7b9-4d0a-8470-0316f73400a8_bfo.owl_functional.owl,11053906,5408785,16462691
55084403-f6c4-4ae7-8c52-8437c4efe1e5_mpath.obo_functional.owl,20499779,45190675,65690454
approximated_2d2f81fe-c4e7-490b-99fb-5a58c08dcd5f__extractor.rdf_functional.owl,14642678,3789372,18432050
07a17151-c37f-4e93-9e65-2c459e27183c_EBI_import.owl_functional.owl,23228568,34554003,57782571
approximated_070eff26-58bb-4d96-b3a3-239328e15c35_Lawn_mower.rdf_functional.owl,12888585,3946439,16835024
approximated_15fce30e-84ad-4320-8af2-9e5727207e4c_cwr.owl_functional.owl,26128938,50363365,76492303
approximated_ee8debfa-c011-4e68-9050-2165bfcb9a57_dyLanguage.owl_functional.owl,45735877,11152122,56887999
8f114275-4ca5-4f4f-8d63-bd2bd407047b_tatypeProperty_functional.owl,9900059,1039442,10939501
46d1c7be-8a45-405f-a480-c0f161cbdccc_nt.obo.CURRENT_functional.owl,167303942,367161008,534464950
approximated_296f64cd-01e3-41d2-b947-2d7bacaaefaa_g_aircraft.rdf_functional.owl,12428231,4126230,16554461
approximated_56ae7006-150f-4f6a-947f-ac678064a866_anauniprot.owl_functional.owl,1341619998,2527263623,3868883621
approximated_1b2fbb05-42b1-4f57-93d8-417958fd80e6_peedmaster.rdf_functional.owl,24049781,4594007,28643788
approximated_8ced8d1e-d1df-489b-afba-faa10900bfea_nal_pliers.rdf_functional.owl,15394230,3699747,19093977
approximated_55b97a2e-b256-4ca2-a348-f7eca21eb05d_osscut_saw.rdf_functional.owl,13237921,3962788,17200709
approximated_91b642b2-5eb8-430f-9881-62b8e20addd8_e_withonto.rdf_functional.owl,15547718,5011764,20559482
02544518-4782-4794-93b8-2b7556fbdab3_agrovoc.owl_functional.owl,380236875,897029868,1277266743
approximated_9617adf3-3b67-46f4-a552-310c362a7450_quality_1.owl_functional.owl,54757034,131312853,186069887
approximated_fbe45489-fdb8-4e39-8e37-c91436798253_DP1.24.owl_functional.owl,26011181,3761681,29772862
approximated_b07eb8c5-ae7a-4efb-832a-3d73207d66c9_PA7100LC.rdf_functional.owl,17979970,3968625,21948595
approximated_765fa323-1bba-4428-903a-b02834a8e1f8_compute.owl_functional.owl,13424011,7681157,21105168
529361b8-e0f3-4d84-bc80-46e2b56e6dec_ionEpisode.owl_functional.owl,23607527,3131954,26739481
0c7d7cbb-fa47-4131-8242-7f3523bbb873_russiaB.rdf_functional.owl,17329563,9424937,26754500
approximated_b29f8772-0725-4a20-b2c0-bb2384fe833a_onto.rdf_functional.owl,16591711,6696788,23288499
approximated_0b03b4dc-1181-4086-94f4-63cf1d303d8c_oloss_vs03.owl_functional.owl,90644812,17601621,108246433
approximated_02884bc2-c73f-48a0-804a-aed90c3989fb_OTN.owl_functional.owl,24948024,16821073,41769097
approximated_4d4f0ee4-8d85-4025-9dff-3e7142a36408_rMathGraph.owl_functional.owl,130048891,212728804,342777695
84a6151b-ed69-4db7-b4f8-e2955418c50f_vhog.obo_functional.owl,50048157,88964389,139012546
approximated_f138250e-bab0-478e-92fc-55b7c3622929_realmSoil.owl_functional.owl,331280098,231952366,563232464
approximated_kb-owl-syntax-unraveled-depth-3-km-relevant-cardinalities-disjointness.ofn_functional.owl,600028291,1375166485,1975194776
approximated_303841c7-fd68-433d-a78b-d438290b5579_Canoe.ttl_functional.owl,18014494,3715218,21729712
066a6af7-677d-4204-9839-23a6730c2d35_nt.obo.CURRENT_functional.owl,19226385,19009782,38236167
approximated_1035876c-209d-4567-ab91-dc99e89c6b17_russia1.owl_functional.owl,18222188,11868477,30090665
approximated_08546f85-4736-41b6-8bae-d94db7607e19_controller.rdf_functional.owl,21881686,4806140,26687826
approximated_f9655415-2e28-4218-bc17-9d14d0b57a7a_onto.rdf_functional.owl,16385414,7879030,24264444
1b45125c-0cc2-4964-99f4-846ae2ccf529_seontology.owl_functional.owl,626670958,1043435837,1670106795
approximated_HP.owl_functional.owl,325185455,81475829,406661284
approximated_1bb9860d-1c07-4192-8d14-16f5ab4b14e6_mirador.owl_functional.owl,78888108,27772432,106660540
approximated_93bafcd3-d025-4ecf-ac2e-24bc3b60e4dd_y_version3.owl_functional.owl,12064028,8599862,20663890
approximated_9ab09734-015e-49fb-9055-10aea827e1d2_a_20110131.owl_functional.owl,77911992,12475938,90387930
approximated_01648f49-5e2f-4439-abfa-4bdf96aa7226_vivocore0.9.owl_functional.owl,17725647,19951992,37677639
approximated_kb-owl-syntax-coreference-IDs-cardinalities-disjointness-triggers-constant-classes-value-classes.ofn_functional.owl,1092206322,2282535869,3374742191
approximated_e7d61208-c9b9-4fdb-8e37-f8c860d428da_matrIon.owl_functional.owl,155977547,211969673,367947220
approximated_63986ee0-477f-43d6-9e44-68245eb27b84_lodging.owl_functional.owl,20970764,28604382,49575146
approximated_cffe0105-4b11-4ed0-a673-4d7df0a0920f_mart.owl_functional.owl,15716345,1408801,17125146
8af64517-750b-42ca-9a35-ec353e18d9c2_component.owl2_functional.owl,47909924,16855912,64765836
approximated_21a4b9a7-17d1-494c-89a9-ad2f4556bd06_Rotary_tool.rdf_functional.owl,8830360,3665091,12495451
approximated_a1cffc91-b17c-49a5-878e-d7a6437b5889_Menu.ttl_functional.owl,12244635,4157949,16402584
approximated_519b949e-5a07-49f8-94f9-9126289c31ff_drelations.owl_functional.owl,10697250,3575500,14272750
approximated_0463eaf7-2cf5-4049-9049-5333f9ff38f8_rnao.owl2_functional.owl,35975505,62711901,98687406
approximated_03d68be9-cd6d-4074-a5e5-8f95620e65a8_lass_514en.owl_functional.owl,2520326307,5543604091,8063930398
approximated_5c74de05-1e9f-40d7-ba09-aaf571d49158_Conference.owl_functional.owl,77627665,6357095,83984760
approximated_19ec4aa2-c849-4d29-911a-981d4f89ecd3_lir.owl_functional.owl,74804761,4222719,79027480
approximated_9fba6438-b95e-454c-b78e-b32ab7d27e52_sequence.owl_functional.owl,55650396,116881005,172531401
approximated_7a7c9d4b-c5dd-4124-b03a-45c074eeea71_cusuniprot.owl_functional.owl,489250103,576760414,1066010517
approximated_2cfc1856-e333-4421-805f-823eea136c88_Screw_pump.ttl_functional.owl,16094629,3761555,19856184
approximated_75218572-4f9c-4568-a014-b15d5884f9ee_xial_cable.rdf_functional.owl,14691164,3998189,18689353
approximated_6ca24802-be8f-408b-b9e7-a7419da1fefb_atic_lathe.ttl_functional.owl,14104799,3666093,17770892
approximated_a616f2e3-1cbd-4113-98f6-31b6723626be_lexicon.owl_functional.owl,22713774,12408834,35122608
approximated_00772.owl_functional.owl,19806885,27116478,46923363
approximated_222447f8-8854-45b1-a1f2-6617a1327c8e_Wine.rdf_functional.owl,14669701,3719208,18388909
approximated_0a8a1183-826f-4a1e-9ff1-d6d063f69f2d_Parameters.owl_functional.owl,20099555,7580866,27680421
approximated_503bc0e0-f08f-450b-9d7c-503ef68bcbca_eReduction.owl_functional.owl,141086839,247367346,388454185
approximated_3bf8d938-17fa-4ea2-b9c9-65b95f2d89e0_Brioche.rdf_functional.owl,18831072,3705917,22536989
approximated_5cc5949a-36d4-40e8-813e-eec7de657337_atmoFog.owl_functional.owl,98415029,204340623,302755652
approximated_kb-owl-syntax-unraveled-depth-2-km-relevant-cardinalities-triggers-constant-classes-value-nominals.ofn_functional.owl,407565142,987168680,1394733822
approximated_01caf241-5309-4838-bc06-9dcaedf819c6_color.owl_functional.owl,23800925,8389741,32190666
approximated_e9ad8377-c482-47cc-8ffd-cef2bb4c87fd_lmf.owl_functional.owl,19294652,4929711,24224363
approximated_138b2109-e6d5-4603-a9e9-4a0c097c4303_ontology_functional.owl,15307225,5324983,20632208
7ce486d2-8ae0-4dd8-8158-9fd7b8ed2ff4_anio_rerio.obo_functional.owl,370155841,535410267,905566108
approximated_90f8d33e-1fc9-4ddc-ab12-5db9dc9b02fb_dul2.owl_functional.owl,21018638,12047147,33065785
approximated_13444b01-4437-4ec1-b8b2-d472ffc5925f_Buxton_Blue.rdf_functional.owl,18014437,3841274,21855711
approximated_41145a6e-7e54-4ee9-9bec-45d9f85925d3_IPDLite.owl_functional.owl,22643323,35743066,58386389
approximated_bec8ba04-a64b-47f0-9923-f676ef722bba_Earthquake.owl_functional.owl,73131310,135635158,208766468
approximated_0e50c472-3ba6-4093-bb63-59dd343df7a6_lby_cheese.rdf_functional.owl,77436712,3781813,81218525
approximated_kb-owl-syntax-coreference-IDs-cardinalities-disjointness-triggers-constant-classes-relation-axioms-value-nominals.ofn_functional.owl,1404442481,2382713634,3787156115
approximated_ddi.ontology-for-drug-discovery-investigations.2.owl.xml_functional.owl,19647939,12068906,31716845
approximated_d883ecb9-ba99-4f35-9ccc-1d4de800a273_laPhysical.owl_functional.owl,135724826,249200769,384925595
approximated_67407ddc-f8c6-4cb7-ab60-d4b9d29658a5_onto.rdf_functional.owl,19491614,6779032,26270646
approximated_3b2b4da9-5b79-4a15-af1a-b94c1b32a46c_eSituation.owl_functional.owl,15511713,3610290,19122003
15d7f247-fa08-4fcb-a571-0709c41e082c_cerifrdf.rdf_functional.owl,16642986,2353669,18996655
approximated_5f250583-6087-46d1-958e-72cca18f25ae_Ruler.rdf_functional.owl,13752567,3914589,17667156
approximated_0a4a3755-762e-4ba5-a193-35c2851364bc_dsolutions.owl_functional.owl,12750665,5931103,18681768
00376.owl_functional.owl,52022223,19511208,71533431
approximated_2c2f32b9-0d2d-4f06-8caf-eff94b4c718b__breakfast.ttl_functional.owl,17608819,4174939,21783758
approximated_00496.owl_functional.owl,282898752,681428482,964327234
approximated_a3fef08f-c3f9-4295-bc88-5f3418dd97d5_tionAction.owl_functional.owl,15080142,10765200,25845342
approximated_00595.owl_functional.owl,56427128,135067069,191494197
approximated_542f2be8-19e6-4c49-97b0-f4965c14b075_edncbi.owl.obo_functional.owl,5340268859,12674892246,18015161105
872c4f0f-eb27-4bdf-9312-f8b816cbddf2_Wrestler.owl_functional.owl,56879020,2495467,59374487
approximated_13b9f212-b58f-4ae7-8db6-77ebe37852b5_testDL1.owl_functional.owl,16133226,3413547,19546773
approximated_4244f04d-abc4-4217-a630-cd25d7b66717_pmltrust.owl_functional.owl,14024342,5626684,19651026
fabe37dd-2308-4f1a-84e5-7bfc4136487b_onto.rdf_functional.owl,13323245,3527969,16851214
approximated_ee522205-61f3-44de-bf09-9a586364489f_Statistics.owl_functional.owl,135497286,212193120,347690406
approximated_776423b6-180a-4fb1-92c6-8b91a821a584_tateChange.owl_functional.owl,135022421,212764995,347787416
60eb0c31-1147-4e62-82ef-67deb34e14d5_Ship.owl_functional.owl,18050591,2175774,20226365
approximated_04347b34-b265-40bd-9bdf-74a28f6bb9d7_onto.rdf_functional.owl,11249240,4949954,16199194
approximated_f30b49b6-b2ac-4174-82a5-04cf886d1017_CoAXAction.owl_functional.owl,14980097,11616100,26596197
approximated_9a095aaf-d313-449f-8985-c023597698c6_Band_knife.ttl_functional.owl,17486121,3691937,21178058
approximated_7797f672-5aff-45a4-a413-7ab57b75de60_onto.rdf_functional.owl,11190094,4789915,15980009
63c11dda-e6d7-4e4f-a243-a8a5892ba5cb_imeContent.owl_functional.owl,17508063,18383694,35891757
approximated_b7557180-cfe0-4cda-84b6-ec7126208cf7_astroBody.owl_functional.owl,45175123,52909206,98084329
approximated_9be99199-b72e-41ce-93f9-05536f42d179_lRelations.owl_functional.owl,15714835,6886336,22601171
252d6584-a59f-4ea5-9258-6375c5c82a4f_classified.obo_functional.owl,51640270,91316434,142956704
4f0d4aa2-52cb-4c6d-b370-1e57d32ee05b_ubcellular.owl_functional.owl,25030215,18978103,44008318
approximated_8311f67e-40d4-4146-8fbf-89fdd92d7392_kernel.owl_functional.owl,19123773,5355744,24479517
approximated_00045.owl_functional.owl,2898235100,7537479817,10435714917
approximated_14eba30d-efd7-44b1-b934-0b2e66d460ff_onto.rdf_functional.owl,11415612,4939542,16355154
da7d9873-4a1c-4be5-bab2-1e9975bc54c4_image.obo_functional.owl,20544635,26572798,47117433
approximated_1979e64f-1431-469d-9a2d-ae6500efdf16_l220050505.owl_functional.owl,11017774,5203510,16221284
bb473900-e306-4fae-9345-a4fab552f8ec_xstimulus.owl_functional.owl,45147136,12504636,57651772
approximated_f0112871-255c-41a0-8e8e-61c8fe4ae1e0_cmmi.owl_functional.owl,23819432,33117302,56936734
approximated_2f673f57-a1c1-41e6-a471-6723d54dbb11_ethernet.owl_functional.owl,16202017,8587807,24789824
approximated_bd4435b4-23c5-4087-8a35-9cb29fe91b5c_enotype_xp.owl_functional.owl,348823003,848386876,1197209879
approximated_cff0d4ea-7bd0-48ef-9218-09552fc3bc09_confious.owl_functional.owl,84517361,8791211,93308572
approximated_12034599-06d7-45ff-ba6c-5cdd30b0eff5_matrWater.owl_functional.owl,208392534,219242708,427635242
approximated_8483d657-6932-4d42-8980-3b7eb996c17c_ngineering.owl_functional.owl,74626083,9150660,83776743
approximated_kb-owl-syntax-coreference-IDs-constant-classes-relation-axioms-value-classes.ofn_functional.owl,825195739,1790596853,2615792592
approximated_c091c87f-eeab-423c-9f15-826ff321d0c4_rStandards.owl_functional.owl,88186677,169549909,257736586
approximated_c3814cdd-6edc-4cc9-946e-8977287543a3_classified.owl_functional.owl,2906399384,7176443228,10082842612
approximated_44349f78-c3a8-4c00-be5d-c7978847bcdd_mplegraph1.owl_functional.owl,28425955,13205367,41631322
5d322c44-d394-49fb-87dc-80df2603824e_ossAnatomy.obo_functional.owl,69683915,113563733,183247648
approximated_00632.owl_functional.owl,53418386,113215749,166634135
approximated_0b488003-f634-4521-8c42-ccd9d573792b_tools2codo.owl_functional.owl,16034547,9917338,25951885
approximated_kb-owl-syntax-unraveled-depth-0-km-relevant-cardinalities-triggers-constant-classes-relation-axioms-value-nominals.ofn_functional.owl,158064487,387111774,545176261
approximated_0e1d688b-f9cf-49f4-b1d8-b57c947005fe_ogms.owl_functional.owl,16262031,6087074,22349105
approximated_274805ed-4303-406d-92da-b377ce01a49e_portal.owl_functional.owl,22688468,14876568,37565036
approximated_19d42047-260f-4ffe-b14a-4819fbe7ae2b_Fruit_sours.ttl_functional.owl,15684423,3864029,19548452
approximated_1474bd80-c387-4f8a-894e-9cac2eee598f_quanEnergy.owl_functional.owl,135054458,228680584,363735042
approximated_09e4d36f-71f8-4513-91b1-ca7c68e8ce20_MP.ttl_functional.owl,10325193,4442346,14767539
approximated_91b26f56-2dbe-487a-b8c8-120db9fa6be7_S.owl.PREVIOUS_functional.owl,13315240,6663986,19979226
approximated_4765dbe8-f4ca-46f9-a5c0-c2722b94f992__horseback.ttl_functional.owl,17005726,4180622,21186348
approximated_6019326c-e0eb-4dc1-87ec-95549e6b89f7_cinema.owl_functional.owl,16294916,3303790,19598706
353f96b3-1adc-446a-9dca-59f4af695e0a_2.0draftB.rdfs_functional.owl,17999305,3925036,21924341
approximated_19dbdea9-2446-4d7b-86ef-3acaa09be07b_Caciotta.ttl_functional.owl,7071725,3674980,10746705
lsm.leukocyte-surface-marker-ontology.2.owl.xml_functional.owl,14716982,22640931,37357913
e4d5ac24-4584-4e60-be20-3c4b99276bfb_condition_3.owl_functional.owl,133287320,319913753,453201073
5143a69d-d2dc-4a95-a6d0-2c805df2e25f_rex.obo_functional.owl,21938417,35905972,57844389
4b3ed145-1887-44b3-950c-d218ef9766b1_ballLeague.owl_functional.owl,15788592,877105,16665697
approximated_kb-owl-syntax-unraveled-depth-1-km-relevant-cardinalities-constant-classes-relation-axioms-value-classes.ofn_functional.owl,457854778,1119464597,1577319375
5b9e6788-5891-46ce-bba0-e4be057b6056_KategorieFrauen_functional.owl,13584416,922801,14507217
approximated_8761d58a-48e7-4028-af68-d57f7712c58e_dering_mat.rdf_functional.owl,11413900,4632613,16046513
approximated_13b9fc1c-46bb-48c5-b2a0-328425d80d64_sfactoring.owl_functional.owl,36367822,36981090,73348912
approximated_3b446a97-21dd-4ad7-afac-d5af3fa04a02_ess_planer.ttl_functional.owl,16220303,3754169,19974472
approximated_ba52090a-5638-4149-9cf3-cba164b112ad_realmHydro.owl_functional.owl,135355048,248312420,383667468
approximated_76f00b48-f18f-429f-a39c-10ae18c74be7_ile_cutter.ttl_functional.owl,12850086,3905154,16755240
d26bd990-a93b-46c6-83e6-5c2e962eb8d0_onto.rdf_functional.owl,17966000,1686650,19652650
43c7707e-12b7-4146-bbcd-f38f68be7413_asterensfm.owl_functional.owl,421645889,953781311,1375427200
approximated_3851bd3b-395e-4185-9239-e7a937f8d9c2_nt_Example.owl_functional.owl,56032236,51215087,107247323
approximated_4a32ee05-e47b-49d9-8bf8-4e71b31fd8fc_ter.rdfxml.owl_functional.owl,14739519,1806087,16545606
approximated_054da44d-05a5-47df-96d5-c2a790336530_ely_Laddie.ttl_functional.owl,12958520,3690702,16649222
approximated_00a47ea4-c236-4894-b8fb-a15d3d66c110_onto.rdf_functional.owl,12094529,5423528,17518057
approximated_2590b73c-b213-49ea-b4a5-568c56dd8c40_ogcgml.owl_functional.owl,20856231,15681030,36537261
approximated_9105a6d2-c721-4ef5-a34c-5ca8f03bc922_PaulFisher.rdf_functional.owl,18554900,2927234,21482134
approximated_77295fd8-86d0-4b78-82b9-d10b9d195372_Curry.ttl_functional.owl,19060508,3780835,22841343
approximated_65fb8e39-1937-4032-96b1-38af872c0180_st_anatomy.owl_functional.owl,113994196,259671065,373665261
approximated_578ce73e-0e6b-42d3-9cac-60c59da4be1e_Majorero.rdf_functional.owl,81051978,3753732,84805710
approximated_b27c5c4f-9ce3-47c3-b9aa-fa771ffb220e_Film_character_functional.owl,23623909,1988213,25612122
approximated_00047.owl_functional.owl,1764998349,4111169804,5876168153
approximated_59dd76e6-4dd0-4d6f-8256-444592fd97c7_droSurface.owl_functional.owl,114488575,203828156,318316731
approximated_aba75de7-cd55-451a-99a2-bfb950a39314_cnumber1.0.owl_functional.owl,17805342,11574322,29379664
approximated_kb-owl-syntax-unraveled-depth-4-disjointness-triggers-constant-classes-value-nominals.ofn_functional.owl,636456730,1463873342,2100330072
approximated_66eb5ae6-182f-4b99-aa08-c1935e6aeb99_Miter_saw.ttl_functional.owl,15752512,3708208,19460720
5919d425-0843-405a-80cf-9b748367ed16_Company.owl_functional.owl,12399303,1163080,13562383
approximated_a53ceec4-fd15-4d0f-a260-bcbed7281c68_alMolecule.owl_functional.owl,130023833,212771781,342795614
approximated_18f27920-6042-4891-9c8f-e7d263c87580_Mussel.rdf_functional.owl,13261099,3851521,17112620
approximated_1cbb90bc-e57b-4916-a260-8978e53cb1c1_Opera_coat.rdf_functional.owl,14590018,3725915,18315933
approximated_dbffa01f-6b93-4f69-a11f-83415674a184_ydrocarbon.owl_functional.owl,30759723,52748865,83508588
approximated_a6d6d4f8-2f8c-4636-b2cf-a0ea8ccfc20d_realmHydro.owl_functional.owl,131486374,210047757,341534131
approximated_85e17570-bc26-4b1b-8920-279c876cea1c_crimeX.owl_functional.owl,44033344,12118960,56152304
approximated_0a4d9284-bfd3-49a0-963c-d72bb1e7e03d_pombetaxon.owl_functional.owl,202228767,400624010,602852777
approximated_4e485595-0d5f-44b8-96d3-d32a43f8d9d2_preonto.rdf_functional.owl,72301999,5592894,77894893
approximated_36b33984-883b-484e-bb5c-62d837d30748_Clarytone.rdf_functional.owl,70248435,3800203,74048638
approximated_51d8943b-8a22-4c88-b295-71b344dd6f54_kupocore.owl_functional.owl,37447798,65688639,103136437
approximated_113fd0a7-5e39-40b3-b528-67d2e8266765_ogen_valve.rdf_functional.owl,14784973,3724220,18509193
approximated_00172.owl_functional.owl,18906946,8649042,27555988
approximated_00516.owl_functional.owl,141689899,410359229,552049128
approximated_20e0c29f-94b4-4bc0-b817-e9a0ba2fa186_Calzone.ttl_functional.owl,13867283,3772459,17639742
fcae1e6c-a6b1-486a-a3cd-21a2ea6da147_map_dblp_dc.owl_functional.owl,13979788,4661954,18641742
approximated_aca8198b-c63e-41be-8853-15fa30d9194e_xdt_100707.owl_functional.owl,22120891,21923647,44044538
approximated_14ab93ee-c26b-4e17-a1c8-f040cedecee9_aksmetrics.owl_functional.owl,195644220,379503809,575148029
approximated_0fc6754b-76f6-4a52-889e-ca07a25625ca_yOntology.daml_functional.owl,13301139,4983708,18284847
ed22d62d-9dde-4806-98d5-dd6d88de1882_gyInferred.owl_functional.owl,20597982,17284203,37882185
approximated_0ecbfeef-942c-498a-8bf9-833628be844b_Otiepok.rdf_functional.owl,14940457,3870881,18811338
approximated_7a67f542-0051-4790-8e26-dcc46d1fc0cc_Ham.ttl_functional.owl,16977690,4535126,21512816
0a9b7b1f-dc5c-4cfd-805f-823372be8a47_ameNet_1.1.owl_functional.owl,132443810,32252347,164696157
approximated_6d0e037b-82b5-4c5a-a30a-cbe3577ff389_DUL_v314.owl_functional.owl,27704167,14539058,42243225
approximated_479a6fd1-e899-439a-81e6-a9360ce5eb11_logylatest.owl_functional.owl,30527062,28115737,58642799
4f54ac60-ae81-4aac-b7be-6b160b8d195d_e.obo.PREVIOUS_functional.owl,265994648,562320287,828314935
091b5a2b-42d5-4e62-ad9c-accc5776e016__april2007.rdf_functional.owl,15124368,1572456,16696824
approximated_00010.owl_functional.owl,18693776,5415936,24109712
978e1e23-6a72-4b07-8cc9-89431ce8be2c_Olympics.owl_functional.owl,17019275,1267946,18287221
approximated_14aba0f3-7984-49e8-ab31-d41065fb384c_g_material.rdf_functional.owl,20145343,3782162,23927505
approximated_1e2f9ebd-b4d1-46a3-85f6-5aa6a8c680a4_Mozzarella.ttl_functional.owl,10624498,3878153,14502651
85f1fd65-4670-4f9a-95e1-3b0775ed4b21_Broadcast.owl_functional.owl,21629156,2881177,24510333
approximated_67529893-729c-4cf5-b313-ee772ffd7354_onto.rdf_functional.owl,12751560,4855434,17606994
7ed08bb7-b14c-4e59-8b8e-2024b36ba5ce_Mammal.owl_functional.owl,17557106,1900776,19457882
approximated_42e03b51-565c-48c6-ade7-0cb9ec6940f1_leo.owl_functional.owl,18441720,12644064,31085784
approximated_c92c9cc1-e832-4fa8-bb2f-a331258b55b6_geCreation.owl_functional.owl,19432690,11415086,30847776
approximated_00682.owl_functional.owl,1614999854,4103551747,5718551601
approximated_00efc81a-ecfa-4739-88ad-59762f9ed0a6_mHydroBody.owl_functional.owl,144534103,247297857,391831960
approximated_17aafdbc-8aca-4606-9a6b-e94523c63557_le_knocker.ttl_functional.owl,9621770,3780819,13402589
approximated_55751131-2637-4001-a10f-6d4e19507415_7_1_v2.7.1.owl_functional.owl,20161372,25681264,45842636
approximated_00006.owl_functional.owl,39301998,66215210,105517208
approximated_0bf13ad7-85b3-4079-8473-86d619fde8a0__Lightning.ttl_functional.owl,13895026,3852583,17747609
approximated_b264d0dc-a8df-4e80-b9a1-65d93b475369_ton_cheese.rdf_functional.owl,13351681,3914296,17265977
approximated_kb-owl-syntax-coreference-IDs-km-relevant-cardinalities-disjointness-constant-classes-relation-axioms-value-nominals.ofn_functional.owl,962716538,2194136430,3156852968
approximated_ab712a6c-8a80-4f8f-a21a-37eaef96254b_panese_saw.rdf_functional.owl,11618106,4195503,15813609
3003eefc-3bfd-414c-bc79-456ac05dfa9e_piensensfm.obo_functional.owl,600700499,1370886749,1971587248
approximated_9cae58fe-ae19-477d-b350-edc7efc18575_anDecision.owl_functional.owl,25769801,24547162,50316963
6f6dfdb1-91f4-4a35-9ca9-ef5a94a5b97e_StatesCase.owl_functional.owl,11089197,1724708,12813905
approximated_09dbb690-d472-4b38-812a-739c495db0b6_Iced_coffee.rdf_functional.owl,16401326,3734269,20135595
approximated_kb-owl-syntax-unraveled-depth-4-cardinalities-disjointness-relation-axioms.ofn_functional.owl,624427568,1391893715,2016321283
approximated_32367017-2f77-46ea-b442-9b98e2a3b1dc_ngineering.rdf_functional.owl,21685459,3705178,25390637
13655759-185d-4841-b9db-c2667c8fdb2f_apienstype.owl_functional.owl,1093358738,3094478830,4187837568
approximated_d896d6a6-4573-42cb-96cc-a60bef226957_wine4.owl_functional.owl,70869087,13321301,84190388
approximated_9a1a2f35-e729-4bc2-a3d8-7fbbd79e1414_Mallet.rdf_functional.owl,96858310,3798095,100656405
approximated_61716368-257e-4def-9f74-7679f7ced234_C64.ttl_functional.owl,41540461,3758553,45299014
7d787d09-442b-4d79-b9cb-86a4e4a3feeb_Mountain.owl_functional.owl,28319616,2535924,30855540
0cc8d133-037d-4fbc-aa70-51f51bd77d1a_ballLeague.owl_functional.owl,54639148,944787,55583935
881a8842-6925-4543-b935-ac529b9fadf1_onedsmall.rdfs_functional.owl,17231939,22046367,39278306
approximated_1ab117f4-3903-4d12-bb7d-226f3f7fe640_envo.obo_functional.owl,112811377,120819862,233631239
approximated_b53ba45d-405b-4675-adb9-65f547f4b62a_Little_Cleo.ttl_functional.owl,81219540,3931101,85150641
approximated_af1c8a22-1255-4818-8ef1-8d7a6f471149_generic.owl_functional.owl,18755866,9730265,28486131
approximated_0985d1d6-ba45-4b8e-acef-d7ed1791a5e2_rStandards.owl_functional.owl,182139678,234758253,416897931
approximated_3041c8d7-f93a-4ae8-ba64-fcc1fdc38de8_Cereal_germ.rdf_functional.owl,17641265,6180941,23822206
b5bfd804-fe24-47e5-b42f-96326ea7b49d_Lighthouse.owl_functional.owl,20029890,1901953,21931843
approximated_1b39ed51-1fdf-462b-82bc-9982dc0d905a_realm.owl_functional.owl,139709208,244553234,384262442
approximated_aa330f3e-b09c-416b-b773-902984788e44_AstroHelio.owl_functional.owl,135847077,221747501,357594578
approximated_kb-owl-syntax-unraveled-depth-1-km-relevant-cardinalities-triggers-constant-classes-relation-axioms-value-classes.ofn_functional.owl,474709997,1169833101,1644543098
approximated_069e5b21-2024-4900-9304-e08bcec328f8_Lug_wrench.rdf_functional.owl,14018191,3682782,17700973
approximated_00776.owl_functional.owl,1126421393,202512088,1328933481
vhog.vertebrate-homologous-organ-group-ontology.11.owl.xml_functional.owl,50105351,88235536,138340887
approximated_49a3e243-dcc6-43b0-99a8-975e33b79dc0_mantics_v4.owl_functional.owl,24737081,22702230,47439311
approximated_kb-owl-syntax-unraveled-depth-2-cardinalities-disjointness-triggers-constant-classes-value-nominals.ofn_functional.owl,769124173,1587651159,2356775332
approximated_6c603c25-6e12-4da0-8c45-03497749532b_is_elegans.obo_functional.owl,4102394827,9518785325,13621180152
approximated_9ef62fce-b73a-465b-8a2b-28322c490557_lotico.owl_functional.owl,14296278,5541739,19838017
approximated_35792828-a7f8-4c81-a6fe-a27d3653630a_Haddock.rdf_functional.owl,17043912,3841819,20885731
approximated_4e34e89f-5699-4651-ae1f-6e6dcb88e6a3_Rickshaw.ttl_functional.owl,15989172,4480852,20470024
8d3d3260-da5e-4ec8-9749-4bc3cc8a3a09_wblssimple.obo_functional.owl,17093217,9273240,26366457
423b904f-2a57-40fd-8fa9-cd8082f5ff4f_classified.obo_functional.owl,28352166,63556279,91908445
approximated_3d05e926-7997-4727-b7bf-b5e3382ac14a_color.owl_functional.owl,23362889,7859504,31222393
approximated_708b7fd5-3c56-4817-a34a-8eb4635ccbfc_IAO.owl_functional.owl,9861556,5562399,15423955
approximated_02814d33-7e3a-4995-8b6a-c55757694cb5_ethernet.owl_functional.owl,10328637,6447959,16776596
approximated_15595460-8edf-4dc5-845e-b152b62aa72b_Marshmallow.rdf_functional.owl,10052368,3802316,13854684
approximated_19deea53-8a8c-48c0-9cde-99140ba1a5e2_tance_edit.owl_functional.owl,50142776,67143169,117285945
approximated_092bd666-d253-483d-8dbd-afffa0fff5fd_c_20090302.rdf_functional.owl,22344612,11989084,34333696
approximated_7ddf669c-e603-4418-b645-ce0e36454834_po_temporal.owl_functional.owl,17227148,14235532,31462680
approximated_rpo.resource-of-asian-primary-immunodeficiency-diseases-rapid-phenotype-ontology.2.owl.xml_functional.owl,56782573,84540968,141323541
approximated_56c89204-f4b8-49b4-977e-68e4c91df134_gicustaxon.owl_functional.owl,850545253,1735072193,2585617446
4d656633-2a50-494d-a263-4feb298442f7_siaeentrez.owl_functional.owl,231988865,131212119,363200984
approximated_biomodels.biomodels-ontology.3.owl.xml_functional.owl,11334543260,33780817964,45115361224
approximated_49ab726f-2ddd-4953-950e-6725dc66f7ba_d_Approach.owl_functional.owl,67006426,50600356,117606782
approximated_0ae48015-78ae-4559-a2e5-c162bc3a2cda_h_Blossoms.ttl_functional.owl,14453844,3793480,18247324
approximated_6ff2f385-6ad0-4c59-8bfd-a4a717033a0f_Cheese_bun.ttl_functional.owl,12489010,3894555,16383565
approximated_2b364f28-f930-4675-b5b9-2c4ad5866779_Turbofan.ttl_functional.owl,11762080,3779552,15541632
approximated_kb-owl-syntax-unraveled-depth-0-km-relevant-cardinalities-triggers-relation-axioms.ofn_functional.owl,137728190,356797828,494526018
approximated_kb-owl-syntax-unraveled-depth-0-disjointness-constant-classes-relation-axioms-value-classes.ofn_functional.owl,446403059,916630461,1363033520
approximated_07e09242-b9b5-4a27-a084-b51ce9d0cf9d_dtn.owl_functional.owl,20965230,7772878,28738108
approximated_285e070d-c32b-43ca-b559-f1ae54efb47f_nstruction.rdf_functional.owl,9584645,3772520,13357165
approximated_kb-owl-syntax-unraveled-depth-1-km-relevant-cardinalities-disjointness-triggers-constant-classes-relation-axioms-value-nominals.ofn_functional.owl,758299873,1672529762,2430829635
182bf0ef-c452-4abf-bcfe-48c152660330_Judge.owl_functional.owl,17900401,1575140,19475541
approximated_kb-owl-syntax-unraveled-depth-2-km-relevant-cardinalities-triggers.ofn_functional.owl,399493342,960774494,1360267836
approximated_b48d2984-5a96-4b38-bd42-672068cc1d12_estigation.owl_functional.owl,34125805,25556251,59682056
approximated_87672a54-dd8f-4c71-b0a5-41468836b65d__de_burduf.ttl_functional.owl,11045369,3667660,14713029
approximated_3fb661bd-d33f-4219-9923-59e82e7f6752_Shad.ttl_functional.owl,14530213,4080704,18610917
approximated_00033.owl_functional.owl,478522552,1228663637,1707186189
approximated_6ec2dd4c-b84d-41d0-9124-ddeb0afcc510_4_Examples.owl_functional.owl,28610217,21570383,50180600
approximated_52ba4714-bfea-4b78-924d-732e5c4af0f3_DUL_v319.owl_functional.owl,18309266,11095823,29405089
0ea7dca4-ef17-4c08-82c6-aef2a539b2f7_unit.obo_functional.owl,17852175,17519628,35371803
0ac0f77a-ec1d-460a-b067-63ba73944411_cogat_v0.3.owl_functional.owl,20094661,32622879,52717540
approximated_5409c9f9-3863-4226-8520-a2c6f742f14a_Testouri.rdf_functional.owl,10921357,3828918,14750275
approximated_bbda0473-d686-4f70-8702-ebc2453dcac6_lPetrology.owl_functional.owl,71839297,133098160,204937457
approximated_pr.protein-ontology.59.owl.xml_functional.owl,4417603950,10878149027,15295752977
0d643633-c889-49ae-b7d7-7e4b3bd1ff95_gold2009.owl_functional.owl,18094339,25298026,43392365
approximated_51bc9a36-6428-4a5e-b5af-34dbdda02099_Clutch.ttl_functional.owl,17454399,4164732,21619131
approximated_kb-owl-syntax-unraveled-depth-0-disjointness-triggers-constant-classes-relation-axioms-value-classes.ofn_functional.owl,427066953,938815844,1365882797
approximated_2759646e-c207-4f95-b78f-a679f7031f1b_latest.06.owl_functional.owl,1300233894,376018698,1676252592
approximated_7590c586-5650-4083-8054-2188d3bfec5f_Brass_model.ttl_functional.owl,10469048,4303714,14772762
approximated_00048.owl_functional.owl,1468804838,4279206399,5748011237
approximated_42e0fbf4-10ac-4803-883a-b092097c4e62_mao.owl_functional.owl,17493758,9231151,26724909
48bcd8d8-edcc-485c-b5ae-8b0324bd57e7_kupodisease.owl_functional.owl,43530525,14935741,58466266
5829d1da-f6bd-4115-9aab-c35afec13c32_rm_v5.0.1.rdfs_functional.owl,20761646,6075698,26837344
approximated_b9d9ad0b-7d89-4405-a75a-1c4691d4f998_nbow_trout.ttl_functional.owl,17037653,3703206,20740859
approximated_fa4cb5e5-e951-4d6b-a911-1ffeb048991c_calistaxon.owl_functional.owl,1055416403,1152047846,2207464249
18357709-4f9f-4e6e-9a15-7648e020293e_pathology.owl2_functional.owl,23790335,40057967,63848302
8a18a5bd-c54e-4f76-9f2a-3324960b37dd_IMR.obo_functional.owl,308431147,552510753,860941900
approximated_dcf9458a-754e-4ff4-b107-75825e73fd46_PaulFisher.rdf_functional.owl,18155709,5941558,24097267
approximated_kb-owl-syntax-unraveled-depth-0-cardinalities-disjointness-constant-classes-relation-axioms-value-classes.ofn_functional.owl,425566845,935251565,1360818410
66f72d64-1d86-4ae9-b268-51c753976114_Senator.owl_functional.owl,15222148,1934346,17156494
approximated_4a432c23-387a-4b80-be27-b88b9f6a31d7__preventer.ttl_functional.owl,6123774,4098640,10222414
dbd46c49-af8c-4000-990a-f8fa65188e0f_protein.obo_functional.owl,758266332,1259484268,2017750600
approximated_775fab41-9617-451e-8ea3-eb96545f0626_ndTectonic.owl_functional.owl,101717924,158142916,259860840
approximated_781572b1-656d-4477-bb82-4d2336871461_nd_Marnier.rdf_functional.owl,10632736,4143558,14776294
approximated_20eddba4-d48b-4642-a504-cb3443179d13_goslim_pir.owl_functional.owl,20472739,39140133,59612872
approximated_e65fbcc7-5ea9-48bd-b4ea-99300f8f99f8_nWaveNoise.owl_functional.owl,136109583,219017386,355126969
approximated_00355.owl_functional.owl,11067400,6376833,17444233
approximated_5533c2da-9d78-4752-ad93-7399f1b859f2_IOLite_v17.owl_functional.owl,17739617,16725753,34465370
approximated_00198.owl_functional.owl,12851615,877747,13729362
approximated_47159dcb-caf1-4e89-b93a-5cae7887f028_Raschera.rdf_functional.owl,14838934,3691213,18530147
approximated_4c60f811-7bd5-4b39-9d4c-74df5ae43020_so.owl_functional.owl,53758830,124132029,177890859
approximated_cl.cell-ontology.47.owl.xml_functional.owl,298449681,833142368,1131592049
abe40193-c3bf-422e-8a5d-e7c2dca027e8_goslim2.0.owl_functional.owl,11559974,5016343,16576317
approximated_a351ad4b-8be8-40c6-97d0-021549cdff33_antityv1.1.ttl_functional.owl,16735355,18266593,35001948
approximated_643bc6f0-6381-4ea2-86e3-cdc01005bbb2_losurfical.owl_functional.owl,37540386,44455851,81996237
approximated_76854e1e-2b8a-437a-b5cf-7ab7e6b49618_qudt_functional.owl,15581405,9831529,25412934
approximated_3e2987f7-3b05-4b24-9b1f-db17651b79b2__toy_train.rdf_functional.owl,14886373,3789538,18675911
ed5c5fc6-1bf2-478d-9574-c543bb8e5f03_latest.07.owl_functional.owl,1406334114,546464443,1952798557
approximated_16ffaf2f-4c10-4e80-9af0-757e34ca3be3_efinitions.owl_functional.owl,105564820,35824788,141389608
approximated_55aaaa04-20d5-44f1-8c9c-caad51333bc9__con_pollo.ttl_functional.owl,87512722,3991422,91504144
approximated_044c8d3c-d374-4844-bf8d-830d30358b47_names_sexp.owl_functional.owl,403362295,717370740,1120733035
approximated_3f6370c9-3207-4bad-8ede-5c0c5ec8ca19_Trumpet.ttl_functional.owl,16581782,3648901,20230683
approximated_ea8f7f81-a1d4-4c6a-955a-6d7f8d2148aa_attributes.owl_functional.owl,3072023028,8833378885,11905401913
approximated_8752fd3a-fb08-4e07-ac36-70ef83e97144_ossAnatomy.owl_functional.owl,97246917,87658593,184905510
81f4091a-feb5-4d8f-82f1-ed934b891539_onto.rdf_functional.owl,16304547,1857306,18161853
approximated_b27ed299-2b74-4c16-8af9-ff15e1ce51db_ccumulator.rdf_functional.owl,20670135,5329222,25999357
approximated_f1eb6893-e46f-412e-b065-83b73528f4ea_Design.v25.owl_functional.owl,21682200,10245887,31928087
approximated_9640d86f-cd38-476d-8576-15ba643b7fe3_avior_ontology_functional.owl,34540768,50711970,85252738
approximated_47ed5a39-6a88-453f-a6ed-4fb2d03cc3bc_dTransport.owl_functional.owl,122564934,210864895,333429829
approximated_70f44f37-e62d-4be5-858b-c9d3386b7d19_maontrev21.owl_functional.owl,12825000,5193326,18018326
approximated_e593c3ca-e670-41bc-8c72-14f13974a944_sciOrdinal.owl_functional.owl,24636288,22021602,46657890
approximated_105e03c6-0ee2-4ac1-98aa-2f14bb42de49_onto.rdf_functional.owl,11345765,4619782,15965547
approximated_57bfae0f-b236-45f3-9ef8-3a07d3642937_alcomplete.owl_functional.owl,14567523,7623294,22190817
approximated_a75b422d-5739-43d9-b022-155593cf2eff_LMM_L1_15.owl_functional.owl,18433777,18394756,36828533
approximated_5d509095-f89b-4d3e-87c7-5b2c28d05315_Parenica.ttl_functional.owl,10738070,3746403,14484473
4c6886e5-00ce-4988-9abc-c181b362d128_oppingMall.owl_functional.owl,17275239,1826112,19101351
approximated_6151446f-abe0-429b-a6a6-fd9d7eb239f8_sionSource.owl_functional.owl,72782665,133691385,206474050
approximated_b78520b6-6c7c-460c-aa8f-b2aae3cdb90d_PaulFisher.rdf_functional.owl,15121735,2909999,18031734
approximated_cfed8132-478a-4ecb-8e02-c7e4044085ea_earl.owl_functional.owl,13507982,5008947,18516929
approximated_296e7557-5efb-4fe9-846a-b7be9178a93e_NVAX.ttl_functional.owl,13073322,3671572,16744894
approximated_b2ddff55-2007-4786-a92b-640071f84ba1_nAtmoFront.owl_functional.owl,150011797,252167131,402178928
approximated_03bbad06-8527-4a7b-8302-5d41750fc99a_Content.owl_functional.owl,15087916,9462881,24550797
approximated_deae7a98-f4a6-4cd0-97dc-fa177a5217f9_phenElecMag.owl_functional.owl,137513850,215581718,353095568
approximated_729ba78c-3d24-47e1-9bb1-980fad7ba20d_aintenance.owl_functional.owl,74653659,5525128,80178787
approximated_6265f27d-1afa-4680-b747-4f71adefab73_Schupfnudel.ttl_functional.owl,68336301,3668430,72004731
approximated_924e9a5c-9a92-4f85-9150-a7e20f4c7146_ontology.rdf_functional.owl,8021082,4140903,12161985
approximated_12467929-9038-48ed-9f32-f2cecb9c9dff_ki_bakotin.rdf_functional.owl,11910789,3918140,15828929
approximated_b029d4e0-be47-42f6-8112-0803844138ec_universe.owl_functional.owl,38091062,13091184,51182246
approximated_f9f89445-406b-4942-b155-5b993fd74184_Categories.owl_functional.owl,77375077,9585487,86960564
7e1a735c-e30b-4256-9d4c-1477ad4ee19d_go.rdf_functional.owl,765018494,480133478,1245151972
approximated_be5b047e-08a9-4d89-aca1-fd61aed4aa47_elOntology.owl_functional.owl,14409262,8545372,22954634
approximated_eb15aa51-93e6-4ffd-a430-af1a0045348b_omposition.owl_functional.owl,19934817,16780783,36715600
approximated_048b7fc7-f022-4486-a230-6155f31fc110_Grounding.owl_functional.owl,18617266,7349988,25967254
approximated_4975676f-48ff-4225-8887-9746dad19b83_nnexorlink.rdf_functional.owl,33786013,55075867,88861880
approximated_6f26a9f9-e841-4a6b-b7ee-fd9e0d432c4a_tion_valve.ttl_functional.owl,12068425,4969957,17038382
approximated_2cc9ab2b-cc80-4669-9069-a6c4c74f2601_rMathGraph.owl_functional.owl,142049264,216795960,358845224
approximated_00360.owl_functional.owl,95791075,130807957,226599032
approximated_229fe87c-59b9-4e0f-91f4-24abbc0d7721_Leaf_valve.ttl_functional.owl,11874391,4162210,16036601
approximated_e843c489-fdf3-484c-a818-dcad072ff0f6_eSituation.owl_functional.owl,16728285,6354804,23083089
approximated_0286d77d-8607-4186-993d-c4a52c5345e6_affic_cone.ttl_functional.owl,10711421,3850062,14561483
approximated_faed02de-541f-43a3-8cc9-9992d7fa6052_cinema.owl_functional.owl,16910295,3216347,20126642
approximated_5da8b418-594a-4c3d-ba17-02fc8e72d100_DP1.66.owl_functional.owl,30748651,5704231,36452882
approximated_3bc75bbf-9115-404d-a979-6d568e367bf5_compre.owl_functional.owl,16726924,5422946,22149870
approximated_eca8b849-e953-4274-b09d-0aac24d03458_lexicon.owl_functional.owl,24497837,13958564,38456401
approximated_55a39aab-33f7-48e5-83eb-88db70f2024e_MO_Finance.owl_functional.owl,14001459,14890071,28891530
0a47680d-68aa-4f76-ac23-b7995492295d_Park.owl_functional.owl,18451496,2120692,20572188
approximated_cd5b2a46-0c5c-4ea6-a33c-990af9f55908_lSemantics.owl_functional.owl,24840884,23203762,48044646
02a1b623-a63b-425e-bb23-789e98a33591_ss_xp_self.obo_functional.owl,57369083,21805834,79174917
8369add0-4d88-40b2-b995-bc94aef594be_s_anatomy.owl2_functional.owl,42438613,83374543,125813156
approximated_292dc642-8a25-4891-b88e-dab8f5875b9a_Cider.rdf_functional.owl,16574960,3782424,20357384
approximated_4022cb02-cb50-4aec-8d11-3cfe79f00dfb_DLP3941.owl_functional.owl,30664076,30219630,60883706
bf7b0e91-eb16-4e26-830d-f3b39355e3b1_fypo.owl_functional.owl,511148143,854758906,1365907049
approximated_443bc32d-09e6-47a3-bf77-c7ae66a58154_crime10.owl_functional.owl,22381298,12011383,34392681
approximated_a3fd23ee-7c4d-4402-9307-6dc6232da92e_scene.owl_functional.owl,29959272,18998266,48957538
approximated_aaca8c64-6bfe-4175-867a-967a8472f520_compute.owl_functional.owl,14953547,7928399,22881946
4a8a1268-458c-4f75-8a90-6e0a7c24cfe2_fyposimple.obo_functional.owl,94008462,241964781,335973243
approximated_98d5880a-f96b-4f11-8f92-1daccd99a0b2_cedar.owl_functional.owl,49032894,25105100,74137994
approximated_8f7e6740-d354-499e-b087-657503670b8c_Soy_milk.rdf_functional.owl,17734554,3824538,21559092
approximated_874cd8c7-1a6f-4bc1-869c-5bf2f9063dbd_alMolecule.owl_functional.owl,149298744,260040169,409338913
approximated_1a795294-fb24-4c07-a549-e2f25d20c376_nif_backend.owl_functional.owl,80816268,148023569,228839837
approximated_3334ed6b-6bf9-44ae-a8b2-fa61901ff4c0_biotop.owl_functional.owl,35523510,29197149,64720659
33025596-3b78-47f3-ac1c-ac80b74dadfa_ciationsDO.owl_functional.owl,788241312,1692752005,2480993317
approximated_46ae5f63-9a83-4496-92eb-5481d5269d8c_necommessa.owl_functional.owl,18873580,13475282,32348862
1f6685bc-afb2-408c-95ce-deaa6ad5807f_eKrankheiten_N_functional.owl,9756078,949922,10706000
approximated_9679d45d-f311-4a74-af89-abcb26f32d21_NIFOrganism.owl_functional.owl,42411625,42160837,84572462
approximated_0585df44-fb95-4fcd-80e7-9abd98c12588_nooneof.nocard_functional.owl,20680204,13078753,33758957
approximated_75309ef7-756e-4045-b46b-973bb7e7f06b_Ice_pick.ttl_functional.owl,13926539,3841657,17768196
approximated_22a560e6-de77-4c77-a2e6-114a33afbf1c_icOntology.owl_functional.owl,13324481,7494955,20819436
approximated_08bc2112-b830-450b-9b27-e0e1cf75ead6_gy.1.3.0.1.owl_functional.owl,35806662,28320785,64127447
approximated_79400f00-7ab7-479b-a800-e76437781e5a_UserProfile.owl_functional.owl,13875962,5271316,19147278
approximated_ce9e28b1-0d43-4353-a05f-ef91da2c5c9f_PaulFisher.rdf_functional.owl,15179850,3170482,18350332
approximated_f41d9c83-2ddf-4cfb-995e-bbd7b1cab2d4_onOntology.owl_functional.owl,12575494,6454093,19029587
approximated_8ba370cf-7ae7-45f0-b04e-2445a930d27c_Compost.rdf_functional.owl,16335031,3831527,20166558
approximated_db4481d5-c354-46d1-b90b-0031da5feab4_lReasoning.owl_functional.owl,16730937,12649551,29380488
approximated_2d2aa5e8-04d2-4531-82d0-b9eca836a6e4_tegorySoftware_functional.owl,12612575,2415510,15028085
approximated_f4bef43e-90a2-47f0-9be6-e7a077e8b953_vocabulary.owl_functional.owl,17655944,5404792,23060736
approximated_a8546e99-141a-42df-9519-98c13b9c648b_complex1.0.owl_functional.owl,13690429,5200907,18891336
approximated_30092a1c-0189-4cf0-91a6-53d84ad53eb9_pening_jig.ttl_functional.owl,16985436,3825981,20811417
approximated_31e8b284-4dfa-488a-986c-081411746109_uck_syreky.rdf_functional.owl,15775039,3862138,19637177
approximated_22dd4c1c-929d-4f09-9f5f-a0318c1e2dd5_Relay_valve.rdf_functional.owl,16594343,4360282,20954625
approximated_86984d13-275e-44a8-b8c3-80ca75898401_eThickness.owl_functional.owl,140085331,219386064,359471395
approximated_5bf8c51a-ca0c-42df-9274-e0a870c9e8e4_ificObject.owl_functional.owl,12170137,6586453,18756590
approximated_0e15ffa3-0193-44cf-a70b-15fa14175181__toothfish.rdf_functional.owl,17766235,3695546,21461781
approximated_00762.owl_functional.owl,285551433,461095778,746647211
approximated_056cf089-74bb-41c6-a442-f5ea2560f9d0_Mitre_box.rdf_functional.owl,11949775,4024846,15974621
approximated_31fef9af-4538-44c0-818e-c7cd39328407_mirnao.owl_functional.owl,23936412,38153493,62089905
approximated_6364ec5d-e4df-43a2-8dab-ea6f4a00f975_Harzer.ttl_functional.owl,14548967,4243486,18792453
64176a2b-88cd-458f-8a9a-81758b965347_quality.owl_functional.owl,55949138,83221956,139171094
approximated_c7983391-d170-428c-9c62-47c81df47b99_4_5_0_1_TQ.owl_functional.owl,27519848,26040103,53559951
approximated_0a14088a-e04e-456f-bd1d-5a6cef9e7242_tingPolicy.owl_functional.owl,15957868,8525967,24483835
c7bc3867-0a93-4528-8eed-07b0854ccca2_cl_import.owl_functional.owl,71119660,50028131,121147791
0dbc4292-8aa9-44dc-a029-e7b1449f0e9d_OS4.owl_functional.owl,1308708797,134538429,1443247226
approximated_4fe30796-ddd0-401c-8ed4-dadd6102ad9f_lmf.owl_functional.owl,15296217,9159315,24455532
approximated_e236e9d8-dde5-42eb-b3cb-0b7ee0d52864_mpextmerged.owl_functional.owl,551269638,1501691146,2052960784
approximated_5f1fd4d1-3819-46af-94b6-1fcfe96e4a2e_Truck.rdf_functional.owl,11195975,35800815,46996790
approximated_f2fab68c-f149-405b-b160-6d2334020488_geolFault.owl_functional.owl,96458037,160197198,256655235
approximated_07b96f49-0ca4-41bc-adc5-885aeb6116f7_tting_maul.rdf_functional.owl,11951659,3984675,15936334
approximated_5321f33a-4b3b-471a-aa29-d819efb258d3_ing_hammer.ttl_functional.owl,15715523,3745119,19460642
psimod.protein-modification-ontology.4.owl.xml_functional.owl,57560340,165874241,223434581
22dd2e1f-0120-4349-a40a-3dcf3475d135_EbGdrcN5Y29ycA_functional.owl,14164487,1384958,15549445
approximated_580d584f-c911-4a1e-b943-779878874e9f_KnC3B6del.rdf_functional.owl,15960083,3957137,19917220
approximated_df9d85b1-991d-4a81-8bbf-6659ce8d61a0_SARK.ttl_functional.owl,12792937,3880001,16672938
44a299f0-d801-468c-9a20-d2359c90cc09_Lake.owl_functional.owl,26991234,4053230,31044464
approximated_00645.owl_functional.owl,96867375,191923499,288790874
approximated_00419.owl_functional.owl,100478025,259264062,359742087
approximated_3a6c7b04-a568-4d03-b3c9-8a892cfd40c1_physPlasma.owl_functional.owl,106506465,214230667,320737132
ab6d0dee-446f-4533-8881-1ae555df8ba4_imr.owl_functional.owl,409535740,584893996,994429736
approximated_10341e62-6b8d-4b02-8f34-2ebdda876f4f_ist_square.rdf_functional.owl,15619714,3798821,19418535
approximated_37bfb8ad-a6fb-46e6-b202-3a1067e82f5e_chev_dough.rdf_functional.owl,12046473,3805736,15852209
approximated_71add721-11b5-47ad-b637-f286c30b9a75_phenGeol.owl_functional.owl,140540916,211229599,351770515
approximated_PD.owl_functional.owl,64590477,85334317,149924794
approximated_0cad3e84-1562-4ce4-8810-37ec3ada7476_Toffifee.rdf_functional.owl,10321783,4125242,14447025
approximated_45e5b1a3-b9fd-4ece-bd69-dc10b17c0b26_ad_nesting.owl_functional.owl,15167900,16326066,31493966
approximated_vso.vital-sign-ontology.1.owl.xml_functional.owl,31781300,19472705,51254005
approximated_49795226-cd2f-489d-b9f4-d86904528efd_sequence_xp.owl_functional.owl,60557934,129306311,189864245
approximated_0c6155a6-b84c-400f-a7dd-94f49fb99281_Vehicle.rdf_functional.owl,18260920,3911007,22171927
approximated_78d51cdb-fec6-472c-b8cf-e7b4e8bec9e0_periwinkle.ttl_functional.owl,8565074,3888120,12453194
16060d98-1832-493e-b5db-35939b624ebb_rySMW_releases_functional.owl,18942768,1843427,20786195
approximated_0b1c77e2-e964-4cdc-b8f3-963a91e8e67a_wcsAll.owl_functional.owl,33726259,40295982,74022241
approximated_kb-owl-syntax-unraveled-depth-4-constant-classes-value-classes.ofn_functional.owl,404445664,871344571,1275790235
approximated_00644.owl_functional.owl,21529782,31087002,52616784
approximated_kb-owl-syntax-coreference-IDs-cardinalities-disjointness-triggers-relation-axioms.ofn_functional.owl,851098545,2273293226,3124391771
approximated_50327b4e-dbeb-4897-8899-77c30c6606a5__Letterman.rdf_functional.owl,12689697,4190033,16879730
69720e2b-ff6d-4953-bcdd-04a6a68942c6_osimplegaf.obo_functional.owl,2011942889,4242051981,6253994870
approximated_8450062f-ce61-41ef-9c98-7909ab134980_biotopcore.owl_functional.owl,18367371,20015781,38383152
approximated_86dc67e0-3461-436e-8b37-c7aef49ec173_go_mf.owl_functional.owl,185536120,583350041,768886161
approximated_4e8e2afa-a598-4a50-baa8-ab7ac7f821f6_Tattoo.rdf_functional.owl,11044638,3973467,15018105
approximated_c710c202-5500-455a-8949-faff458e4a49_mondialmeta.n3_functional.owl,13117852,4579648,17697500
approximated_08c8ded8-4aee-4c7a-9e81-5bdc43e570f3_BioMesh.owl_functional.owl,181653136,491426246,673079382
approximated_00358.owl_functional.owl,16469944,18456539,34926483
approximated_0ae1c81c-fb51-4b60-aa63-745107acdec0_Gumdrop.rdf_functional.owl,10369908,3859772,14229680
3d929d33-af44-46ba-bcf3-bb7aaada18f0_egansensfm.owl_functional.owl,595164377,1407821749,2002986126
approximated_4719f139-c9bf-49a4-a37f-0d68f40fe18d_Quiver_tip.ttl_functional.owl,16246579,3771684,20018263
approximated_3c224c62-a6cc-40e9-80a2-5e65d11a01b7_land_Comet.rdf_functional.owl,13785504,3754545,17540049
approximated_3ba51b84-d0d8-47b2-bb62-196c226ad31e_scillation.owl_functional.owl,70953260,126314626,197267886
approximated_864aab46-1878-428c-8eb9-98b6517f9f75_phenRecycle.owl_functional.owl,137859181,213159653,351018834
approximated_46fe0bd7-2da7-48b4-a6ba-040813fe836d_mplegraph2.owl_functional.owl,24853213,13598611,38451824
approximated_125132d0-845c-4274-81d1-bbc17340830e_human.owl_functional.owl,131890212,213197716,345087928
b52054f5-1d49-426c-8227-51c2c26b1f10_software.obo_functional.owl,45651995,96924919,142576914
approximated_00040.owl_functional.owl,2689230582,7811143922,10500374504
approximated_52b74570-8632-4661-b1f0-0b8fd5498184_norvegicus.obo_functional.owl,3340228908,8090708824,11430937732
approximated_994f145f-cff5-49a7-a07a-b2e6551255a6_eolVolcano.owl_functional.owl,143413430,258662974,402076404
approximated_2da9887a-2c73-443e-90b0-64e6f69811db_quanIndex.owl_functional.owl,154523289,229523859,384047148
approximated_c64a69f1-2452-47e5-b2a0-61e26a220b8c_sbpax3.owl_functional.owl,14081032,8653628,22734660
approximated_d96b0c1f-dc4d-456b-b7ca-6a81b75850ca_er_anatomy.owl_functional.owl,29947734,41355821,71303555
approximated_62d7c38c-bf27-461a-bfbe-f549dc8238b7_Eintopf.ttl_functional.owl,11283930,4071960,15355890
approximated_9151dcd6-4150-47f1-8b1d-9e234095de47_complex1.0.owl_functional.owl,34375044,34282547,68657591
cd7fd685-a1eb-4940-b965-401dd3e78f1f_SPD.obo_functional.owl,26951641,40120839,67072480
approximated_3a3066b4-739d-484f-9d60-3060498eb2e5_rDataModel.owl_functional.owl,143371125,214262784,357633909
approximated_35294e36-fac4-4651-944a-7e77edc73ad2_pe_library.rdf_functional.owl,20975322,4976358,25951680
approximated_08af0aa2-c60f-46c7-92c1-b73c8ef8e247_estQuattro.owl_functional.owl,15178337,4188856,19367193
approximated_095c882e-13e6-4f49-a6b3-31e9ff0ae898_Cclamp.rdf_functional.owl,11090219,3793415,14883634
18715436-6951-497c-acb0-4aa95260b0ea_gureSkater.owl_functional.owl,17937730,1374161,19311891
approximated_8dbb3a86-f669-46f0-adbf-531c90a314a5__amplifier.ttl_functional.owl,14207867,3841431,18049298
approximated_5ad7d8dd-ac0e-48d6-ad69-5071b0252abf_terrestris.ttl_functional.owl,11521346,3710398,15231744
approximated_05b09616-c5df-4621-8355-f4ee267536f5_Dustcap.ttl_functional.owl,21497301,4029694,25526995
approximated_14d5ea47-be9a-4705-809a-01af037e7db4_UDDv1.owl_functional.owl,15284178,5148532,20432710
00372.owl_functional.owl,46813508,14506324,61319832
approximated_344290ad-c826-4437-8052-81639627c18b_Stapler.rdf_functional.owl,16945948,3747749,20693697
approximated_173ba08e-c935-4832-8c0f-178698045c5b_Wood_shaper.ttl_functional.owl,10861535,3684764,14546299
756d4706-697f-452e-99cd-dbf32081601a__ontology.owl2_functional.owl,230913886,674094189,905008075
approximated_3eafaba1-f1c6-4ba7-bac0-fd7670199809_CERIF2008.owl_functional.owl,17684300,8209072,25893372
approximated_bfde22fb-a2f8-4de1-9d66-4f6609720a73_Lodging.ttl_functional.owl,12682818,3972834,16655652
approximated_00339.owl_functional.owl,14533938,7081288,21615226
83c6048d-8b5d-4718-b652-562e9c9b366e_Race.owl_functional.owl,11894694,1041687,12936381
approximated_dcc3c365-4ed7-42b9-88f7-c0b4bd73fd4a_rus_05.05d.owl_functional.owl,2646170921,5457238751,8103409672
00500.owl_functional.owl,124203318,37203311,161406629
approximated_b1bc193b-f522-4114-b680-2525cf97c795_GeoSkills.owl_functional.owl,221885699,63142010,285027709
1eeb8b47-8f87-4a85-88c8-279f6d34e03d_CategoryDocinfo_functional.owl,10730700,1367478,12098178
approximated_00361.owl_functional.owl,16253154,15517652,31770806
approximated_fa26d005-7ba6-4036-b773-40d54473187d_mplegraph4.owl_functional.owl,22780843,12852766,35633609
approximated_05d2f474-d561-4748-a015-c580e4724e87_teChemical.owl_functional.owl,131892878,211147786,343040664
approximated_2257a589-141b-4637-8469-505afb362e73_Caboc.ttl_functional.owl,17608906,3697557,21306463
approximated_4b3ecb39-6985-4e6d-8789-cbe7962ccf75_onto.rdf_functional.owl,18261514,4812687,23074201
approximated_857d4e42-aa1d-47cf-8c39-325f5a480fc0_yowlcomplex_functional.owl,22641167,24779136,47420303
approximated_b7981c35-332d-4106-92ef-a216be1a6094_propSpace.owl_functional.owl,135243022,211501552,346744574
263fc4d6-d2f2-43de-942d-87db0e88d001_easemodule.owl_functional.owl,73237379,14453475,87690854
approximated_21bf39bd-ba1d-43b7-9d38-7a0a719441b5_igraph.owl_functional.owl,63338910,5223632,68562542
approximated_7329a1b0-f77f-46de-9c49-af3041c722e2_yowlprimitive_functional.owl,64120220,6684941,70805161
approximated_fc7d5dc1-4bd8-468d-a690-d7f24e80441d_Grounding.owl_functional.owl,62645258,7802610,70447868
0f2aefc4-a7c1-4649-8dd1-2de71dd232f5_onto.rdf_functional.owl,76764480,3571931,80336411
approximated_083aae6e-ea4f-401b-9139-9c55f0816eff_Tipi.ttl_functional.owl,16806438,3979630,20786068
approximated_dedf054f-e71c-409c-9b79-48f04a7366c3_DUL_v320.owl_functional.owl,13427238,11355424,24782662
approximated_2d9fb08b-36be-4ffc-be26-f74c0e3cb76b_COSMOtop727.owl_functional.owl,415161051,558788044,973949095
approximated_1d252e35-f2fc-4df1-9e3c-46843c6c07d0_eSituation.owl_functional.owl,13389205,3745678,17134883
approximated_cao.clusters-of-orthologous-groups-cog-analysis-ontology.3.owl.xml_functional.owl,15187476,15611602,30799078
approximated_369c54fb-a82f-4e62-b95d-66287e84dfcf_Almond.ttl_functional.owl,15838423,3778770,19617193
approximated_851a39f4-ccc9-42c3-92f6-7daed8476294_instrument.owl_functional.owl,19148059,11068891,30216950
bto.brenda-tissue-and-enzyme-source-ontology.24.owl.xml_functional.owl,168958251,383188931,552147182
approximated_79b58304-3077-4a00-9af4-e7c63d5c844e_Soda_bread.ttl_functional.owl,17200398,3859112,21059510
approximated_kb-owl-syntax-unraveled-depth-3-disjointness-constant-classes-relation-axioms-value-nominals.ofn_functional.owl,683185624,1475536077,2158721701
approximated_906c7a9b-2657-4bb1-903a-1e72db3e4e02_Rose_water.rdf_functional.owl,15412662,3810445,19223107
approximated_72699a52-124c-4881-a856-975b6518fa01_mygrid.owl_functional.owl,29265412,39288898,68554310
approximated_bc68af66-6e8e-41bb-a412-10dc09703898_ing_swivel.ttl_functional.owl,22564057,7585614,30149671
047ccf0a-9286-49a2-89fc-caa3a79a1ec4_e.obo.PREVIOUS_functional.owl,45158597,112042110,157200707
approximated_1d9a7ec5-029f-4eec-b829-fec3c0ea78d6_Sandsinker.rdf_functional.owl,17922271,5360391,23282662
approximated_3803baf5-8481-4dd5-b3ad-7a048617f01b_Wipers.ttl_functional.owl,16709808,3715482,20425290
96fcebed-0994-4d32-8308-4834d6bd311c_City.owl_functional.owl,17461819,3210248,20672067
approximated_013d0d66-afad-4519-b2b4-f8110430dab0_Windhoek.rdf_functional.owl,17194315,3709043,20903358
approximated_sedi.semantic-dicom-ontology.3.owl.xml_functional.owl,10242037,2371296,12613333
approximated_1b332f07-f7b6-44ce-b087-e3bd2425341e_cco.obo_functional.owl,6512820539,42759059964,49271880503
approximated_83c2db7c-3006-4fc4-9e88-5565472a219d_ll.obo.CURRENT_functional.owl,45681446,26641232,72322678
approximated_3fe8b1ab-f597-4dd5-a200-337148758d2c_on_shooter.ttl_functional.owl,14451143,3789880,18241023
approximated_3a506504-9268-42bc-8681-4d09a5d10aac_02wine.owl_functional.owl,23318112,7783844,31101956
approximated_00784.owl_functional.owl,24357218,21810896,46168114
approximated_17d4bfb2-bc52-4ca8-91da-8e135a55b154_opublic1.5.owl_functional.owl,12307298,4079586,16386884
approximated_91e4189d-c12a-449d-a500-ee94ef01e450_dcs.owl_functional.owl,19628017,10661438,30289455
approximated_00507.owl_functional.owl,27052611,52850804,79903415
approximated_d66c414e-ead4-4017-8484-796e875fd6d1_enAtmoWind.owl_functional.owl,133737597,213183130,346920727
860c3b65-b3a8-4436-b604-f4e7a3dbb3bc_NIF_Cell.obo_functional.owl,18758419,17413346,36171765
approximated_18dd1c2c-ca60-4c98-ae3c-d02e71fa9005_iced_bread.rdf_functional.owl,13244957,3751938,16996895
approximated_0664ecb0-6937-4bd8-8910-8fd0f0586bfb_orca.owl_functional.owl,21959692,17457787,39417479
chd.congenital-heart-defects-ontology.5.owl.xml_functional.owl,22125457,25597747,47723204
approximated_01162565-2898-4a4a-b70d-381dc2eba63c_Bed.rdf_functional.owl,9374147,3748803,13122950
approximated_4616fa0b-1917-4442-9385-a4e889515149_bibo.n3_functional.owl,18048046,5472878,23520924
approximated_kb-owl-syntax-unraveled-depth-2-triggers-constant-classes-relation-axioms-value-nominals.ofn_functional.owl,468926676,994789894,1463716570
approximated_9d742109-04aa-49df-ba09-f8bfe2f573ce_Weeder.rdf_functional.owl,11593923,4044861,15638784
approximated_288801de-db76-4e38-bb96-4d656112de85_hanaperson.owl_functional.owl,15239565,4585637,19825202
approximated_kb-owl-syntax-unraveled-depth-0-constant-classes-relation-axioms-value-nominals.ofn_functional.owl,185343367,382414414,567757781
approximated_833e3c92-1514-4c79-ad64-e2308999b2e8_wine.owl_functional.owl,40024031,16275883,56299914
approximated_956675cc-674f-4546-a43a-af514f2abd5c_pr.owl_functional.owl,3238511503,8533271872,11771783375
approximated_14902939-1a5a-499d-bca0-5ee9dae42ae7_stateRealm.owl_functional.owl,145638648,245725965,391364613
approximated_obsolete_RMOperators_addonsRM.owl_functional.owl,237504918,112035257,349540175
a904b474-8d21-46ee-a26e-ea4ebc775bdd_rphenotype.obo_functional.owl,1566520362,3482781558,5049301920
approximated_87a6aef1-1aa8-4209-b0d1-0a2780bca579_dtn.owl_functional.owl,20204018,7471993,27676011
3a8f019a-326c-4596-ba73-a8508e78b7b0_ChangeOntology_functional.owl,14459918,5449153,19909071
approximated_3535d05c-5a64-408e-ab7f-144cf08b4a77_nd_turbine.ttl_functional.owl,16219327,3803195,20022522
approximated_4fe154db-cb0b-4bbb-a1fd-79f8fdbb16e4_ting_table.ttl_functional.owl,13087610,3929978,17017588
approximated_9d5e914f-927e-4bb5-94b2-27ac636c287c_rlic_bread.rdf_functional.owl,9253803,3908726,13162529
approximated_4e7fa018-0efe-4eb2-93ea-56411512ac54_chemtopcore.owl_functional.owl,8904642,7998622,16903264
37a1ec5a-6257-4181-a6ac-d5fe7f132eae_m_anatomy.owl2_functional.owl,290718620,708814621,999533241
approximated_bb27d558-22d6-4149-b127-e8158c29a275_quanCount.owl_functional.owl,127925164,212194094,340119258
approximated_665e276c-cb27-4534-9e1b-ce951da76024_base_vocab.owl_functional.owl,22430093,35100122,57530215
5075fbb1-15ec-4917-a161-014f7aecd29b_ulusfamily.owl_functional.owl,444546577,1159084976,1603631553
approximated_0b7ecf35-7dc9-4c91-8db8-fd8a0580f56d_Lingcod.ttl_functional.owl,12736564,3835108,16571672
approximated_608d5788-6fd0-42a6-b325-fb3067b41615_ieontology.owl_functional.owl,18442813,6326564,24769377
approximated_6d5b4e23-f7c1-4ad1-a427-e823a95318aa_lue_Vinney.ttl_functional.owl,15810467,3949818,19760285
approximated_e15f5e3f-d55a-4f83-8b59-c3db90180451_CMOF.owl_functional.owl,13720919,10320424,24041343
approximated_b0982a1b-1453-41c7-b9ae-bd48b6619344_slim_yeast.owl_functional.owl,11700166,12650385,24350551
76f9d20a-cb2c-41bb-9db6-bc1a04411375_protlabels.obo_functional.owl,61222252,147850941,209073193
approximated_c686bbc1-9a07-4585-aafd-8b6f98e1493d_onto.rdf_functional.owl,13296595,4833223,18129818
approximated_9e0056c9-1e1f-4dba-aef0-6e87f0f02212_difcd.owl_functional.owl,18783238,2284262,21067500
approximated_65c4d7b0-cabd-4d27-88a7-509b2995ca31_al_anatomy.owl_functional.owl,54342747,105511800,159854547
approximated_bf02bcd2-a1d7-4461-b3a3-45a0d6c704af_pingdb2owl.owl_functional.owl,92589466,11850116,104439582
approximated_4413cc0a-279d-4176-836f-77116ac1d8f8_nceProfile.owl_functional.owl,16751494,8265328,25016822
c4200821-b9d1-4f86-9603-ca10baa1289f_wbphenotype.obo_functional.owl,55852382,122792653,178645035
approximated_59f141bc-4d63-42eb-afbc-8471c117f5a1_ive_system.ttl_functional.owl,10058573,4448738,14507311
approximated_1d237276-8068-4d48-b80c-dfb2431012d3_ndiesSiteA.owl_functional.owl,16119644,4361921,20481565
43312838-34dc-48a0-b88d-dce08d1b80f7_ACMCSS.rdf_functional.owl,65764918,77977141,143742059
approximated_71d4c2fd-96f8-468d-85f6-c16c11b5bdcd_Intel_4040.rdf_functional.owl,10687435,4438765,15126200
approximated_d1b92717-a72b-4982-ab17-9e9c3b0577cf_iaontology.owl_functional.owl,29257019,38674841,67931860
approximated_bd1e667b-2d9d-4537-b542-d3e0efb2e4c0_eFrequency.owl_functional.owl,147606202,278259948,425866150
approximated_926b0025-2faa-49e1-ae8b-36c57f400748_example2.0.owl_functional.owl,13965674,7496043,21461717
approximated_99dc893c-a2b3-4bf9-b97f-c52dde60a26e_ion_device.rdf_functional.owl,16790923,3807711,20598634
approximated_29e9413f-b508-4e90-96e4-b1d27fb0e077_attes_base.owl_functional.owl,11106651,9692624,20799275
approximated_5507c464-1eb0-446f-a733-7c6f37b66519_Turbot.ttl_functional.owl,11493433,3758582,15252015
approximated_9acffa11-126e-40b8-ad76-c0c279db8631_OS3.owl_functional.owl,468569840,229169224,697739064
approximated_fb54f671-9cc4-4f2d-a377-68231ceaf8f1_onto.rdf_functional.owl,21114095,7915823,29029918
approximated_5c0ac154-9608-4834-a1ef-4ff6ed6a7e90_onto.rdf_functional.owl,14616091,4826084,19442175
approximated_ac495788-7113-410b-b6d1-30536127a6d0_RDRAM.rdf_functional.owl,14824758,3793159,18617917
d352b445-b288-4e43-93ab-1b849754785f_ogy_v1.2.3.rdf_functional.owl,38498090,5948198,44446288
approximated_37239bc8-e198-4ede-8c07-6a71fdf50335_Semiformal.ttl_functional.owl,10958519,4474885,15433404
approximated_90a58027-c477-4f6e-9482-413b808dd290_gineering_tool_functional.owl,10411637,1977279,12388916
approximated_00075.owl_functional.owl,19548752,7311873,26860625
approximated_43b2a666-a003-4542-84b0-83308590a8fe_e_actuator.ttl_functional.owl,19366293,3735426,23101719
approximated_03c2f269-c038-4d4f-b30d-480d3a094630_racle_Whip.ttl_functional.owl,15488708,3727885,19216593
approximated_a9a6d712-792f-4edf-b1fc-c25a1feb466a_tePhysical.owl_functional.owl,132435646,214527411,346963057
approximated_0211b399-dc12-43f4-895f-39f58e618648_earthrealm.owl_functional.owl,65054923,102373091,167428014
00147.owl_functional.owl,14771621,771400,15543021
approximated_44ff75c3-291a-4963-9e77-dbf37dcca9a6_CogPOver1.owl_functional.owl,22811264,20949395,43760659
approximated_kb-owl-syntax-unraveled-depth-3-cardinalities-disjointness-triggers.ofn_functional.owl,626713087,1505208275,2131921362
approximated_kb-owl-syntax-unraveled-depth-2-km-relevant-cardinalities-disjointness-triggers-constant-classes-relation-axioms-value-nominals.ofn_functional.owl,693574524,1577681702,2271256226
approximated_3e28fe04-2f4e-476b-8428-0ac2ce40b74c_down_valve.ttl_functional.owl,14233515,3749562,17983077
approximated_4ae2073e-d089-4ced-b5a7-990d983d5f22_ux_raisins.ttl_functional.owl,9947750,4205179,14152929
approximated_0de2d073-55e9-48f6-a86f-9aed3aed1602_premises662_functional.owl,13411725,5874892,19286617
approximated_kb-owl-syntax-unraveled-depth-0-km-relevant-cardinalities-triggers-constant-classes-value-classes.ofn_functional.owl,157851043,401814092,559665135
approximated_d0db67c2-e5c1-4810-b6ca-b3f708f8a2ce_im_generic.owl_functional.owl,11743931,11207767,22951698
approximated_b3cf3b22-bc37-4915-b735-67d3214af03d_tegoryTutorial_functional.owl,9368113,1909587,11277700
cdb05144-2483-4adc-9332-01e2c31f4591__rel_names.obo_functional.owl,339928360,628535794,968464154
approximated_45181f01-13c5-4a87-9922-b5ade546ea05_DDR_SDRAM.ttl_functional.owl,8867324,3872988,12740312
approximated_kb-owl-syntax-unraveled-depth-1-km-relevant-cardinalities-disjointness-triggers-relation-axioms.ofn_functional.owl,667658824,1578097967,2245756791
approximated_49fe8031-0ed4-4dd2-9c1e-0aa280d8a13b_ulic_fluid.rdf_functional.owl,13202214,3963881,17166095
approximated_4c254284-5177-48aa-b191-98fb48336c00_ng_gliding.rdf_functional.owl,14745123,3731767,18476890
approximated_c6e552f0-502b-4de0-8c3d-10f43032b0cb_sudoku9c.owl_functional.owl,17176990,8260619,25437609
18777b02-f203-491b-b1eb-458281c64d58_imitive2.0.owl_functional.owl,14682257,5757654,20439911
e4beb4c3-1c4f-4151-9671-2c853dc09822_lexinfo.rdf_functional.owl,18810041,7315820,26125861
approximated_60bb01d0-bdc4-41d9-92d5-0343a5bb23dc_eanFeature.owl_functional.owl,138645446,225221718,363867164
approximated_833f9a1d-894c-4eef-9c93-4066d3004634_space.owl_functional.owl,23732827,27289215,51022042
approximated_5d7f4173-f7d1-4be7-84a9-83b04deb5a37_Chhurpi.rdf_functional.owl,17607015,3805977,21412992
approximated_94e695ba-eb4f-416d-8eb0-754a3e60d224_icusModIDs.obo_functional.owl,3281932990,7970381519,11252314509
01e6c221-0cc3-4315-9d50-aad6d8f1dc4d_MAT.obo_functional.owl,27742910,26760201,54503111
abde1edd-ee6b-4f51-b033-94200b9d8919_Mayor.owl_functional.owl,23301707,1865264,25166971
approximated_53b656f4-e4bf-4f29-bfbb-b12a4d298543_pe_cleaner.rdf_functional.owl,14435329,4219443,18654772
approximated_8b298292-0dfe-4908-90ef-1194d1a80e3a_se4_atwork.rdf_functional.owl,17551158,4162199,21713357
approximated_USDA_sr25_NF0_5.owl_functional.owl,32915425,7308020,40223445
approximated_00043.owl_functional.owl,2347980228,6957906545,9305886773
approximated_d629cab0-3d54-4e10-bcab-83019d4e0d67_DVD.ttl_functional.owl,12025248,4003377,16028625
approximated_c8c8c7d8-81be-4eb2-a645-3bf30f8f69db_spatial.obo_functional.owl,15345466,11984566,27330032
b4c54adc-1ff9-434d-9bdd-5895f0816e75_classified.owl_functional.owl,55520288,130759702,186279990
approximated_8486f4e9-f4ee-41a6-a2f6-4696cef9149b_Airship.rdf_functional.owl,16828166,3859978,20688144
approximated_4ec7a0ca-9349-4946-a802-44fe7e11027c_NIFResource.owl_functional.owl,72025951,151817194,223843145
714e5d26-f5f6-4e23-a7c9-8eadfe5ecb35_eKrankheiten_A_functional.owl,12564286,944617,13508903
approximated_6e55774d-8d2e-4535-9723-517060bfa0d4_coddata.owl_functional.owl,19082778,7472922,26555700
approximated_8609661e-fd10-44e7-8cf8-83342bd2256f_d_dressing.ttl_functional.owl,15694545,3863078,19557623
approximated_32933ead-7f37-462b-bf3c-f8d62d5cf956_dore_CBMII.rdf_functional.owl,15418745,3765131,19183876
approximated_9f14a3ce-a826-4b01-b95e-e6034e209e8e_sensordata.owl_functional.owl,22523213,7877765,30400978
approximated_146ae675-ac20-4cc1-b1cd-dc1cc1e7e8a6_citygml2.0.owl_functional.owl,8130035,8183159,16313194
approximated_00504.owl_functional.owl,20399947,33447113,53847060
approximated_4b92ea6b-57be-4411-8cb2-ff5aae2fcfb7_sequence.obo_functional.owl,58864158,118230070,177094228
approximated_1a1bba74-2d42-4184-992a-401f8b430813_Sauna.ttl_functional.owl,16526663,3691843,20218506
db609e4a-98a0-49ec-8bbd-be494fe5cb5b_t_taxonomy.obo_functional.owl,735129100,2272162431,3007291531
approximated_150056c5-9d93-469d-8385-bf23f3a2239c_anDynamics.owl_functional.owl,135648727,216317369,351966096
approximated_3184d3e0-b2b6-4b3e-877f-c4a315804cbb_Tachometer.ttl_functional.owl,12212171,3912910,16125081
383366e9-d911-407a-a795-ce94e519de12_onto.rdf_functional.owl,22943136,1916247,24859383
approximated_12c46cd1-6ba9-44a8-a751-9308d1fb2243_FIX_functional.owl,63164991,80725469,143890460
approximated_0ad2ca86-630c-4a9b-8bc1-707c428de501_zfa.owl_functional.owl,231885936,566866031,798751967
approximated_bc59726a-0642-4ced-a367-ee823ffa06af_Pen.rdf_functional.owl,12140926,4051682,16192608
approximated_020eda87-e823-4be9-a0b0-5c28c7a506ce_nci_anatomy.owl_functional.owl,99900747,266964158,366864905
a2617005-e005-41c9-8b50-970c7da1dbd1_unspsc.owl_functional.owl,971165700,1271650419,2242816119
approximated_ade6923e-503b-458c-9b2f-30818fa53486_geolMineral.owl_functional.owl,129314370,128828195,258142565
approximated_kb-owl-syntax-coreference-IDs-km-relevant-cardinalities-disjointness-constant-classes-value-classes.ofn_functional.owl,1041027895,2272824631,3313852526
de9ebc99-2b9f-49dc-b83c-bf592c287d4b_onto.rdf_functional.owl,12144469,1779170,13923639
approximated_4f5b3a9b-ef6a-41dc-9438-a318a9e1a68d_maontrev14.owl_functional.owl,11718069,4955445,16673514
approximated_kb-owl-syntax-unraveled-depth-1-km-relevant-cardinalities-disjointness-triggers-constant-classes-value-classes.ofn_functional.owl,755377603,1651047362,2406424965
approximated_5e2e45cd-8162-45cc-8fcd-46692747c971_fbbt.owl_functional.owl,476135450,1209058262,1685193712
approximated_00545.owl_functional.owl,249561042,599861923,849422965
approximated_b19a13f0-6a92-46c1-8fb5-6a88df2b532a_bal_cheese.rdf_functional.owl,16263955,3694410,19958365
approximated_49b82e4b-0bc0-49e4-8428-65a25c8b6e59_um_anatomy.owl_functional.owl,18662217,18269971,36932188
approximated_00778.owl_functional.owl,2085227277,6064530157,8149757434
approximated_be9e225c-c6b3-4239-9575-d8f40e2add1f_oTransport.owl_functional.owl,162463897,223575435,386039332
approximated_25d851c2-6673-4a69-9982-7ef6789dd22d_le_spanner.rdf_functional.owl,13444846,4161830,17606676
approximated_3ee06c0e-39d1-427e-9d58-b49143c8efd6_Middleware.rdf_functional.owl,12953467,3919549,16873016
approximated_baa19b20-0233-45cf-8ac9-a55e264326d1_Meal.rdf_functional.owl,10007386,3860091,13867477
approximated_c2e2d48c-c54b-46d5-8708-f7b61461182a_oryLiveContent_functional.owl,10738527,2149360,12887887
approximated_4881c510-be9f-48bc-b503-ce965aec73b5_00499.owl_functional.owl,228944879,689963752,918908631
epilont.epilepsy-ontology.2.owl.xml_functional.owl,10419449,7396661,17816110
approximated_ce3e70f2-cb83-4367-a8bb-55c9ac45131a_tropicalis.obo_functional.owl,1980674449,4557687008,6538361457
57eed85e-f034-4b01-8ce5-73b81ee23430_onto.owl_functional.owl,19617018,5035336,24652354
approximated_17675f8f-b31e-42af-97d5-947b119a7adf_mpus_board.ttl_functional.owl,9401290,3791808,13193098
approximated_f3700bb0-81c8-47c0-9c3f-6118ca6a5d81_Hardware.owl_functional.owl,10903019,8371509,19274528
approximated_40b196da-2c70-4a27-82fd-e6a683ee92ff_vocore1.0d.owl_functional.owl,20231922,19007347,39239269
approximated_062bbc2d-af8d-4715-b703-567e1970f793_Tilefish.ttl_functional.owl,15423693,6343224,21766917
approximated_107e9b39-0c71-4fba-83e6-06f66a40ad53_tive_waste.rdf_functional.owl,16481399,3765744,20247143
approximated_kb-owl-syntax-unraveled-depth-0-cardinalities-relation-axioms.ofn_functional.owl,139695094,363787912,503483006
approximated_3ebb074d-c6a4-40dd-8ac7-bea763b49534_elegansMOD.obo_functional.owl,5058959095,10726996393,15785955488
approximated_b4f92f63-64cf-4d40-98ee-3aa3db11de5c_Protection.owl_functional.owl,114179586,57171324,171350910
approximated_00293.owl_functional.owl,87545655,32362343,119907998
approximated_547566e9-f668-4544-acec-07bdfad22697_propBinary.owl_functional.owl,214795761,255777370,470573131
approximated_1fa63c10-447a-4d20-83cd-c62366f3be92_mergedncbi.owl_functional.owl,6598562616,16364330933,22962893549
approximated_bd8a097c-d2b9-4a47-8cc3-a497061d79a5_Voltmeter.ttl_functional.owl,26160324,6764139,32924463
9a55f313-0530-4623-98b9-31f8a04bf0bd_Politician.owl_functional.owl,23198312,3990773,27189085
approximated_1e8ec488-6385-4e59-987f-b3bc8c8b41f3_ro.owl.CURRENT_functional.owl,30422758,38797932,69220690
approximated_ec6f4491-4f4d-4648-9399-28f0417b06a5_304onto.rdf_functional.owl,23654881,8254788,31909669
approximated_00480.owl_functional.owl,30829306,45067266,75896572
approximated_0808a2d3-3879-46c1-bf0b-d5760f4172fe_ench_toast.rdf_functional.owl,11696512,3877470,15573982
approximated_00669.owl_functional.owl,199283906,475781117,675065023
approximated_amino-acid.amino-acid-ontology.2.owl.xml_functional.owl,18178025,9758425,27936450
approximated_018bd856-d44d-4f37-9efe-7a987a39072b_COSMOtop799.owl_functional.owl,374627242,603424438,978051680
approximated_1d48533a-055e-45ef-ac75-7833beffe0d7_griculture.owl_functional.owl,89979291,154270371,244249662
approximated_7fa473bb-2ce7-4f60-8fd5-4280f357a687_conut_milk.rdf_functional.owl,10246568,4036897,14283465
approximated_458f1356-946e-4868-b364-c4d7aac89bf9_ston_valve.ttl_functional.owl,8860126,3873296,12733422
approximated_661fb4b3-f118-4aad-98ab-a5552eb3c9ab_Liverwurst.rdf_functional.owl,13807525,3671664,17479189
approximated_70b9f51e-ec42-4caa-b280-eee28e5abe2b_Abike.ttl_functional.owl,14250049,4656864,18906913
11253925-8c78-4fa1-9e13-559eff977623_nnotations.owl_functional.owl,6887491410,5976834944,12864326354
approximated_34fab5c2-1d46-4e9c-b175-6e95156b1c73_onto.rdf_functional.owl,12796165,4633575,17429740
approximated_35ca8cf2-41bb-4026-82fe-b72313bb93ac_Ketchup.ttl_functional.owl,15014709,3778986,18793695
0ca85c03-017a-4a62-b47d-82d1ae7c815a_4802s1s2s3.owl_functional.owl,239274176,162628497,401902673
approximated_5bcb4c41-55dd-4b61-a4ea-27539c5b07e1_SNS_Fall04.owl_functional.owl,9678876,5664555,15343431
d59d9202-24a1-4c98-b93c-62ae8f1c4f81_p.obo.PREVIOUS_functional.owl,445575488,790441121,1236016609
approximated_bp.biopax-ontology-of-biological-pathways.1.owl.xml_functional.owl,16886971,7706654,24593625
approximated_690e9270-9190-4c64-abd2-1e1489b896c7_Dolcelatte.rdf_functional.owl,29603314,3907155,33510469
approximated_5c8768cc-dc0b-4b36-91b9-36d358debe43_GlycO_0_7.owl_functional.owl,537584021,492900101,1030484122
43a158ff-dc85-49f7-a46e-0854a81b1c14_genia.owl_functional.owl,13319610,2308307,15627917
mp.mammalian-phenotype-ontology.281.owl.xml_functional.owl,218672429,669612698,888285127
258bcc3c-ed5e-46aa-8174-36100df973ca_hpsimple.obo_functional.owl,233560770,716753853,950314623
approximated_15aab7bc-ea55-429b-8dcb-0502d813df56_classification_functional.owl,54416178,43064612,97480790
27d9b2f2-774a-420a-a9c4-5cf12c85c685_MFOEM.obo_functional.owl,17135935,11294559,28430494
1b2d4d43-16ab-46b9-8bbb-3da7cba9a414_rerelease.owl2_functional.owl,226727675,505406493,732134168
approximated_a6f90bea-8b65-4b71-9253-69700a277c88_ceDistance.owl_functional.owl,137977878,251830645,389808523
210b263a-069c-49f7-b88b-6435a43d2b89_Cricketer.owl_functional.owl,23674135,1881765,25555900
approximated_e73a4edf-f0df-4550-bf82-12e22849fbea_storage.owl_functional.owl,52854301,17953294,70807595
approximated_8f28b5ff-986a-42d8-bce1-0060678cab3e_ticipation.owl_functional.owl,33095626,21924653,55020279
caeee928-8212-42af-952d-655e727a00ef_egorieGemC3BCt_functional.owl,15853035,820753,16673788
approximated_00256.owl_functional.owl,8667051,2851603,11518654
nigo.neural-immune-gene-ontology.2.owl.xml_functional.owl,168485383,459877145,628362528
approximated_34caa7d7-04bb-4443-b597-f26cc3dce7a2_onto.rdf_functional.owl,18159443,5165794,23325237
approximated_be3f9e2c-fbaa-4fa8-8755-e8880987ae6b_dbpedia_3.7.owl_functional.owl,49546730,82853258,132399988
approximated_3df658b2-e3e3-466d-9b90-4950640bb72a_oss_BV_141.ttl_functional.owl,13444951,3874366,17319317
approximated_kb-owl-syntax-unraveled-depth-2-km-relevant-cardinalities-constant-classes-relation-axioms-value-classes.ofn_functional.owl,408168347,1059383361,1467551708
approximated_76b17bd3-d360-431c-9289-256713505ed1_phenomena.owl_functional.owl,78284053,160732497,239016550
approximated_ae74d0dd-a983-4826-8489-0dd4ce871146__component.owl_functional.owl,98215306,262823934,361039240
07b96969-c53e-4563-b6fa-496d0371de6f_nent_xp_go.obo_functional.owl,24942139,6371985,31314124
759602e5-68de-47e6-bdab-821b9d5f2b10_ryParser_hooks_functional.owl,12910197,1030684,13940881
00380.owl_functional.owl,190393883,121637756,312031639
approximated_1a5eec94-f14b-4653-a002-fd63a344e9a9_2_20091006.owl_functional.owl,98000702,201176101,299176803
7e9d6dda-62cb-4225-8153-8f4b92b9bdd8_eKrankheiten_F_functional.owl,17669619,795597,18465216
approximated_73bf026e-4b77-4c0e-a53f-0f436c68058e_Black_tie.rdf_functional.owl,18369762,3698140,22067902
40c95296-45ae-4461-b126-b4c72ea42ba4_Single.owl_functional.owl,21671281,2849095,24520376
approximated_4f3e89e4-a29d-47ae-898a-7ab2000ae329_go_xp_chebi.owl_functional.owl,128816171,291040323,419856494
a90336b2-59b4-4321-aa62-df337a1e7ac1_chebi.obo_functional.owl,2431726770,6430601443,8862328213
approximated_f8b28dca-f9b8-485b-9853-d457a26a069c_mergedtbox.owl_functional.owl,8186649313,18897768633,27084417946
apo.ascomycete-phenotype-ontology.25.owl.xml_functional.owl,19322862,14709416,34032278
approximated_dfc3bcd5-a7e4-4a35-8e9f-7a4d1c6612f8__functional.owl,27540593,21313510,48854103
approximated_1969743c-585d-40e2-933d-c3b79779e7d0_Velveeta.rdf_functional.owl,16413164,3743443,20156607
84e3ac05-2b9d-436a-b716-491ca3b4e8be_imals_TREE.owl_functional.owl,22756269,44753576,67509845
approximated_4f572e77-9bba-4120-a5da-bf068948b705_sm2gv.owl_functional.owl,12915009,3426522,16341531
approximated_5d46cfea-1413-4903-b508-71ac3260c22b_tland_Blue.ttl_functional.owl,16228068,5951690,22179758
approximated_8d095207-5d05-4c09-b060-e600ee9013c7_ntology_v9.owl_functional.owl,19436305,6586083,26022388
00cd6685-258f-4e6b-8ad9-c071710ff8bc_rex.owl_functional.owl,24998266,35930166,60928432
approximated_2d7f654e-23c9-40e5-8deb-4e35e4486897_NIFOrganism.owl_functional.owl,125688703,220687421,346376124
approximated_345a9325-41c6-402c-813f-d065f16a4127_hial_valve.ttl_functional.owl,17551668,3746131,21297799
approximated_684d9c2c-6c18-496f-a15d-51112d395561_partimento.owl_functional.owl,14192897,9470835,23663732
approximated_b9ce70fa-ed9c-4dd7-b616-7168ce50a9da_leOntology.owl_functional.owl,13379151,3456267,16835418
approximated_7ddc417d-150e-427b-a6fa-7826a4bae6d6_amo1.owl_functional.owl,9634719,5600517,15235236
approximated_4fe641af-4c48-4833-a5a3-c86cdb56a5a4_ogy_v2.2.1.rdf_functional.owl,32528420,4810118,37338538
approximated_19225851-bd88-4b53-99fe-b18e985a9dd3_n.obo.PREVIOUS_functional.owl,374500779,947158529,1321659308
approximated_00759.owl_functional.owl,176484695,455891065,632375760
c8c9ecdf-176d-4ab7-929e-fb214fa442ce_unit.owl2_functional.owl,19782964,18879674,38662638
approximated_46f1d501-0921-4b69-a53e-90d58c2715b0_asnetwork2.owl_functional.owl,16364523,12426937,28791460
approximated_5a16c550-5063-4a82-9434-947dfffb97af_MakC3B3wki.rdf_functional.owl,11661106,3863383,15524489
approximated_38420a39-0297-40e0-9e4d-38d18fa68e54_dering_gun.ttl_functional.owl,9346668,4341398,13688066
12b840f1-3551-4306-9a17-62b4f221765f_ccs.rdf_functional.owl,16718784,18370648,35089432
0b13099f-0f58-4c6e-9b97-a002fa5d93d4_wbls.owl_functional.owl,13600790,10049408,23650198
approximated_8349bd12-c0f7-4591-aa71-847e734eabac_spatial.obo_functional.owl,15713562,12594992,28308554
approximated_00696.owl_functional.owl,166139826,388210074,554349900
approximated_c819362f-1e63-48f3-b27f-dbfc515b537b_Boilie.ttl_functional.owl,16267406,3693138,19960544
approximated_2dcd0eac-1c50-4f9c-b80f-cc71ba022d72_OpenConf.owl_functional.owl,10516661,6405381,16922042
approximated_39493b69-3be5-47c1-aa9f-ea43a2296412_Alpha_21264.rdf_functional.owl,9956007,3894245,13850252
approximated_c3747451-843b-40fb-9feb-4d10d91638ea_owers5.rdf.owl_functional.owl,14088087,15803506,29891593
approximated_13b3bf54-f54a-4c39-8e5b-b6959e2a5042_Almond_Joy.rdf_functional.owl,17271744,3877301,21149045
approximated_kb-owl-syntax-unraveled-depth-4-cardinalities.ofn_functional.owl,378240775,877138057,1255378832
approximated_kb-owl-syntax-unraveled-depth-2-triggers-relation-axioms.ofn_functional.owl,387458296,981525432,1368983728
approximated_332019b1-4d6d-4780-a723-fe50077e91d2_prSciUnits.owl_functional.owl,160776901,213406101,374183002
approximated_cdd988e8-599b-4fa5-a062-b8bbb42b8fb8_ty_barrier.ttl_functional.owl,9935463,4276549,14212012
00141.owl_functional.owl,9177454,6000239,15177693
approximated_2c7d0146-30ac-46a5-9b31-e9b8e90f3044_yrightonto.owl_functional.owl,24770532,37901177,62671709
approximated_424de942-b7d8-4c54-a7ca-128fd573d9fb_ero.owl_functional.owl,89859404,206709997,296569401
353994c8-f9ad-4571-9d40-542a61426246__documentation_functional.owl,111777692,11268152,123045844
approximated_553ccccd-e115-409d-9c5e-3797f2f06102_mGeolBasin.owl_functional.owl,299512337,213431497,512943834
approximated_e6b5b12f-c643-4be7-bf76-da94893c2aaa_ng_cabinet.ttl_functional.owl,74820300,3676767,78497067
f6f4c4c3-4dac-4614-9ea0-603541240a9e_po_anatomy.obo_functional.owl,63117899,119323021,182440920
07755c88-21b7-4e1b-9117-55743e7d9690_spd.obo_functional.owl,98197185,43685698,141882883
approximated_7a3a1cfe-049b-4d20-983d-2081812eb118_academia_functional.owl,82097840,9565702,91663542
approximated_1e5351d9-efb0-413c-873f-6dc1272ae820_224onto.rdf_functional.owl,67894209,4992001,72886210
approximated_d0a3997a-5008-4708-a89c-38042dd495bf_od_shingle.rdf_functional.owl,70899372,3760156,74659528
approximated_d2b023a4-84f4-4906-a94d-3d6b6c743af7_onto.owl_functional.owl,13709925,9135200,22845125
approximated_c470ac41-a5b7-4389-b964-e618c4d72969_mGeolBasin.owl_functional.owl,186243750,258782209,445025959
approximated_0d57cca7-645f-4d1a-9a8e-d86f84f4720c_Beurre_Rose.ttl_functional.owl,89096261,3770393,92866654
approximated_00352.owl_functional.owl,78406589,168035648,246442237
f1daa98a-0c0c-4611-8088-28ef21771a7e_emapasimple.owl_functional.owl,242400098,380184263,622584361
approximated_1c8cccb4-52f4-478b-9262-fa701006c18b_D_battery.ttl_functional.owl,88643645,3992936,92636581
approximated_97ef5aed-8e4d-4dc6-a14d-47cd1919f28f_context_functional.owl,13849169,10624947,24474116
f0be42f5-c048-4674-be77-0d7bfaafee68_DO_XP_ALL.obo_functional.owl,613926238,1065603846,1679530084
a373c48f-bcd6-45e8-845f-6ca6c9f92337_reriochrom.owl_functional.owl,14435149,24664397,39099546
106f006d-0556-4729-ac2f-44167d2436a5_Congressman.owl_functional.owl,23209593,1975584,25185177
1cf51054-da0f-4186-ad5c-1f10e4e2f4da_imitive1.0.owl_functional.owl,21861824,13642691,35504515
f136da36-8ce0-43c5-a481-7c50847b0cbc_ossAnatomy.obo_functional.owl,89537139,147445239,236982378
approximated_1b8adcb6-7ece-4a76-9a7e-0c3847ff4c50_Bratwurst.ttl_functional.owl,16088854,3873982,19962836
approximated_7170dcd2-7e26-485d-841e-c814493d57a8_Ice_axe.rdf_functional.owl,13591394,3660946,17252340
approximated_55f6776f-3720-45d1-adcf-88ff1926d167_brevetti.owl_functional.owl,15653128,5012349,20665477
approximated_79259baf-350d-4f56-b7fc-04f51de8a819_Z9_Avrocar.rdf_functional.owl,14249555,3773757,18023312
approximated_6ce48d9b-d339-4808-9adc-e672ab75b33f_bom.owl_functional.owl,20175714,11098715,31274429
approximated_2fb07a83-496a-40f5-9ccf-db69de9ea05a_Actor.owl_functional.owl,17355452,10851815,28207267
approximated_68788840-887d-4bb5-87bd-95400423aa74_Clarinet.rdf_functional.owl,13474642,3874954,17349596
approximated_a02b7694-d987-4194-ae39-aa689354441c_al_anatomy.obo_functional.owl,12835431,5427515,18262946
approximated_02e7a214-561d-41a0-bda7-e169770102de_Wine_rack.ttl_functional.owl,11187165,3630437,14817602
00b86bdc-e16b-46bf-93fb-9cde6849dcc8_onto.rdf_functional.owl,14103840,1807221,15911061
a3d8b04c-e866-4efa-b462-0fe85f9b3bdb_fypo.owl_functional.owl,502146816,888010230,1390157046
approximated_8be5e4da-0fe7-4f3b-844a-09d0a3033240_uctures_RM.owl_functional.owl,17848526,10980783,28829309
approximated_edad47f6-775b-41c8-ad92-b9777a40bca7_ML_1.2Onto.owl_functional.owl,17499695,12761705,30261400
cmpo.cellular-microscopy-phenotype-ontology.11.owl.xml_functional.owl,23273806,19307429,42581235
approximated_5ffd2596-19f9-4691-be80-566c1275ae58_Drambuie.rdf_functional.owl,11279557,3666344,14945901
approximated_00548.owl_functional.owl,89665187,220587950,310253137
approximated_a0ab7dd5-7c95-4dae-8e99-0186e6f796bb_geolOceanic.owl_functional.owl,84838270,153643867,238482137
approximated_62cdf09c-bc97-4c57-9fae-a318b2aa1468_ESG1.1.owl_functional.owl,4569470,3904317,8473787
approximated_b4b3884d-6acd-4236-a09f-a0e476eae7b5_Seismicity.owl_functional.owl,136909416,245883914,382793330
approximated_f873fce7-5282-4b65-a0fe-01f1346d9363_DataObject.owl_functional.owl,5417060,6571848,11988908
approximated_605533de-0718-4cae-982e-cd271c04cf9e_esmeta_1.1.owl_functional.owl,28352212,19698901,48051113
approximated_87e3a796-cae9-4d97-87c6-390852e6c7fc_Hand_saw.rdf_functional.owl,16744090,3686639,20430729
approximated_380156fe-2871-41ac-9264-102d1867b1e7_Baked_beans.ttl_functional.owl,13119780,4069462,17189242
approximated_6349911a-d7c4-4d7d-bc18-b27e70b4518f_metadata9.owl_functional.owl,16805519,4932634,21738153
approximated_19e14cc8-e424-4523-9ebc-fba3d73b9bc4_building.rdf_functional.owl,14329830,3436143,17765973
acbea8ad-8cd3-4cd7-bc29-2fff6d73b7cd_latest.02.owl_functional.owl,2121965868,2119395924,4241361792
approximated_0a34b484-24ef-4c1e-8a65-baeabfcc8bb7_nikon.owl_functional.owl,23170465,21165721,44336186
approximated_b170558c-9e76-4d57-b0f0-9db8bc54b604_ridprotege.owl_functional.owl,30345119,39662084,70007203
approximated_01ba558b-f0ff-45a0-b3c1-f3bd40c03862_ontopic.owl_functional.owl,23996726,23349026,47345752
8585e08e-9d84-4e0f-8f3f-96e7fd09acdd_micmarkers.ttl_functional.owl,18192485,18350286,36542771
approximated_kb-owl-syntax-unraveled-depth-2-km-relevant-cardinalities-disjointness-constant-classes-value-classes.ofn_functional.owl,683261263,1603279989,2286541252
approximated_b02422f6-78f2-4f4e-abdb-760bfca6c0ce_BMX_bike.rdf_functional.owl,35491464,7159143,42650607
approximated_815afcb4-6159-4a5e-b51c-ee73bcab6336_laChemical.owl_functional.owl,153165766,238794618,391960384
approximated_3a6b53a0-2b8c-4e45-b1b5-fd3bc3a90488_complex1.0.owl_functional.owl,16047153,12552169,28599322
14ef665c-6583-4bdd-87d3-5461313ff8bc_apdvsimple.obo_functional.owl,24213522,27145071,51358593
approximated_19433c70-c6eb-4920-9ffb-34cf8bc766ca_Tart.rdf_functional.owl,10794327,4695695,15490022
approximated_9192d403-e4b4-4a77-ab24-e75b66be0e73_EV_functional.owl,23900854,48981128,72881982
71194406-1320-4a35-bae6-1a6062dec5e5_s_biology.owl2_functional.owl,21448171,27585756,49033927
b1dd6f74-e1e0-4bd6-9f76-f19b11d48f99_Amphibian.owl_functional.owl,14715621,1284631,16000252
approximated_b46ebd36-2a5c-4710-84c0-f2c061982718_onsumption.owl_functional.owl,251703611,129782333,381485944
approximated_3c7b56d7-804c-40b9-93e4-d961f486cba5_tato_bread.ttl_functional.owl,12038452,3993505,16031957
5cf27563-c33a-4df3-93f4-dff22f46ae47__rerioexpr.obo_functional.owl,2180190051,4546684941,6726874992
approximated_11e8d044-d5dd-4c4d-ae57-3bf56391115d_Intel_4004.rdf_functional.owl,24446710,7702822,32149532
approximated_1e95fdde-6d7e-4b71-9553-e3c0d1a14419_Epoxy.rdf_functional.owl,10618192,3703198,14321390
approximated_bho.bleeding-history-phenotype-ontology.3.owl.xml_functional.owl,28307026,41781586,70088612
approximated_51795fd1-01a4-499e-ab77-2eb5f2dcf60f_goplus.obo_functional.owl,2294008445,6324094686,8618103131
approximated_7c0d1054-0b6c-4178-9011-6d74cf7149c6_KAoSSystem.owl_functional.owl,69220874,14277843,83498717
approximated_3ee1d65b-eae7-4045-9cb5-b5938783acf9_gy_clavius.owl_functional.owl,66191727,1886160,68077887
approximated_7a498e86-adf5-4f5b-baab-2ecf37815454__Limestone.ttl_functional.owl,11913043,3894225,15807268
approximated_0868b6f4-3b34-4e47-982a-380bdaf3fde4_onto.rdf_functional.owl,15410241,5262632,20672873
approximated_b927271c-9ff1-41b5-aa6b-63c62eca8830_trol_valve.ttl_functional.owl,68319615,3941357,72260972
approximated_9aca9470-a600-4853-b615-de337b1f9ef0_tato_salad.ttl_functional.owl,11136211,4053497,15189708
approximated_9ec1eb61-a4c4-420a-9d97-a2db97a73e96_vno_cheese.ttl_functional.owl,16410030,3796190,20206220
approximated_1259dc4d-3599-4e55-830b-bf1e4bd25084_ethodology.owl_functional.owl,229839560,206671192,436510752
approximated_5546a4ee-105f-41bb-83b5-19109774781b_conditions.owl_functional.owl,39608674,4414186,44022860
03d08800-8a69-4aa1-9857-90813d251be8_imitive1.0.owl_functional.owl,26006392,5411222,31417614
approximated_1e0f6818-9082-4dd5-a3a6-d5e505ca8fc0_Renaico.rdf_functional.owl,23347525,3704425,27051950
approximated_5e98899b-f5a8-4691-a51e-72f0eeb3d078_Fldle.ttl_functional.owl,48007158,3711891,51719049
approximated_0fd2a1c4-73ea-4387-999e-4daece859826_Aejo_cheese.rdf_functional.owl,52787533,3761949,56549482
approximated_3f355f53-a787-41d3-b850-c085db9b7ff5_agent_functional.owl,14171047,5870674,20041721
approximated_bbe7c6e3-ac93-48eb-b5f4-8554ed2f8935_itionGroup.owl_functional.owl,14730756,11176918,25907674
approximated_00163.owl_functional.owl,16500166,1480054,17980220
approximated_047a7779-e463-444f-becb-5f3555e57f4e_Tweezers.rdf_functional.owl,14436467,3646924,18083391
approximated_953f1554-28d0-4e17-9ee9-9e48e45f4e8d_Flat_spline.rdf_functional.owl,12937828,3757790,16695618
479e1fd4-e79b-42d6-9056-63f9e2e43403_condition_1.owl_functional.owl,208653105,566469213,775122318
approximated_055b9253-c488-4464-8e7d-e70ae5b38984_Elbrus_2000.ttl_functional.owl,16789511,3799012,20588523
approximated_678cf775-98d2-477a-96bb-e783ef1a60a4_a_20110128.owl_functional.owl,52003974,10252800,62256774
approximated_221e314e-e48e-49fd-959c-17cac0f907c0_lus_gallus.obo_functional.owl,2046819426,4827189917,6874009343
approximated_845501d3-ced5-474f-9281-f77d6fc3f597_pizza.owl_functional.owl,41808257,12961329,54769586
approximated_4dbce668-b8ee-4517-95ab-49a9ba332edc_Svecia.rdf_functional.owl,18856413,3917901,22774314
approximated_8c7a3449-e9dd-4048-ac18-724ec279fbd2_brevetti.owl_functional.owl,11781875,5571603,17353478
approximated_00369.owl_functional.owl,896550379,2792157630,3688708009
a691ccf1-4e49-49e9-a216-d3c92b69dc4d_mirosimple.obo_functional.owl,88322427,220226463,308548890
approximated_00008.owl_functional.owl,14205035,5392288,19597323
approximated_13a55f2a-09f5-4df9-967e-3fd255c70ef6_Spoon_lure.rdf_functional.owl,12750019,3710276,16460295
approximated_00036.owl_functional.owl,462315457,1210347663,1672663120
approximated_06525848-fecf-499a-aea7-6edd68b70d82_ng_service.rdf_functional.owl,12762935,3916276,16679211
approximated_d0451fca-adc4-451b-86db-af814e5c124d_newsall.owl_functional.owl,42096114,11178002,53274116
approximated_1959161b-9d79-474a-adc6-f9f0e575e5e3_shing_lure.ttl_functional.owl,12214510,3628945,15843455
approximated_1c6221c0-89c0-4ed7-b1ac-3724019b5fcd_LMM_L1.owl_functional.owl,19676192,18069181,37745373
approximated_cc78205d-5da0-4052-99fb-4cbd06c37468_ansuniprot.owl_functional.owl,780435908,788173984,1568609892
approximated_48bc63b8-2e25-4f60-bc93-ba653667bb6b_quality.owl_functional.owl,105039502,33925606,138965108
approximated_6d61b3b6-285e-4a41-b63e-876770ff7061_anPressure.owl_functional.owl,219319724,210250553,429570277
approximated_2252824f-1541-4b6a-84ca-18e9b781c975_rStandards.owl_functional.owl,137147504,234244635,371392139
approximated_bb5109c4-6e55-4d3f-8b0a-f50e2e901cc4_om_cabinet.rdf_functional.owl,17976172,4286376,22262548
approximated_20d66bd6-8ede-47e3-b2f7-cca4d8cfd568_EAM_Jeff.owl_functional.owl,12147486,7510754,19658240
approximated_8297b44d-ea8f-47c1-9ac5-7be445dfe365_photography.owl_functional.owl,25108460,17438629,42547089
approximated_28a0f298-efb5-428a-b851-0b98771c8bd8_Hydrometer.rdf_functional.owl,19567756,3739814,23307570
approximated_65ee265c-a807-4b66-b966-ab995ace85ab_CoAXMessage.owl_functional.owl,14855075,10817999,25673074
approximated_e4f51d20-f73e-4fdf-9625-f0cc3594b817_Event.owl_functional.owl,21423421,9967884,31391305
approximated_29ada0c8-37e0-4a68-9104-70c6ff73544f_stribution.rdf_functional.owl,11195600,3772281,14967881
0dfaad8e-e810-4a2d-bf80-c819c2d4ebd8_ntestEntry.owl_functional.owl,14265321,1014984,15280305
approximated_kb-owl-syntax-unraveled-depth-3-disjointness-triggers-constant-classes-value-classes.ofn_functional.owl,664359316,1532367168,2196726484
36c2d153-8ea8-461d-9c39-bd2d99db7d4b_component.owl2_functional.owl,97927265,260720774,358648039
approximated_5243bb26-b0bf-48ef-a3dd-e031988e0f90_tionMedium.owl_functional.owl,94860214,127299534,222159748
approximated_7cf77909-356c-40d8-b30a-1fe620378b1e_k_products.ttl_functional.owl,12419012,4196145,16615157
bsao.botryllus-schlosseri-anatomy-and-development-ontology.1.owl.xml_functional.owl,20563022,17082570,37645592
approximated_00467.owl_functional.owl,130757994,355148631,485906625
823eb7a0-ebe9-4f4d-9136-b09a61afec58_Broadcast.owl_functional.owl,11635771,780646,12416417
approximated_e5245c87-5675-4ad8-95fd-5a25077d0efc_mergedtbox.owl_functional.owl,2479925771,6185105030,8665030801
approximated_94f52f1d-6d16-48e0-a1d0-fbaa0316692c_description.owl_functional.owl,51634091,16361058,67995149
812f771a-df0a-4326-b234-1ed28b255fd3_protlabels.obo_functional.owl,19968587,23212445,43181032
approximated_ff05f15c-d786-414e-8b52-b7e453f87025_PaulFisher.rdf_functional.owl,16299119,3012199,19311318
approximated_77a7c30a-ad55-46b9-8c84-627d375529e0_Loan.rdf_functional.owl,10668909,3846305,14515214
phenx.phenx-phenotypic-terms.10.owl.xml_functional.owl,20987832,19673586,40661418
approximated_2da55e1d-402e-4124-916e-e8e4499e115c_Monel.ttl_functional.owl,9894098,3847125,13741223
0a79395c-92c6-4b9f-99f1-c25649174dac_fma.owl_functional.owl,2746781428,7094309801,9841091229
approximated_d8ec6a79-0ef2-4cd5-a0d8-c04aecc20b72__gpcr_v1.1.owl_functional.owl,25748232,49983760,75731992
01d8952e-9fe6-4df0-b521-857ac465edcb_xco.obo_functional.owl,18848712,26579720,45428432
approximated_bcb04899-b0b6-4ea2-8932-f991c5bdc426_ing_Falcon.ttl_functional.owl,16072231,3656995,19729226
approximated_574f37f1-6baf-413e-8b2c-1d41a5d1aab8_BAO_v09b553.owl_functional.owl,23396085,27762005,51158090
approximated_0936b740-898a-43a7-a73a-6425804b6ec4_Kreple.rdf_functional.owl,11862676,3791083,15653759
85b140e2-f8df-4493-bd8d-1fee20e496c2_gold2010.owl_functional.owl,33437537,24909222,58346759
approximated_ef326db9-7539-4d2e-9a97-50bfa0dd53fc_Context.owl_functional.owl,12791998,11501625,24293623
0724ea7f-e9b2-460f-b5ab-85a868f64b2d_onto.rdf_functional.owl,9433495,608997,10042492
approximated_9373b4d9-86c4-4afa-812b-83ea091c2db5_onto.rdf_functional.owl,18039837,6212168,24252005
approximated_1d4272b7-e92e-4776-9f08-892080eab941__fireplace.rdf_functional.owl,15827275,3750746,19578021
approximated_mamo.mathematical-modelling-ontology.6.owl.xml_functional.owl,14366872,6436359,20803231
approximated_6f6e69f4-9975-46c0-a1ac-52363adf4b58_senpfeffer.rdf_functional.owl,14477311,3746314,18223625
approximated_4e3664a6-dab0-44ae-ac0a-9988e830c4bf_metalexcen.owl_functional.owl,11197244,9449061,20646305
approximated_17dcbae5-9ba0-4189-88c6-fec37f7ac096_ionemodulo.owl_functional.owl,23711664,15833513,39545177
approximated_0f1ea8ca-729a-4699-84a0-60765e987c41_Vark.ttl_functional.owl,18125448,4037847,22163295
approximated_a7f87f9d-56e0-4910-ab73-8b75fbde285a_sparqlmotionlib_functional.owl,23114023,18482551,41596574
approximated_05700f04-add6-47c1-9ca9-6c6fe052ebb4_moland.owl_functional.owl,26136968,35074952,61211920
approximated_6289ba71-4f7b-43ca-8aa1-8dc9342e9688_ology_v2.2.rdf_functional.owl,17499581,4795993,22295574
approximated_41e51557-d48d-4e10-9c60-7462921f0e47_ontinental.owl_functional.owl,97413986,158244924,255658910
approximated_df296c44-7632-4935-be07-c12b1b4eedc2_exif_functional.owl,18004425,6500958,24505383
approximated_b7e3aa6f-c64c-47e5-a067-fefb7b44d718_eel_square.rdf_functional.owl,14509771,3767752,18277523
approximated_12240bc8-a0c7-48b0-8164-c905cf55c21e_ingAstrova.owl_functional.owl,94970995,11052712,106023707
approximated_7cb4a95b-a528-426b-9730-a85b326fb567_tiveocean1.owl_functional.owl,18540465,7045875,25586340
bada3181-13fd-47a1-b83e-ac028f913221_isiaeensfm.owl_functional.owl,201660464,437888554,639549018
approximated_c22cd9c2-c87d-4152-908a-728bed708054_COSMOtop761.owl_functional.owl,498456951,582495810,1080952761
approximated_89a3b507-aae8-4196-832b-44de8b745eb7_rina_skirt.ttl_functional.owl,19254203,3830016,23084219
approximated_68a84b71-a6a9-46fe-a746-131ee6e44113_nOntology.daml_functional.owl,15194174,3881019,19075193
812207c8-f9fb-4d2b-be9a-c5870f078b0c_sep.obo_functional.owl,20798239,11786685,32584924
approximated_0bf9fa83-bef0-4ea9-a308-7706780329f0_d_Approach.owl_functional.owl,52945410,51976042,104921452
approximated_4db971f7-8f8d-417b-b9c3-023152610d86_istryprimitive_functional.owl,16114034,7203636,23317670
approximated_5fad4e0b-cff1-4757-bf67-246b71754f05_bibo.xml.owl_functional.owl,14022466,5805119,19827585
approximated_b2dd222d-d5be-4625-9ded-28c0007b8f44_phenWave.owl_functional.owl,140752425,253864915,394617340
approximated_7c3ce547-ea50-4868-bd3f-f0cf4c83e342_infoFile.owl_functional.owl,32298638,30365001,62663639
approximated_kb-owl-syntax-coreference-IDs-km-relevant-cardinalities-triggers-constant-classes-relation-axioms-value-nominals.ofn_functional.owl,682842649,1643550907,2326393556
approximated_0b3b564a-2455-472e-8139-62dc793add52_realmOcean.owl_functional.owl,129104074,213077712,342181786
16b7bd3c-bd6a-476c-bcf0-b690110e5836_seasesv1.1.owl_functional.owl,14154162,11161586,25315748
62c4d22a-0335-44d9-8ac9-83e9e3dd001a_tadssimple.obo_functional.owl,33968207,49734851,83703058
approximated_498b0554-b7a2-4fac-bd67-d51865f47878_Gicle.ttl_functional.owl,17556148,4041163,21597311
196069ae-47e7-4d81-8630-3a0f827f20d6__ontology.owl2_functional.owl,127601597,352461133,480062730
approximated_cf5c14d7-7a10-4f7a-b4d1-0cb66c488c7f_GeolOrogen.owl_functional.owl,208094279,247632719,455726998
approximated_3dab6429-d89e-4f53-8005-0e8ff032fec2_circulator.ttl_functional.owl,16826897,3855024,20681921
c5d5db0f-effa-4a10-98fa-9c06285acb65_4802s1s2s2.owl_functional.owl,208951763,117212418,326164181
approximated_88f4b355-2d6d-46c9-84fb-336e8b689558_OMIT.owl_functional.owl,84305937,204036561,288342498
approximated_3dcc15cd-68f5-4dc0-93d8-3f5afafc105a_mergedtbox.owl_functional.owl,15758158361,22538876180,38297034541
approximated_qudt.quantities-units-dimensions-and-types-ontology.4.owl.xml_functional.owl,21290998,10177072,31468070
approximated_27d63b9c-2420-4ad1-80be-f48c0641f96e_ompoundIon.owl_functional.owl,64054143,126439826,190493969
approximated_2f567888-a654-4ddd-9c66-e0762b2f6d2b_MSKB_ver2.owl_functional.owl,15772159,10711265,26483424
approximated_2e7064ec-d7cc-4345-9aa0-6c70d8969dea_mAstroBody.owl_functional.owl,135278879,213254588,348533467
approximated_USDA_sr25_NF0_15.owl_functional.owl,126066024,33051129,159117153
approximated_5c8d7e83-7cc4-443d-9a9b-afea99436aff_netcdfobj.owl_functional.owl,18038512,3237603,21276115
00304.owl_functional.owl,17538653,7714965,25253618
doid.human-disease-ontology.402.owl.xml_functional.owl,162540383,380111901,542652284
approximated_15ba4ad9-d233-4871-a84a-eebdd852c818_mergedtbox.owl_functional.owl,3121305390,7800025831,10921331221
approximated_mhc.major-histocompatibility-complex-ontology.4.owl.xml_functional.owl,270694713,746437198,1017131911
approximated_15bdf655-5c4e-4c8c-8572-b34a26017623_20090220.rdf_functional.owl,29917446,12106250,42023696
00392.owl_functional.owl,58483659,15968607,74452266
approximated_d7854d6b-fd6b-40e7-b8b1-24347abcd684_hemaorg_wn.owl_functional.owl,26374546,45345553,71720099
f0851e7e-ca96-4e94-86de-b229a27fedd5_nOntology.rdfs_functional.owl,17067889,23399732,40467621
b4498ced-008c-46a1-b2f5-95c950b74dd0_e_ontology.obo_functional.owl,1564211474,4257908325,5822119799
1eb7142f-d376-4ffa-bca0-3ee5a3e0f371_se_anatomy.obo_functional.owl,93222835,197186201,290409036
approximated_89999cad-23d3-4d7d-9c46-a66ef4672a5b_relontosx.owl_functional.owl,11252499,7508918,18761417
approximated_f3da304d-bb0c-4f04-89a5-70ace0174cfc_dbpedia_3.9.owl_functional.owl,65784761,121814194,187598955
4d9b64fb-76b1-4c42-9a97-221f234475ba_symp.obo_functional.owl,22654652,41329956,63984608
approximated_44554ad1-5e09-4f62-b55e-1a566d4310a3_Sardine.rdf_functional.owl,12768025,3804411,16572436
880daabc-54f9-42e4-99b9-5170fa4a7e47_HOG.obo_functional.owl,49498132,84141123,133639255
approximated_00567.owl_functional.owl,19712230,24798241,44510471
approximated_a0609a7c-2fdc-48d9-87c9-c92060e960b4_OWL2.owl_functional.owl,14683395,9763187,24446582
912115eb-cf62-42e5-8d6c-ea560f8fae27_aria1.rdf_functional.owl,15503634,4569891,20073525
7e6dee3b-6178-4a14-aa40-b2fd7788fcc9_fyposimple.owl_functional.owl,89435405,241057086,330492491
approximated_92460c65-04be-4f00-ab2b-012e0afe0bc8_ialTop0603.owl_functional.owl,11685765,5629407,17315172
approximated_d8c99962-00dd-40f0-921b-824dc644b813_media.owl_functional.owl,35042515,36781323,71823838
d7407975-0184-4c08-bc4c-2635f72a970d_ffective_pages_functional.owl,61649985,7383397,69033382
approximated_kisao.kinetic-simulation-algorithm-ontology.16.owl.xml_functional.owl,22978326,27487204,50465530
approximated_70611545-b925-49a8-b922-cf24319a1cbc_ber_wrench.ttl_functional.owl,14336992,3729544,18066536
approximated_470d40a6-e37b-4d89-a1ee-23543c455f24_Baumkuchen.rdf_functional.owl,10604625,3623552,14228177
approximated_92c75773-5902-4340-acd6-4ceb69fcf464_.BIBiri.owl_functional.owl,12443393,6568802,19012195
approximated_fcab5152-dd98-4182-965c-efafc6425d5a_onto.rdf_functional.owl,16009735,6197210,22206945
approximated_e7b7303e-cf15-4161-b21d-7f1ae6e64bf0_IAO.owl_functional.owl,14663311,7355112,22018423
gro-cpga.cereal-plant-gross-anatomy-ontology.10.owl.xml_functional.owl,56876121,116351918,173228039
approximated_feaf1577-ec44-4912-9caa-a57a720af930_cfobj.owl_functional.owl,45488789,13328968,58817757
approximated_c81f2f29-c2f2-49ba-bdec-c5f27447c578_Profile.owl_functional.owl,13534424,7260025,20794449
70351d47-6588-4c63-9a6b-81e452ea1b36_evelopment.obo_functional.owl,16592582,11453148,28045730
123ae5bb-bd5e-46d7-8182-c8a8b9faddab_DO_XP_FMA.owl_functional.owl,95675570,39712257,135387827
approximated_kb-owl-syntax-unraveled-depth-4-km-relevant-cardinalities-disjointness-triggers-constant-classes-relation-axioms-value-classes.ofn_functional.owl,684241051,1439412418,2123653469
approximated_1ae83c60-e25b-4f30-afda-9a407d2da8e3_ra_anatomy.owl_functional.owl,50651818,98757762,149409580
approximated_30c9e925-0caf-4205-a65c-b3224458af57_eDirection.owl_functional.owl,135419825,211319484,346739309
94738639-fe1a-474b-aa43-a6e54cccfb85_lgbcl.rdfs_functional.owl,19905936,24930220,44836156
31396bca-f8e0-49cd-a1b3-765a5088c714_h_anatomy.owl2_functional.owl,242031464,516687273,758718737
07b4edf0-5daa-4233-9f6d-d25487c600e3__phenotype.obo_functional.owl,218713233,630529372,849242605
approximated_01027a8f-98c9-489b-bdb6-7422d32b4072__equipment.rdf_functional.owl,13243009,3738258,16981267
78fa8799-aa49-4285-8d99-8ce395224bb9_dublincore.owl_functional.owl,16188402,1811052,17999454
02a11281-47b3-484f-b817-e052aa0926f5_ogyProtege.owl_functional.owl,254112158,720046413,974158571
approximated_5722fcb7-91dc-4233-a0be-32c924648a39_ogyIgneous.owl_functional.owl,70351103,134169740,204520843
67f353b8-9a87-45a4-b25a-a4bdd9eadc7f_importchain.obo_functional.owl,16500919,7510812,24011731
approximated_4c6b2392-e296-4b33-abef-b2a079261fa3_Sablefish.rdf_functional.owl,13307151,3843972,17151123
approximated_00374.owl_functional.owl,747890776,2020325250,2768216026
approximated_4bb9bb92-0f3b-405d-afde-f91888164cd4_Wrench.rdf_functional.owl,11946815,4081537,16028352
approximated_44fd945d-8f69-4f40-96af-85b7bc2b6354_univbenchdl.owl_functional.owl,15059511,4908641,19968152
approximated_3635066d-c5bc-4dd1-881d-4e31d3cda467_Ice_screw.ttl_functional.owl,13288955,3723087,17012042
51ebfcf0-01e2-4f59-9827-28435007dc6b_egenechrom.obo_functional.owl,204931520,398640472,603571992
approximated_b9e2b0af-38c5-4837-9a5d-8b848b725636_PaulFisher.rdf_functional.owl,15236424,2976027,18212451
approximated_4d9c7a74-5c64-4f43-8bdc-28cc2297b7d0_shire_Blue.rdf_functional.owl,10263336,4101573,14364909
approximated_ce433e58-d622-48c4-a8fa-7c9a761fb2b6_llaricerca.owl_functional.owl,19470441,8315372,27785813
approximated_491962f8-5cd0-4baa-aa0d-92acaf4682f4_Lion.rdf_functional.owl,12148829,3666142,15814971
approximated_3747b5ae-e4fd-4f61-9591-a0efc27f5fc4_Havarti.rdf_functional.owl,8035638,3667555,11703193
approximated_a837097e-a63e-4dc9-bb5b-b427b6618fe5_ecrm_091125.owl_functional.owl,21816480,20721341,42537821
approximated_333aa4d1-04df-4ca2-9eab-90981420daea_Hendl.ttl_functional.owl,18512917,3765281,22278198
c127423b-6e69-4238-a5d6-2548477c30f0_sep.obo_functional.owl,19031087,12456913,31488000
approximated_kb-owl-syntax-unraveled-depth-2-cardinalities-triggers-constant-classes-relation-axioms-value-classes.ofn_functional.owl,426486585,1096352254,1522838839
8a06d51a-66b5-44a8-9840-3acce8258ddc_pathology.owl2_functional.owl,28194328,32632895,60827223
approximated_09bdd70e-ae4b-40c7-b528-14d505e5599e_nFramework.owl_functional.owl,14064254,13154558,27218812
approximated_kb-owl-syntax-coreference-IDs-constant-classes-value-classes.ofn_functional.owl,731925873,1738561128,2470487001
approximated_09fa2c47-5186-4ad9-9e01-3e54813a30c5_PaulFisher.rdf_functional.owl,18908003,3018761,21926764
approximated_180c9443-ca87-42af-8112-cc7074a32e68_Cello.rdf_functional.owl,14602046,3650728,18252774
approximated_25e899a2-54cf-4e20-8f1a-4f960b1b1bc1_wizpol.owl_functional.owl,20747916,27360563,48108479
approximated_4e62448b-b1ca-416f-878f-be1d71e3b2e9_iaeuniprot.owl_functional.owl,314372129,539648035,854020164
approximated_2c12ed51-4979-4434-914a-ecea1d50d0da_udy_design.owl_functional.owl,12887046,5438169,18325215
approximated_kb-owl-syntax-unraveled-depth-3-disjointness-triggers.ofn_functional.owl,589424644,1367030154,1956454798
98f19542-77d7-443a-8413-bff07e314caf_fix.owl2_functional.owl,34324547,80731499,115056046
approximated_14276bd3-1c48-4054-8a74-1dea57f96591_CoreLegal.owl_functional.owl,22212415,18980177,41192592
0da44b03-9cf2-45c0-b503-208eb7d7a15f_ehda.obo_functional.owl,297226590,497442776,794669366
approximated_99ee3762-12d0-41ac-af7d-fecd79ec178c_erred_v142.owl_functional.owl,150717616,363992169,514709785
approximated_f012a55e-20df-4173-be4d-6cc23358948e_BAO_v09b461.owl_functional.owl,16374870,26584336,42959206
approximated_cb02ebf3-4767-4ff2-a7b1-08964e53d964_y_version1.owl_functional.owl,13912465,5946928,19859393
approximated_97f2639d-b4d2-4e5d-942e-31c0a79dd0d7_gnd.rdf_functional.owl,28293772,8736991,37030763
approximated_870f182c-db05-4eeb-b0c8-8b79d367eb93_opMassFlux.owl_functional.owl,141158103,212110995,353269098
approximated_8fcc91c5-c592-437e-818a-4e308d493e22_ortho.owl_functional.owl,77162637295,1.99419E+11,2.76581E+11
approximated_c59a468d-640b-441b-94ad-7b284136cf9b_rgetAppRDF.owl_functional.owl,26920875,3144598,30065473
approximated_58e2db93-b554-495a-98fa-e419e2158c5f_properties.owl_functional.owl,18547774,2057355,20605129
approximated_f3d5a7e7-95fa-419e-abf8-ac622f8be720_dgets_v0.2.owl_functional.owl,25641081,10396229,36037310
approximated_0977b261-5fb8-4c32-abe5-8092d0fb891d_Pizza.owl_functional.owl,14275964,12789090,27065054
15142ae8-c9b2-4e1a-ac58-284d3db0504a_CIDOC1.rdf_functional.owl,21808899,5780220,27589119
approximated_c08b4c9d-3585-42e2-bb91-30b78599f825_NIFMolecule.owl_functional.owl,397810948,811395186,1209206134
0f1b5947-7487-4cc3-b616-02dbef3e78a1_t_ontology.obo_functional.owl,18597808,25166021,43763829
approximated_kb-owl-syntax-unraveled-depth-2-cardinalities-disjointness-constant-classes-value-nominals.ofn_functional.owl,870840061,1592515899,2463355960
approximated_290a7255-b23a-4718-93e7-a49c52e45929_Hirtenkse.ttl_functional.owl,15241234,3680975,18922209
approximated_kb-owl-syntax-unraveled-depth-1-cardinalities-disjointness-constant-classes-value-classes.ofn_functional.owl,752764609,1939354728,2692119337
approximated_ogg.ontology-of-genes-and-genomes.1.owl.xml_functional.owl,1306837416,3972685575,5279522991
9716dcc5-a573-4240-9ab0-496511a61a28_ype_xp_go.owl2_functional.owl,34836330,10771809,45608139
approximated_0921fca9-5ca3-4108-babc-f95f925cb398_dTransport.owl_functional.owl,289490560,242284779,531775339
approximated_chembio.systems-chemical-biology-and-chemogenomics-ontology.7.owl.xml_functional.owl,11444951,7939898,19384849
approximated_088d5b64-c164-45fd-be4d-d16447fb5d1a_M158_JASSM.ttl_functional.owl,10608361,4100536,14708897
approximated_897daaf4-d262-4f93-8609-49b186237392_cexamplegraph1_functional.owl,25085920,13666154,38752074
approximated_9a67607d-af00-4a12-8d7b-c618ba46762f_Galbanino.rdf_functional.owl,11675664,3729493,15405157
approximated_500ad4cf-2474-4b5a-a63a-dd43ac6ba610_tao.owl_functional.owl,172104987,275484443,447589430
d62e87ca-c33f-4bee-94e0-64fd7e480367_onto.owl_functional.owl,95975948,3581293,99557241
approximated_03877162-806a-4b20-9fc1-0fd93f6950b2_ethernet.owl_functional.owl,20166122,10300040,30466162
d823933b-ea1d-407d-bf5a-a6d8082d5f67_ntic_MediaWiki_functional.owl,67000490,1317911,68318401
approximated_24cc3a64-bf79-4c77-9cd6-e0a1067ef72e_Sebenza.rdf_functional.owl,16572304,3657485,20229789
approximated_01382d6d-97af-4344-9a44-09920e89107b_e_detector.ttl_functional.owl,15734468,3939314,19673782
approximated_199d7d2b-3fa3-464d-a5fe-2f279788a131__loaimport.owl_functional.owl,18652183,18591512,37243695
approximated_a9fa646c-920d-4ec5-b14d-e81246b236c1_device.owl_functional.owl,79712416,4837558,84549974
approximated_6aadbb7f-57b9-490f-8ab0-3a739ad4c20b_ermittlung1.owl_functional.owl,14947560,6970363,21917923
approximated_031430f3-abd3-4f74-9178-749c28d30107_e_in_China.ttl_functional.owl,63199221,4117771,67316992
82a8f572-d46c-43fc-9cdb-b7026647455d__phenotype.obo_functional.owl,49867213,106671936,156539149
897084f6-b914-417d-9cba-40b389c1ca4c_lanogaster.obo_functional.owl,321241232,458038941,779280173
wb-ls.c-elegans-development-vocabulary.20.owl.xml_functional.owl,19770801,9823555,29594356
approximated_86572a7b-608d-4fbd-8d42-ed056ed0ea7a_geni.owl_functional.owl,24414517,22836928,47251445
approximated_kb-owl-syntax-unraveled-depth-2-km-relevant-cardinalities-disjointness-constant-classes-value-nominals.ofn_functional.owl,696879136,1579950126,2276829262
approximated_c0ca4e3f-ff6b-4eac-882c-183788832e5f_citygml.owl_functional.owl,19705239,12416539,32121778
d042cc84-0f23-4f01-978e-656dcce463a1_KategorieLunge_functional.owl,3784780,783950,4568730
approximated_ece27dad-8196-4e9c-9146-fae380c3d7ac_ceRelation.owl_functional.owl,269331331,211014403,480345734
e9e63e95-c5a4-4656-b813-950a558fdeb9_Person.owl_functional.owl,22172926,2256545,24429471
approximated_6dbe1d8b-68fc-4da7-b2f4-88a5e345b5d0_sparqlmotion_functional.owl,12834543,9133984,21968527
approximated_163c65e9-772a-4d25-838f-2c8588490ea7_Gray_iron.ttl_functional.owl,16768468,3874516,20642984
approximated_10a66881-c9ba-45e1-bd45-2ab640dc9823_OWLIoTS.owl_functional.owl,24831003,26431409,51262412
approximated_dafd4954-0862-4e20-9df3-53c415d761c1_tologyV1.2.owl_functional.owl,19086043,10310276,29396319
approximated_7b2a7b55-d4c9-4e41-aae0-987ad6a10d24_ohistology.owl_functional.owl,22692530,14949201,37641731
approximated_76c91d46-f28c-44cd-a677-0b273d50586f_phenStar.owl_functional.owl,133340999,215487663,348828662
approximated_4040bac8-ef9e-48e7-b89d-e3749076c6f9_Coffeemaker.ttl_functional.owl,17589567,3792285,21381852
approximated_5b8bc971-902f-488b-9a2f-74e92b5fb3e9_olb.rdf_functional.owl,16781083,3973248,20754331
approximated_d04ca174-a81f-42bd-abe8-690e55d09720_GeoSkills.owl_functional.owl,207808768,53292790,261101558
89e3f9e4-9111-47fc-a077-e2e52bc7bb2c_spdsimple.owl_functional.owl,24868734,44460327,69329061
fd29bf9d-9e00-490a-8462-78d3b1f2d8ef_lanogaster.obo_functional.owl,832395758,1670600869,2502996627
approximated_809c5dce-02a2-43d7-9b6f-20c2b7b1bdd3_bspo.owl_functional.owl,54261630,17731173,71992803
approximated_e35b3542-7a59-4ca0-9e1d-b6551f86036b_Countries.owl_functional.owl,21351503,4280580,25632083
approximated_a5168694-1197-4f24-8629-7408c690e32a_timeScale.owl_functional.owl,30657733,26344939,57002672
approximated_a3524199-a6ed-4851-afef-133de308e871_egoryRDF_store_functional.owl,9341999,1810990,11152989
0439ba09-2667-4b33-993a-7db4ae2ef8b9_miro.obo_functional.owl,91789973,351124385,442914358
approximated_2e246091-77c8-4bf9-a0af-d85f05eb01b4_Bun.rdf_functional.owl,9042472,3951770,12994242
approximated_02a5c3f1-6296-4b3a-831f-9ee11260d6ce_Chemical_1.owl_functional.owl,70500458,156858476,227358934
478dd1f3-5730-47ac-9753-dfc6820209bb_fbbi.owl_functional.owl,24635442,25202748,49838190
approximated_3fe8df9e-8a9f-453c-9104-db2a524b0fa4_algraphcomplex_functional.owl,11715578,5469416,17184994
approximated_08a9cf2b-cc44-434f-8297-22eb4589bddc_unit.owl_functional.owl,9627528,4443314,14070842
approximated_be164f46-6f60-4ec6-8cae-6c0785c77da3_PaulFisher.rdf_functional.owl,8041274,3707746,11749020
approximated_kb-owl-syntax-unraveled-depth-3-constant-classes-relation-axioms-value-classes.ofn_functional.owl,380026966,964321506,1344348472
approximated_2d40c115-b191-4187-843d-ca10f52f5e54_software.owl_functional.owl,15334947,3536560,18871507
approximated_2ebadcf7-61e1-42f1-8ee0-14d254d2ec2c_dworkflows.owl_functional.owl,17813714,9274174,27087888
approximated_f0bb10fd-4c3e-46f3-9825-68e48260f421_a_20110202.owl_functional.owl,2660783571,251224315,2912007886
approximated_5eb0046d-9f53-4b80-bfc4-42a5758a136f__wavemeter.rdf_functional.owl,16705788,3887799,20593587
approximated_c7211514-7690-4940-ace8-de59b507c2a4_Alloy_steel.ttl_functional.owl,11426652,3717907,15144559
approximated_af160ab2-4d80-405c-9091-c356d60c652b_Lyre_arm.rdf_functional.owl,17228744,3784892,21013636
755a3033-7ad2-4b49-8940-db065c46b743_Bird.owl_functional.owl,21772498,3087853,24860351
approximated_4dcce784-b7c8-4820-b3d4-a5880a85fba6_19115codes.owl_functional.owl,16327208,2451527,18778735
approximated_2c6703ad-6611-434b-982d-1d8d42ebc53b_jp1.owl_functional.owl,93232419,21993254,115225673
approximated_122b0f56-a691-4faa-a448-bee86966dc68_lue_cheese.ttl_functional.owl,12473435,3704716,16178151
approximated_2ef6820c-f0d0-49fc-b5a8-3fab0d04308a_B_provider.ttl_functional.owl,4671103,3800461,8471564
approximated_16c8817b-c2cb-4f3f-bd9b-9325f558ddde_NIFBACKEND.owl_functional.owl,61408637,116092682,177501319
approximated_012a9c53-10e5-4165-be25-5ce90dec007d_cation2006.owl_functional.owl,12758551,5203677,17962228
approximated_0a010109-235e-437a-beeb-39f5ac765db0_Nut_driver.rdf_functional.owl,9230586,3926915,13157501
approximated_c61bbbf1-75c6-4f7b-a4ba-9ddbbaa3d5a7_request.owl_functional.owl,23143105,25358862,48501967
approximated_ff6dbc20-6a03-43e9-92d5-bef4455d2604_sFluidWave.owl_functional.owl,64147706,125462483,189610189
approximated_1509eb94-147a-4dca-a8d4-082c150e04db_School.ttl_functional.owl,16975320,3650634,20625954
approximated_2ff40d56-1c1a-477a-a0ed-4991fc98ab71_chemCharge.owl_functional.owl,70701506,124042985,194744491
approximated_00434.owl_functional.owl,343214773,1094994523,1438209296
approximated_727d539f-618d-4f62-aec9-d57d4c26a8d0_PaulFisher.rdf_functional.owl,16691745,4780806,21472551
ce3e7162-dfe8-4e93-bb13-ddbafa8adaa0_functions.daml_functional.owl,10628912,2919257,13548169
approximated_114cafbb-9bd1-4994-b840-41e6c945e47e_formazione.owl_functional.owl,14245650,7538693,21784343
approximated_df94b152-dc0b-4f2a-934a-f8740c885279_a_completa.owl_functional.owl,42688230,12859334,55547564
approximated_58eb3156-d6a5-454d-bdc4-90451e9f740f_HP_functional.owl,226189997,688738521,914928518
approximated_113b7eb8-f027-4dae-811f-c8a7d029e881_h_database.ttl_functional.owl,21453498,6858385,28311883
5330f1b1-49aa-4842-a96b-7ac1ab101cd2_mged.obo_functional.owl,24984429,35353324,60337753
approximated_1d28d07d-d1f9-4e1a-9afb-1bb8062ed242_model.owl_functional.owl,20282153,15954430,36236583
approximated_bdaabf5c-b134-4d1b-a13a-138f936d24f3_l_analysis.rdf_functional.owl,20974917,3849542,24824459
approximated_458bdc8f-c305-425b-842d-7fd14486d7aa_noid_valve.ttl_functional.owl,15122194,3748003,18870197
f0912635-b51b-4fd3-8785-d15c2e6e9504_iensentrez.owl_functional.owl,855466437,496876228,1352342665
approximated_rnao.rna-ontology.2.owl.xml_functional.owl,59880877,17552476,77433353
approximated_03b67145-ab35-4049-adab-2a3828d52fbe_russlink.rdf_functional.owl,99059872,65921590,164981462
approximated_3850f80a-099f-4774-9da2-cb506ab1ac65_Kumquat.rdf_functional.owl,12663817,3807163,16470980
approximated_1b5908bd-2bf0-456f-9b61-1b877f7a3e4a_Robiola.rdf_functional.owl,16138665,3733311,19871976
3b4c5ef9-f33e-4649-b4ca-cfffad81baf7_ssimplegaf.obo_functional.owl,6916631057,13336833123,20253464180
approximated_e79dc4da-e2a8-4bb8-84ee-18db84d6d73a_ionsubject.owl_functional.owl,32859777,30831442,63691219
approximated_fc33a216-3e15-459f-a7bf-8dcc5ecf3484_spergillus.owl_functional.owl,10974774,5974983,16949757
5a7695d2-98d8-4b9e-86b7-68b838b2a6f6_image.owl2_functional.owl,17288131,23775804,41063935
1ccae797-8b90-4f8d-a03b-326a7906e885_leInferred.owl_functional.owl,16467392,16941053,33408445
2b8224b9-d12b-484b-b8b3-d989d88d8c0c_rieGrundstoffe_functional.owl,29434176,2187821,31621997
approximated_0042fff2-8249-44c1-bad9-f8b4da5a1a66_personale.owl_functional.owl,18005948,10750478,28756426
approximated_0c0e9b01-ae5e-472d-a938-746f51dc60cd_Scallop.rdf_functional.owl,9170497,4422591,13593088
approximated_76bc6b5c-b9a0-40b7-8221-9a777ef0bf89_ing_pliers.rdf_functional.owl,14842514,5466634,20309148
approximated_bba8cd93-0083-4431-9737-98d12d84c800_eDirection.owl_functional.owl,138273402,254075612,392349014
df2970f3-8e1a-4182-9775-057c96570338_CategoryCountry_functional.owl,11614848,998984,12613832
92ea790d-c908-4350-a2fe-d58d8a3c088d_mp.obo_functional.owl,217367339,632951379,850318718
approximated_7e02f863-8a23-4dd8-ac85-5baa774b25af_lity_knife.ttl_functional.owl,10408412,4032817,14441229
approximated_kb-owl-syntax-unraveled-depth-4-cardinalities-disjointness.ofn_functional.owl,682585865,1372345282,2054931147
approximated_ff8ec63d-1da1-4022-aad5-5a1e92a24999_storage.rdf_functional.owl,20628301,8791366,29419667
approximated_de2f7c8a-a9ac-458c-9a1c-2c9cfdfc3cac_s_thaliana.obo_functional.owl,3336277988,7372070907,10708348895
c3b1b94a-3601-49c2-a175-dc1eeb913ebf_latest.03.owl_functional.owl,2277915357,1768125020,4046040377
approximated_8ee94cb6-729f-4050-a5ed-59578b5106b5__converter.ttl_functional.owl,16961605,3825822,20787427
approximated_c4dae3c7-5a35-4603-b7ef-646c3181f306_provoinverses_functional.owl,13639218,3807208,17446426
approximated_6e7129af-07be-41f0-bcfd-ec9dd93460c5_MO_ERP_new.owl_functional.owl,21918494,9346110,31264604
efcf6587-77cb-4ab3-ab56-4d4c7e706302_hp.obo_functional.owl,240143355,720765489,960908844
approximated_437a1b00-2d4e-4b8d-b2ca-5f74a1036506_ass_cutter.rdf_functional.owl,14033979,3691292,17725271
approximated_ce7c8916-41cc-4827-94ad-1428c2a51491_ower_water.rdf_functional.owl,15335648,3919313,19254961
approximated_e2b20a0a-5a30-41dd-9733-79bc0fddcc92_onto.rdf_functional.owl,11712111,4839748,16551859
approximated_cfa9a92c-adb7-44c3-8d8d-29245d19a959_space.owl_functional.owl,22129420,3311558,25440978
17523409-18c0-477c-95ce-32b9bd0b9952_emoprotege.owl_functional.owl,9277290,6997076,16274366
approximated_48013d28-a1ac-47d2-891e-d49bdaeb7f50_Blow_torch.rdf_functional.owl,9792451,3783729,13576180
approximated_e6320d46-8afd-4f15-92a6-42e27ae033ba_onto.rdf_functional.owl,13623346,7168573,20791919
approximated_42ad0166-13e1-4565-9a9a-a4dda8d1b8e7_Content.owl_functional.owl,11440395,4598410,16038805
approximated_703bdc67-f5b4-4919-afd5-9cf83ff7aaf3_Web_crawler.rdf_functional.owl,11815240,4568126,16383366
vt.vertebrate-trait-ontology.42.owl.xml_functional.owl,71863367,192871548,264734915
approximated_fecfdd7d-07ef-4e89-8fdf-06c9a201943b_image.owl_functional.owl,23751765,31759294,55511059
approximated_5ab4b86c-cddb-4399-a13b-77d87b81af9b_DP1.31.owl_functional.owl,21341726,3896797,25238523
approximated_803ef238-90fa-4b06-9434-6f78f4bf5ef1_Amiga_600.ttl_functional.owl,17629835,3758037,21387872
approximated_36f1fcfc-2024-4c9e-8631-2e5a29e32509_stateFluid.owl_functional.owl,159410481,206809026,366219507
approximated_28536036-7637-4ac4-b41d-0d1bee8b30cf_Lassi.rdf_functional.owl,18482219,3700129,22182348
4f1e67ec-7491-4341-809f-84d8142b47e2_rgenechrom.owl_functional.owl,431165690,861355931,1292521621
approximated_1d60df36-f961-4073-a079-f1992c15c535_ygiene_kit.ttl_functional.owl,13001924,3976913,16978837
f4342413-f689-4370-a8c3-b311414c326b_DOIDBridge.owl_functional.owl,17004374,2605357,19609731
approximated_09cfd03b-cee0-4835-917c-fec73108d98d_ferred_v81.owl_functional.owl,39123020,70160659,109283679
approximated_d4836930-2ee5-4c40-a22f-2d7336057696_d_aircraft.ttl_functional.owl,11404285,4440973,15845258
approximated_eb734511-a7f4-4d75-9e9a-1b598322f8ef_psims.owl_functional.owl,44489882,110832067,155321949
9eb21fa2-1371-48a9-91d2-bcc48c3a012f_EbGdrcN5Y29ycA_functional.owl,33558879,39266718,72825597
approximated_790c7556-c182-44cf-adeb-2b9c1566f04f_King_crab.ttl_functional.owl,11755657,3778866,15534523
approximated_56403718-b3c2-446e-b242-bee5e58d4d8f_physFluid.owl_functional.owl,75136201,126465919,201602120
approximated_b39e25fe-54ae-4c15-83d6-7f38b23b46b1_olResource.owl_functional.owl,72542526,132845670,205388196
cbf64c86-43ed-4476-8bb3-10574675648b_openGalen.owl_functional.owl,384378730,927861835,1312240565
approximated_488f6e23-099a-4124-a4cf-5cd26ee588cb_Commode.rdf_functional.owl,16482494,3837544,20320038
approximated_ed416836-6e4c-44d7-94c5-e129f6bd2f16_onto.rdf_functional.owl,13880460,4984168,18864628
approximated_5bb29923-bb78-4e19-9622-8acb54ea8d75_atmoPrecip.owl_functional.owl,102575366,208399410,310974776
approximated_0d670443-2695-48fb-a5a2-2eb03ef9bc82_al_arm_saw.rdf_functional.owl,14652123,3808989,18461112
approximated_d96adbf5-07f6-48a5-b5b1-a582739c42fb_nt_xp_self.owl_functional.owl,29519893,43477747,72997640
approximated_3b3e8842-bf02-42ed-8a14-07f9ccbf002b_Nachos.rdf_functional.owl,13361678,3926709,17288387
approximated_91abe852-9120-475f-aae9-86a5054e5d32_realmGeol.owl_functional.owl,145643084,250736661,396379745
a6d42df3-87f3-48cf-8efd-17ed49a8f086_pennsyntax.owl_functional.owl,17138078,5079267,22217345
approximated_44235d79-7b49-43e2-b4fb-d79f1ec9a4c4_Halterneck.rdf_functional.owl,14471185,3732168,18203353
approximated_kb-owl-syntax-unraveled-depth-1-constant-classes-relation-axioms-value-classes.ofn_functional.owl,474846034,1130746780,1605592814
approximated_6ea137d4-8579-48a5-87df-5e5f9bc64f70_uniprotpro.owl_functional.owl,1331111945,3494478077,4825590022
d5b666e8-d390-41ae-9094-3558368dd3b5_s_xp_self.owl2_functional.owl,65066911,10951678,76018589
approximated_19c1897e-ed48-430e-bf23-81b6d94e6236_onto.rdf_functional.owl,21502248,6540041,28042289
47936ed7-1b2d-41a3-9463-43a7ca0b75e2_SBO_OWL.owl_functional.owl,12580402,32190307,44770709
f23e4793-ead3-4f38-951d-1c12c63d5572__taxonomy.owl2_functional.owl,125749150,350408349,476157499
approximated_22d48585-2494-4d0c-bed7-2b5ef5e25a82_eThesaurus.owl_functional.owl,1839709639,3653982229,5493691868
approximated_00665.owl_functional.owl,72800878,156741376,229542254
approximated_85df151d-10dc-4c89-8bbf-43b9c39080b0_SBO_functional.owl,16772518,31547512,48320030
approximated_4b51f110-0974-499d-b762-89635edfaa93_opFunction.owl_functional.owl,142256524,218178031,360434555
approximated_182d1c6b-5ded-4b8c-bef8-e9d8e77ab29f_ceCategory.owl_functional.owl,16204526,6802279,23006805
169fb41f-11ed-42c1-a889-28639b914711_asfa.owl_functional.owl,174061322,365198446,539259768
approximated_1c7145f4-3b5e-4af0-810d-93306c33c50d_Girder.ttl_functional.owl,60610114,3824779,64434893
approximated_ba0bf118-9ed2-4850-8fcf-ac4ab6ca6af7_rStandards.owl_functional.owl,282991777,249766499,532758276
approximated_82b53d2a-5b5e-446a-85d9-5bb5ee8a453e_spaceObject.owl_functional.owl,86183715,24043323,110227038
approximated_ff8c08ad-6564-4c7f-8cdf-4c3098c4419d_ddinomesh.owl_functional.owl,139513775,108745466,248259241
19a3ce61-419f-4cfd-b0ed-c057886d4221_pato.owl_functional.owl,127018715,102375032,229393747
approximated_1d8abfe4-8f68-4db8-946b-4c613cde1729_dzongkha.owl_functional.owl,35647487,3453329,39100816
approximated_00335.owl_functional.owl,15696991,6202158,21899149
approximated_00484.owl_functional.owl,2765755731,7877353070,10643108801
approximated_2618a56f-7c03-4db1-97b1-7612e5ad5d7a_q_missaire.rdf_functional.owl,21970139,5078398,27048537
approximated_kb-owl-syntax-coreference-IDs-disjointness-triggers-relation-axioms.ofn_functional.owl,834100325,2184163665,3018263990
approximated_2f910e21-47ac-4e2e-98e2-53f965e736c8_onto.rdf_functional.owl,14963383,4682924,19646307
approximated_e8db2b6b-ad21-43e1-a6c5-f0b5513e95b3_classified.owl_functional.owl,71709681,153606149,225315830
approximated_0a276b5a-0c2e-41a7-9989-2ecdf2dd89f8_Stayclip.rdf_functional.owl,87124434,3674609,90799043
approximated_20cdb3f3-6c03-41d9-87e9-9fcca0b4b2f3_Korovai.ttl_functional.owl,24222396,3999645,28222041
approximated_c9222203-ac5e-444a-8bd6-6899bfc7afb2_ning_valve.ttl_functional.owl,15056424,3756213,18812637
approximated_d9c28c57-f925-497d-a7d4-8f0b5a217a37_nica_ideal.owl_functional.owl,49243987,9898749,59142736
approximated_c86b1ea1-ad8f-4c49-86ab-30000b3a6695_alogEntity.owl_functional.owl,128004509,10771094,138775603
approximated_1a31515c-337b-4308-9674-fcf854f78cc9_mecv.owl_functional.owl,165470131,10415069,175885200
approximated_850dca5d-410e-4348-8c5b-6865d040f843_Plug_valve.rdf_functional.owl,99250149,3789329,103039478
approximated_6a6619e0-4b49-41c1-b75c-f1e46a724027_Smartphone.owl_functional.owl,52486592,11900611,64387203
approximated_05d361d1-c8a5-4e56-a0c4-a64f679dab29_tance_edit.owl_functional.owl,43484328,46804570,90288898
approximated_04e6da07-8e3d-4e83-905b-d19593febb07_envoedit.obo_functional.owl,61212596,117988098,179200694
0d4edf18-3644-4355-8c8a-26ea5b49780f_gy.obo.CURRENT_functional.owl,71727947,178664257,250392204
approximated_0ad107d2-d5ee-432b-9778-f201de1608d9_artecontemp.owl_functional.owl,18601031,9768268,28369299
approximated_d105911d-4e72-45e2-8c71-7cb828f74084_WLSMapping.owl_functional.owl,19980322,22551552,42531874
a42d7d79-7576-4d20-b4df-b4f0ca847e0c__component.obo_functional.owl,94284611,252438357,346722968
approximated_de9aaa9d-efd2-45ae-9292-b4487717df80_epairBlast.owl_functional.owl,18095561,5385774,23481335
approximated_8180c6ff-bfea-402e-b62c-43140f2acb44_MP_functional.owl,186270707,587659502,773930209
approximated_3209fdfa-a07e-4824-beff-74498f2bec79_family.swrl.owl_functional.owl,11786351,3041441,14827792
approximated_26829098-540b-4b3c-a978-35cb430927af_St_Tola.ttl_functional.owl,13030266,4028096,17058362
approximated_33ac6fba-02bb-4022-9d45-7313650ae601_Doppio.ttl_functional.owl,14903579,3655774,18559353
13173a47-2d10-4698-bc13-0dcd5669f7d8_alisentrez.owl_functional.owl,314282704,233691575,547974279
approximated_b1d83313-f7d8-4085-a8ab-f4e022e47a5e_leChemical.owl_functional.owl,139253845,248830554,388084399
hugo.human-genome-organization-gene-symbols.3.owl.xml_functional.owl,712354410,1909499366,2621853776
approximated_0be756d6-1b4c-49f8-91e0-bc98305eb268_Suction_cup.rdf_functional.owl,19455262,4911820,24367082
approximated_kb-owl-syntax-unraveled-depth-3-triggers-relation-axioms.ofn_functional.owl,357244396,920291037,1277535433
approximated_940ba715-f721-4f71-9d1e-a77b50ff4a7d_a6.owl_functional.owl,14565811,3446674,18012485
approximated_4ef97c45-4756-4b13-b412-525dfac4b77b_ectralLine.owl_functional.owl,132994388,214793515,347787903
21d84c62-aa89-456f-a7bc-e524e9e63aa1_ebi_import.owl_functional.owl,459860786,694472081,1154332867
c8ef3fd7-5e6f-448d-82f7-d9e3ca31dd73_ganisation.owl_functional.owl,17238265,2619683,19857948
00026.owl_functional.owl,1667040358,2321840297,3988880655
approximated_kb-owl-syntax-unraveled-depth-4-disjointness-relation-axioms.ofn_functional.owl,574265157,1316901138,1891166295
approximated_64eb5d88-5096-4e23-8f6b-a5935686d2f9_nana_bread.rdf_functional.owl,15379430,3682019,19061449
64b9b4e9-cd95-4146-be1d-0a41a50d48de_ckeyLeague.owl_functional.owl,7620531,862772,8483303
approximated_51ccd522-7434-4c21-b0c4-f3ec9e24174e_OperOnt.owl_functional.owl,10785558,6706619,17492177
approximated_1b3b146e-696c-4cd9-81d0-bc1144a3dfa8_video_game.ttl_functional.owl,12059109,4539793,16598902
approximated_36a59783-abda-4bc8-806e-997fd8c591f4_Machete.rdf_functional.owl,10579446,3654828,14234274
approximated_8c89fab3-2c10-40ff-82c4-99fc15a17de2_acdnumap.owl_functional.owl,15730716,10271357,26002073
1e91ca85-e1e5-4dd9-9bf8-5ec9b2c95223_cheeses0.1.ttl_functional.owl,23195809,4306293,27502102
approximated_3b0cc67d-c37f-4d1a-bf83-681ea96348f5_Peeps.rdf_functional.owl,4573785,3724766,8298551
e40d2f43-2d22-4acd-8e2b-33c1e6c2c7ff_classified.owl_functional.owl,236122086,726792290,962914376
approximated_101f4154-ca96-4301-99cb-4151bc204856_Mendeley.rdf_functional.owl,16850893,3728636,20579529
approximated_e50ef71f-a04c-45c8-8b69-3f2eee983fcf_Assessment.owl_functional.owl,137317450,218241550,355559000
f99cf71b-925f-4a6d-8dc0-da6e05e345af_ss_xp_cell.obo_functional.owl,54216036,19968404,74184440
approximated_ccb649cd-7033-4a68-aedf-3d77963e051b_onto.rdf_functional.owl,11252399,5214192,16466591
approximated_60e5e719-fa57-44e3-85da-43e7ba147ea3_Gouda.ttl_functional.owl,13182573,3879148,17061721
757a50ae-e1d5-4906-bc0e-004723d75042__documentation_functional.owl,9606011,1185553,10791564
63a4907c-f852-4598-98dc-e71620b6a7b1_NIFResource.owl_functional.owl,14447813,4948604,19396417
approximated_87350cbc-c69c-451e-b952-5053f1add0e7_chemtop.owl_functional.owl,17076721,9030276,26106997
b6bf1149-80c9-452f-9470-997d231045ff_contextcore.owl_functional.owl,14866151,2029397,16895548
approximated_69167976-8b4d-4b54-a183-b0075ce8c394_Lumpsucker.rdf_functional.owl,9061271,4319605,13380876
approximated_dc944d1c-2206-4d20-827b-a09044701ce3_urcesbroad.owl_functional.owl,18098832,8709068,26807900
approximated_709c0654-f47c-4f2e-ace5-47b5a7590d38_lis_recipe.owl_functional.owl,22644128,17501273,40145401
approximated_1efd9c3a-e4a1-446e-afe7-be4d4c19c009_roach_shoe.ttl_functional.owl,16920680,4103044,21023724
approximated_13c7ec69-493a-4935-badb-f956ec297da8_old_cheese.rdf_functional.owl,15829434,3960622,19790056
approximated_eb29a029-05e3-4b93-9efe-41f3c30a0390_bibo.n3_functional.owl,15239923,6928880,22168803
approximated_037340e0-233a-4c71-8f15-56f6845d97d1_Kirpi.ttl_functional.owl,12248855,3890816,16139671
06374a6b-539e-498c-999d-be0f044cece0_PropertyEditor_functional.owl,12710635,789105,13499740
approximated_7f5e5c71-ffac-434d-9a64-052ee6e33c81_Grounding.owl_functional.owl,15866296,7597253,23463549
c7581bf0-b6e9-4f6e-b168-59de9461d0ab_onto.rdf_functional.owl,20689171,2860079,23549250
approximated_68101476-986d-40e6-8f9b-2de16ad91b56_ed_annotations_functional.owl,13089769,4907193,17996962
approximated_f2a8ee0b-442b-4249-92b7-0299afc47da6_gina.owl_functional.owl,2247761157,14349731267,16597492424
approximated_0a242a00-3906-4122-95cf-ddd3704fd622_Empire.rdf_functional.owl,61706735,3912634,65619369
approximated_52806ac0-a563-48de-99bd-71bdd12919e9_TMVersion3.owl_functional.owl,15930277,6186771,22117048
approximated_fa276aa4-c617-4511-9183-89cd39b75201_Shower.rdf_functional.owl,17238429,3778093,21016522
approximated_kb-owl-syntax-unraveled-depth-1-cardinalities-triggers-relation-axioms.ofn_functional.owl,469660070,1146266702,1615926772
5b3681e9-9bba-4265-b48d-24f9e2b3a5b0_ubcellular.owl_functional.owl,29669990,21047389,50717379
approximated_e8d01929-554c-45d9-860a-de17698cc1ab_PaulFisher.rdf_functional.owl,14842540,3084784,17927324
approximated_395ecec1-18d8-49c0-974f-51d73cb682af_AstroHelio.owl_functional.owl,139582655,249623579,389206234
approximated_49cdbf6c-469c-4638-9c46-3750c972b861_ple2BpetsB.owl_functional.owl,10946709,4349617,15296326
c05ccc6e-63d6-4713-b278-a330dcef90a9__Kompetenzfeld_functional.owl,10255696,892360,11148056
d880b7d1-7574-4fe3-b704-89e601d7b0b3_onto.owl_functional.owl,13227807,7090792,20318599
approximated_18b5337c-8974-4ab8-8ffa-07c82d62046d_PaulFisher.rdf_functional.owl,14095405,3608928,17704333
approximated_8850f1bd-8df2-4362-8594-94e2ebe67bfa_MIRO_functional.owl,89447654,226883527,316331181
approximated_ddc8a05e-21d0-4efd-917b-e34a0ba6e395_crete_slab.ttl_functional.owl,76002360,3812663,79815023
approximated_00667.owl_functional.owl,53543099,90094317,143637416
approximated_11882352-d068-4132-8d98-0882d7616719_eness_crab.rdf_functional.owl,56359736,3880288,60240024
approximated_a926223c-c3ac-4205-ae5d-84746ae0bb68_leOntology.owl_functional.owl,30777898,8516798,39294696
approximated_57963ed0-9693-45da-9aa8-cc055e56aaef_ic_battery.ttl_functional.owl,61344312,3719897,65064209
approximated_559ed7a7-3d13-4c0d-9f21-570c324ff1b8_matrAerosol.owl_functional.owl,136627068,247371372,383998440
approximated_369c54df-cf92-4755-9ccc-cd823536c156_Biblioscape.ttl_functional.owl,11066451,4391146,15457597
approximated_91611942-d597-4d22-986c-cba2f27c806c_Sandpaper.ttl_functional.owl,14393426,3970029,18363455
00144.owl_functional.owl,63241121,93024792,156265913
approximated_GALEN-Heart_ALCHOI(D).owl_functional.owl,280955530,765824472,1046780002
approximated_00169.owl_functional.owl,11007550,5793913,16801463
e1f4360c-6052-4caa-a4de-4bb38321f897_gansentrez.owl_functional.owl,715884610,597097651,1312982261
approximated_3d19cfeb-c1ea-4cfe-b965-410f36a61e61_ocean.owl_functional.owl,80137927,148725763,228863690
approximated_kb-owl-syntax-unraveled-depth-3-triggers-constant-classes-value-nominals.ofn_functional.owl,376045795,919337908,1295383703
fc935568-1461-4faa-b38a-bf84968871d6_egenechrom.owl_functional.owl,207660759,404805889,612466648
dce07111-010a-450b-8c3a-2d55a8b48a21_LSCOM.owl_functional.owl,67518376,44155882,111674258
approximated_e4af8b1a-5f09-4e13-a5ca-330ae9321f48_properties.owl_functional.owl,15839130,1793603,17632733
approximated_bd043ce8-4b25-4c9d-b02b-cf4d7b6bb958_cl.owl_functional.owl,318765180,868034133,1186799313
approximated_1753aae6-30bd-45d2-831b-e23cbbd7edc2_mmon_bream.rdf_functional.owl,14196770,3771360,17968130
c97eca88-bb61-41c0-b342-157fd8591da5_nnotations.owl_functional.owl,7755116464,6361543604,14116660068
43186c17-6f69-4d5b-86a7-f1b56b7cd706_isOntology.owl_functional.owl,36726299,1938811,38665110
approximated_be94ff4f-bb0b-435b-9af1-5cba4d16757c_so.obo_functional.owl,68392594,132400249,200792843
02210f4d-8e32-412d-88aa-13494ff93163_n_anatomy.owl2_functional.owl,58341219,133041455,191382674
approximated_kb-owl-syntax-unraveled-depth-2-km-relevant-cardinalities-disjointness-triggers.ofn_functional.owl,617373973,1468523432,2085897405
approximated_00003.owl_functional.owl,675898051,1278345995,1954244046
approximated_0d42f29b-9a14-4787-b50c-3bed25c7e468_MO.owl_functional.owl,35484278,25619250,61103528
approximated_2f69a6fe-ad4a-4ee3-8bfc-8838dd6337b6_ing_tackle.ttl_functional.owl,15159144,3707660,18866804
approximated_2a07b4aa-48cf-4f24-8199-5ef20a2a2b48_ceRelation.owl_functional.owl,23420728,28204359,51625087
approximated_11e23dda-171d-41c2-83ae-70706edbeba5_ckling_pig.rdf_functional.owl,11382650,3732928,15115578
approximated_gfvo.genomic-feature-and-variation-ontology.6.owl.xml_functional.owl,15163991,4464193,19628184
approximated_5b9ab6a8-6614-4d8c-a56d-1bddb13ae30f_ombemerged.owl_functional.owl,949306492,709975889,1659282381
approximated_iao.information-artifact-ontology.2.owl.xml_functional.owl,15356983,8517276,23874259
approximated_3e3f865a-1a39-486c-99b9-edfca99c4119_ero.owl_functional.owl,88361196,225717256,314078452
approximated_kb-owl-syntax-coreference-IDs-disjointness-constant-classes-value-classes.ofn_functional.owl,863890949,2295240561,3159131510
approximated_d1a5318d-a729-4000-8c96-aadff2a1313a_npt8.rdf.owl_functional.owl,269298837,6103298,275402135
approximated_2c210718-b1ba-4b44-a6e2-47efa2cd9ec7_ryFreesoftware_functional.owl,11215610,1734902,12950512
approximated_3ee36ab6-a1d0-4e0d-b34c-f660c5b32999_CategoryStub_functional.owl,11717149,1946833,13663982
approximated_01a56ce5-e807-421e-b507-b2c2b5077f3b_table_fuse.rdf_functional.owl,11706287,3644216,15350503
approximated_9446108f-3dff-4786-bd1f-27243dd1281f__reference.ttl_functional.owl,11127381,4491636,15619017
approximated_19e0fc7e-0a87-483d-a67b-fc9a695b2770_ogy_v2.7.1.owl_functional.owl,16190805,11402731,27593536
approximated_0aaeaf1f-e1b9-4dd6-a618-bcbb13a26d66_DUL.owl_functional.owl,52891969,11463071,64355040
57c1bb12-3f58-46ad-b64a-e522bcedb174_OUbisWorld.owl_functional.owl,58539102,111678378,170217480
approximated_684db779-0ff9-4888-a728-35eecd744dec_ekaw.owl_functional.owl,10100650,5699697,15800347
0f1608a9-8578-43b2-a5e6-8036a8d41de2_OMAL_1.2.3.obo_functional.owl,69452053,163711222,233163275
pto.plant-trait-ontology.354.owl.xml_functional.owl,42532085,71253288,113785373
approximated_51532b97-ad7a-4521-bc1d-da592f3ab96f_Tawashi.ttl_functional.owl,14063539,6466677,20530216
approximated_3cc52245-c57b-4deb-be46-75b28c8215fd_Halloumi.ttl_functional.owl,10343079,3800140,14143219
337bdd72-30d0-4fae-baf4-5e37a24ee8f9_zfa.owl_functional.owl,231574882,567030010,798604892
approximated_608d3e41-ecad-447d-b9d9-9eea00ae1398__v20120920.owl_functional.owl,21808904,9589880,31398784
approximated_89cc36bd-7250-4ed2-ae9a-368eeaa694ae_onto.rdf_functional.owl,11894452,4831638,16726090
approximated_00403.owl_functional.owl,141954998,348210694,490165692
71c54eaa-b087-4f68-b9b1-90b4031f9b7b_tdm.rdf_functional.owl,17679867,1222273,18902140
approximated_131ebd63-ee85-43a3-aed7-f88164a47e60_nAtmoCloud.owl_functional.owl,134635245,213369435,348004680
approximated_caf99037-b289-4ed4-9094-169a3c3f7753_tsors2codo.owl_functional.owl,22964699,20366257,43330956
approximated_9ad25042-ecc3-4b47-9f73-22c6796f35ac_collection.owl_functional.owl,23253833,17179055,40432888
approximated_f44b237a-8be6-4976-b61e-301bf300b82a_eolOceanic.owl_functional.owl,133558438,212789736,346348174
approximated_2c985900-3b17-4a98-9680-3322aa5b6584_onMarathon.owl_functional.owl,9455602,5742886,15198488
approximated_88f8e9ef-4b4d-48c7-9b32-b5aff9d84f03_Scuba_set.rdf_functional.owl,10593273,4386710,14979983
approximated_4f6eb6dc-ae82-4a55-b7f6-ee18c69d0914_unit.owl_functional.owl,56468443,122208856,178677299
approximated_079efc1b-b4c3-4ee3-91b5-a2bb4e727c9a_DUL_v315.owl_functional.owl,15454513,10801985,26256498
approximated_17e1c81d-6bef-4cc3-b202-9720a82b2913_Goat_cheese.ttl_functional.owl,9978805,3792897,13771702
approximated_44437125-b1be-49c0-9ac5-5c399095efbd_Hotel2.owl_functional.owl,27169142,5557631,32726773
00534.owl_functional.owl,32657470,9782840,42440310
approximated_20f90afa-257c-4079-a4f5-3fa185182058_go_xp_all.obo_functional.owl,2161417735,5717958392,7879376127
10d18bde-de4a-41d7-9495-30b16e37e359_fix.obo_functional.owl,34829656,80384970,115214626
32ee4137-7b9c-4cd4-b972-6464d4c809ad_Chancellor.owl_functional.owl,13264984,884818,14149802
48c697db-fd73-4cab-9df3-7b4203712056_ceph.obo_functional.owl,28497902,36477088,64974990
approximated_3116edc4-19c5-47b7-b66e-186444d00336_propSpeed.owl_functional.owl,135256619,248123710,383380329
approximated_bbff04d4-063d-46af-acc7-009c233b7222_vocabulary.owl_functional.owl,19390367,7223627,26613994
approximated_5a7bfb60-f392-4ecc-bf72-a775bc37acb4_meOntology.owl_functional.owl,14367864,9275875,23643739
approximated_1f13ba60-f82f-4e8d-bb3f-be2db5f8b0e0_enceSystem.owl_functional.owl,145068929,220206714,365275643
approximated_19179693-9c55-42d1-8d63-0d10236fdcb2_hing_scale.ttl_functional.owl,16399752,3878372,20278124
approximated_4e4fd128-01aa-493d-9446-008904e70093_Violin.ttl_functional.owl,18556648,7773127,26329775
approximated_2b9d7e5b-8cec-4413-bcf0-e3e635d03339_meo.owl_functional.owl,66624143,142985322,209609465
approximated_8e30c16d-5339-46cf-bf4d-15d5ac32c9c2_lograviera.rdf_functional.owl,11899064,4065791,15964855
approximated_00023.owl_functional.owl,13272535,7171472,20444007
approximated_7db5474c-9b1e-4efc-95a1-1aeb1fbc9c31_Akkawi.ttl_functional.owl,12191992,3937011,16129003
41d2f9bf-47c1-4d44-a969-8a1694fe70ab_onto.rdf_functional.owl,16639553,3583171,20222724
approximated_faa65bfe-2600-4f7c-9a3c-5eeb674ce5bd_complex1.0.owl_functional.owl,28211255,22734330,50945585
approximated_kb-owl-syntax-unraveled-depth-3-km-relevant-cardinalities-triggers-constant-classes-relation-axioms-value-nominals.ofn_functional.owl,545114019,927196093,1472310112
e08af18e-cf8d-4007-be9f-15434e0cd2d2_go_imports.owl_functional.owl,50584924,92975224,143560148
approximated_496736ef-1103-442a-93a3-44b646492bee_peoplepets.rdf_functional.owl,12517135,4086648,16603783
approximated_7810d3b3-436b-4f1d-82fa-8ba6ab1d45bf_onto.rdf_functional.owl,12226935,5279343,17506278
approximated_0167270a-26a8-4679-9c53-c09519b5598a_uckLoading.owl_functional.owl,17522865,5136200,22659065
approximated_39b94cd4-8b03-460a-9a09-5c6e4e8baa7d_nfexternal.owl_functional.owl,13427726,6330259,19757985
approximated_05d8250b-35e1-4604-ac12-7a679b534f50_erminology.owl_functional.owl,19719785,26931935,46651720
f53e6262-85d4-4aac-ba1e-b3dcdccf56f3_Election.owl_functional.owl,17442306,1795883,19238189
approximated_079d009c-1b96-4889-911d-ff63dfbb10e5_ZooAnimals.owl_functional.owl,12301873,9388040,21689913
approximated_ccc9c3b5-5cfb-4d44-9ac6-9116adb240fe_eolOceanic.owl_functional.owl,139361597,247747557,387109154
ac1f0c5f-7921-4e60-8ecd-b299404092a5_Pope.owl_functional.owl,11386977,1296789,12683766
approximated_6f05fa8d-ec24-42d3-a84e-db601195dbd9_merged.obo_functional.owl,1057918216,2307399034,3365317250
approximated_51f4cede-f3f3-46af-b187-7b85d0c056f0_c_20090302.ttl_functional.owl,27517710,11442835,38960545
approximated_339facc9-5bb6-483e-9324-6148770a5b54_collInt.owl_functional.owl,14796415,8784951,23581366
approximated_a8cc637c-1d84-492a-80ed-3c55793da591_netClimate.owl_functional.owl,131023025,213440825,344463850
approximated_kb-owl-syntax-unraveled-depth-2-km-relevant-cardinalities-relation-axioms.ofn_functional.owl,390333741,994239599,1384573340
approximated_kb-owl-syntax-unraveled-depth-2-disjointness-constant-classes-relation-axioms-value-nominals.ofn_functional.owl,882486600,1538134906,2420621506
approximated_0e6a554e-f3dc-469d-beca-0ddf76b1af82_s_dressing.ttl_functional.owl,19849827,3848030,23697857
approximated_28f8d48f-cd51-4b98-82ff-2ac73819c373_Handkse.rdf_functional.owl,14986811,3654330,18641141
approximated_159d8299-0801-487e-aa8c-78c71c67c62c_rm_anatomy.owl_functional.owl,285815445,741285635,1027101080
approximated_3ced1eb5-119d-479c-b7dc-dcebda3c65c3_astertaxon.owl_functional.owl,593771889,859605726,1453377615
approximated_009d4849-2f36-4e47-9286-f06ceac6e16a_C3A4juusto.rdf_functional.owl,18051036,3835280,21886316
approximated_1fe9b1bf-e389-41b6-a71c-914b1774399e_can_cheese.ttl_functional.owl,10097659,3765309,13862968
approximated_22ed1d49-5c4e-4339-90fd-dae74b5e3382_ZN414.rdf_functional.owl,16225075,4327125,20552200
c8e1c76a-e57a-4de8-a519-0695be68c4bf_ms.obo_functional.owl,47922178,107363590,155285768
approximated_34cfa3cf-b591-4cc0-a5b0-279276b53fec_Spiced_bun.rdf_functional.owl,12696011,3948418,16644429
approximated_00566.owl_functional.owl,1839568024,2919599309,4759167333
approximated_589de780-3b5d-49b0-a5c4-2eb3fb5d0c74_Hand_truck.ttl_functional.owl,17887462,3780862,21668324
approximated_00580.owl_functional.owl,11890868,13157132,25048000
approximated_50a86205-cd06-4444-9e85-0c77f5d75715_ewasserted.owl_functional.owl,54901378750,1.6074E+11,2.15642E+11
approximated_a706d7ff-7e1f-4b81-add1-a0f0f16a0c93_Atom.n3_functional.owl,22612571,11177782,33790353
approximated_f8ab3c00-15a5-4b57-9cfb-a2de64cad7d6_tmoexternal.owl_functional.owl,11139243,5354705,16493948
approximated_ae0b2ce0-14ac-47ad-88fc-bcbf7752e3cb_realmRegion.owl_functional.owl,133207480,212005747,345213227
approximated_2b64c4bd-c6d3-4d0c-a25f-11855fb2f4f7_ionoecetes.ttl_functional.owl,12795514,4034878,16830392
approximated_3f83b1b4-2b7b-4ae2-8af0-1642475a3016_matr.owl_functional.owl,133460406,247169851,380630257
approximated_6114caab-97a3-418f-89ae-3d185551e5be__Crunchies.rdf_functional.owl,16043836,3717940,19761776
approximated_19a6776d-26fd-4697-bade-7f4384108614_astroHelio.owl_functional.owl,109327223,207112188,316439411
e364d4ce-8998-4d4c-83c4-60e91cc11b83_msc.rdf_functional.owl,132140127,289227862,421367989
approximated_48d3a122-e4e8-4f92-91ea-9950e122101b_wine_fred.owl_functional.owl,29583465,16947935,46531400
approximated_8d5b6066-18e1-40a5-81ce-b4db1fd9cbe3_rtecomunal.rdf_functional.owl,43790617,20474588,64265205
approximated_d908addf-9588-44c9-bca0-6029a6a6816a_nnectivity.rdf_functional.owl,17859977,4044274,21904251
approximated_768c781c-937c-40bb-bc13-f4611c9296bb_ntology_editor_functional.owl,10597149,1827516,12424665
approximated_00078.owl_functional.owl,32565768,30026715,62592483
8d8ac2b6-329c-43c2-a168-2902e159f452_er_anatomy.obo_functional.owl,28042218,40335823,68378041
approximated_00bbe3bb-2eed-4cb6-a804-a566cad04b73_Calcium.rdf_functional.owl,19377362,4763626,24140988
approximated_09a3797b-7e7d-48b2-95cd-cf138393db28_stateWave.owl_functional.owl,139810736,215480347,355291083
approximated_47a65c1a-1d5f-48b3-b405-249bbd83ad3b_lop_cheese.rdf_functional.owl,16733775,4162596,20896371
d179aa85-f427-43ca-9e5d-ae7be61f1b9a_bcellular2.owl_functional.owl,33970858,19835940,53806798
71dab5f1-3d0a-443b-ad91-e05995f865b6_ontology_11.owl_functional.owl,18918047,5508644,24426691
approximated_46069d79-56d9-447f-ac33-0e7259049920_thRelation.owl_functional.owl,18934054,20047628,38981682
approximated_ccon.cerrado-concepts-and-plant-community-dynamics.8.owl.xml_functional.owl,13608626,8145646,21754272
approximated_qibo.quantitative-imaging-biomarker-ontology.2.owl.xml_functional.owl,33087404,32985638,66073042
approximated_285c2343-6bae-46e7-855a-79cc44d2a941_tton_stone.ttl_functional.owl,13155843,3658363,16814206
cea731ce-8bc8-4beb-af07-67749239a7dd_a.obo.PREVIOUS_functional.owl,159969314,350871341,510840655
approximated_3ce0d217-b914-4498-bc8d-213f5a7335a8_ket_cheese.rdf_functional.owl,13510268,3926703,17436971
approximated_463e72d0-c575-404a-8554-cecc1c9c30a2_stateRole.owl_functional.owl,140504970,214868783,355373753
approximated_0993ac92-a898-4e85-9d27-f8423a0c3c5a_Broadfork.rdf_functional.owl,14456863,3730887,18187750
approximated_934d7687-972d-4f66-a250-7a3c35b969d0_SAO_v1.0.owl_functional.owl,32782664,28527828,61310492
approximated_1f41f21b-9c93-4be1-9bba-21f1103c0d32_Surimi.ttl_functional.owl,16407248,4044390,20451638
7bbb9bcb-eea6-4871-8b38-f48283959bf4_attributes.obo_functional.owl,662104627,807691687,1469796314
approximated_kb-owl-syntax-unraveled-depth-0-km-relevant-cardinalities-relation-axioms.ofn_functional.owl,218397650,366671713,585069363
34a4fc6d-f1d2-40b5-8185-922fb3b6e14b_quality.obo_functional.owl,107718718,65692360,173411078
approximated_8d944786-97ce-46ec-929a-56497609ec43_vo.owl_functional.owl,297644581,585074822,882719403
approximated_51e8e8ab-d908-4d01-9199-7bf80df665d8_vel_cheese.ttl_functional.owl,86218376,3872014,90090390
approximated_2453af47-f839-4534-95c9-09cab80870f4_esar_salad.ttl_functional.owl,16875833,3810079,20685912
approximated_kb-owl-syntax-unraveled-depth-2-cardinalities-disjointness-relation-axioms.ofn_functional.owl,842265161,1680418962,2522684123
approximated_d34b67bf-1015-41c0-937f-fa9704fdbb71_hReadiness.owl_functional.owl,148929433,227051075,375980508
approximated_2b59f092-94d9-4f72-84cd-ae6c3908ef4e_Lawn.rdf_functional.owl,12962217,3824885,16787102
approximated_335823f0-c7be-4e4d-83e7-044854873f51_am_cleaner.ttl_functional.owl,15539619,3933419,19473038
kb-owl-syntax-unraveled-depth-0-km-relevant-cardinalities.ofn_functional.owl,133377968,341206010,474583978
approximated_43dce416-4000-410f-88e5-48076a5aa21e_Red_Windsor.rdf_functional.owl,14602438,3713584,18316022
82bc4ea8-a1e3-468e-a3c7-d7bbdbd9dde5_enotype_xp.obo_functional.owl,93492399,29510704,123003103
approximated_kb-owl-syntax-unraveled-depth-2-cardinalities-triggers-relation-axioms.ofn_functional.owl,420511305,1054204348,1474715653
approximated_kb-owl-syntax-coreference-IDs-cardinalities-constant-classes-value-nominals.ofn_functional.owl,659283752,1927251313,2586535065
approximated_53db6e10-704d-45f7-a46b-40f37d87774a_Caramac.ttl_functional.owl,25371488,4938643,30310131
approximated_08967186-0227-4517-8dc3-e02be86cf1d9_geoicon.owl_functional.owl,12193091,9147433,21340524
approximated_kb-owl-syntax-unraveled-depth-0-cardinalities-triggers-constant-classes-relation-axioms-value-classes.ofn_functional.owl,153649431,409976261,563625692
approximated_0e5750a6-4b61-4b35-9936-a250190b1ad2_veillance1.owl_functional.owl,14153541,6442388,20595929
approximated_e4218950-e1ba-4c2c-b8a6-dff23a7335e4_mBiolBiome.owl_functional.owl,135687328,222631814,358319142
b6065eb3-7aa6-414b-a26b-983b4af2832c_poro.obo_functional.owl,38781844,39050034,77831878
approximated_21a23b44-5a07-4486-ae59-7b5ce9b9888c_dogont.owl_functional.owl,49572228,85964775,135537003
approximated_d9131932-f5be-4f9c-a0a2-fed212880ee3_meta.owl_functional.owl,15180843,7510256,22691099
approximated_83be9618-781f-4d12-a5bf-72c49669483a_trParticle.owl_functional.owl,141519631,248004824,389524455
343fa8fb-7658-4e0a-b820-b264f3f20d9f_onto.rdf_functional.owl,12137817,3663071,15800888
01f8e992-0d68-48cc-9f0a-d005cd56547e_s_musculus.obo_functional.owl,221369196,615035764,836404960
approximated_89c3242e-f30a-4618-b9d4-30508e291564_nco_cheese.rdf_functional.owl,16492230,3826426,20318656
approximated_8e73a0ac-0ecd-4e07-a07f-3ba60b1d9250_Broadaxe.rdf_functional.owl,11384304,3742403,15126707
approximated_2df2d29f-9a89-459d-9282-afb5869ddee7_ockIgneous.owl_functional.owl,132266483,214912953,347179436
4d404796-5d0d-4daf-9aff-4f5917fd45c2_xaosimple.owl_functional.owl,118586241,266014757,384600998
approximated_02d1f1ab-12d4-492c-adbe-81749bd668a9_Waistcoat.rdf_functional.owl,16748402,3754969,20503371
approximated_bab27588-b9a1-4ee4-8722-96c178d0f506_wa3m.owl_functional.owl,9536674,8991229,18527903
approximated_fc1dd52b-11dc-45ae-af2b-8a46f8c9144e_lSemantics.owl_functional.owl,17134363,21659319,38793682
412dafc0-b830-45c2-b46a-8b7d01850fc8_natstaged.owl2_functional.owl,254413479,536770034,791183513
68bb9632-e969-494d-b236-0d83f12edfb7__temporal.owl2_functional.owl,12786369,11449479,24235848
approximated_9484380b-b430-49f0-9ed7-b05e4831e3b8_tterfinger.rdf_functional.owl,17041027,3856212,20897239
approximated_7c0f16df-bc1a-4ce9-87a6-33a742cf7038_Supplements.owl_functional.owl,20583482,11641816,32225298
52255ee6-d98a-4181-9cf2-17092d8177bf_ysfunction.owl_functional.owl,18808387,16151748,34960135
approximated_kb-owl-syntax-unraveled-depth-1-cardinalities-disjointness.ofn_functional.owl,804022053,1588319967,2392342020
approximated_d0308acc-16de-419c-9220-1e40df59fbf8_AIXM.owl_functional.owl,59881730,69161685,129043415
approximated_48c78863-6ad1-4e7e-af55-f2ad0982fac9_relontor.owl_functional.owl,6238575,6358135,12596710
approximated_e0a3f332-4e5c-4ea5-ae38-55099f790411_Mett.rdf_functional.owl,16095245,3911981,20007226
approximated_7de6992b-7f93-44d1-8481-2af2516525bc_e_lighting.rdf_functional.owl,11173929,3855081,15029010
dfe5c631-41df-4fdb-a43b-233fd19bfc8b_classified.owl_functional.owl,49530642,90440263,139970905
76b528aa-fe0c-47cb-9268-48bb9738160e__phenotype.obo_functional.owl,17726398,14753225,32479623
approximated_9a242e94-eb5e-4b18-ab99-14ed396f859e_catchrecord.owl_functional.owl,9870841,4769440,14640281
approximated_569c0765-0c6f-4ab4-8631-595584161976_and_cement.ttl_functional.owl,9586530,4588598,14175128
approximated_86aeb726-6c13-4219-a99b-79a85770e457_mdom.owl_functional.owl,18894565,3476467,22371032
approximated_1c6550ac-7687-4107-8379-14a7f6f9c304_ition_coil.rdf_functional.owl,11877936,3806798,15684734
approximated_fca9be21-b11f-46ce-b604-7cdebf477f52_tologyV1.4.owl_functional.owl,12554317,9532401,22086718
approximated_8d8da5a7-cd8d-48c6-8fa6-43ccf49af62d_outh_joint.rdf_functional.owl,12049367,3786428,15835795
approximated_a1f4f2a7-142a-4ebb-b239-17bb9c3e35de_eThickness.owl_functional.owl,141202848,250286972,391489820
approximated_5b79f14f-8479-4f0e-b063-c2a3c3ba8c71_Person.ttl_functional.owl,12604750,3922198,16526948
e868239e-b519-42e5-807c-a017aea2e208_usequivmod.owl_functional.owl,1354480071,870259605,2224739676
approximated_6226c875-2343-443d-aa84-cdea1480d80e_nGeolFault.owl_functional.owl,133995073,214526989,348522062
approximated_3e1e3367-1af4-47e4-98ad-f6fff49f93f8_blicazioni.owl_functional.owl,10120592,6100244,16220836
e67adecd-6593-4d91-a739-772ff3d9e621_gorieNeuigkeit_functional.owl,9205901,1071176,10277077
approximated_046028ff-d37b-49a0-b2de-5f3ff9900cb8_Process.owl_functional.owl,10227677,5702364,15930041
18e00e01-fa1c-449d-9fd9-a000b1d59166_ezeichnungen_A_functional.owl,10276464,884206,11160670
b5f2b8db-51e5-4df7-bc48-db837b39f686_enotype_xp.obo_functional.owl,93117459,29341911,122459370
91ce4a05-bab4-4702-9ce6-90ad77879d5a_event.owl2_functional.owl,146519150,375576557,522095707
approximated_36788561-09ea-45c9-ad6f-aa1603d02862_kupo.owl_functional.owl,22662986,16845673,39508659
approximated_28b40351-ea37-40b3-a829-bd1f82476929_lief_valve.ttl_functional.owl,9263847,3822596,13086443
approximated_01af339b-32bc-423c-ad1f-1bbc5b3ba3da_ogy_v3.0.1.rdf_functional.owl,42833033,5216966,48049999
approximated_kb-owl-syntax-coreference-IDs-disjointness-relation-axioms.ofn_functional.owl,865696079,2327341517,3193037596
approximated_e28635e4-dbc2-41b6-84f9-9aad190674c0_music.owl_functional.owl,11737233,5796719,17533952
approximated_16bf958c-504d-4f6f-8ec6-b47df986d06e_Meatloaf.ttl_functional.owl,17321169,3718794,21039963
approximated_9303fae0-091c-4be0-8be2-123f3eff0427_andCoastal.owl_functional.owl,144042934,248795291,392838225
approximated_156fbe54-84cb-463f-ad6a-8804a729547a_esg.owl_functional.owl,46122686,9388850,55511536
approximated_1eef300e-9c6f-4cc5-878c-721a05e336ce_crime7.owl_functional.owl,16010618,9476463,25487081
d2f9f1a6-cc24-4de7-9d32-fc87e362174d_ss_xp_cell.owl_functional.owl,44606044,16943676,61549720
approximated_03f865c8-13ef-46df-b026-0f24f839c492_Odometer.rdf_functional.owl,15969623,3902095,19871718
mfo.medaka-fish-anatomy-and-development-ontology.14.owl.xml_functional.owl,144086756,258924495,403011251
approximated_02d0b7ab-64e0-4286-a487-0a85ecef7bfe_complex2.0.owl_functional.owl,34706117,70615713,105321830
approximated_81ce62cd-da00-4e74-a011-753e0293ec5b_EHR_RM.owl_functional.owl,19108148,16709367,35817515
approximated_745a67fc-5319-4a61-9de8-6fc3fadb48c7_phitomancy.rdf_functional.owl,11492014,3722505,15214519
approximated_52307994-ba16-444e-a3f3-02e9823870b0_eres061208.owl_functional.owl,28856473,21826568,50683041
approximated_c115b918-4084-4859-8eda-e2350726f1ea_cuum_truck.rdf_functional.owl,18310278,3754155,22064433
4b601286-ee1c-4cd0-b0a5-7bc39a8f14e0_ies_bridge.obo_functional.owl,348476629,706256438,1054733067
approximated_5b2d679a-10bb-4813-91ed-8370c840f618_clair_1000.rdf_functional.owl,19820490,3690847,23511337
approximated_efo.experimental-factor-ontology.116.owl.xml_functional.owl,351786310,1063161256,1414947566
approximated_801fec7b-cec3-478b-b39f-0fba4dba11e8_goldDLP.owl_functional.owl,30283995,3727249,34011244
approximated_400c9ea1-da99-4754-8f3c-42a65b9b588f_Nail_gun.rdf_functional.owl,21272276,6575018,27847294
approximated_0f3b03fa-0f9e-4d98-82e1-7d80cc159fc5_chemtop.owl_functional.owl,18390979,7850840,26241819
approximated_sio.semanticscience-integrated-ontology.49.owl.xml_functional.owl,51625070,95078730,146703800
approximated_54050196-6050-4dab-abb4-579287dd775e_anderson.owl_functional.owl,16163608,21930442,38094050
approximated_15c30823-2cd9-41d4-9970-a3370e921dd6_holarships.owl_functional.owl,16498721,5080754,21579475
c0323c98-ef24-41ca-98f9-78f382f8d82f_dwcFP.owl_functional.owl,10326869,1332235,11659104
approximated_a5f5b372-4902-4a49-80a6-51eec1c80b63_mecv.owl_functional.owl,19753757,11310765,31064522
approximated_8f47752e-d815-4be7-8c41-0ad90d280da0_PaulFisher.rdf_functional.owl,11063958,3007755,14071713
approximated_03e4e6f0-1df3-4a98-afc4-76c620ddde1f_gfo1.0.owl_functional.owl,18348962,8253203,26602165
approximated_8d6c1790-263d-410a-8b25-4790091875fc_ne_dioxide.ttl_functional.owl,13657414,4656259,18313673
approximated_c60c5dd5-0702-4e92-94e9-83bc76535999_sAnatomy_1.owl_functional.owl,57207658,99163215,156370873
ab726941-765f-4e5e-b6c9-2d51b652e841_00Ontology.owl_functional.owl,545743451,65615699,611359150
approximated_kb-owl-syntax-unraveled-depth-1-km-relevant-cardinalities-constant-classes-value-classes.ofn_functional.owl,459066457,1100103438,1559169895
approximated_18a6f5c3-8859-4737-a768-5dc72ac556d0_geMetadata.owl_functional.owl,79083108,8658226,87741334
approximated_a9c38486-0329-4d7a-bdf0-5f11def80a9f_OntoTOK.owl_functional.owl,73309408,13198017,86507425
approximated_3e0ebd26-2eb6-4506-a156-5c8f3b312a41_phenBiol.owl_functional.owl,281508874,213895882,495404756
approximated_7feb6d77-20df-4fa5-a2c0-809c1951d695_herot_cell.ttl_functional.owl,16230294,3746346,19976640
approximated_003065c1-4ed5-4b66-b012-88e11da56183_lmLandform.owl_functional.owl,141088301,215528067,356616368
approximated_0833d570-ea3c-4cae-80a0-8a4b8b9aa2b0_source_functional.owl,15429619,3049506,18479125
87da1a3d-9813-4f33-8f0d-fa57e9ee6441_calProcess.owl_functional.owl,454487247,1332892429,1787379676
approximated_682fe3ca-1c1f-4e29-8f70-290593d8f11b_partimenti.owl_functional.owl,14497014,5683830,20180844
2027e67a-a876-4cbb-bac1-3b8b992ca4cd_ObjectProperty_functional.owl,11948806,1267793,13216599
8c2d9d68-eb50-4297-b464-4505e6da5f15_IDOMAL_02c.obo_functional.owl,66748655,125458624,192207279
approximated_kb-owl-syntax-coreference-IDs-cardinalities-relation-axioms.ofn_functional.owl,818918009,1736381595,2555299604
8e137911-bc90-4486-aa39-6638b1fdb7e9_se_anatomy.obo_functional.owl,102309897,202072207,304382104
approximated_kb-owl-syntax-coreference-IDs-cardinalities-triggers-constant-classes-value-nominals.ofn_functional.owl,627465680,1788076468,2415542148
approximated_19f9f512-dc82-44e1-ad3a-2b91e38c10af_MO_spatial.owl_functional.owl,15286579,17582852,32869431
approximated_568f054b-079c-4d37-ab00-ee430d8f4874_idomain.owl_functional.owl,23402787,24590634,47993421
approximated_775c33ae-6908-4ea0-9525-be3c4e7b4539_swportal.owl_functional.owl,16959016,6031254,22990270
approximated_e21e5ac8-60e7-45bc-83e7-32bcbbaa9172_Difference.owl_functional.owl,141870004,255423585,397293589
approximated_82ab8a79-1389-4629-9cde-51f3ffabe335_Apple_cake.ttl_functional.owl,14541580,4408371,18949951
approximated_MSC_classes_demo.owl_functional.owl,4644067225,7270774116,11914841341
approximated_171ffdf6-d6ec-4c6a-956e-6a258b88008a_bbage_roll.ttl_functional.owl,119902784,6408992,126311776
approximated_0bf154b7-f284-43a6-ac05-734043ad7c08_biotopcore.owl_functional.owl,23870232,19061545,42931777
approximated_065e0397-5790-4d13-be9f-1229fbf1e723_Peach.ttl_functional.owl,15181891,3719128,18901019
approximated_426bfbfe-fda9-470c-baae-a059a2d299b1_Stojanovic.owl_functional.owl,254310287,11017453,265327740
approximated_8d3d5a61-dc60-42b0-a7b6-4770768a982d_reGradient.owl_functional.owl,136102740,245826391,381929131
approximated_511d4b72-3a30-4820-97e5-94714ea947d9_car.owl_functional.owl,28273478,7546639,35820117
approximated_f9f68e62-8138-4f91-9383-d18747aaa0ce_teruniprot.owl_functional.owl,136931425,251850895,388782320
approximated_98d5452d-21a8-4f98-8efa-298a9fb635d8_tance_edit.owl_functional.owl,45299045,46550113,91849158
approximated_d2d02c40-c4c6-41a4-8a8c-aa15d2d90de0_production.owl_functional.owl,12236890,4037922,16274812
approximated_803c37f6-25ff-472e-a7f3-ad88a9e0a08b_Bombay_duck.ttl_functional.owl,16439508,3739216,20178724
approximated_262e663c-b0ae-4f34-bfac-f63e27742d99_nch_Assist.ttl_functional.owl,13820732,3771867,17592599
approximated_96b4e110-c617-461d-b98f-b4a51527ce0a_math.owl_functional.owl,12270207,7750373,20020580
po.plant-ontology.10.owl.xml_functional.owl,70414615,135225969,205640584
approximated_2bd14e20-984c-4e50-87a3-d31301684b0d_edElements.owl_functional.owl,12723798,7224927,19948725
approximated_kb-owl-syntax-unraveled-depth-3-km-relevant-cardinalities-triggers.ofn_functional.owl,354723107,897560077,1252283184
approximated_5bacee5a-c1eb-488b-9293-296844488f6f_Crayon.ttl_functional.owl,11802921,4512723,16315644
approximated_ff8b4e70-2cf9-4a2d-9902-4b3e7ea9fa03_l_06012009.owl_functional.owl,70634299,115627314,186261613
d791b658-d37f-428a-9dd4-f3237c72847c_FRetired_1.owl_functional.owl,23239566,6112528,29352094
approximated_33433483-c768-4788-bd0b-572b9d53c361_Campari.ttl_functional.owl,13717076,3763152,17480228
approximated_813f3c76-c50e-4baa-b5aa-19baf1e707fd_tance_edit.owl_functional.owl,49422109,46973926,96396035
077c8aaf-3813-4cec-b2a4-cdf6c82366e2_inalistype.owl_functional.owl,306727728,789028056,1095755784
b3d315c4-e03d-415a-a3d1-88b13b34933d_Boxer.owl_functional.owl,17621490,2301087,19922577
approximated_8ed67e7b-ee1f-4dd1-84b8-8a53d2e12552_music_functional.owl,16244427,7670156,23914583
approximated_0a256752-1746-44cf-854f-622e3324aa4a_riouniprot.owl_functional.owl,122695980,368336066,491032046
d0483e57-a25d-426f-a632-b3841659ce72_ballPlayer.owl_functional.owl,39406169,1755515,41161684
6b8658cc-d658-4ad2-9aff-f88d39b6ce05_ehda.owl_functional.owl,292293167,519538507,811831674
approximated_00450.owl_functional.owl,66226635,146958204,213184839
approximated_43a895ef-c37e-4956-88d7-a181d7a7f828_realmCryo.owl_functional.owl,141648860,246428942,388077802
approximated_b9de91c8-1041-4ff4-ae8f-3154122d162c_cell.owl_functional.owl,32304796,75023566,107328362
99a7ea8c-0ff4-41fb-a1c5-3d3bf9b30a13_emapasimple.obo_functional.owl,197910749,357896575,555807324
approximated_69285bda-95d6-4214-9e32-667dbbfe63cb_PaulFisher.rdf_functional.owl,18190584,2951278,21141862
approximated_762f7d09-817d-4524-941e-d09dd5a0650c_srdl2.owl_functional.owl,33989696,56435140,90424836
approximated_11aac064-93bc-4cae-9057-31d9d83600e5_81216_425a.owl_functional.owl,28724680,22018583,50743263
approximated_45e89063-b842-464b-acd8-84909bb7d7fd_icusmerged.owl_functional.owl,3904319387,1382635946,5286955333
approximated_7c055441-e598-4138-ab4b-1e59e898a10f_nstability.owl_functional.owl,143264789,210341901,353606690
approximated_94069708-4fd8-477e-b4b4-c9f63647c5e1_rfoafdcmap.owl_functional.owl,9682259,4718766,14401025
approximated_629141d3-e7b6-4a22-9be4-6892918df95c_pmentupper.owl_functional.owl,1913254523,4975975701,6889230224
approximated_95bdcc01-fb52-4e49-97a6-6643014fda06_oLightning.owl_functional.owl,171052650,255851983,426904633
b4b8a29e-5bc9-423d-b7bc-e390273d22b3_nnotations.owl_functional.owl,32930219224,28711309147,61641528371
approximated_mo.microarray-and-gene-expression-data-ontology.1.owl.xml_functional.owl,39588246,26694796,66283042
approximated_9e93875e-bf17-48fc-9a26-d9d5a9d155f0_o_OMNIA_v2.owl_functional.owl,19158277,6286978,25445255
approximated_kb-owl-syntax-unraveled-depth-1-km-relevant-cardinalities-disjointness-constant-classes-relation-axioms-value-nominals.ofn_functional.owl,906517943,1644942337,2551460280
approximated_00044.owl_functional.owl,1433754129,3971084621,5404838750
approximated_93b20ab0-59d3-49ec-8dd9-e657d77bd3ba_limateZone.owl_functional.owl,150625744,249544553,400170297
approximated_kb-owl-syntax-unraveled-depth-2-km-relevant-cardinalities-constant-classes-value-nominals.ofn_functional.owl,413876861,1008776812,1422653673
fd97d9e7-cb1b-431c-976a-61a92b4a2fe4_brenda.owl2_functional.owl,153375297,415351471,568726768
approximated_3feffcfe-1502-4575-bf49-8627696f351f_Pentium_Pro.ttl_functional.owl,87430981,3646958,91077939
approximated_d55dbac1-40d8-4acc-9273-d11d9d5a6887__amplifier.rdf_functional.owl,16248245,3761393,20009638
approximated_68ed0453-17f1-4e0d-838f-d370fa65437f_oda2.owl_functional.owl,30969383,8203889,39173272
approximated_db0280bb-5f25-4e06-bf20-a600b3b64524_LMM_L2.owl_functional.owl,130616974,22204079,152821053
53ad410f-3531-4b81-af21-d486f9bf2c1b_gasterexpr.obo_functional.owl,1536244222,1009183379,2545427601
approximated_phare.pharmacogenomic-relationships-ontology.2.owl.xml_functional.owl,147827943,18048480,165876423
approximated_c92b12d0-6557-47c9-b37b-a07843f7519c_onto.rdf_functional.owl,106672287,5020916,111693203
approximated_c0738f3c-016b-4b8d-ae3d-527c211e6459_gyVersion4.owl_functional.owl,65965349,7387773,73353122
6212f2de-1a0e-4906-a1ad-9cbeb912f066_inferences.owl_functional.owl,92255446,173129319,265384765
approximated_93e9ef2c-19db-4568-baf6-b2764b59d0be_GRO_v0.3.owl_functional.owl,23767916,41139463,64907379
approximated_c07527e4-9272-478e-bc2f-630610954dfe_iian_pizza.rdf_functional.owl,15337691,3686094,19023785
approximated_d66fd76d-8c5e-4b06-87b7-d8eb3828b44d_usculusMOD.obo_functional.owl,5238507632,11654157916,16892665548
approximated_41a1975e-a80d-4564-b219-b5285fa05882_CocaCola.ttl_functional.owl,87553076,5666471,93219547
4c831b62-03a2-477e-a50d-796485e67963_sopharm.obo_functional.owl,27905882,6378877,34284759
approximated_73c236fc-a993-4a57-ab6f-cdbf1504024c_e41_atwork.rdf_functional.owl,23813913,3022500,26836413
approximated_61d101eb-6c37-4694-968f-c1455ac78a0d_onto.rdf_functional.owl,17101434,4753626,21855060
approximated_262789ef-2133-4216-b81b-75d64929178a_rvice_unit.rdf_functional.owl,22676875,3641268,26318143
approximated_1dea4541-bdab-470f-9beb-4ca833578f5e_901_424_le.owl_functional.owl,45450136,22332062,67782198
a19fc418-d180-4116-95d0-a77871244fb6_Magazine.owl_functional.owl,26655179,2565801,29220980
2a56e1d2-4848-46e5-ae0c-4c0d484ae999_promapping.obo_functional.owl,12017850361,15964244447,27982094808
46d2be4d-2c4d-4932-b583-b9a79b4ce22e_er_Krankheiten_functional.owl,15079798,2246556,17326354
approximated_kb-owl-syntax-unraveled-depth-4-km-relevant-cardinalities-constant-classes-relation-axioms-value-classes.ofn_functional.owl,356093986,972342927,1328436913
0184bd80-510f-4470-b515-29ceda7e21b4_egoryFoafAgent_functional.owl,11279245,1134305,12413550
approximated_3bad1696-6f23-4694-9af0-e119af7ffd6a_Manchego.ttl_functional.owl,18561546,3739248,22300794
approximated_27482c5f-4102-47f4-98f4-fe2e6df61804_fice_suite.ttl_functional.owl,13954991,5483632,19438623
approximated_19bba1db-d847-4017-8072-5a8d22df4d70_so_Palmita.rdf_functional.owl,13934065,3970730,17904795
approximated_kb-owl-syntax-unraveled-depth-2-disjointness.ofn_functional.owl,629505878,1497801003,2127306881
approximated_7f4d7d93-3ec3-4946-a66a-11c739768db0_Hefekranz.ttl_functional.owl,78365851,3648512,82014363
approximated_10fe96c2-0ac2-45d4-aa82-dfb504838858_peoplepets.owl_functional.owl,41487191,4008949,45496140
approximated_00456.owl_functional.owl,22203415,48279837,70483252
43b8b9c3-f6f1-4624-b038-dcb9c0a770d7_phenotype.owl2_functional.owl,148274728,105849634,254124362
approximated_6188ffbf-88c4-4d93-9a5a-7c996b01dc92_ional_film.rdf_functional.owl,84028505,3895183,87923688
074e7838-965c-4a62-9133-e5615249d0e2_s_musculus.obo_functional.owl,343445498,588435505,931881003
approximated_0c04b087-fe99-48a0-94bc-a16c287b8ba6_itsmo.owl_functional.owl,16217984,3793906,20011890
approximated_7aabe9e3-5b87-4b2a-a309-2de5e72d4931_cheminf.owl_functional.owl,29801108,48026944,77828052
approximated_88a2b6d9-0932-4842-af12-c5010f5a1167_intervals_functional.owl,15303293,7040949,22344242
approximated_1c14ca74-54ee-48ed-a948-c9b52de0197f_eriomerged.owl_functional.owl,4681834108,1113653656,5795487764
18527a34-d732-4010-9641-304f655cd4ea_KategorieBeine_functional.owl,16127291,875286,17002577
approximated_08199c19-2a30-4c97-8136-3254a22f399b_go_xp_chebi.obo_functional.owl,151123138,295266950,446390088
approximated_f3a57be5-40a5-41b6-ac20-b5a80e1df045_qurec20.owl_functional.owl,79075113,23820595,102895708
approximated_2e6e0ff7-fd75-46ab-ad4e-8c7f3a30afae_prerelease.owl_functional.owl,2676254541,7212313330,9888567871
01053c56-6d83-4763-9aee-f9f36c1aec42_EHDAA2.obo_functional.owl,343449898,681823652,1025273550
aao.amphibian-gross-anatomy-ontology.7.owl.xml_functional.owl,72141170,133267721,205408891
approximated_4b741a0c-5177-4f32-a4ec-4f37dcc59afa_ysfunction.owl_functional.owl,84159534,168363587,252523121
4f1ce004-e740-46dc-a4f7-f570682f201d_flanzenatlas_B_functional.owl,9926603,853938,10780541
approximated_67e62d0d-d5f8-4277-b0c4-2bb54f46a7a2_russ.owl_functional.owl,127598424,11046905,138645329
approximated_b2560287-8240-4efb-8b9d-e848a7c37a58_den_cheese.rdf_functional.owl,17012971,6495966,23508937
approximated_00d50f66-9f4a-4f02-8b40-fba318612bdd_Sugar.ttl_functional.owl,12660454,3818600,16479054
approximated_7130c809-0272-4b72-9c23-8c1f077a55b1_ass_shears.rdf_functional.owl,13275351,3820934,17096285
5b732745-a536-42b8-8a4a-0521440c8abb_Fungus.owl_functional.owl,10275949,1098673,11374622
approximated_d3b18e57-0e42-4f3e-be08-dbca4b1b9408_icontology.rdf_functional.owl,20956353,20545734,41502087
pedterm.pediatric-terminology.5.owl.xml_functional.owl,55140010,87745451,142885461
approximated_5032742c-1115-4a63-81bf-f196b20e5b10_Acetic_acid.ttl_functional.owl,16831860,3669801,20501661
0c995738-f296-4ef0-99ec-a5b3d5ef3769_nnotations.owl_functional.owl,21596174156,17964117367,39560291523
approximated_0ceb5f5c-acda-48c8-9d94-e760bf367ab1_stateFluid.owl_functional.owl,170161883,246835364,416997247
931baaf9-2387-4586-8510-c5ade0ffbcae_Sport.owl_functional.owl,18487084,1805862,20292946
a68a99d6-8690-4bb4-aa87-074f676f25b0_mousecobra.owl_functional.owl,115265639,186315967,301581606
d4cd4e9d-9770-43ba-b57d-33b6c750adde_Canal.owl_functional.owl,14633151,1069262,15702413
approximated_e92baf6f-f16f-4bf0-b115-b2da0f68bd16_dbpedia.owl_functional.owl,40426017,58508476,98934493
approximated_1c39359e-15c6-4191-bd39-86cb4df45359_onto.rdf_functional.owl,17580644,5085776,22666420
approximated_kb-owl-syntax-unraveled-depth-3-cardinalities-triggers-constant-classes-relation-axioms-value-nominals.ofn_functional.owl,426610897,1057184690,1483795587
approximated_kb-owl-syntax-unraveled-depth-2-disjointness-triggers-constant-classes-relation-axioms-value-classes.ofn_functional.owl,690526066,1617816786,2308342852
approximated_8d6a881d-c4f6-4ba7-8282-4dd20b613726_rap_wrench.rdf_functional.owl,15944047,3863625,19807672
approximated_kb-owl-syntax-coreference-IDs-constant-classes-value-nominals.ofn_functional.owl,611970006,1777486829,2389456835
approximated_28092fa1-5699-44a8-8111-dd038bd47a1c_JC3IEDM3.1a.owl_functional.owl,82492913,127595153,210088066
approximated_19eb90ee-2225-4edd-9e9a-f7204ef9fd2f_oscillator.rdf_functional.owl,11975823,3955385,15931208
approximated_525da0ba-ef48-43f8-92e5-3101c725175d_Sander.rdf_functional.owl,12051964,3945611,15997575
approximated_4e14cc09-2e2e-449e-a4d2-be1581d8c055_enforMOHSE.owl_functional.owl,84536489,194133553,278670042
approximated_dbcf40c4-ab91-486f-b278-b144ae54305e_s_musculus.obo_functional.owl,4897729224,11299007718,16196736942
approximated_598b571a-7d43-47ed-8edf-9aaded28533e_rerelease.owl2_functional.owl,205975372,535892204,741867576
approximated_8b49013c-b918-46a6-9a51-6feb635e2bfb_Cheese.ttl_functional.owl,8659356,3924432,12583788
approximated_090103e9-2dd6-4f72-83f0-6cbe09e7883c_Drill.ttl_functional.owl,10504921,4217492,14722413
approximated_6c425919-b528-41fe-80af-666189ee85cd_Situation3.owl_functional.owl,14075431,4650764,18726195
033a534e-490c-4caf-a5a2-1ba8f4b0ff19_onto.rdf_functional.owl,14728211,630253,15358464
approximated_3ebdc727-61ca-456c-a9eb-fbd5d0e8aeba_Fudge.ttl_functional.owl,8902706,3856479,12759185
approximated_07868fd6-4238-411f-9322-626ee0fa001d_atomy_2010.owl_functional.owl,72049708,178412788,250462496
c48faa62-466d-403c-8d40-0f08cb2fd390_NBO.obo_functional.owl,35615179,55974327,91589506
approximated_becb5159-6f9f-4e2f-a27d-293f10d04927_orous_acid.rdf_functional.owl,15104740,3771438,18876178
approximated_160c18d5-ae40-40dc-a2e3-428a86981996_dtn.owl_functional.owl,20392043,7712980,28105023
approximated_9d512323-4c7a-4782-81f8-a4ee08bdefd3_vegicusMOD.obo_functional.owl,3156974167,7305330417,10462304584
approximated_975572fa-7cf3-4436-a182-e47abef3e564_CategoryMedia_functional.owl,9995338,2012231,12007569
approximated_kb-owl-syntax-unraveled-depth-4-km-relevant-cardinalities-disjointness-triggers-relation-axioms.ofn_functional.owl,584357908,1349534312,1933892220
approximated_3e4d06b3-c40c-41ef-bc57-5251e9a364b0__ontology.owl2_functional.owl,74195358,161797384,235992742
approximated_fc8562f8-3de6-43f7-91d2-c2b8670faffe_ebucore.rdf_functional.owl,22335183,14994472,37329655
approximated_3377b615-2c2e-4427-8e02-b811584e1d24_leChemical.owl_functional.owl,135195274,216395217,351590491
approximated_351dd588-5be4-4a20-bd9e-c0297629f75c_sapiensMOD.obo_functional.owl,6717502639,14224146270,20941648909
47ebd7d9-36a5-4abb-a277-81de03b22713_unit.owl_functional.owl,16778093,12848113,29626206
approximated_46110e68-a9d2-449b-bbc9-19b37a7c5c26_f.owl.PREVIOUS_functional.owl,24236048,42167991,66404039
approximated_00331.owl_functional.owl,13678972,6046398,19725370
approximated_5cee979b-95cd-4b59-9222-88232ed3f961_onto.rdf_functional.owl,18122831,5027573,23150404
8db3dc7c-9e9a-48db-aefc-fcd14cfeed34_Hotel.owl_functional.owl,17415090,2493731,19908821
approximated_e847fa83-ad07-416a-9c5b-6ec9f22f46e5_turismo.owl_functional.owl,18739203,4517273,23256476
approximated_c5eea5f0-d87b-40e7-a91d-4bc4cd308a98_Group.owl_functional.owl,14989314,9789191,24778505
approximated_4be80245-9e1f-42bb-9869-9fd8c1b7e94b_Formwork.rdf_functional.owl,16763632,4314609,21078241
db146a1c-4034-4295-8284-af410f928de1_nnotations.owl_functional.owl,8504384987,5908243830,14412628817
approximated_00284.owl_functional.owl,91844883,24939030,116783913
59cbe70f-46b1-4bda-bca4-8a19f1c36f45_esistance.owl2_functional.owl,185080680,224090439,409171119
approximated_144eca71-ba18-4f47-b9d3-340216880bbb_Korycinski.ttl_functional.owl,84652951,3787664,88440615
approximated_97d63b68-9f9d-4276-8621-efd77e6263bc_CategoryHelp_functional.owl,9118012,1812051,10930063
approximated_a7e7a1e3-69a8-4d49-9780-169903829160_GRO_v1.0.owl_functional.owl,20846209,13177132,34023341
approximated_kb-owl-syntax-unraveled-depth-4-km-relevant-cardinalities-triggers-relation-axioms.ofn_functional.owl,636761995,893575781,1530337776
02bf5bf4-13c5-417b-88cc-f8f4a06f59c1_zz.owl_functional.owl,59251968,8453529,67705497
approximated_4ad95469-0327-4071-bacc-875800647cd8_e_Veronese.ttl_functional.owl,12564625,3646177,16210802
17acbc08-2eca-4d98-ab3b-c530a17fd769_pomerged.owl_functional.owl,55160725,122245394,177406119
approximated_704ec241-bc3f-4020-a587-b87b46fcde06_MWBP.owl_functional.owl,10652388,1715964,12368352
approximated_35ebf81e-40bd-439b-a8b8-ca6238f16157_oso_cheese.rdf_functional.owl,9834500,3681996,13516496
7675644b-edc3-4a79-87fd-f0fa17385d8c_xmfprotein.obo_functional.owl,28031322,9171191,37202513
approximated_kb-owl-syntax-coreference-IDs-cardinalities-disjointness-triggers-constant-classes-relation-axioms-value-classes.ofn_functional.owl,904153164,2336402207,3240555371
f9d76293-60b9-4cac-8e73-dd977b5314c6_FPROBridge.owl_functional.owl,18056681,1471113,19527794
0a435c56-b3a2-4a6d-85ed-aec812144793_nt_anatomy.obo_functional.owl,21727942,3737405,25465347
approximated_0ebb2014-7b9d-4107-8fc3-ea7e2ba9081e_complex1.0.owl_functional.owl,13634951,6182839,19817790
approximated_d43ba1f0-44f5-4ee1-aaa1-6480e6ce6a8f_chemtop.owl_functional.owl,13878594,7841196,21719790
approximated_00395.owl_functional.owl,1565366322,4419521119,5984887441
approximated_4f380b6e-2f78-4edd-a873-5e07adebabfb_Manna.rdf_functional.owl,14452279,3676159,18128438
approximated_beacef2e-d2e7-4597-9ff6-4cebe9b5f839_cexamplegraph4_functional.owl,19570420,12399836,31970256
approximated_cb286f12-e925-4957-8769-b418168c5765_umn20names.owl_functional.owl,55794342,33773463,89567805
ef6d18b2-4e31-4c28-b16d-7624b51bd4d0_spdmerged.owl_functional.owl,25843535,41187503,67031038
approximated_54eb2062-5d19-45ab-af4b-34ade395d2e9_dicom.owl_functional.owl,272873646,331136662,604010308
approximated_6255a645-b305-41c3-8149-15de9bb4b70f_Microphone.ttl_functional.owl,15738092,3778534,19516626
approximated_3069d1e1-237f-45d9-8cbf-f695798c99aa_Milk_Duds.ttl_functional.owl,10242468,3762107,14004575
approximated_e4d84c98-50b3-4b0f-8553-59bece466196_onto.owl_functional.owl,19809427,8484976,28294403
approximated_19f93cdb-1c97-4a5b-9ca2-ac3f608be2fc_atmo.owl_functional.owl,73193164,129270635,202463799
approximated_5e5bf66a-d152-4d47-9ff6-a868e45a4763_provo.owl_functional.owl,17032136,3611973,20644109
approximated_e69e97d6-3d51-4c90-88be-550c74532a1c_emCompound.owl_functional.owl,28931689,36479647,65411336
ad488721-c256-4349-870f-df3a06a04ffb_onto.rdf_functional.owl,11756832,1633492,13390324
approximated_d672098e-2d7a-4637-a4d3-fa11c16d36ff_rm_current.owl_functional.owl,31566619,20938225,52504844
approximated_940c1fc4-4406-4e42-bcb6-a0d778976b3f_FGED_subset.owl_functional.owl,72056325,158745390,230801715
approximated_36c6ee3a-5e05-4b19-94ce-f9375137cdd8_ta_dUrbino.rdf_functional.owl,15704427,3776031,19480458
approximated_29fb0b9b-d407-4e91-9f60-088507d77375_Surform.rdf_functional.owl,15312217,3763004,19075221
approximated_ac5d9c64-c90b-4d67-a6d2-31fff16e5b13_Ornithopter.rdf_functional.owl,11627215,3838955,15466170
approximated_1e844665-955c-4337-ba96-240878e526b5_Rotational.owl_functional.owl,33076247,50438347,83514594
b7be2123-897c-4477-b923-cd8b4c329018_dposimple.obo_functional.owl,32382282,45619992,78002274
approximated_681967da-c3aa-43f6-b59f-417fa85112cb_Gamalost.ttl_functional.owl,16387423,3952155,20339578
approximated_0d798700-ebba-4c5e-9ed8-477e85c1a7ba_ategorical.owl_functional.owl,17816223,19935711,37751934
approximated_00285.owl_functional.owl,3464807320,12597508083,16062315403
approximated_91b3741d-4a4a-4f61-b5d7-7b9224090412_DP1.23.owl_functional.owl,22966856,3313574,26280430
approximated_7baeb4a0-8f56-4a40-9a34-c9fb6dd3c9bf_Politician.ttl_functional.owl,10566950,3618936,14185886
approximated_kb-owl-syntax-unraveled-depth-4-km-relevant-cardinalities-triggers-constant-classes-value-nominals.ofn_functional.owl,349691163,855623486,1205314649
1144a147-9b29-4096-85ec-ec9c8cfaa7c2_icalisexpr.obo_functional.owl,282492045,565124347,847616392
approximated_be93d1e8-ada6-4a9c-a173-38e8892f991b_ntry_in_Europe_functional.owl,8757254,1988157,10745411
approximated_c045c692-cd15-44b2-a9ba-2c6f7a7bd1bd_bspoedit.obo_functional.owl,14257488,17370038,31627526
02359e23-1f62-4cf6-83b4-2d75088fc4b6_lom.owl_functional.owl,15613836,1128975,16742811
approximated_02e0c38f-63b0-42f9-ac43-fd2f2ddf00f0_ans_pliers.rdf_functional.owl,11278208,3837550,15115758
approximated_0d73f4e2-ad42-4b3a-a9f8-8faa7e7df9f9_wing_table.rdf_functional.owl,12471749,3883244,16354993
uo.units-of-measurement-ontology.43.owl.xml_functional.owl,17520490,19932826,37453316
kb-owl-syntax-unraveled-depth-0-cardinalities-disjointness.ofn_functional.owl,254140547,383728230,637868777
approximated_221e430f-3493-4591-a71b-5e3548caf1bc_bservation.owl_functional.owl,15031355,3853982,18885337
approximated_c6cc293e-a06c-4356-93a3-32a935e8bd4d_onto.rdf_functional.owl,15136060,6542629,21678689
approximated_1881a20b-ff2d-415b-b2cf-d353fb45f31b_rway_valve.ttl_functional.owl,13874229,3666043,17540272
approximated_4bd836c3-a3b6-4446-b5ba-f0349c55f08e_realmRegion.owl_functional.owl,134440378,217731004,352171382
approximated_332fca62-6ed5-40ac-8d7e-46f57a5b484f_Beer_tap.rdf_functional.owl,21804604,3870418,25675022
approximated_05f0c010-1558-4fee-977d-7a4aa145eb73_testinalis.obo_functional.owl,1431980096,3290346099,4722326195
approximated_edam.edam-bioinformatics-operations-data-types-formats-identifiers-and-topics.19.owl.xml_functional.owl,79098036,218417666,297515702
approximated_0355f6ff-fb00-4890-82a8-02a773f012c6_Spoonplug.ttl_functional.owl,10524953,4195698,14720651
approximated_0e466cab-e10b-4441-aaeb-31973d491e42_IAO.obo_functional.owl,21064222,8729050,29793272
approximated_kb-owl-syntax-coreference-IDs-triggers-constant-classes-value-classes.ofn_functional.owl,625536188,1742324162,2367860350
approximated_812ff298-aaf9-48d3-be33-3296a9788cb2_PaulFisher.rdf_functional.owl,102098953,2905584,105004537
approximated_0eae5f2a-f8ad-4989-8a12-c2053b9a6bf8_Duffle_coat.rdf_functional.owl,11526238,3658833,15185071
approximated_f3ff1191-4b1f-416d-a030-062313a988cd_ulusModIDs.obo_functional.owl,4487969187,10891971556,15379940743
approximated_046dafd6-20c8-480a-8fc1-b8b5c167c66d_Eisbein.rdf_functional.owl,35265355,3687969,38953324
approximated_kb-owl-syntax-unraveled-depth-0-km-relevant-cardinalities-constant-classes-relation-axioms-value-classes.ofn_functional.owl,150285924,411048810,561334734
approximated_850eb240-df81-498f-a047-ca9a705072e2_go.owl_functional.owl,1687494664,4855980461,6543475125
approximated_72ebc752-8159-4388-9a00-31e93eee3a19_vatheAwong.owl_functional.owl,114043998,10239287,124283285
approximated_90ffb1bd-1675-4313-9f33-b4041988aeb7_nAtmoCloud.owl_functional.owl,139804622,246249091,386053713
9118d253-8c4e-45f5-96ac-3505f33fd9c6_L_very_old.obo_functional.owl,52724918,103907341,156632259
approximated_8a3404ec-15af-43a8-92bc-348339b66ca1_model.owl_functional.owl,25330850,15137599,40468449
approximated_aa249beb-d54b-4283-a732-7b1bbad84503_musicrdfs.rdf_functional.owl,11867260,5729596,17596856
approximated_85818e57-8abb-4f86-a07d-7496964509a5_transistor.rdf_functional.owl,15487453,3725700,19213153
approximated_46470abe-16f0-476c-948f-341c26e01ef9_codkernel.owl_functional.owl,16995740,5475223,22470963
approximated_21b69bd3-4904-431d-9acb-03d9ed157c77_Ball_valve.ttl_functional.owl,12511986,3625017,16137003
approximated_b0d38668-89e1-4e23-8b13-225e246c2d4e_Stracchino.ttl_functional.owl,13139685,3805552,16945237
e317dc36-8758-4565-9835-c51b51861a90_tgmamerged.obo_functional.owl,74670983,146689517,221360500
5a7c192c-3b33-469c-8a10-c758877531ef_MAO.obo_functional.owl,11546093,9288406,20834499
approximated_kb-owl-syntax-unraveled-depth-2-triggers-constant-classes-value-nominals.ofn_functional.owl,406534828,991796049,1398330877
approximated_14bf82fb-80d2-443b-85ec-607990d3c127_flybase_vocab_functional.owl,98688952,46932251,145621203
approximated_1ba6e8d8-1a1d-4e0f-a0c9-b1ce708fd00e_envo_xp.owl_functional.owl,105823490,107675864,213499354
c7b3b495-298c-4356-9660-5b7fffc326d4_russiaA.rdf_functional.owl,81727838,9547953,91275791
approximated_17184319-3dc8-46d5-8d8f-b46ca3896637_atch_stock.rdf_functional.owl,71846698,3734768,75581466
approximated_b8091d7a-ca0d-4bcb-8162-8d661834025a_Esox.ttl_functional.owl,26971806,3897295,30869101
approximated_kb-owl-syntax-unraveled-depth-3-km-relevant-cardinalities-disjointness-triggers-constant-classes-relation-axioms-value-nominals.ofn_functional.owl,953193453,1470640534,2423833987
approximated_8df0e37b-f8d5-404c-a804-b4299aaab114_Angry_Birds.ttl_functional.owl,16293933,3826503,20120436
approximated_275c5155-defc-4f51-8409-1c5ff1ec6fb2_schema_v08.owl_functional.owl,16800476,6541620,23342096
00401.owl_functional.owl,35473199,11513300,46986499
approximated_59becabb-e724-427f-99a2-068906aaf63e_Favicon.rdf_functional.owl,11782971,3726528,15509499
approximated_kb-owl-syntax-unraveled-depth-3-cardinalities-constant-classes-value-classes.ofn_functional.owl,395512293,1023411155,1418923448
8e7667b5-696a-4991-8a75-e7b51d11b693_ssimplegaf.obo_functional.owl,7600067552,12961021918,20561089470
approximated_kb-owl-syntax-coreference-IDs-cardinalities-triggers.ofn_functional.owl,638582891,1775542557,2414125448
approximated_1600de26-238e-4068-961b-5801b316dfd6_se_anatomy.owl_functional.owl,77779009,180061980,257840989
approximated_d2cafb79-d3ee-4fa0-adc7-d6f115199310_Plans.owl_functional.owl,27729326,27879896,55609222
approximated_b78e0844-9bc3-42c6-8bef-84588035cab4_eOntology.daml_functional.owl,14365389,5431503,19796892
2cd2c49b-c46e-4a57-bd98-52535880cf48__component.obo_functional.owl,51425526,16467412,67892938
approximated_41609dfd-8b85-4183-8ca5-2b94314d9d20_cocus.owl_functional.owl,16956320,5180362,22136682
approximated_2817c739-61d6-41ad-91b1-bc81ff6c970b_serve_wine.rdf_functional.owl,12680671,3702239,16382910
approximated_a36e84d7-1a57-4b99-a72d-66f3ba649c6d_sequence.owl_functional.owl,164154240,269461149,433615389
approximated_f7b25351-e5ef-4434-866c-428add955e00_ecosimple.owl_functional.owl,20297001,23030500,43327501
approximated_85bf72cf-efac-4310-81ff-e8dee625cb22_Apple_juice.rdf_functional.owl,21107882,8016877,29124759
approximated_dc10dcec-2ab3-4ddf-9af9-04326b849333_classified.owl_functional.owl,36432464,71454076,107886540
approximated_0aae2402-71fa-4a61-b847-b188c52f054e__red_brick.ttl_functional.owl,21856619,4079699,25936318
approximated_51e4acad-f9da-4f54-98f1-38e0794aecdb_OBI.owl_functional.owl,15334209,9719933,25054142
approximated_00415c44-c970-4f58-bc58-d909c6279bf7_shing_line.rdf_functional.owl,9331412,4426449,13757861
approximated_321df25d-990b-42b9-a1b5-9bfae0336ae7_g_sandwich.ttl_functional.owl,16085061,3688221,19773282
approximated_21ec9bd9-8307-402d-802b-47ae37593c0d_Boutonnire.ttl_functional.owl,16491014,3665986,20157000
approximated_7890c5b4-5aef-47e4-92e1-5d5a2fa3f764_Dry_box.rdf_functional.owl,15564944,3690258,19255202
approximated_b2381c4d-a337-4bdf-8f0b-688cc7737fd6_NLexOBOUBO.owl_functional.owl,54724405,107828110,162552515
approximated_051e47bd-48b7-4916-96e3-ca208b2b81b5_CBO.owl_functional.owl,20738144,12150059,32888203
approximated_00344.owl_functional.owl,29931400,16422067,46353467
approximated_09f8f2d1-1043-4794-a181-fb78c39ef1b7_uence_slim.owl_functional.owl,76289273,148729249,225018522
approximated_c684027a-185a-4005-b9b8-dce2dd7c7fe3_nAtmoCloud.owl_functional.owl,130230796,229669797,359900593
approximated_kb-owl-syntax-unraveled-depth-0-km-relevant-cardinalities-disjointness-relation-axioms.ofn_functional.owl,359778180,816039970,1175818150
approximated_7c634c9e-34c5-4b25-86fa-11f70c6a3da1_cilloscope.rdf_functional.owl,73859663,3749025,77608688
approximated_67f38410-04fa-45ee-9d68-8ae7bb37ba3c_videojuegos.owl_functional.owl,40557757,24952355,65510112
approximated_3557febb-bfae-426c-97b5-601955fa133a_gio_cheese.ttl_functional.owl,85410817,3778663,89189480
8d621077-1a0d-486c-9860-df6663dd8cc8_usequivmod.owl_functional.owl,301392246,175083918,476476164
approximated_527636f7-ab2f-4a25-8b93-082a92d7d9c1_Biological.owl_functional.owl,227018096,246338595,473356691
approximated_c402954a-7da5-4a76-80d7-fe6c68f45ea9_elAssembly.owl_functional.owl,53962622,20894595,74857217
approximated_kb-owl-syntax-unraveled-depth-2-km-relevant-cardinalities-disjointness-triggers-constant-classes-value-nominals.ofn_functional.owl,707162075,1578812262,2285974337
01c9d8c9-b9a0-4a82-a405-85f29d76cebb_nnotations.owl_functional.owl,33903304554,22975637096,56878941650
approximated_7760a14e-8a3e-4e64-aeba-f539b7ce2fdd_PaulFisher.rdf_functional.owl,19616015,3263964,22879979
approximated_f36ffc63-a5c0-44df-afea-c463d907ccb5_Molecule_1.owl_functional.owl,432720284,754870241,1187590525
approximated_5683efe6-84b7-40e8-97df-f709d5cc88fb_.dlhome_cfg.owl_functional.owl,91755660,4896596,96652256
d9d29ab5-8665-4920-ac5a-48dc3ff86bbd_classified.obo_functional.owl,464825567,702524005,1167349572
approximated_5317906e-1fdf-466a-b300-fc3b2beef8cd_e_dressing.rdf_functional.owl,18005004,3731067,21736071
approximated_e90200c9-87bf-45b2-aea5-c2f2c9e1d50e_PaulFisher.rdf_functional.owl,12102655,3061226,15163881
7906d2bf-a371-46b8-8eb7-5766c09985db_cl_import.owl_functional.owl,24289505,48072958,72362463
approximated_d722cafd-eb8f-4772-acd1-4b67dd0c9c63_matrElement.owl_functional.owl,129966891,209863277,339830168
approximated_4ff3fe73-23ae-44a2-9acc-623541e141e5_olev_Tu160.ttl_functional.owl,12075017,3944263,16019280
approximated_34d1da0b-1831-4e6b-8d55-7d32b7a51eea_Sailboat.ttl_functional.owl,13296286,3745225,17041511
approximated_6e9b011b-c89f-4ab2-aec0-3d97e4531c44_Assessment.owl_functional.owl,148705262,218635463,367340725
approximated_5d56b0c3-7b67-4af9-a33d-d2a13fcea97e_event_functional.owl,15248532,7987793,23236325
approximated_3294b5fa-47ca-4f4f-a040-285ef30a3e51_Spade.rdf_functional.owl,11204660,3789196,14993856
approximated_154274de-6436-4679-8ee4-86c0bb9b1bd5_ategy_game.ttl_functional.owl,13910715,3723163,17633878
approximated_c846533b-b33c-41da-9c86-e5fcc764c557_dKnowledge.owl_functional.owl,16708186,4999747,21707933
2a12aafe-78c0-4746-b6bc-c6c3326a7a53_ryFoafDocument_functional.owl,14620475,976605,15597080
02a93afd-d26b-46b4-8c27-158c0cff8f63_loggerhead.owl_functional.owl,14857878,17059675,31917553
approximated_00575.owl_functional.owl,34692459,46918516,81610975
092612bc-e768-4ecf-b6f1-0f9ba6735033_ss_xp_cell.obo_functional.owl,59043289,19428838,78472127
approximated_c21993bf-26c2-4926-a259-30191660db6d_compute.owl_functional.owl,20595448,15909108,36504556
approximated_91589cf6-0a73-4a5c-bc4d-b50e5e1efbe0_mao.owl_functional.owl,12223193,8424042,20647235
trak.taxonomy-for-rehabilitation-of-knee-conditions.3.owl.xml_functional.owl,43594931,92519775,136114706
approximated_kb-owl-syntax-unraveled-depth-4-disjointness-constant-classes-value-classes.ofn_functional.owl,675941377,1435001164,2110942541
approximated_4be1601b-4d3e-454b-890c-e24ba41dd63b_Opgezwolle.rdf_functional.owl,14702539,3862840,18565379
approximated_59b80bc4-bf58-40f9-84d4-9ec154536b46_matrMineral.owl_functional.owl,132898881,216400210,349299091
approximated_77350562-dd03-4630-b4af-37b1b2e88463_Manifest.rdf_functional.owl,95799659,4498384,100298043
approximated_typon.microbial-typing-ontology.9.owl.xml_functional.owl,204325416,409764780,614090196
approximated_5c1c11c3-8441-4540-a306-78c83eab9643_PaulFisher.rdf_functional.owl,98671394,2936580,101607974
approximated_5ea9dbb6-eec0-426e-aba1-9bd58eda8609_ogolod2.owl_functional.owl,15285619,9411323,24696942
approximated_1008aff4-0020-4095-b470-5cfdd5255140_Mower.ttl_functional.owl,69183663,3756019,72939682
approximated_1bcc0e8d-44f9-49ae-a5c9-7e5facd42cfd_Bombarda.ttl_functional.owl,13670884,3657150,17328034
approximated_a6561dd7-98ad-4047-9a6d-da04cf7b3522_rraConcept.owl_functional.owl,17835875,5837472,23673347
approximated_9d2d4520-aaf7-43ba-86ca-48364f91607a_QVTCore.owl_functional.owl,69045760,19166467,88212227
91fd4c67-8861-4f72-94dc-d28254146d3d_School.owl_functional.owl,103871369,3235785,107107154
approximated_1833bcb6-6f74-45b9-9600-3a66f79bfc41_ng_T_bevel.rdf_functional.owl,72087522,3786349,75873871
approximated_04e1faf1-332d-4e64-bfdd-39b4d537ece8_Phenom4.0.1.owl_functional.owl,18698569,17793495,36492064
approximated_00650.owl_functional.owl,91391050,49705640,141096690
approximated_4e044446-97f0-4ceb-ab5f-785c3456092d_cedar.owl_functional.owl,107574806,26212915,133787721
ae1ad5a1-9410-4479-a2a0-2ad56c7d03a5_mao.owl_functional.owl,159102357,205969375,365071732
approximated_9925e7d0-5dc8-45bb-aee7-71eb5aef5ef5_wsOntology.owl_functional.owl,107688571,35621558,143310129
approximated_053b07f4-6232-4ffd-ae04-c2c266d2e3d0_cmmi.owl_functional.owl,113410934,35440104,148851038
approximated_fb2450f7-4a1f-45da-a91c-2e07974c8f60_pulsall.owl_functional.owl,444343049,199507700,643850749
approximated_00725.owl_functional.owl,22273391,2185291,24458682
760060fd-0123-4650-bb63-01b483d4460b_EbGdrcN5Y29ycA_functional.owl,16183375,4910774,21094149
approximated_DMEX.owl_functional.owl,8806629,464150,9270779
approximated_9366642f-4551-497f-9929-9f454ee25b41_stOntology.owl_functional.owl,16301224,4975346,21276570
approximated_56f473f0-043a-4970-a5a3-d9a20781a872_Flat_white.rdf_functional.owl,17779847,4130693,21910540
approximated_00019.owl_functional.owl,23481584,21286105,44767689
approximated_2ba428a5-ea97-4098-9ab9-0e7716620839_testsl2.owl_functional.owl,54146426,8391295,62537721
approximated_7440dbfd-ecc2-455a-8b66-debb990edfce_higgins_functional.owl,41247382,5063691,46311073
approximated_a002639d-31ba-4014-9840-2b950ebc6bed_felschorle.ttl_functional.owl,17241884,3898632,21140516
approximated_28fced52-b963-4759-a548-f25e5bbad522_nstability.owl_functional.owl,128505081,209765142,338270223
approximated_31ea33c0-66f5-4444-a561-5dfdaa66915a_Souvenir.rdf_functional.owl,11273309,3889675,15162984
approximated_1ffe15c3-627c-4b24-af16-070d133e7fe6_reo_camera.rdf_functional.owl,12881106,4097165,16978271
approximated_176b11f0-5156-49f0-9eb6-ec86def2f2e5_Fynbo.ttl_functional.owl,14272077,3707049,17979126
898ae855-4e43-42c0-bc4c-e2e202e8185c_nsequivmod.owl_functional.owl,480299479,390425581,870725060
approximated_5372e0cc-3d0c-4c5f-a1f7-821ad165f4e5_3134889031.owl_functional.owl,103531965,112984731,216516696
approximated_kb-owl-syntax-unraveled-depth-2-cardinalities-constant-classes-value-nominals.ofn_functional.owl,431015553,1063214720,1494230273
approximated_3b62d888-0cb8-41c4-a9b2-3493b5ebf4a5_Metsovone.ttl_functional.owl,10269023,4351014,14620037
approximated_483bced0-f4b7-4dda-9146-dc885622e47e_closureids.owl_functional.owl,897539173,60420490,957959663
approximated_070d822b-4a42-4f69-b5b6-87166032906d_TGMA.owl_functional.owl,72381397,147224172,219605569
hp.human-phenotype-ontology.442.owl.xml_functional.owl,238719172,724238143,962957315
approximated_8f859b16-e8d8-4d4d-b393-79a51a3b81fb_ck_grinder.ttl_functional.owl,13732072,3766837,17498909
approximated_kb-owl-syntax-unraveled-depth-1-disjointness-triggers-constant-classes-relation-axioms-value-classes.ofn_functional.owl,730568679,1729606256,2460174935
approximated_5a47a7fa-d1ba-4d0b-9402-d1aa04821386_hed_potato.rdf_functional.owl,9693112,4487637,14180749
approximated_776e98a0-00b0-41d0-bf08-ca0a22f653b1_4_09_18_45.owl_functional.owl,18256331,16420616,34676947
approximated_5fb4c8e1-da7f-478c-a9c6-1ebafcbf5f61_bauutility.owl_functional.owl,12550343,4380492,16930835
approximated_557235cb-d111-4a9c-9948-21c1456ce79f__cream_pie.rdf_functional.owl,9808274,3775501,13583775
approximated_820dd1ed-fdf7-4846-abab-39e44c177188_stuffbfo.owl_functional.owl,12306839,10196844,22503683
07f1dd31-69eb-4bfd-9d85-4dbcc9104246_event.obo_functional.owl,154493512,251222696,405716208
approximated_35e673e7-c098-497f-98a0-40dd5f6070b3_opics_v0.3.owl_functional.owl,21664994,3061337,24726331
approximated_4f9f49db-cfce-4643-b5ad-19fad07bc97c_classified.owl_functional.owl,16677476,3909255,20586731
approximated_9707b9b1-0425-4bbc-b4ad-e55c88c0d362_eganstaxon.owl_functional.owl,1263707045,2820985324,4084692369
approximated_0f2dbdff-51b0-4b60-a5ec-f253e447d441_NEC_V25.rdf_functional.owl,16158647,3869361,20028008
approximated_987441aa-047f-4fce-98d6-5ec90ae51b19_xpressions.ttl_functional.owl,84507678,135773445,220281123
approximated_7136ea89-edf6-4a44-9682-fcf9db501ff5_Moling.ttl_functional.owl,15789391,3752623,19542014
approximated_kb-owl-syntax-unraveled-depth-4-cardinalities-triggers-constant-classes-value-classes.ofn_functional.owl,372825949,959156277,1331982226
approximated_kb-owl-syntax-unraveled-depth-4-cardinalities-disjointness-triggers-constant-classes-value-classes.ofn_functional.owl,654840253,1540680007,2195520260
approximated_083954f3-e343-4b40-9b8b-48559470ee53_DP1.29.owl_functional.owl,23598096,3867903,27465999
approximated_3434ba24-0f64-4a1d-9bb4-f7883804c74c_shing_reel.rdf_functional.owl,12997343,3894143,16891486
76918eda-da1b-46ee-a0c1-3d5b0c705f0a_2.obo.PREVIOUS_functional.owl,370237847,658699021,1028936868
approximated_7b46ae75-957d-41e8-85b9-2588daea4a75_bass_flute.ttl_functional.owl,16383124,3785172,20168296
approximated_975b525a-1324-4a73-9ecb-5efdfc59b3b7_locomotive.rdf_functional.owl,13484442,3654989,17139431
edd6a66a-b8bf-4719-93cb-43be2a14b03d_icalistype.owl_functional.owl,396606364,1056922445,1453528809
approximated_2e12c710-f1a4-4751-a51c-f8e8925b9e18_wn_aerator.ttl_functional.owl,15325176,3685635,19010811
3ea4d47a-f532-4101-80ec-d77493895c44_ERONBridge.owl_functional.owl,42326045,16089681,58415726
approximated_f6dd4a49-7e2f-449b-9791-a34ee80b797c_.rdf_functional.owl,14780177,4508858,19289035
8c10c42b-1bea-48cf-8f84-142edced81a1_gy.obo.CURRENT_functional.owl,123660225,346158273,469818498
approximated_192187d1-4123-4eff-90b3-edfe394f1432_3B8_cheese.ttl_functional.owl,12564833,3865783,16430616
approximated_mirnao.microrna-ontology.11.owl.xml_functional.owl,21196797,37407457,58604254
approximated_ed93aaec-ff97-41fd-9f21-693dfcfbc538_matrAnimal.owl_functional.owl,130091990,216745429,346837419
approximated_kb-owl-syntax-coreference-IDs-km-relevant-cardinalities-disjointness-triggers-constant-classes-value-nominals.ofn_functional.owl,913108862,2346816768,3259925630
approximated_235b03f4-be99-4075-af99-3e7c23f5ddb1_ngroupings.owl_functional.owl,102201338,228156762,330358100
approximated_c5eedadd-67b6-4a28-9cd7-7d4d605e0ac2_Odor_Eaters.rdf_functional.owl,12245758,3957568,16203326
03b7d71f-8d52-4d70-8000-9209ef0958dc_LIQO_ver1.0.owl_functional.owl,36695634,21810029,58505663
approximated_d76745dd-e2bd-422d-aca5-55fb0bdd0c2a_spr_functional.owl,20861462,10271017,31132479
approximated_kb-owl-syntax-unraveled-depth-4-cardinalities-disjointness-triggers.ofn_functional.owl,602291684,1392756993,1995048677
approximated_00689.owl_functional.owl,39980399,76519722,116500121
approximated_073a5273-8b0a-4518-a4da-09212010b348_usculusMOD.obo_functional.owl,4575030138,10920447823,15495477961
approximated_e7476bf2-d985-4c83-b513-9d822e1d558e_omic_clock.ttl_functional.owl,14010657,3928224,17938881
approximated_0c9997cf-3e77-4f90-ad68-d53d1ec91006_raightedge.rdf_functional.owl,19636036,5018504,24654540
approximated_cd073d8a-6a7b-4bcb-8cff-f2e461bb9d09_ll_control.owl_functional.owl,45122819,81689757,126812576
approximated_f924d6d0-684b-4528-ac7e-750639327d62_onto.rdf_functional.owl,26926357,7195121,34121478
approximated_cd73ae6f-faa1-4762-841e-c1b467997fb3_Concrete.rdf_functional.owl,13419537,3715618,17135155
approximated_aaef1d41-0710-4e1d-832a-2725b8b99e0b_ciFunction.owl_functional.owl,138894703,216083226,354977929
fe701538-532f-44b4-aade-983d6adc8f5f_imitive2.0.owl_functional.owl,11358797,8073379,19432176
3699122b-374c-4325-9ccf-c07284ecee36_classified.owl_functional.owl,17216057,17110959,34327016
approximated_ef910956-8ef3-43c0-92a5-7f6e4a40b03a_WL2DLtest3.owl_functional.owl,16278209,6874494,23152703
01465c1b-9738-418e-baaa-b0b421453a15_miro.owl_functional.owl,92133472,226430092,318563564
approximated_1005ae0f-2067-4cb9-95a3-98084024cf9d_Comparator.ttl_functional.owl,10695320,4274626,14969946
approximated_525cff87-79c7-4168-a23b-dcfb5d27d019_gibleThing.owl_functional.owl,15285819,4339078,19624897
approximated_33ddb4c1-e788-4934-a482-5f9ac1164b2f_spra_functional.owl,12910871,10416991,23327862
3fc23b17-540c-49ee-bdcc-d2e17e9038a3_classified.obo_functional.owl,23241706,91081438,114323144
44473801-244a-4dea-bdff-2363969aed39_Philosopher.owl_functional.owl,21005640,2898753,23904393
approximated_47f38025-3d90-4c25-8c94-6d10911e7552_onto.rdf_functional.owl,15557445,4827873,20385318
approximated_224f7e06-aae1-46c8-b560-fe0eb8ce58e1_phenSystem.owl_functional.owl,135008989,210432972,345441961
approximated_8fb51032-7709-4a8c-8a12-a514ab8aee18_iasted.owl_functional.owl,55239531,18406259,73645790
ee9f124f-5e7c-4d51-bfe4-bd647e866174_mpicResult.owl_functional.owl,14874864,1154364,16029228
approximated_kb-owl-syntax-unraveled-depth-1-constant-classes-relation-axioms-value-nominals.ofn_functional.owl,473364209,1091307277,1564671486
approximated_e61c8bf4-3404-46f6-be37-eed23c7592d6_nsverylite.owl_functional.owl,14934969,6386364,21321333
approximated_bbbb8e39-27d8-4411-91bc-fc097495fcee_aodontidae.rdf_functional.owl,14446387,3724096,18170483
approximated_16929795-918e-4eb0-81bb-c37ef06c372c_location.owl_functional.owl,449551592,85663345,535214937
approximated_d89951a6-6b3e-4c7e-b7f0-298a8667bd7c_cusuniprot.owl_functional.owl,109732137,70138383,179870520
approximated_eba921b0-589b-4d65-9f4b-30414792fc23_esg.owl_functional.owl,36692345,9233623,45925968
approximated_9a186bc4-6dce-4775-9875-1cb11bb4a8d5_pr.owl_functional.owl,3418451567,8377021251,11795472818
approximated_3ac190e3-3a57-4e5a-bc4a-ceb326d198b6_ory_funnel.rdf_functional.owl,19480984,5304192,24785176
approximated_26be8e69-c81e-47f5-b2d7-1e21e2e91527_Lego_Trains.ttl_functional.owl,14331758,3684228,18015986
e020a08d-3f18-4cbb-9161-d398e7f72c6b_fly_anatomy.obo_functional.owl,296809473,748246252,1045055725
approximated_13404249-8796-4671-8151-128425af6674_uided_bomb.ttl_functional.owl,13847672,3840301,17687973
2ad15741-ad4e-4cc4-b0ac-8023c687a64e_eML2011BRF.owl_functional.owl,17940454,1281014,19221468
approximated_696e4d48-c7d9-4d01-97e7-2e9b83d86fad_Insect.rdf_functional.owl,17432122,3662613,21094735
approximated_70531359-70b1-4ead-9426-7ec4f5bb68be_Fresco.rdf_functional.owl,10749678,3658329,14408007
approximated_kb-owl-syntax-unraveled-depth-4-km-relevant-cardinalities-triggers.ofn_functional.owl,330088121,853602645,1183690766
approximated_eda3a6d1-1183-4a9b-9e2a-fca3f53e47d9_ethernet.owl_functional.owl,88376695,9361999,97738694
approximated_125a4f9f-52e4-4675-add9-c046d5a377f5_CHEBI.owl_functional.owl,1927560383,3926041195,5853601578
approximated_65d4331a-e88a-47dd-8b4c-993211389917_pe_xp_all.owl2_functional.owl,577334056,1642424286,2219758342
approximated_01db9b9a-d7f8-460b-9dd2-e39a70fcdd18_chemState.owl_functional.owl,30329616,47195721,77525337
approximated_4fd43891-12be-4e41-937a-180c59d802ad_torDefault.owl_functional.owl,19644886,7811352,27456238
approximated_kb-owl-syntax-unraveled-depth-1-cardinalities-constant-classes-relation-axioms-value-nominals.ofn_functional.owl,463949938,1157508780,1621458718
approximated_kb-owl-syntax-unraveled-depth-4-disjointness-constant-classes-value-nominals.ofn_functional.owl,664970239,1390476129,2055446368
approximated_9dee045d-869f-4ff2-88be-60f1ee4d5923_core_200908.owl_functional.owl,25256081,7439422,32695503
approximated_06a8f1a3-e203-4d15-8924-cf05f085dda1_uberon.obo_functional.owl,691263444,1958927412,2650190856
approximated_da178474-5ccf-4e53-815b-d5da55077d5f_Crusher.ttl_functional.owl,85172991,3750717,88923708
approximated_63d54963-d135-413a-9909-d85d6d81e092_oll_holder.rdf_functional.owl,26065686,3888795,29954481
710f8c1d-3630-4409-9600-f945cdcf28ae_xccinternal.owl_functional.owl,28201320,5914360,34115680
approximated_38e427d5-a197-405c-8cf1-fad46acbe827_Tobiko.rdf_functional.owl,37837516,3669719,41507235
approximated_a8159caa-7d20-4d8f-99f1-c358e6128730_ceRelation.owl_functional.owl,289731337,215707245,505438582
5f9cc8c6-8822-4fd3-abd9-8e4e8738b604_brenda.owl2_functional.owl,110776406,265125152,375901558
1b2f946f-054c-41e1-a2f3-40e9c8c60bd5_A.obo.PREVIOUS_functional.owl,285924667,676933134,962857801
approximated_6ebda30a-362a-4099-ad77-ce56dc0c164b__assistant.ttl_functional.owl,16101545,3777526,19879071
9cdea447-f0b7-42a2-a0dc-3ebaea4daa9d_EbGdrcN5Y29ycA_functional.owl,15470105,7028991,22499096
ec3de862-3d9b-4195-953a-968a0185b875_imitive1.0.owl_functional.owl,16319991,6518012,22838003
approximated_d571fb06-41c5-47ca-9449-237d7410d8dd_EnergyFlux.owl_functional.owl,136556614,250076447,386633061
d2180b08-67a0-4a1b-8302-000032c6aebe_Heilpflanzen_W_functional.owl,12395714,1022809,13418523
90971a62-73d9-4a42-9fe6-2c5934cf151d_classified.owl_functional.owl,23688482,27230776,50919258
approximated_8f31d28f-cc74-43aa-ab01-9bce73015243_on_example.owl_functional.owl,17656985,3719132,21376117
approximated_0870185e-b96d-42b0-9804-f7f688587d9b_biotoplite.owl_functional.owl,12028508,4839785,16868293
approximated_11b73a51-a69f-49f0-b52e-79a7ddec1ad6_te20050228.owl_functional.owl,20979656,10946571,31926227
861440fd-a371-4ec5-86cd-3ef8649e0cd3_event.owl2_functional.owl,148187896,370041659,518229555
approximated_6dc40307-ab7c-4098-a2f1-ec7032ac442d_iginal_sin.rdf_functional.owl,11898356,4072626,15970982
approximated_e17f2f58-2679-4fc0-a88d-362b71478ade_andGlacial.owl_functional.owl,137942711,217604453,355547164
approximated_1acd790d-6925-4043-af18-f6e071fb7839_CategoryCC0_functional.owl,10204304,2046434,12250738
approximated_146592d5-d7cc-475a-8f9d-a8c2cfd210ea_Biological.owl_functional.owl,136294634,216928916,353223550
66264283-572b-428d-acc1-7e1eb9f7136f_otballTeam.owl_functional.owl,13833798,1559205,15393003
approximated_a4541dc9-44a9-4199-9c53-03fc89757ca0_quantities_functional.owl,17415152,6510166,23925318
approximated_0ea8cb50-1c16-48e9-aa49-28d66bb44c6c_ogy_en_ins.owl_functional.owl,24186221,8756883,32943104
approximated_a0e9ae78-5c7c-4928-a16b-56562d9e989b_onto.owl_functional.owl,13189061,8744347,21933408
approximated_d2b462f4-216a-4951-a8e8-7686640f9299_stateSystem.owl_functional.owl,147741237,274961704,422702941
approximated_4a399179-1e7d-46a3-a2cc-264998a91a99_corinesi.owl_functional.owl,20802404,24886896,45689300
approximated_1932acc6-3fa9-41e7-a761-43396ae10494_ontomusica.owl_functional.owl,29067585,2433448,31501033
approximated_794c1f3c-e392-4882-8ef9-fb44927c5203_frbrer.rdf_functional.owl,19651868,10834986,30486854
approximated_0232d9d1-3df9-487e-bc5f-80b9ff536917_onOntology.owl_functional.owl,144093006,248957836,393050842
approximated_00398.owl_functional.owl,817935337,1852458208,2670393545
approximated_46911a51-23b7-4e45-a6e0-e060c9bd69a1_0922_5_0_1.owl_functional.owl,40784696,22417009,63201705
approximated_61127566-0e52-4c50-b394-d1fa25924254_LR5.ttl_functional.owl,15288313,3863708,19152021
approximated_5df845a1-4c35-4f74-916d-d519cb7ce706_onto.rdf_functional.owl,11318728,5199190,16517918
9fefee31-96df-4d71-b95b-b7def560dec9_imitive1.0.owl_functional.owl,16882888,5960199,22843087
approximated_3e64de8f-a1d9-4be4-b13d-91beccbd53e8_lout_shelf.ttl_functional.owl,12598107,3782370,16380477
cd3beaf8-366b-4e38-9b34-884b6655557f_sgenechrom.owl_functional.owl,948790881,1687858072,2636648953
approximated_ae4767ac-f984-43e4-a024-719e8126c4d8_ensionv1.1.ttl_functional.owl,16163957,9568798,25732755
80c6d8a7-ec0e-4365-82a3-9230679c1acc_nalischrom.owl_functional.owl,38560523,80063803,118624326
approximated_fb227643-4b91-453a-a0bf-3a9cf6e8cbff_ectralBand.owl_functional.owl,130074490,211710779,341785269
88b6ce5b-b0e9-4722-bd85-6d4759abd94f_k_anatomy.owl2_functional.owl,31716150,50559164,82275314
approximated_00788.owl_functional.owl,52665637,86726633,139392270
approximated_f468e940-3a50-4b60-bd2a-e628b73838ec_prSciUnits.owl_functional.owl,143905207,211723097,355628304
approximated_kb-owl-syntax-unraveled-depth-4-disjointness-triggers-relation-axioms.ofn_functional.owl,585430752,1389158469,1974589221
approximated_8e3d7187-16d5-4ebf-9bb7-df4cb2b38bac_Beer_bread.rdf_functional.owl,8060098,3925479,11985577
approximated_2f702e0d-42ca-4819-8975-af65d131662e_Breadboard.rdf_functional.owl,12139334,3895934,16035268
approximated_f2eaf3e5-47ed-4431-9f77-3766d7e0d128_y_analyser.rdf_functional.owl,12629419,3748537,16377956
approximated_122a4bf7-019e-4b0e-98a4-fc2cc7d9f408_cmmi_inst1.owl_functional.owl,18829059,11420707,30249766
approximated_0205c986-1808-4ebe-a5db-1a05e6840778_onto.rdf_functional.owl,13937049,5683628,19620677
approximated_0be6be5d-7f65-4a49-afc4-b48e77d8b9cb_olympics.owl_functional.owl,14188133,8893781,23081914
approximated_60445597-6f04-4656-9f6c-b37f8a349237_chteplatte.ttl_functional.owl,12008632,3706017,15714649
approximated_507bda21-9cd8-4bee-a195-33257268b74b_Coordinate.owl_functional.owl,132794749,211262564,344057313
approximated_55210bd3-9230-4ed5-b428-cd056ff8fac5_COSMOtop979.owl_functional.owl,493047388,814433395,1307480783
approximated_09331129-d6d9-4521-a386-5ab27451b0db_etworkv0.1.owl_functional.owl,21602067,3215050,24817117
approximated_273e2354-96f7-407e-a201-c97bdcce217f_mergedtbox.owl_functional.owl,8356164051,19752656302,28108820353
approximated_3ddaa2c3-36cc-4f37-b1b5-18b7cfe0226f_biotop.owl_functional.owl,21916460,19470879,41387339
approximated_028dbdf6-a47b-4b86-92e6-cd41618f68ff_n_solenoid.rdf_functional.owl,13317717,3755414,17073131
approximated_56aa7fb9-6e6b-4b60-858e-8ec80ef3110d_bservation.owl_functional.owl,11138289,5817093,16955382
approximated_02284043-fd5d-4a42-ab11-f3995f08d802_provlinks_functional.owl,18857828,4400287,23258115
approximated_140e8a14-345e-4a5e-a1b4-0250890488c2_kscratcher.rdf_functional.owl,13534228,3890778,17425006
ehdaa2.human-developmental-anatomy-ontology-abstract-version-2.31.owl.xml_functional.owl,370637503,699329295,1069966798
bb2dd2b7-9bcd-4cf0-8508-a80e584485ed_o.obo.PREVIOUS_functional.owl,18006714,18362537,36369251
approximated_4015207e-8440-42a3-9a8a-aa4932f58768_Woodchipper.ttl_functional.owl,8717519,3772355,12489874
8607a3cb-28dd-4be1-8832-ddee854848b0_xtaxon.owl_functional.owl,29577635,25920816,55498451
approximated_a8b4bdca-a357-42bd-b4b4-6fe776134800_ectralLine.owl_functional.owl,168911984,205452825,374364809
ae2ecc7e-7c93-4f93-b798-f0d2d6881734_y.obo.PREVIOUS_functional.owl,88256031,185395624,273651655
approximated_00367.owl_functional.owl,19977231,9121018,29098249
approximated_c0d3957d-6557-455f-95be-6d2bc562da88_one_record.rdf_functional.owl,17156869,3680696,20837565
90244d5a-e2d5-4a1b-b405-946d055047ff_oyPlaymate.owl_functional.owl,13708543,1403011,15111554
1c1bb546-5320-4c51-80d7-c3e7157cc5ac_terpro2go.owl2_functional.owl,1257750007,1539077742,2796827749
approximated_16525ef8-6b8f-4945-b991-ad5bbd1f2e1b_ing_pencil.rdf_functional.owl,70336269,3784062,74120331
17fc0f77-5dd7-4023-a389-ad7398d8327a_nt_xp_self.obo_functional.owl,46816692,11284933,58101625
b1fa7191-c918-4202-a23c-b3c7a8843536_TradeUnion.owl_functional.owl,73709739,1651838,75361577
approximated_49a57008-ccc8-451e-8072-32c9e85ad865_trCompound.owl_functional.owl,176248573,215895303,392143876
approximated_168b3169-b5af-42f6-b93e-b5aef12a4194_onto.rdf_functional.owl,87490337,4928469,92418806
approximated_803812f9-a7c7-4d42-a6c3-6d235b91fc78_odm2codo.owl_functional.owl,22402208,11251302,33653510
approximated_e52eb92f-6435-4cf5-9f64-7a2fbb5d93d1_0Instances.owl_functional.owl,46695970,2347626,49043596
5917bc2f-321b-43f0-a14b-566557356488_m_process.owl2_functional.owl,51642421,11059746,62702167
approximated_FMA-constitutionalPartForNS_ALCOI(D).owl_functional.owl,4201058038,12732496013,16933554051
approximated_d3ebc3b0-ee99-461a-bbda-3ff315aa94e4_schema.owl_functional.owl,23667829,10014257,33682086
approximated_42d1cf56-fd2d-49bd-a452-24910cf6c7d9_COSMOtop995.owl_functional.owl,483432504,856569199,1340001703
approximated_877e1ab4-884f-489e-b9b0-5b620ec7ef21_premises668_functional.owl,17202987,8219411,25422398
approximated_591b87da-2f33-43f6-96bb-073738cbfaba_concept.owl_functional.owl,17206817,9966265,27173082
approximated_0605ce0f-faf6-426a-b275-af15a9eccbba_cl.owl_functional.owl,346437356,843996357,1190433713
approximated_55c99860-51ef-43ff-aa5e-6d4de55690b5_siaemerged.owl_functional.owl,1170686837,3336830985,4507517822
approximated_7d0b4799-123f-41df-8ca5-b07918d6175e_ragm_valve.rdf_functional.owl,13343818,3705469,17049287
approximated_0e3e6c73-e566-403c-b18f-8856c222c222_y_cocktail.ttl_functional.owl,17332453,3651273,20983726
approximated_28151b62-da96-43cd-bf1f-f2f369945685_Workbench.ttl_functional.owl,15236135,3760823,18996958
approximated_kb-owl-syntax-unraveled-depth-4-cardinalities-disjointness-constant-classes-relation-axioms-value-nominals.ofn_functional.owl,670671642,1513712562,2184384204
approximated_1309411a-7d91-4264-a132-4a7512d8a563_moire_desk.rdf_functional.owl,12036704,4111707,16148411
approximated_88ab0722-23b2-4e92-a716-7eb2080789e3_phenCryo.owl_functional.owl,160102990,208762458,368865448
approximated_kb-owl-syntax-unraveled-depth-3-disjointness-constant-classes-value-classes.ofn_functional.owl,659120674,1520778100,2179898774
approximated_kb-owl-syntax-unraveled-depth-3-cardinalities-disjointness-triggers-constant-classes-value-classes.ofn_functional.owl,970571565,1554004227,2524575792
approximated_15a31bac-93d6-40e3-881d-78cbcc91f8c3_TOLOGYv102.owl_functional.owl,83584373,123512820,207097193
approximated_94a41d39-9b53-4254-addd-d7c84b948608_iss_cheese.ttl_functional.owl,10442081,4313969,14756050
approximated_95a0397e-5837-4800-9848-a7d8411919e4_ne_battery.rdf_functional.owl,14070631,4307572,18378203
00538.owl_functional.owl,13336764,2465102,15801866
approximated_00495.owl_functional.owl,80483547,131010757,211494304
approximated_1b77b238-0497-4666-89c7-af93b706ed69_VAX.rdf_functional.owl,16196034,3673497,19869531
approximated_6e1864f9-8c90-4f07-92ac-7e3b27cfd7d2_physElecMag.owl_functional.owl,68356733,124602728,192959461
76f32c42-ddda-480e-ae7d-d5bb3e6efc02_latest.08.owl_functional.owl,2245430786,760288649,3005719435
approximated_00028.owl_functional.owl,1392191410,2990425828,4382617238
approximated_11494eb9-a8f9-4de0-a5bb-505cfa39f6fd_e_software.rdf_functional.owl,12842928,3805298,16648226
approximated_0243f046-ca3b-4523-b4ef-29715268166c_Molecule_1.owl_functional.owl,429716584,752548828,1182265412
approximated_5d785baa-7329-4194-b0de-33ec4ac031d3_ohistology.owl_functional.owl,20818135,13319977,34138112
53c1e890-09c7-4789-a3e7-32a3d53dadbb_ntInferred.owl_functional.owl,15468654,17448528,32917182
1271751c-84eb-4d2d-b325-e27752da1578_zfs.owl_functional.owl,14115103,7145843,21260946
approximated_9d2b50a0-3f0c-44e6-b6b1-e35753ae431d_russiaB.owl_functional.owl,15064504,7632606,22697110
034dfba3-de08-41c0-a828-1e4fd9ffacfa_ct.obo.CURRENT_functional.owl,78586397,131780666,210367063
approximated_acd954bf-244f-4154-8b9a-7fff6fa47c9f_bib2.n3_functional.owl,9135632,4806620,13942252
approximated_kb-owl-syntax-unraveled-depth-4-cardinalities-triggers-constant-classes-relation-axioms-value-nominals.ofn_functional.owl,373697772,932468908,1306166680
approximated_0c7d3508-792c-4d89-9b00-beb5896619a7_eHierarchy.owl_functional.owl,18266662,8008603,26275265
approximated_0af07fbc-a273-4fce-af98-293f6b7c055b_Carrot_cake.rdf_functional.owl,14290352,3741221,18031573
approximated_812b4ad7-4cfc-4619-9be4-69a36ada470c_Burin.ttl_functional.owl,12381470,4172909,16554379
ace2e44b-ad39-4e38-bfe9-235e4a91441f_chebi.owl_functional.owl,408230742,930141536,1338372278
approximated_6c53262b-c33f-424f-99bc-348bb995a77b_hReference.owl_functional.owl,89532118,181120625,270652743
approximated_7372a035-ba2d-43f8-a26a-d5839f43a966_onto.rdf_functional.owl,17058843,5035113,22093956
approximated_9e1da18e-d6c2-45b8-93c9-cd05964fa627_DUL_v318.owl_functional.owl,18490882,10613325,29104207
approximated_4fbf88fc-3ea1-42ce-92c9-4d816a359068_obi.obo_functional.owl,111782624,248046331,359828955
approximated_2cd73d6c-923e-402b-b0cc-6f6893bede3e_Ingredient.rdf_functional.owl,14589568,3715771,18305339
approximated_kb-owl-syntax-unraveled-depth-1-km-relevant-cardinalities-triggers-relation-axioms.ofn_functional.owl,424085129,1078641134,1502726263
approximated_kb-owl-syntax-unraveled-depth-2-cardinalities-disjointness-triggers-constant-classes-relation-axioms-value-classes.ofn_functional.owl,718611632,1711262358,2429873990
approximated_3268baa6-91a8-4b4a-8386-1aab21635354_s_software.rdf_functional.owl,36336693,3785986,40122679
approximated_972c6928-9ea3-421e-b18f-b3892e0ca37c_emtopbforo.owl_functional.owl,13757948,11858267,25616215
approximated_8ba3ab14-633e-4373-80b0-212bede79143_cicero2codo.owl_functional.owl,35878954,15921999,51800953
ba597464-1575-41ec-938b-b8851ee0b1de_eKrankheiten_E_functional.owl,15828126,835469,16663595
approximated_3b00e0dc-b125-4a2d-b057-a25e683d978e_iswccompbib.owl_functional.owl,15249270,2172025,17421295
328d34b5-9818-4911-852c-0376c9ab7ec3_Journalist.owl_functional.owl,20054648,2243429,22298077
approximated_d9d082b0-543c-475b-93ec-fcaf4d491618_landFluvial.owl_functional.owl,72622142,141159834,213781976
approximated_cpro.computer-based-patient-record-ontology.3.owl.xml_functional.owl,15866141,9792905,25659046
approximated_kb-owl-syntax-coreference-IDs-cardinalities-disjointness-constant-classes-relation-axioms-value-nominals.ofn_functional.owl,905833990,2411508567,3317342557
approximated_0747f957-3fde-418d-adc2-366c2de266a7_Intel_Core.rdf_functional.owl,15756172,3660083,19416255
approximated_77484b57-9029-44e1-8626-a3a8916b420e_andGlacial.owl_functional.owl,134712885,215090054,349802939
approximated_kb-owl-syntax-unraveled-depth-2-disjointness-constant-classes-value-classes.ofn_functional.owl,683369436,1593812864,2277182300
approximated_e4a4088d-763a-484b-a356-d8e08c927180_Sinclair_C5.rdf_functional.owl,96352295,3815191,100167486
approximated_cc3bbb49-9b4a-4f83-8364-25ac064a31ca_onto.rdf_functional.owl,15655771,4934075,20589846
approximated_51dc9a74-664e-4ef1-8ab7-13350a0a3b4e_undry_ball.rdf_functional.owl,67002987,3768877,70771864
approximated_01ddc38c-7382-4fc7-8880-26b0d6239e72_Rauchkse.ttl_functional.owl,12883571,5567397,18450968
c3fe2a82-056e-491d-8add-360146dde493_atOntology.owl_functional.owl,72419738,1975835,74395573
approximated_e63ade70-0b13-45f6-bdae-c43f816f5e66_nvirImpact.owl_functional.owl,207318356,260976496,468294852
approximated_bf0757de-7674-4c09-a111-d318be2ee51a_schemaorg.owl_functional.owl,34803883,14179686,48983569
44b5dcbf-ec45-4d45-9624-d0e3ee77c6a1_onto.rdf_functional.owl,10923955,763145,11687100
approximated_00766.owl_functional.owl,46740133,93577671,140317804
approximated_kb-owl-syntax-coreference-IDs-disjointness-triggers-constant-classes-relation-axioms-value-classes.ofn_functional.owl,953269196,2167116420,3120385616
approximated_274821ff-becd-419a-83b4-f1ae3bde8631_Mop.rdf_functional.owl,4699277,3794678,8493955
approximated_kb-owl-syntax-unraveled-depth-1-triggers-constant-classes-value-classes.ofn_functional.owl,449689660,1170786434,1620476094
9944f33a-3e28-4dad-875c-de37c7fc28dd_ganisation.owl_functional.owl,21676089,1799756,23475845
approximated_bdf9de5d-1052-410e-b2a4-d077cd84152d_ked_cheese.ttl_functional.owl,11836449,3855658,15692107
af899fda-cfb0-49ed-b23a-2a0467d9eb73_fbdvsimple.obo_functional.owl,17055723,20580985,37636708
approximated_c8c7523d-017c-4818-a182-82975efde460_chem.owl_functional.owl,21514019,22079063,43593082
approximated_f7c3cfe6-5b35-46b2-88a5-fe7ae8fd67b4_realmSoil.owl_functional.owl,125519988,212410736,337930724
approximated_4b0357e5-15b4-49d7-838f-b27d306a374e_onto.rdf_functional.owl,17610293,3701102,21311395
approximated_26350832-437f-405a-b80d-90310ef0a0ba_Vocabulary.owl_functional.owl,21747680,19865535,41613215
approximated_0c22d7cc-e258-4c72-b6c1-ff0fd22c8b94_anzbrtchen.rdf_functional.owl,12458257,3857256,16315513
approximated_447b4abc-c437-4868-9932-c9c0e7ef8ac0_phenMixing.owl_functional.owl,138587943,210885250,349473193
approximated_00371.owl_functional.owl,614983624,1871866106,2486849730
0f78323e-4396-45c3-9059-dcacf396848f_wbbt.owl_functional.owl,295040680,722099222,1017139902
approximated_8ce4cf5f-638d-45c6-9b00-07897685b1ea_FN1.41.owl_functional.owl,67967674,7469445,75437119
approximated_74f11c74-d7db-498d-b15f-8a1e5c935582_Solvent.ttl_functional.owl,22938273,3840390,26778663
approximated_44ef69b3-d481-4355-b458-f4cca1cd5aec_onto.rdf_functional.owl,29567188,6657382,36224570
15642674-7893-4b0c-806b-8b7358526824_nbosimple.owl_functional.owl,24488516,42937337,67425853
approximated_5bd95963-91a1-481d-91bb-d461bcf442dd_de_l27Isle.ttl_functional.owl,10528575,3634778,14163353
449e618d-6e36-4068-b415-240b7e379d22_culusensfm.owl_functional.owl,636634097,1455611482,2092245579
approximated_341aee03-a6fe-4465-a8cb-7c563cec6943_protonext.ttl_functional.owl,23880519,36054561,59935080
approximated_da10572f-958b-45a7-a113-525434682a44_ssn.owl_functional.owl,20191065,14358497,34549562
approximated_9b5b7c07-18f1-4ace-baf9-b02ca2611539_iser_blade.ttl_functional.owl,13873529,3634535,17508064
01c6900c-64b6-43ca-b529-c83ea06637b2__component.owl_functional.owl,43753842,15628528,59382370
e6f5eade-7f0e-4258-b785-752a73da6f8d_ialairport.owl_functional.owl,110779153,14524315,125303468
approximated_27c7485c-d3ea-4664-af3c-e3ea13fd2ff1_ysPressure.owl_functional.owl,31714594,45766928,77481522
approximated_09fe783a-e2e5-4cae-ac98-2fd4607fd422_dtn.owl_functional.owl,18653808,6995408,25649216
approximated_27e139b4-1628-4510-8c38-ad95bea58a99_X87.ttl_functional.owl,15793882,3982083,19775965
approximated_d063c3bc-c3ab-42da-b94c-32aacd59deb3_a4a.owl_functional.owl,14582145,4175187,18757332
approximated_07fd1416-9e56-4bae-abc6-c67434fedd00_ganism_process_functional.owl,32086209,60439069,92525278
21ec3256-a2d2-425c-9781-80e266f491cc_us_anatomy.obo_functional.owl,46083022,80524038,126607060
approximated_012d8979-03c7-4b9d-b9c1-5e416f669e6a_Crayfish.rdf_functional.owl,10741042,4387988,15129030
approximated_c60d6497-cb91-40f0-ab4c-0313387481ec_TravelCNO.owl_functional.owl,19228359,13765160,32993519
approximated_ab48a29d-bf74-4c1e-8e9d-4165df148dfa_meGeologic.owl_functional.owl,135601494,217041990,352643484
de19df21-5965-45c8-98c1-3c548465cbc4_psimi.owl2_functional.owl,53162952,116918243,170081195
263f4269-6da5-4ce6-9a61-529f1571793b_ubcellular.owl_functional.owl,33803820,21855316,55659136
approximated_3da9d4db-08ba-4527-9af1-8af5cb29bce8_scro.owl_functional.owl,19168561,4544178,23712739
approximated_3af04830-8401-4ed1-b61a-98600dda85f5_complex2.0.owl_functional.owl,14185346,20454261,34639607
c013a770-9858-4879-85c4-f707812c6f81_Taxonomy.owl_functional.owl,13450941,5421318,18872259
507614f5-0606-4ee8-af67-c0ed815822c6_uosimple.obo_functional.owl,12499045,15934221,28433266
approximated_4fa00a12-df62-44ca-b135-d01a9258a358_Sword.rdf_functional.owl,11197499,3696172,14893671
18aea2c7-e745-4307-8206-d1aa4daa3224_rs.owl_functional.owl,87512224,247516947,335029171
approximated_3a069e05-be9a-445b-bc9c-837842280411_Apple.ttl_functional.owl,11788770,4320000,16108770
approximated_4a5aa7fd-91e8-4f20-9554-15f56b4c5c53_Duke081230.owl_functional.owl,26915725,3318702,30234427
approximated_59966f1a-3ce4-4240-88ae-56c3cf3ebcad_stateTime.owl_functional.owl,143167959,250733212,393901171
approximated_8afb1df6-8442-459c-aa0a-8b918992252a_opjk.owl.xml_functional.owl,22746022,6915611,29661633
approximated_0eaa74fc-399a-4eb5-a93b-0806f3c693ef_morphology.owl_functional.owl,149153945,205365159,354519104
approximated_00431.owl_functional.owl,32418658,27103107,59521765
approximated_2253263d-3b7e-48dd-9f9e-307a0d19ce48_ov20120724.owl_functional.owl,9187350,3780039,12967389
7b771b35-0f86-4b7d-ba71-034b180bf31f_SoccerClub.owl_functional.owl,17847563,2776577,20624140
approximated_12f929ce-75f3-4ff6-b82b-92306291ea16_harichthys.ttl_functional.owl,14586623,3771327,18357950
approximated_DMKB.owl_functional.owl,81872721,88766857,170639578
approximated_231ebb0e-eeeb-470f-bb3b-80a210de0426_Razor.rdf_functional.owl,96839325,3969934,100809259
approximated_2a4e15eb-a4d4-4318-83c0-ce1362efb391_Intel_80186.rdf_functional.owl,23316023,4372857,27688880
approximated_54ef5e1f-81ee-4c58-8bbd-b222addcec38_onkeymedia.owl_functional.owl,28735638,18843784,47579422
approximated_a94531a4-91cc-4698-87b8-e628f14518c3_IOLite.owl_functional.owl,82814992,17839495,100654487
0075a29f-7bd0-4861-8b22-65a2c25ec039_vt.obo_functional.owl,146305933,188972098,335278031
approximated_2e7972c1-50c9-4874-a3ac-9b15c0462b9a_Springerle.ttl_functional.owl,47315687,3630754,50946441
approximated_00556.owl_functional.owl,39838663,87341098,127179761
5c7199bd-89f2-4c65-8ea0-bca0502aaf97_ballLeague.owl_functional.owl,16069362,760968,16830330
15c26c24-6bff-496f-b6fe-49270e2598ba_meshonto.owl_functional.owl,600712916,1801158450,2401871366
approximated_7014f294-25ea-4ca0-9847-43ebbbbf9b50_schema.owl_functional.owl,18233742,9324054,27557796
approximated_667a63e6-5af1-412e-9043-b73b2479fc07_imitive1.0.owl_functional.owl,14398449,6710207,21108656
approximated_8064077a-4fb0-481a-8489-4bafb297e42b_tambis.owl_functional.owl,26910812,29711340,56622152
approximated_2741d264-4cea-45d9-81eb-1ea58876865f_Broom.rdf_functional.owl,13432893,3733618,17166511
approximated_80150995-a5eb-433a-b2eb-c4a8c4e13782_Conference.owl_functional.owl,24219111,5914133,30133244
approximated_3f47207c-7eef-4756-b676-9a5cc430c807_Ham_hock.rdf_functional.owl,27170893,3787646,30958539
approximated_4620d329-3cc3-45ca-8695-107e162b6ba4_Chocolate.ttl_functional.owl,12090589,4435065,16525654
approximated_89d9a26a-e15d-4e0f-94cf-cdb85965c7bf_OCC3.owl_functional.owl,507606194,250126754,757732948
49be9626-985e-40ff-a4f3-4b2b3ad7a4a0_classified.obo_functional.owl,60808990,148969435,209778425
approximated_8e4c018f-5a32-49bc-a8ab-db09bd67d826_ndTectonic.owl_functional.owl,135519332,247199243,382718575
c47304fa-a28c-4795-8dc2-c06654c4fe62_gicusensfm.owl_functional.owl,653861823,1447108831,2100970654
approximated_3ad00d64-a377-4eee-b24b-415c15dd6b40_illon_cube.rdf_functional.owl,15118018,3681868,18799886
approximated_3c1fb727-13c9-40aa-934f-c909cee24a76_Orographic.owl_functional.owl,138637758,247565320,386203078
approximated_e569e871-0395-4615-9e65-b01afccb1336_alResource.owl_functional.owl,135885866,219063591,354949457
approximated_89ca80e5-4643-4b46-8403-cc1e1329b2a0_onto.rdf_functional.owl,16284510,4567370,20851880
57cf3a27-ed27-402c-b634-0f7ae68d8d65_ecomerged.obo_functional.owl,18025565,13873170,31898735
approximated_023dca16-a3d1-478f-b3cc-b16120b226e0_zyWine.1.0.owl_functional.owl,21310235,16388271,37698506
approximated_7ca7d231-62c9-4f98-958e-24803ea0a5a9_Ricola.ttl_functional.owl,12199398,4171065,16370463
9a13d295-8ab3-46b6-b569-d485303b0e29_fix.owl_functional.owl,39046054,84081733,123127787
approximated_013ee5a1-63bc-4f12-92dc-04492eecbc9a_rus_05.03f.owl_functional.owl,2637846452,5355206407,7993052859
approximated_08cee650-215e-427c-9582-60e0c75394cd_family.swrl.owl_functional.owl,21511592,4087495,25599087
approximated_91351cc0-74a4-45f7-b10c-194c8476af71_finance.owl_functional.owl,13463237,13369351,26832588
approximated_kb-owl-syntax-unraveled-depth-1-km-relevant-cardinalities-disjointness-triggers.ofn_functional.owl,669132218,1587669417,2256801635
approximated_22b95e29-74ed-49e5-bfa0-4ff88d47904f_Enlarger.ttl_functional.owl,19929658,4643887,24573545
approximated_kb-owl-syntax-unraveled-depth-1-cardinalities-constant-classes-relation-axioms-value-classes.ofn_functional.owl,466740613,1186087773,1652828386
approximated_07ae1e72-6d16-4f8a-8a5d-bb730fe9b6f4_Bow_tie.ttl_functional.owl,16555112,3733748,20288860
2ca84707-732c-46e4-a101-2928a00da37f_lgcl.rdfs_functional.owl,36402890,71931104,108333994
approximated_747c721b-14b2-43de-94a1-770e0e712354_matrPlant.owl_functional.owl,136954685,248499591,385454276
approximated_4e9d6eee-cf20-4a02-bbed-5c587c282d29_onto.rdf_functional.owl,19714712,6624906,26339618
70668597-28d0-4179-9f74-8d2dd1b51bba_zfasimple.owl_functional.owl,118601414,287710978,406312392
approximated_12cc88b8-987e-4b15-8a46-2909d01cc984_EO.owl_functional.owl,159263886,26037864,185301750
approximated_0edd161d-aae5-4d5a-93cd-010c77e5fe44_Cone_wrench.rdf_functional.owl,62010322,4512491,66522813
approximated_1d75b1e3-7859-41ea-8628-0d155cd20e01_phenCryo.owl_functional.owl,155261104,252745907,408007011
approximated_f8206324-8607-422b-9b57-c94839469762_DP1.25.owl_functional.owl,23762224,3580553,27342777
866be4de-920f-41a0-9a5c-a2ff7aeedfdd_uo.owl_functional.owl,15435686,19167948,34603634
approximated_e333af9b-cc1b-427b-a38e-4f931e096a5e_cation0918.owl_functional.owl,14201194,5135539,19336733
approximated_281e7205-2283-449c-a78a-363a61515f51_nsion_cord.rdf_functional.owl,16038658,3849814,19888472
approximated_639e6600-cb72-4314-bb3c-2bbdcb97f559_old_cheese.ttl_functional.owl,12359626,3703610,16063236
approximated_fae65f4c-dcf0-400f-a943-5a2ce403d925_classified.obo_functional.owl,3257135295,7227687265,10484822560
approximated_e3a8112a-c481-469a-9fd7-ccce9d9a5737_Tape_drive.rdf_functional.owl,14598093,3714617,18312710
approximated_a7198a8e-84a3-47be-9cc6-c4e98cc3fc95_ianamerged.owl_functional.owl,5692902108,14617558027,20310460135
approximated_38744b24-af2f-4548-ba45-555484d05afc_onto.rdf_functional.owl,22441101,4892968,27334069
approximated_7e30ff6a-7e7b-4ce2-b472-a33aa683e95e_Coordinate.owl_functional.owl,143371184,245626185,388997369
approximated_d6402345-f94f-4226-a9f8-ee64a8182d16_onto.rdf_functional.owl,14196661,3703950,17900611
approximated_56b2d2ff-cf48-4280-b16b-6063f5f1518c_Smarties.rdf_functional.owl,12152970,3865815,16018785
approximated_9baab2c6-7cc7-42b6-8014-e3c786f21817_shing_line.rdf_functional.owl,14431160,3662019,18093179
approximated_c3f7d776-eca3-414e-9f27-5fb0c4665287_onto.rdf_functional.owl,19675744,4914353,24590097
approximated_869d4469-849c-474c-bdbb-428003d302dd_Marzipan.rdf_functional.owl,18332742,4051331,22384073
approximated_3ff97ec4-4ad1-41b8-906b-70a5fcef13d3_Laser.ttl_functional.owl,14797820,3720987,18518807
d373a56f-2522-4161-aad8-52a3741fc815_e.obo.PREVIOUS_functional.owl,218975498,674108681,893084179
approximated_09134c93-4af4-4336-99c2-74bbcd6d448b_matr.owl_functional.owl,134521623,209967284,344488907
7bf54418-b87a-493f-84f6-9ef2c312dda1_nsequivmod.owl_functional.owl,1660715190,1219359560,2880074750
approximated_c01f3dd3-56f5-49f6-b77c-bd89a529c3cb_Phenom_II.ttl_functional.owl,77704888,3801640,81506528
e6399cef-5126-4626-93f9-86a85260af1b_mesh.owl_functional.owl,9096585671,25249543745,34346129416
1616782f-99dc-497f-afd4-38f4cc4229bb_my.obo.CURRENT_functional.owl,56809407,115879686,172689093
approximated_00504f28-30ed-49ad-b3d5-fb0983076961_Microdrive.rdf_functional.owl,11356540,3927387,15283927
ebe1876a-3917-4ca1-bb67-6e018a07b5b8_tableprimitive_functional.owl,14146481,7906587,22053068
approximated_987dc2ac-8fd8-4387-9524-5a2eb19a939c_OC4.owl_functional.owl,399267827,198055333,597323160
approximated_22feb293-c539-4092-8656-d82d3074f64f_te_couture.ttl_functional.owl,89886745,3648166,93534911
c28df9d6-9b82-40e9-9108-28653111c9e6_IAO.obo_functional.owl,23785032,5504991,29290023
approximated_2df59b00-e3d7-4b16-bce9-694e7bcf0899_myspace.owl_functional.owl,83903274,7838230,91741504
approximated_23c96a34-e03f-4334-bd82-594c765f7886_ping_knife.ttl_functional.owl,77436514,3715595,81152109
approximated_pco.population-and-community-ontology.10.owl.xml_functional.owl,44632748,114381483,159014231
approximated_ea5cffcb-e836-4892-a2e2-12d0d6458614__qudtv1.01.ttl_functional.owl,99144791,10054004,109198795
approximated_00378.owl_functional.owl,3747893794,4324848121,8072741915
approximated_00639.owl_functional.owl,31434253,32004059,63438312
approximated_49d33387-b9ee-47bd-adff-90c411dd8749_tegoryFiletype_functional.owl,16114909,1817938,17932847
approximated_16df653b-97f8-4d9b-924f-2fc232cf901d_ible_steel.ttl_functional.owl,15672083,3696916,19368999
approximated_5fcb6f5d-eda5-4d84-a834-e473b04f428d_920_v0.920.owl_functional.owl,21149032,30179253,51328285
approximated_015e0fd4-bede-40a3-8406-3dfc6fc6a8dd_all.rdf_functional.owl,23209742,27539281,50749023
asdpto.autism-spectrum-disorder-phenotype-ontology.1.owl.xml_functional.owl,16701775,14779619,31481394
approximated_kb-owl-syntax-coreference-IDs-cardinalities-disjointness-triggers.ofn_functional.owl,854040719,2222551798,3076592517
approximated_d2b0cb15-5d7f-4782-8966-9e679ce1f039_hOperation.owl_functional.owl,44590928,19387930,63978858
approximated_kb-owl-syntax-unraveled-depth-3-cardinalities-triggers-constant-classes-value-classes.ofn_functional.owl,398950395,1029402124,1428352519
approximated_f2283d50-56f4-4660-8e5f-a016753cca10_Production.owl_functional.owl,21078691,12399236,33477927
approximated_idoden.dengue-fever-ontology.6.owl.xml_functional.owl,118847402,301864508,420711910
approximated_00609.owl_functional.owl,14790849,3869150,18659999
approximated_00485.owl_functional.owl,124770462,285808841,410579303
d31b8bc3-dac3-4a99-9ca4-091647f37eb5_ologies_bridge_functional.owl,271388941,700733449,972122390
2cfefb4c-d1a5-4e4f-9007-7eebddcc3a38_ss_xp_self.owl_functional.owl,37564427,11022008,48586435
approximated_aa9a572c-5499-432b-9028-c291eb28ef7b_tsors.owl_functional.owl,27910422,19820677,47731099
approximated_521a2aac-0666-4be2-a32a-39a8d855a964_Frikadeller.rdf_functional.owl,12526049,3725605,16251654
approximated_8eeb7087-a720-4abe-89e2-90c10f7248ff_er_Printen.ttl_functional.owl,9437770,4411817,13849587
approximated_04c8db98-3799-4369-9273-60e96e4d1981__converter.ttl_functional.owl,11113759,3816877,14930636
approximated_018599de-413f-460d-9d21-864172b46e6b_ale_Cheese.ttl_functional.owl,13453643,4282643,17736286
approximated_1e9f85c5-8420-4fa2-965a-1f2fa950bc42_Whisky.rdf_functional.owl,15925844,3708929,19634773
approximated_85282586-6440-4147-b138-33ab8d915dff_Brs.ttl_functional.owl,14798147,3741995,18540142
approximated_45646e5a-0d5e-4cf2-a4e1-11c272d9339c_a_20110201.owl_functional.owl,2524790501,224185059,2748975560
approximated_49e32b9f-7972-4153-968c-973c155a8c89_ing_camera.rdf_functional.owl,16648396,3715313,20363709
2f45f5a1-5218-458e-8080-13fb462cde90_RuleML2009.owl_functional.owl,14370058,1072186,15442244
approximated_00657.owl_functional.owl,102727703,206679573,309407276
approximated_diagont.diagnostic-ontology.1.owl.xml_functional.owl,14030715,5610569,19641284
approximated_82fc42a0-5789-4e34-b68a-17c8feab0c9f_nductivity.owl_functional.owl,140052741,249242485,389295226
approximated_bcfe7bab-1eff-46af-8bde-76916ee9e109_pingChiang.owl_functional.owl,91892411,11194514,103086925
approximated_21d0e630-2b92-4004-9eaa-4df0e401509c_Gum_arabic.rdf_functional.owl,12238732,3992935,16231667
approximated_eafed82f-bce3-4472-abdb-0fed447e4480_complex1.0.owl_functional.owl,38125125,72892170,111017295
approximated_16c5632f-b014-4ff6-a7b8-7ff7def81ac9_mssoftware.owl_functional.owl,35860746,37286204,73146950
approximated_54b7dcde-1356-4d21-bee6-ff88a6865384_enAtmoWind.owl_functional.owl,135938017,211879223,347817240
approximated_945bb773-0cf6-4352-abf7-7f54b5d99bd6_education.owl_functional.owl,14886555,8174747,23061302
approximated_3000df9f-18a0-4fc6-a595-a8aec5fdf563_ne_monitor.rdf_functional.owl,12039839,3767141,15806980
approximated_12ee946c-410c-4ff7-ab62-9bad74cf4ba3_bar_switch.ttl_functional.owl,12883488,3645484,16528972
91eab472-562a-4fc9-823a-ad334aeebc37_i.obo.PREVIOUS_functional.owl,76082463,109463621,185546084
fc15c388-e34a-4fc7-a665-07df021957b5_zfs.obo_functional.owl,13966120,6980718,20946838
approximated_5c5472da-f4f3-43f1-a75b-7f66d3273fcf_Flashlight.rdf_functional.owl,12348300,3806886,16155186
approximated_3b292cb4-dcf6-4cb1-9b4e-cd42fdd43da7_oStability.owl_functional.owl,94164618,203957262,298121880
approximated_652ba424-0679-4917-a091-ed2edb9b08a1_emistrycomplex_functional.owl,43459613,83580434,127040047
approximated_42a9f0ea-d01f-4fa6-bf78-10c746418590_Shark.ttl_functional.owl,14323808,3925839,18249647
approximated_40375844-cf95-46d4-9c5a-c49417fc3a11_onto.rdf_functional.owl,16926193,4660040,21586233
approximated_kb-owl-syntax-unraveled-depth-4-cardinalities-disjointness-triggers-relation-axioms.ofn_functional.owl,644831526,1400705563,2045537089
approximated_9509647c-5552-4239-953f-a183d0a04a6c_atmoFront.owl_functional.owl,125299669,218308187,343607856
approximated_sweet.semantic-web-for-earth-and-environment-technology-ontology.1.owl.xml_functional.owl,195260116,332926380,528186496
approximated_00631.owl_functional.owl,57378031,142121326,199499357
approximated_6510a030-3103-4cec-ad79-e0e9137cd17e_maontrev30.owl_functional.owl,11821014,4705807,16526821
approximated_4d33c383-02da-4ca9-aa45-1438103f9f33_onto.rdf_functional.owl,9893728,4209826,14103554
approximated_e2bbd7df-80ac-4aa5-9c80-ac21a8bb7ee7_SAO.owl_functional.owl,30469086,51990742,82459828
approximated_161e0e35-344d-4665-aa70-8fa9193a9eb7_SpaceScale.owl_functional.owl,129378319,210785111,340163430
approximated_c32c3281-871a-4147-b037-81fe2a0ad14d_so.owl_functional.owl,55768492,124519782,180288274
46793b6a-fac5-4e9a-83e3-0092c9509223_mo_sapiens.owl_functional.owl,444299557,1068372972,1512672529
approximated_1d32c9c1-93ae-49bf-a5b3-34e8780a80b1_Trout.rdf_functional.owl,14038711,3641939,17680650
approximated_f09e3b70-1fd6-40ec-b82a-01d3f28fba72_complex1.0.owl_functional.owl,16287527,7181154,23468681
0a314cbc-3ffe-4f6e-b6a5-cae94a760fbb_Settlement.owl_functional.owl,13081527,1032465,14113992
approximated_d4af5918-ea4f-41f6-af2c-1aac74993011_RIMDatatype_functional.owl,15323730,11013757,26337487
b6afdcae-e903-4495-a590-aa910d96f6e3_latest.04.owl_functional.owl,1718699566,1945346847,3664046413
6ab72720-f117-46bc-9cb6-56b7ea4dcae5_FTTv01.owl_functional.owl,32232095,63021153,95253248
approximated_ff8b7790-3d45-4b79-b92e-96f590dc8971_Design.v12.owl_functional.owl,18720777,7631596,26352373
approximated_1e574289-de70-4647-9fe0-5ee8eaf3d0da_2009closed.owl_functional.owl,1.26789E+11,8816329117,1.35606E+11
approximated_9c301ecf-a0f8-442d-9b4f-04a091bfd3be_XPOMay2008.owl_functional.owl,18218645,8825876,27044521
approximated_f8149d7a-961e-4bf5-8f49-1878d849510b_raction_02.owl_functional.owl,13612838,8707093,22319931
79b66c5b-ecd0-4f51-b55b-ce6c60cee9f9_lontology.rdfs_functional.owl,18534296,12644527,31178823
approximated_7a6061b9-9831-441e-8f0c-e846ad50ea4c_omposition.owl_functional.owl,29227902,40234039,69461941
approximated_03492129-24e2-4f25-aae6-c39c10fb53a9_ganisation.owl_functional.owl,15415173,5576707,20991880
approximated_479b0fdb-14cd-49c8-9ff2-0949cf9b7af0_bilasimple.owl_functional.owl,9797895,5874384,15672279
approximated_0f1dd268-7c91-46fc-ad91-1a9d94547ff4_alontology.owl_functional.owl,31869228,29705555,61574783
cc86f13b-a23f-4d5d-8207-43cb072de4bc_actpathway.obo_functional.owl,442578400,925057860,1367636260
approximated_3fb3e4a6-34cd-4f68-9a92-b6b893afef3e_ompoundcomplex_functional.owl,16129474,8063490,24192964
approximated_7d8395a3-d35d-43d8-8e74-80ae639ae514_edgehammer.ttl_functional.owl,16392920,3658642,20051562
approximated_9dd7d0b1-36b3-4675-b677-0f3a8cd53e51_propEnergy.owl_functional.owl,144293271,222350771,366644042
approximated_62c5062d-1749-47e7-987e-3a3cf4778c43_ienceOWLq2.owl_functional.owl,35263530,14032974,49296504
approximated_0e7c85d3-5d17-454e-8177-a833127d9c0e_wine.owl_functional.owl,18028119,7833214,25861333
approximated_537fe49e-78f4-4fe6-8369-ce284618d3f7_Intel_8086.ttl_functional.owl,17039603,4556666,21596269
approximated_354ab018-6e80-403d-84e6-b2ce50ce77f0_Paracetamol.rdf_functional.owl,13292549,3863316,17155865
approximated_52407ffc-afd6-48e3-a571-9cedd7e1f570_anDynamics.owl_functional.owl,146791594,225832551,372624145
approximated_9a00a97b-7bf6-4dec-949f-bf67cdb168b4_ing_tackle.rdf_functional.owl,18144801,3686986,21831787
approximated_16a5ab76-3e14-4e45-a9f4-43f5e0e18752_Chimney.rdf_functional.owl,14817469,3854365,18671834
approximated_00159.owl_functional.owl,16493596,15456555,31950151
6f8b3993-cb48-4086-9de1-49c6cb162684_onto.rdf_functional.owl,12058510,1794572,13853082
0d0326ee-0d02-4ec8-9bf5-e05ecbf8927f_OpenDrama.owl_functional.owl,13768544,15084977,28853521
approximated_5217a66c-ae9d-4ea3-9d72-02c7a9b33f70_Side_dish.ttl_functional.owl,13070575,4036443,17107018
approximated_5e4df32d-fbe6-4e5a-be1b-68d0755c913b_oo_fly_rod.ttl_functional.owl,15356281,4019836,19376117
approximated_4d4540f0-f8ad-44af-841f-decc2c585fff_Scientific.owl_functional.owl,15902335,4402192,20304527
1461812b-66ba-4f90-b63e-5a4060c71558_dioStation.owl_functional.owl,17093806,2509864,19603670
approximated_30b1e06e-031b-4325-84d8-2993eba83fb5_wena_bread.ttl_functional.owl,18045209,3762938,21808147
approximated_kb-owl-syntax-unraveled-depth-4-disjointness-triggers.ofn_functional.owl,663223450,1299469827,1962693277
approximated_19bfda4d-1bd0-490b-91b8-a5740891fe29_le_grinder.rdf_functional.owl,10484821,4186590,14671411
approximated_c94dceec-e4b2-444a-a2ca-af0cddd0391f_ed_vehicle.owl_functional.owl,52776050,18673791,71449841
approximated_1b7aee41-fe50-4f81-bfd2-69a5d50b862f_xml_v0.1.owl_functional.owl,13721331,1957693,15679024
3890b6af-c334-4d2b-97fe-59535381685c_classified.obo_functional.owl,267662161,570770622,838432783
approximated_5609dbab-ccd2-414f-8634-ac95e4829a2f_ontopic_v14.owl_functional.owl,29053919,23571350,52625269
approximated_6a7bc509-ae87-4a44-bcf9-6abbcce71d34_a_20110127.owl_functional.owl,57459676,9681759,67141435
approximated_bdc0c12b-3716-4954-ae1b-faab5f034833_etourism.owl_functional.owl,16405530,4249159,20654689
c6d2f80f-d475-4e13-9eaa-a98b8f2414c4_Fish.owl_functional.owl,15149985,1782824,16932809
approximated_33f0ca8f-6ed1-4d05-a0b0-9bcdf6f2a301_Buccellato.ttl_functional.owl,14309255,4022642,18331897
approximated_7b169a03-e1b7-4bcf-bd9f-ffa92fc63db1_activities.owl_functional.owl,24310059,19844259,44154318
approximated_00b8d6b8-6469-43dd-8422-720763b32c3a_Harpoon.rdf_functional.owl,16193630,3710274,19903904
approximated_329320d0-ea26-491d-9f05-1496ce3ae94e_Simit.rdf_functional.owl,11218856,4481438,15700294
approximated_9d243478-e723-4f3f-87a6-74e44723926f_propIndex.owl_functional.owl,139891170,249050886,388942056
approximated_0dcd1ab1-db01-4e7b-9c92-f6a021cd4e0d_onto.rdf_functional.owl,10785563,5337021,16122584
666b4d97-55a5-4611-b22a-60d97d6a45c8_onto.rdf_functional.owl,12172189,645278,12817467
14a56bda-2c24-4a1e-8a7b-51c58eab38e0_i_taxonomy.obo_functional.owl,24877262920,51660805736,76538068656
approximated_3490dc00-3d83-422d-ab5e-ae16aa638378_graphrules.owl_functional.owl,28271958,9471054,37743012
e39dad8c-77b2-44bd-b5fe-a57de334a5ab_PICO2.owl_functional.owl,19135918,11857704,30993622
approximated_9fefd6bf-5ce4-4ba3-8333-ab079add9694_dimension_functional.owl,14949444,10025789,24975233
approximated_00385.owl_functional.owl,39439522,61245078,100684600
4e8485c1-e686-4df9-ad50-72ec36a95dad_Actor.owl_functional.owl,13425185,1527646,14952831
approximated_1379b30f-b808-414c-bcc4-0aa30c680672_eLearning.owl_functional.owl,11704110,3352245,15056355
approximated_245172fe-2a40-4d81-af82-e3a6f974050e_Zwieback.rdf_functional.owl,14646488,3759661,18406149
approximated_3396d2a2-870c-4f8b-9a4f-eba9dfc20c1d_Texas_rig.ttl_functional.owl,12545228,3939099,16484327
approximated_96ee14f4-2089-4f32-95ca-fe1433707bd4_food_functional.owl,36564338,16162532,52726870
8cd3e7ca-e898-485e-9fbf-e7c43bd5edd5_chebisimple.obo_functional.owl,1323041965,3464036280,4787078245
approximated_acc233de-8277-46fc-b5f4-6f9941bb5dce_ingmachine.owl_functional.owl,48196671,5954788,54151459
approximated_7b005a6a-239b-45a9-a5f2-582c2398f216_uegal_pitu.ttl_functional.owl,13847305,3914337,17761642
approximated_kb-owl-syntax-unraveled-depth-3-constant-classes-relation-axioms-value-nominals.ofn_functional.owl,505126242,909804087,1414930329
approximated_7b9261f8-3ecb-4340-9bb3-effbc28c41fb_nStructure.owl_functional.owl,22155641,21826615,43982256
approximated_1707b776-2d97-4f5d-9720-a1a2adcaf5c5_IMac_G4.ttl_functional.owl,13856936,3950179,17807115
approximated_50849cb1-d1f5-4be9-b7e0-88580189351e_brenda.owl_functional.owl,143756106,347997219,491753325
approximated_01bb45bb-9a9a-4854-97c8-57f9bcfc0ea3_eryContext.owl_functional.owl,17950925,5653576,23604501
approximated_d5b7cf05-fab9-4dec-9a97-61cfba514a23_esg.owl_functional.owl,35614743,9312468,44927211
approximated_9222baa4-74bc-4195-a2a1-c226076b2fd3_region.owl_functional.owl,29975892,4603928,34579820
approximated_56911df0-829a-4bb1-a4ef-c89ab846aff8_imitive1.0.owl_functional.owl,12714973,7507848,20222821
approximated_1bbca25a-0aa8-4cc0-acbf-3634ed453ae5_UBERON_functional.owl,473118596,1202445195,1675563791
approximated_815fd0af-397b-4668-8847-27d1abca3d6b_Bisquick.rdf_functional.owl,12932762,3946304,16879066
approximated_5a64c2dd-df27-44b5-8e86-b8abd468a047_mergedtbox.owl_functional.owl,2570012348,6416704062,8986716410
approximated_dd68603b-5da7-46aa-a92f-7b3d88f9eab5_netClimate.owl_functional.owl,143663354,252752549,396415903
approximated_741ec27e-9cd1-463c-9765-fd849979b35c_ast_Hawaii.rdf_functional.owl,10156779,4051275,14208054
approximated_b3a4a488-80b0-4367-8d68-bee90dfaaa6e_ossAnatomy.owl_functional.owl,88764439,144399599,233164038
approximated_07a910c7-e3c4-43a3-8a59-305cb58f0513_progetti.owl_functional.owl,25915605,9775006,35690611
approximated_4235bb59-aea7-45ff-a6b7-9d844b526f79_anRotation.owl_functional.owl,152607580,223274813,375882393
approximated_00637.owl_functional.owl,15957456,10412782,26370238
approximated_34792309-f5b3-4c6e-8a29-7828bafc4461_vertebrate.owl_functional.owl,1271379191,3332839992,4604219183
approximated_246322b9-8192-41cb-94e4-e89098f22817_Cocoa_bean.ttl_functional.owl,16360338,3747970,20108308
approximated_125cba31-9c30-44b3-a79a-4d9046582bf8_erg_cheese.rdf_functional.owl,12443874,3704876,16148750
approximated_e1495808-eb85-48d2-af88-dbde30c99c19_AX.owl_functional.owl,9528329,5102793,14631122
approximated_5639ee2f-8a3e-4de7-be88-8e1ba6cb0538_Rex.owl_functional.owl,13261708,5139986,18401694
e0a109c2-83f0-4d25-8cdc-f8068804dbb2_rsimplegaf.owl_functional.owl,1746012535,3716757379,5462769914
approximated_213d52f2-05f9-42e3-b828-d948795cd42e_rPollutant.owl_functional.owl,84925344,157465441,242390785
approximated_34655bb7-94fb-44cb-89d6-57c1d5d888f0_Meat_hook.ttl_functional.owl,13414390,4004573,17418963
approximated_kb-owl-syntax-unraveled-depth-2-disjointness-triggers-constant-classes-relation-axioms-value-nominals.ofn_functional.owl,702470982,1732037503,2434508485
approximated_3e5d6a4d-f39f-4f97-bfec-581b134cb875_CVAX.ttl_functional.owl,15167527,3677572,18845099
approximated_dc348799-c845-4053-9001-4f0219f19f46_phenCryo.owl_functional.owl,135562271,224483311,360045582
approximated_kb-owl-syntax-unraveled-depth-2-constant-classes-relation-axioms-value-classes.ofn_functional.owl,417281584,1044656041,1461937625
approximated_gfo.general-formal-ontology.1.owl.xml_functional.owl,9579109,4873586,14452695
approximated_69053d2a-5eb1-41ad-88d1-3e72684e0bb5_family.swrl.owl_functional.owl,16077301,3522058,19599359
approximated_3d8fd997-6f54-481c-ae2c-1f33a9359e49_OWN.owl_functional.owl,1797289181,3893047928,5690337109
0d55b00e-1007-4901-ad21-f380ece0f54a_pe.obo.CURRENT_functional.owl,49281609,115331629,164613238
approximated_b6492426-af63-4e8b-85de-0b8c0bdb2d47_Mint_sauce.ttl_functional.owl,16216953,3648832,19865785
approximated_e6b9ec7f-c038-4970-9081-c2b1c474c365_qosont2.owl_functional.owl,24897529,21993076,46890605
approximated_ce84853d-02a9-426d-a0a9-67431813c944_9noclosure.owl_functional.owl,1066961947,66102208,1133064155
987e6363-3476-4721-93f1-00410aee9c1b_OMAL_1.2.2.obo_functional.owl,149374747,163569259,312944006
approximated_1353423e-eadf-431d-80b8-954ff7a8d7ac_WizFolio.rdf_functional.owl,89418612,3833378,93251990
approximated_4a024b1c-5e8f-4013-986d-9924527d95ec_sicrenamed.owl_functional.owl,68627810,4599411,73227221
approximated_243647fb-9967-4c2c-b2b5-882c7d8cead5_Cup_cheese.ttl_functional.owl,30726737,3658586,34385323
approximated_50fe2124-bdfc-48e2-82a3-d196e904fdba_zeitssuppe.ttl_functional.owl,22112866,3725534,25838400
167f1c6f-cbd0-4125-8c6f-2aa8fe633125_fypo.owl_functional.owl,699405468,867473024,1566878492
kb-owl-syntax-unraveled-depth-1.ofn_functional.owl,952591926,646722844,1599314770
approximated_b04ff453-b305-4b3b-91a1-4814a11b9a3c_ionObjects.owl_functional.owl,35971011,22930612,58901623
approximated_1b396a4a-3993-442c-8733-2f8e6f09f7a4_ments_View.owl_functional.owl,32210792,36236628,68447420
approximated_13ef84d7-c750-4c57-93ce-5cec2a14a564_.upload_cfg.owl_functional.owl,11042408,4479556,15521964
approximated_ee940636-1579-4735-946b-baaf38d8efba_asfarttbox.owl_functional.owl,353403883,775504797,1128908680
08d5f44e-5e8d-498f-ab9c-ecdc7d27565e_evelopment.obo_functional.owl,16997919,9252206,26250125
approximated_00021.owl_functional.owl,40607574,25556870,66164444
approximated_kb-owl-syntax-unraveled-depth-3-constant-classes-value-nominals.ofn_functional.owl,512264225,904248744,1416512969
approximated_58e02375-27c3-4993-b450-34eee47abe5c_mbDelivery.owl_functional.owl,14420811,4955783,19376594
approximated_6a60071f-a461-4ca3-829c-14adc9882e5a_WLq_Agosto.owl_functional.owl,36279513,14372168,50651681
approximated_00002.owl_functional.owl,39009155,64264939,103274094
approximated_084f56a1-47ae-4d0d-af55-86c260e02485_Pizza.rdf_functional.owl,19109819,3831500,22941319
approximated_GALEN-Full-Union_ALCHOI(D).owl_functional.owl,1070614124,3278267578,4348881702
approximated_24306c71-002e-474e-88c4-da4380d32205_ng_machine.rdf_functional.owl,9601330,4222784,13824114
approximated_aeaf5965-86f8-4edc-a5bf-10efcff4f5a0_cledit.owl_functional.owl,304111148,831876612,1135987760
5b3ce453-8b90-4051-b6f4-482fe3ad3e38_Insect.owl_functional.owl,15981452,1561312,17542764
c0182795-ffc7-4be5-8ab3-0e7ee99bcc21_onto.owl_functional.owl,15617375,3263584,18880959
approximated_kb-owl-syntax-unraveled-depth-0-cardinalities-triggers-constant-classes-value-classes.ofn_functional.owl,151247633,394774422,546022055
4cc35b83-261c-4cfb-9e10-b353b5e8f8e5_ehdaa2.obo_functional.owl,308465049,683044142,991509191
approximated_c70b2123-5447-4c39-b212-f44f399c7cdc_DMKB.owl_functional.owl,88316862,86210997,174527859
8ee7a7f5-ad8c-4ac5-afbe-207e3ff285c8_HARMONISE.owl_functional.owl,21170925,4742670,25913595
approximated_ae818388-bf1a-4b08-9f59-0f6458ec4539_mygrid.owl_functional.owl,31773031,43245758,75018789
approximated_1669ff51-75d6-4075-98c1-03d415d1422b_ing_system.ttl_functional.owl,16927193,3840614,20767807
747ab064-025d-4c21-945e-10d52abb1f07_NIFQuality.owl_functional.owl,20293206,8256538,28549744
82418f21-2ce4-44ca-92f1-450cf2661732_plants_TREE.owl_functional.owl,25160930,34415809,59576739
approximated_0e8872ce-6f5c-4858-8df5-e6ea8b06c528_ian_cheese.rdf_functional.owl,10566210,3793578,14359788
approximated_3c2dd1bd-ae24-4fb3-82e6-7e114c5cb78b_im_candida.owl_functional.owl,10822322,6223843,17046165
approximated_04f334ef-77bf-4983-af51-ed5315a9269b_Complexity.owl_functional.owl,142285695,252855364,395141059
approximated_0b4a1363-7f15-46b3-9ce7-1b3a070dea4f_torDefault.owl_functional.owl,16611520,7019584,23631104
approximated_41656d17-da24-4bac-93b2-c727ffe57f49_Tomar.ttl_functional.owl,16513973,3853805,20367778
approximated_abfbfdc6-9ba4-4d93-8d1d-e3b30977a3e4_ciocavallo.ttl_functional.owl,11882491,3655493,15537984
8a65d389-a1ff-48a8-ad55-536a84c709a2_ish_label.rdfs_functional.owl,24396636,6326723,30723359
dermo.human-dermatological-disease-ontology.8.owl.xml_functional.owl,87756569,211480916,299237485
1b104481-2d27-43b4-86a3-98e6b2fdd413_fbdv.owl_functional.owl,93166419,21858657,115025076
approximated_c35ee686-bad3-4367-a7c2-e1d611dfa1f7_premises206.rdf_functional.owl,61213449,3884447,65097896
81ed4d0a-020e-414b-b2aa-6746f0ea6aa1_visionShow.owl_functional.owl,26796723,3411251,30207974
approximated_eb3b9e5c-614a-4982-8ff4-46e69e5205b5_DeTiroides.owl_functional.owl,78524270,7132950,85657220
032ec1a0-864c-48d8-b381-cf2a152ec49a_oc.obo.CURRENT_functional.owl,92988145,50558577,143546722
approximated_5599441e-9bd5-4094-a4ce-3a21234c7c4a_virControl.owl_functional.owl,360316167,241142925,601459092
approximated_ba5675e9-83c4-4891-b502-28bb51c65038_tionAction.owl_functional.owl,19004306,12338627,31342933
approximated_natpro.natural-products-ontology.1.owl.xml_functional.owl,3946307129,6360945401,10307252530
286d7baf-6865-420a-bbf8-61994be40c28_it.obo.CURRENT_functional.owl,30096412,66253363,96349775
approximated_185aac3e-dc0a-4213-8ec1-03016e933276_KCO.owl_functional.owl,19285040,20242267,39527307
approximated_ced7b027-ea39-48a0-92b0-809446fc721f_region_functional.owl,30483295,4703618,35186913
approximated_10c4edb6-ecac-4dd6-a4e5-046f5cec52a3_software.obo_functional.owl,42909850,78254766,121164616
approximated_094c9196-fdfb-4d25-97f8-2498deeddf0c_onto.rdf_functional.owl,11943084,5013975,16957059
approximated_6b5ddca6-2f72-4dca-9ce5-c95c5dbc391a_re_railway.ttl_functional.owl,11169667,4022205,15191872
approximated_39232cfd-d53a-4f35-999f-62023c7af553_Rodoric.ttl_functional.owl,16383128,3634136,20017264
approximated_7176f8d9-aa7d-46a0-b860-f053877b4115_Voigt.rdf_functional.owl,15559753,1965759,17525512
approximated_3aba9405-d20a-4dd2-85cd-59fa658cc22a_fbbtsimple.owl_functional.owl,419763786,1159896348,1579660134
approximated_421e3867-671a-4993-878a-19292f779c62_ZX81.ttl_functional.owl,19215272,3915596,23130868
approximated_42fd199e-4475-467d-837f-b3aa8ce1dacf_Map.ttl_functional.owl,11709366,3691902,15401268
approximated_4c27cb58-96fd-42b3-8b35-8f05384cd32e_syntaxlink.rdf_functional.owl,29706600,57526251,87232851
approximated_ddcbc02d-ed1f-414b-babd-9ffb4029f51f_sio.owl_functional.owl,41237728,82356584,123594312
approximated_0e662bf3-f86f-41be-baab-cd4265cd3126_dacts_v0.3.owl_functional.owl,10493043,6702922,17195965
approximated_95e643e8-e7f6-4acb-921c-315cf79101f6_demosession_functional.owl,19265715,9087824,28353539
approximated_b8dc042b-00a2-4f2b-9d8e-3347696b7b4e_PaulFisher.rdf_functional.owl,11854492,3232945,15087437
approximated_5ca137b1-1090-44cb-8278-1cfdf4fe69ca_Debugger.ttl_functional.owl,13059680,3794758,16854438
approximated_52f7ba29-6e5f-4307-b8be-ab1e8358120d_Kajandu.ttl_functional.owl,18016353,3724179,21740532
approximated_add1ee06-fc85-4e8c-99e5-317a499aac30_nvirImpact.owl_functional.owl,132840571,212970256,345810827
approximated_b5f40c6c-94c8-4019-9a27-36bde08e042b_im_generic.owl_functional.owl,10925111,10982279,21907390
approximated_2884f6d8-a9f0-474b-b953-4c0b2ce77022_Duxelles.ttl_functional.owl,9881486,3727905,13609391
approximated_288eb1d2-7fe1-4c95-9fab-229c780fa5ce_Egg_barley.ttl_functional.owl,12152505,3825652,15978157
approximated_DMOP.owl_functional.owl,62490664,85342601,147833265
approximated_0debda66-e525-440b-8390-ddac9d19e104_Turbine.rdf_functional.owl,10097355,4019803,14117158
approximated_70c07f2d-cdc2-4cbc-b617-35e0c20ce3a3_Aplicacion.owl_functional.owl,134321160,25980096,160301256
approximated_3f166081-d518-461c-8c29-02f39e7e85bd_tic_device.rdf_functional.owl,13651174,3817224,17468398
approximated_kb-owl-syntax-unraveled-depth-0-triggers-constant-classes-relation-axioms-value-classes.ofn_functional.owl,154020938,403291422,557312360
approximated_9ddc9cf1-de91-4aa0-83e9-eddbb93da8ac_SystemsLite.owl_functional.owl,20445337,19572156,40017493
approximated_8892c4b5-f18f-4022-843c-7616064caf42_Film.rdf_functional.owl,14322742,3718521,18041263
approximated_00465.owl_functional.owl,19984144,20748339,40732483
440cc70b-177a-4428-bf83-1687e6d7dd8c_EthnicGroup.owl_functional.owl,15924944,2585241,18510185
54a1eeb1-b97b-47b0-8f54-ddcb3e7c74ba_onto.owl_functional.owl,11839134,7235376,19074510
approximated_00697.owl_functional.owl,218278938,522141552,740420490
c52f7445-1121-4448-aa71-c966859206ec_FBcv.obo_functional.owl,26348029,38456520,64804549
approximated_36e842d4-42e6-4ec4-8985-92fe32db257b_MatC3B3.rdf_functional.owl,16435526,3646377,20081903
07dbe207-ab0b-4570-8579-04296a7bc115_ernational.rdf_functional.owl,25555926,16361806,41917732
approximated_1e638552-57fd-4e20-8de4-743eeda8cd32_her_cheese.ttl_functional.owl,17651695,3627567,21279262
approximated_7fe4416d-089d-485a-b64a-69f875cfdc4e_er_monitor.rdf_functional.owl,14347167,3856054,18203221
approximated_e841876b-3c65-4c5f-96b2-4b9a738aa05d_roboearth.owl_functional.owl,41115181,57400681,98515862
approximated_2727faa0-670a-4cbe-bfa4-dce83d8ce272_cktail_hat.ttl_functional.owl,13958433,3637097,17595530
approximated_01a3c1bb-67aa-4262-9749-765841d10d48_Danbo.rdf_functional.owl,14053109,3943428,17996537
approximated_8cac76e3-9c04-4139-9e22-f9a8084617f1_Chain_pump.ttl_functional.owl,14815209,3842269,18657478
19fce90d-acbd-4846-ac69-8c4ad52fd44a_mirosimple.owl_functional.owl,90576010,219355730,309931740
approximated_4aaa63cc-1298-4412-a7f8-08ef35db0bef_geo.owl_functional.owl,15903430,4709755,20613185
06a405d6-f348-4ba3-a8ad-bd66210fa433_us.owl_functional.owl,12354292,1888792,14243084
approximated_0189e0b6-51b1-4778-a839-9e9045f9cbee_Collection_functional.owl,17020224,2181778,19202002
approximated_51ce0e32-5185-43fa-ac89-9a410cd1bbd2_Ischoklad.rdf_functional.owl,10006687,3917261,13923948
approximated_eb4ac1e9-bba1-43e3-ab89-2cbcaa98cdc7_pe_xp_all.owl2_functional.owl,600467280,1678129703,2278596983
approximated_8c45612c-5725-4b52-a003-1d164ac2cf72_lar27s_Aid.rdf_functional.owl,13594034,3945593,17539627
approximated_4d178fc1-db11-424f-aa23-bacbe23da646_Rum.ttl_functional.owl,13747323,3796885,17544208
approximated_4ae6de5b-551d-4225-ae6b-fce235f121d4_Intel_80376.rdf_functional.owl,14244611,3724447,17969058
59a00fe9-ba8b-4a08-984f-4152ae438c34_classified.obo_functional.owl,31610169,42967299,74577468
approximated_0047511c-b159-4b96-9e3f-599c35c189a2_RapidMiner.owl_functional.owl,20010791,24358132,44368923
approximated_566cad4a-9752-4bcc-8461-6366bf4cd688_FN1.48.owl_functional.owl,25353467,8031212,33384679
approximated_795dd800-9f76-44f9-b67b-0531efe918d5_Hole_punch.ttl_functional.owl,11152547,4089099,15241646
477372c6-36b2-4ceb-9bc0-06b407313f88__component.obo_functional.owl,97912834,271026462,368939296
approximated_9073a83f-df12-4abb-b3c6-f6646054caf5_jet_engine.ttl_functional.owl,18220354,3669803,21890157
approximated_27220224-5626-490e-8f78-b4d409053bc8_serf.owl_functional.owl,13181868,2340256,15522124
approximated_03db5cc1-3cde-4d5c-85a0-a1facef62b17_Rye_bread.ttl_functional.owl,17243913,3732308,20976221
78743c32-08b0-45c1-9cdf-973ae1e5529a_laOneRacer.owl_functional.owl,15571176,1446083,17017259
ncco.nursing-care-coordination-ontology.1.owl.xml_functional.owl,17881813,19743136,37624949
2d00a1f4-6b78-423e-b788-aca98d53bf28_geon_themes.owl_functional.owl,21036040,24020241,45056281
approximated_98e3c24c-44b8-46b6-8b43-cb9e060c1489_Heat_pump.rdf_functional.owl,9013618,3703584,12717202
approximated_bc036019-2b9c-40a4-874e-b25be48dad42_SUMO.owl_functional.owl,43481402,65576037,109057439
approximated_b1940850-3559-459d-a303-d269c07b35ed_Arkin.rdf_functional.owl,16199168,2370704,18569872
1c235974-d539-464b-a537-718184db94ed_nt_anatomy.owl_functional.owl,19778513,2424686,22203199
approximated_37c94c20-67a2-41b7-8081-92af45f5fef5_mnognathia.rdf_functional.owl,12139882,3836070,15975952
approximated_1c0bc649-8593-4a35-af71-085d3ce54573_onto.rdf_functional.owl,13003523,4892737,17896260
approximated_786ca6d8-daa8-42c5-8847-b8c1daac28d4_Air_gun.ttl_functional.owl,12427442,3723919,16151361
approximated_b46b68f4-8239-4a16-99a3-5c39c068d458_matrIsotope.owl_functional.owl,129609187,211062464,340671651
fypo.fission-yeast-phenotype-ontology.190.owl.xml_functional.owl,558370141,921164115,1479534256
approximated_1eba8609-4716-4f68-9f23-cc5c935c4b32_lepets.owl.rdf_functional.owl,17943152,4157328,22100480
approximated_kb-owl-syntax-unraveled-depth-0-triggers-constant-classes-value-classes.ofn_functional.owl,151501062,423051298,574552360
approximated_00015.owl_functional.owl,10466775,6535803,17002578
approximated_97441988-4f0c-441f-9e9a-e1b5ecbf223b_Manga.ttl_functional.owl,14271100,3653900,17925000
approximated_9484de67-5644-482a-88db-94870b5f8c8d_lligan_bar.ttl_functional.owl,15323681,3640854,18964535
0e8cd331-90e6-40f6-8818-52250fcad208_quality.owl2_functional.owl,40011673,89649880,129661553
10fd0b83-2c14-4c7d-9a29-e7b280a6e2f2_tads.owl_functional.owl,30715751,50200462,80916213
approximated_4b1ba00e-d3d8-42e5-ae4e-2f72e78f7d78_andAeolian.owl_functional.owl,131792096,246584854,378376950
approximated_9fe40968-0b3e-487f-8019-9a288ee1c249_Intel_80286.rdf_functional.owl,16557684,3695179,20252863
e357ecc5-5d32-41d9-846c-134853ef90c3_Rocket.owl_functional.owl,13239209,792414,14031623
04e99da3-9bae-4ba0-9acb-95f4d5a78ada_er_anatomy.obo_functional.owl,112088544,46555990,158644534
approximated_7ba25661-c5ec-43b0-af71-86cb05efe682_Monkfish.ttl_functional.owl,16291157,3710801,20001958
approximated_4a39281e-0c9a-4aea-aa6d-d467e4531d9b_Mentos.ttl_functional.owl,9757524,3631461,13388985
approximated_50fc5b44-9af0-4540-866e-a19f5eb44a23__2010_base.owl_functional.owl,36968593,54600024,91568617
approximated_229904d1-f69e-45af-891b-8ce0eceddee7_nceOWLqjun.owl_functional.owl,36829251,13128635,49957886
approximated_4036f18b-94b0-4d42-bccb-57ccf64ceb1a_eryContext.owl_functional.owl,27963163,9917434,37880597
approximated_kb-owl-syntax-unraveled-depth-1-km-relevant-cardinalities-triggers.ofn_functional.owl,425129210,1044770693,1469899903
dc8256a7-e77c-4403-816e-cb5ebeb3ff02_ephenotype.obo_functional.owl,4428254212,9644092515,14072346727
approximated_42577c40-cc33-43ff-b346-5e087a936425_KCO.owl_functional.owl,24680526,20629644,45310170
c3d1bd7b-1679-4c82-9cd3-890bffd16be3_mp.owl_functional.owl,217219189,653451038,870670227
approximated_4f5ddfc6-8389-4478-9532-3a765af38803_nnotation_tool_functional.owl,13285629,4887119,18172748
approximated_9a7579ad-664b-4778-b2a8-77187d70994b_iriterms.owl_functional.owl,15276052,4062373,19338425
approximated_0114a86b-8bbc-405d-8663-609831436cc3__phenotype.owl_functional.owl,115499956,322995800,438495756
approximated_7193a7c8-0f36-482d-928a-1880936e159f_compute.owl_functional.owl,17955328,7635556,25590884
approximated_7ca3bdda-ddb0-4bf7-9ea9-14444bb8ac04_Pea.ttl_functional.owl,8943791,3850864,12794655
approximated_b506949e-d71d-44d1-a3db-6e3591242fc2_aching2008.owl_functional.owl,25669037,20269709,45938746
approximated_e58beee7-02c0-455b-9a37-6346876048e5_propTime.owl_functional.owl,155546131,245646616,401192747
approximated_nmr.nmr-instrument-component-of-metabolomics-investigations-ontology.7.owl.xml_functional.owl,20181316,38493188,58674504
approximated_83148534-ce06-4b66-9d54-693880e8ccc9_planetlab.owl_functional.owl,28524861,17605593,46130454
approximated_ontovip.medical-image-simulation.1.owl.xml_functional.owl,151960803,263280942,415241745
5468c0ae-0169-443c-a512-0c9eff8d62a8_notype_xp.owl2_functional.owl,85168543,29292479,114461022
d754bd8c-ed12-445a-bf24-b711bdc5f290__rel_names.owl_functional.owl,331708569,653764082,985472651
approximated_7914693b-c720-4def-bef7-95412f1679da_ionObjects.owl_functional.owl,26111213,23308193,49419406
approximated_31eb29c5-e8db-4307-a913-f4e2591be614_Air_filter.ttl_functional.owl,11507309,4080878,15588187
kb-owl-syntax-unraveled-depth-0-km-relevant-cardinalities-constant-classes-value-classes.ofn_functional.owl,155990471,398560487,554550958
approximated_00692.owl_functional.owl,16911033,15068904,31979937
approximated_d79662e6-3068-4914-a5a8-71aa9de77efe_Gold.ttl_functional.owl,12704190,3792121,16496311
approximated_6428a892-ca97-4e6b-a2b9-84dc6e59b1b8_ur_sanding.rdf_functional.owl,14865051,3866176,18731227
approximated_82e8c9d6-263f-491d-822f-16e574411e14_erClosures.owl_functional.owl,30427569,13780414,44207983
852b96a9-51a8-4a47-9da0-31ac8b0edab8_es_bridge.owl2_functional.owl,288328966,754183822,1042512788
approximated_89c6d2ee-cb60-4fc5-b6da-63bdb615ad00__indicator.ttl_functional.owl,10242565,4063302,14305867
approximated_00579.owl_functional.owl,49196606,104502769,153699375
5eb4d039-8cb0-4adc-96eb-136fc54bc51e_IDOMAL.obo_functional.owl,83365331,176410850,259776181
approximated_1c424762-c1ff-48b5-9271-9a62077ceba4_llekipferl.rdf_functional.owl,14471640,3853652,18325292
02ce1c5e-99f2-4209-abfa-4ab6055ebc99_flanzenatlas_H_functional.owl,9444172,773652,10217824
approximated_2afc75f0-f4ff-45dd-bdcc-96e5a96bc356_Reamer.ttl_functional.owl,15616500,3631643,19248143
approximated_4c6c4ad6-5558-48f9-ad8e-f4fdc7c53e1a_norvegicus.obo_functional.owl,3900378964,8069051454,11969430418
approximated_00792.owl_functional.owl,3210030236,4275482174,7485512410
approximated_47adbed9-2c57-4e57-a647-e7d8917ba0be_bleOWLTest.owl_functional.owl,10291570,1919644,12211214
approximated_49093845-802c-4cd1-94cd-a51cc0e4a63b_m_090120_5.owl_functional.owl,23367509,21480759,44848268
a1d12508-48bc-46aa-b4b9-7a32a45f3242_ABOfinal.owl_functional.owl,24432748,18531739,42964487
dde3b23b-5c7d-4490-8f3f-22c73405841f_onto.rdf_functional.owl,11589527,1637260,13226787
approximated_487f18f2-db2e-40c3-92a1-e85c9a92def4_rola.owl_functional.owl,17895320,9868828,27764148
83fe111f-3b81-4832-aa63-2f2300753d68_toricPlace.owl_functional.owl,25331777,2717652,28049429
approximated_4c14690b-3212-4c61-94b7-2bad8820682a_text.owl_functional.owl,33674498,28940662,62615160
approximated_006859fa-22a0-4208-ae0c-78826f8a2cb7_esontology.owl_functional.owl,23853720,14675692,38529412
approximated_6f5d7910-52ab-4e12-894b-24910ebd2c8e_icken_soup.rdf_functional.owl,16830337,3926779,20757116
approximated_979a01b7-0c32-424b-b509-af69c5ac224f_onto.rdf_functional.owl,17978977,4958679,22937656
approximated_84af5a55-e26c-46df-a649-86f111a2233b_artedl.owl_functional.owl,13017377,10352096,23369473
approximated_2b2936b2-752d-4a50-ad73-16efb6851fe7_Comedy.rdf_functional.owl,18054671,3929805,21984476
4809e1c7-9c92-402b-b4a4-32b2ec855850_DO_XP_FMA.obo_functional.owl,98891060,40034095,138925155
approximated_d5f27d58-be91-4af0-86ba-b14cb780e582_tension_02.owl_functional.owl,110561510,134859871,245421381
approximated_0b9f4e9e-ffbe-4dd1-a0f9-5c7440ce2623_rfly_valve.rdf_functional.owl,16964558,4089617,21054175
approximated_59f7aa2a-8b42-4f8a-8182-ab9162bce995_Sauerkraut.ttl_functional.owl,15608491,3903218,19511709
approximated_524cd7ac-7cab-4dc1-a759-87c9be06b417_aulic_seal.ttl_functional.owl,12880552,3794192,16674744
approximated_cbc0604b-7fdf-4973-ac95-222e00fa8d3f_nni_cheese.rdf_functional.owl,11840096,3637332,15477428
approximated_1facd7c7-2d76-4a7f-9d81-8f00a53c50d5_Leberkse.ttl_functional.owl,12241260,3724257,15965517
approximated_c215118f-a5b5-4631-94cc-651fd7dc8140_Humpy.rdf_functional.owl,11690676,3792484,15483160
baae0695-d158-4274-8c77-160cccb79cb0_FQuality_1.owl_functional.owl,17777792,7106270,24884062
approximated_9324dd2c-1a72-45b0-b3c8-b203efb5a936_Bundz.ttl_functional.owl,16864721,3834498,20699219
approximated_57a4a5dd-ff72-4390-af52-aac713a7f3b0__component.owl_functional.owl,23835734,18501199,42336933
approximated_b79fa6f8-5629-4c30-92a7-df754e704fc6_PlanDMWFTM.owl_functional.owl,22373687,15605446,37979133
approximated_338e6a0c-7602-4b16-819c-e0530b00d312_Situation0.owl_functional.owl,14263259,5317992,19581251
approximated_9c056f63-a0ca-4866-996f-e431ae92971d_ceverylite.owl_functional.owl,19031320,5213314,24244634
approximated_kb-owl-syntax-unraveled-depth-4-disjointness-constant-classes-relation-axioms-value-classes.ofn_functional.owl,707522902,1439280145,2146803047
approximated_4a029d10-9bab-4874-9f77-b6e7b3f3c325_Loppers.rdf_functional.owl,9871887,4094965,13966852
231d1469-68dc-455a-8236-8e24eea1d5d0_IDOMAL_1.0.obo_functional.owl,69695237,156021108,225716345
approximated_0932ed8d-eeb1-4f15-aa0c-9766208ae5c7_enReaction.owl_functional.owl,137157078,213199275,350356353
approximated_866f385e-4a0b-4a5e-bba2-1d13141ea5f0_Alpha_21164.ttl_functional.owl,9627678,4154380,13782058
approximated_e26e0fdf-97ba-4afa-96df-b18d2db21d51_anatomy_xp.owl_functional.owl,283065994,714230288,997296282
approximated_59bca038-fe73-4a7b-a7b4-fc2239aef0af_matrWater.owl_functional.owl,132093078,210700705,342793783
approximated_1a17a2b9-a2ce-4c18-b7f4-5af134f05ca9_dTransport.owl_functional.owl,131197659,214887983,346085642
approximated_2a0359d1-59fe-41ec-b8fb-e602a09afd81_Water.rdf_functional.owl,17868993,3883168,21752161
approximated_kb-owl-syntax-unraveled-depth-0-cardinalities-constant-classes-relation-axioms-value-classes.ofn_functional.owl,159981698,422741042,582722740
approximated_813dcff3-5537-47d3-804d-2ece0a44729d_heets.swrl.owl_functional.owl,14947730,4197028,19144758
approximated_521e4dc8-b681-4e4a-b846-9e069e4ca8c9_Profile.owl_functional.owl,11219603,6965092,18184695
approximated_9130ad21-e7e2-4cb1-894b-f03b31026332_ela_cheese.rdf_functional.owl,12655743,3842158,16497901
approximated_30ef68e3-0246-420c-8f07-b956e919ed1d_info.owl_functional.owl,23833347,28902806,52736153
approximated_3e27f8ef-1805-4168-94f3-57ca15ba410f_angenbowle.rdf_functional.owl,8087847,3857321,11945168
approximated_0f8b74cf-6ccd-423c-8c4b-1670be46183f_COSMOr595.owl_functional.owl,217363958,383888378,601252336
approximated_fafe5c15-e3f5-4c12-932e-069681f8e05b_quality.owl_functional.owl,46394174,105193533,151587707
approximated_00410.owl_functional.owl,43942773,76897074,120839847
120f56c8-64ee-4896-9433-ecc1e1d2c1c7_base_vocab.obo_functional.owl,23409992,33941104,57351096
approximated_510624e1-6c5d-440d-8332-38ba73ec45f2_S2.owl_functional.owl,13835867,3854825,17690692
approximated_68633d69-9aed-49eb-b11c-e08d3f047a83_contextk_functional.owl,14392125,9414266,23806391
approximated_3a0eb51d-f350-4c4c-8b08-6c567beda912_nd_cabbage.ttl_functional.owl,13362674,3738158,17100832
approximated_141b4419-913d-4eb5-8e8f-a19b1f0fd975_no_Toscano.rdf_functional.owl,12419420,3826384,16245804
approximated_34ddde4e-7712-4543-b230-3debdf828569_Cast_net.rdf_functional.owl,23487040,4637529,28124569
approximated_4a684cd5-2e26-4206-9820-f7356519f691_ito_cheese.rdf_functional.owl,9445339,3625177,13070516
approximated_8d57e017-1cb5-49e0-a4bc-df960cca944f__down_tool.rdf_functional.owl,15676919,4698014,20374933
approximated_38a06c2c-b228-458c-9e1c-467e8b571b20_Fire_hose.rdf_functional.owl,16553867,3645885,20199752
approximated_d7886071-b40f-486e-a135-29c316a568a1_paceHeight.owl_functional.owl,132506740,215632226,348138966
approximated_8218f10b-5cba-4f3a-9630-c77904c23e8b_types_functional.owl,22605548,4660199,27265747
94cac71f-5673-4dc0-804f-59438e6b5077_resist_functional.owl,25662858,9196542,34859400
approximated_d1aef8fd-f482-4baf-80a4-0f0ce6670fde_eme_cheese.rdf_functional.owl,49419905,3913340,53333245
approximated_d6d9aebb-9ff4-4d4d-b6a2-d537bbddd527_onto.rdf_functional.owl,23769320,4633979,28403299
approximated_kb-owl-syntax-unraveled-depth-1-disjointness-constant-classes-relation-axioms-value-nominals.ofn_functional.owl,1100194522,1656727453,2756921975
approximated_6516ed2a-3286-4f34-b25e-843be41f8270_ataService.owl_functional.owl,142176145,216965360,359141505
bf34ded4-84f7-48d9-99ff-46afcd069112_classified.owl_functional.owl,330833816,682806048,1013639864
fd4db06a-5810-4e3a-b78c-2a0afdeb921f_y.obo.PREVIOUS_functional.owl,46699600,100874230,147573830
approximated_e4144622-ebbe-4175-a642-2ab2515c54a6_inter.rdf_functional.owl,19109351,4426925,23536276
approximated_a899f617-332e-4c2d-afff-955873523225_Diode.ttl_functional.owl,15872731,3657772,19530503
approximated_gro.gene-regulation-ontology.3.owl.xml_functional.owl,26286996,44307251,70594247
approximated_e2fd8324-4b81-4c76-8aa9-8e0f52fb54f4_stateSolid.owl_functional.owl,127096693,211753086,338849779
approximated_17f88bf0-ac57-4e09-9687-c0c3d30eb447_moPressure.owl_functional.owl,134914941,251919942,386834883
5e45e9af-d64b-4ea6-81ab-c90fde9887f6_go_import.owl_functional.owl,118723364,98769542,217492906
approximated_ed8ad42d-1992-4208-b3e2-e7410a08d961_daberg_Rum.rdf_functional.owl,76392964,3616895,80009859
approximated_c4ec38c4-bcb7-4298-a051-caaa16949c67_commsbasic.owl_functional.owl,27532691,4987750,32520441
approximated_20fb95ca-a5c1-485d-bf1c-b97e03733c1c_loo_cheese.rdf_functional.owl,71597380,3726287,75323667
9b8e3831-0e1e-41f8-8cb7-6faf59bd8d7c_misimple.owl_functional.owl,36693763,65309521,102003284
approximated_00483.owl_functional.owl,4508379354,7851738201,12360117555
approximated_5a442b37-7b20-46bc-b5ed-4c3351bb7659_lus_gallus.obo_functional.owl,2106864239,4839116487,6945980726
approximated_14fd4300-c690-4ede-a13d-d037249551ee_Squid.rdf_functional.owl,15190144,3768013,18958157
approximated_npo.nanoparticle-ontology.31.owl.xml_functional.owl,504774878,926705530,1431480408
kb-owl-syntax-unraveled-depth-1-disjointness.ofn_functional.owl,1008653877,699265515,1707919392
approximated_ab9106cd-f108-46ef-9e19-00897ed3fb00_esg.owl_functional.owl,42885957,9430308,52316265
approximated_5044151d-f798-4096-8c03-f5d106bfe71f_nd_egg_pie.ttl_functional.owl,16284679,3769841,20054520
approximated_d31508d4-b024-4046-b16c-d2a191e4b4a2_i.owl.PREVIOUS_functional.owl,791045251,1698085679,2489130930
approximated_ae532754-910b-4fa8-8c09-200fcd5469d5_tologytest.owl_functional.owl,92240825,7602855,99843680
aad32635-3592-4f19-9d28-76fdd0ae36bc_eKrankheiten_H_functional.owl,65336713,892208,66228921
approximated_b489c8e9-6ff7-44c5-b3b1-355827e88dfa_ccdbSchema.owl_functional.owl,28814492,36569839,65384331
approximated_d105a793-e073-49d6-aa66-cbaa98aaac13_Metakaolin.ttl_functional.owl,52739955,3682943,56422898
approximated_4a3cf2e1-cbde-4406-bbf1-867390e5e9c6_dc2lmm.owl_functional.owl,36146112,51302612,87448724
approximated_342c50d6-c255-4d47-bc5b-094e5b4e2fee_Mandazi.ttl_functional.owl,71454220,3783859,75238079
c714a503-6711-46c7-b14c-c9b6c70cbe2b_mp.owl_functional.owl,319849074,600313638,920162712
371e7c78-8d25-41b2-af2e-680eaa9fe40e_cinfo_property_functional.owl,16764663,759151,17523814
411721c2-c335-4170-849d-9852ac8724e8_poro.obo_functional.owl,24054327,36032294,60086621
approximated_88249fa0-5134-42b5-bded-3fe60fd7cd2c_ceph.owl_functional.owl,50040771,86061496,136102267
approximated_d5751143-fe9d-4a14-8045-b9450f7d3df5_infoService.owl_functional.owl,25094809,31760427,56855236
approximated_00678.owl_functional.owl,386391167,1036376853,1422768020
approximated_66a26010-c901-48c6-8877-2bfa2f7963c9_index.php_functional.owl,11268937,2013645,13282582
approximated_ff4a2728-4921-46ca-8082-86bd2d52424b_Lineage.owl_functional.owl,9839004,6654462,16493466
approximated_034963eb-e47b-4f28-84cc-3b775b35b6d8_v1.nt_functional.owl,15823509,4145054,19968563
approximated_30c59ee1-e1d9-4fc4-9bdc-d603fb9bfc35_pper_motor.rdf_functional.owl,15840463,3761336,19601799
approximated_8c1cb4cd-1986-4268-b0ab-ec88059f984e_quality.owl_functional.owl,45400119,96146227,141546346
4af93cf9-923a-4098-acdc-5a28486868dc_mo_sapiens.owl_functional.owl,438597428,1010586407,1449183835
04c27412-1ec9-4ca3-8d7b-4af522de50b2_doid.obo_functional.owl,126680844,357681648,484362492
6e738d26-b8a7-484d-9739-045c8fb75aea_us_functional.owl,97184823,1975055,99159878
e97d85f4-e837-42b0-8f76-89a433fc3b92_Game.owl_functional.owl,23037795,2372632,25410427
approximated_dd5a7075-fe7d-403c-b3f4-d78d44e88d4b_onto.rdf_functional.owl,18059393,3688521,21747914
approximated_3792629f-be17-4fda-9feb-429da30bffa9_noacrylate.ttl_functional.owl,26949826,3783184,30733010
approximated_9a5cb264-fa24-4721-b81e-3d6cc91d8465_Adidas.ttl_functional.owl,48385510,3815979,52201489
137d2b40-ac32-4f8b-9901-3a34f4a77e5b_yposimple.obo_functional.owl,82330333,13662828,95993161
approximated_955e6e5a-3e5c-4287-8bb9-91c1e7db6f80_realmCryo.owl_functional.owl,272650951,228914868,501565819
approximated_5bc495eb-68e5-4098-bf94-7e54bcd50b31_onto.rdf_functional.owl,111027266,4719454,115746720
approximated_8cdb7cb1-4df2-4980-9f6f-7187453ec2df_sttslink.rdf_functional.owl,57249600,59596380,116845980
ba66a35c-438f-4f12-b5da-124e84a76b31_dolce.kaon_functional.owl,101080154,8095285,109175439
approximated_c206cca5-429f-402c-8aa3-04eb9aa5cf83_FN1.53.owl_functional.owl,75527303,8315752,83843055
5682893a-e975-4e35-b1ff-d4509ac171a6_RecordLabel.owl_functional.owl,63767773,1590418,65358191
approximated_00c461bd-d22f-46e9-998e-c933d27ad321_N_battery.ttl_functional.owl,24211375,4030097,28241472
19df6f2a-2015-476f-8e81-584c16d29434_icInterest.owl_functional.owl,24689527,987559,25677086
approximated_00412d8c-f97f-4e3d-b184-9a8133e74e61_phenWave.owl_functional.owl,229291635,211583819,440875454
approximated_b3fa9c33-27ed-41e7-ad65-0c0cd3b18e1b_concept.owl_functional.owl,45308048,9677238,54985286
approximated_8d6ebbf7-ea79-490d-997b-49013c43b5a0_iographies.rdf_functional.owl,34669066,24670400,59339466
approximated_c60b39aa-4b39-4e99-a22a-6a329fa29854_090320.owl.xml_functional.owl,13534857,6331264,19866121
approximated_1715aa0a-05d5-40f1-b907-84cee9a76899__converter.ttl_functional.owl,26248376,3838712,30087088
approximated_0a8113ee-d5c4-4924-9114-45af0135a0a7_Rock_candy.ttl_functional.owl,27825340,4290128,32115468
approximated_28fc2efd-7873-457a-9548-5cd83215d506_Twix.rdf_functional.owl,24014371,3907949,27922320
7a8a19a0-b83a-4ede-85fe-2322f1ff629a__component.obo_functional.owl,47566358,16093843,63660201
166f3294-47c1-423e-8832-8c0790cf7467_mat.obo_functional.owl,26894090,26634150,53528240
approximated_ba4c0705-2694-40c5-a37e-4447eccca489_quONTOm2.3.owl_functional.owl,15582675,3411687,18994362
approximated_cogpo.cognitive-paradigm-ontology.1.owl.xml_functional.owl,21785738,21194904,42980642
approximated_a25ff09e-3be5-4b89-88b0-ac91cabf7b65_tateChange.owl_functional.owl,36639506,59189367,95828873
approximated_89bc52ad-3bfb-44c4-8f29-7c893b334274_habs.owl_functional.owl,18399957,9801261,28201218
approximated_00041.owl_functional.owl,1318161641,4168615329,5486776970
approximated_a9712c71-8004-4e17-b056-4f7a11e7d64d_ABGSegment.owl_functional.owl,76582106,150560195,227142301
approximated_830b48d6-aa33-4f66-bef4-dc562ee06432_Orthogonal.owl_functional.owl,141447067,247046886,388493953
approximated_62c8c490-ccb2-486d-aa8d-4950990d0b84_rammer_Max.rdf_functional.owl,18575110,5732395,24307505
00388.owl_functional.owl,12817970,2664080,15482050
approximated_00302.owl_functional.owl,26500083,15072965,41573048
d91806f3-5470-4b24-8adb-d2e17512028f_function_1.owl_functional.owl,28396592,17507015,45903607
approximated_d66b3e42-998b-41d1-8c31-c2ce8d2c5fab_PaulFisher.rdf_functional.owl,16217826,6122179,22340005
1931e787-0ba7-457b-93d3-781adab5a9a8_prerelease.obo_functional.owl,1262959107,3681272534,4944231641
approximated_62a26c3a-225e-49ad-934d-1a9beb9f380d_sist092606.owl_functional.owl,19687261,9914427,29601688
approximated_7cd38d2d-9407-4a91-9ff9-9e45b5834a4e_Amaretto.ttl_functional.owl,4902261,3731283,8633544
fb-dv.drosophila-development-ontology.15.owl.xml_functional.owl,20984473,30659540,51644013
2e9c776a-c71e-40a1-9694-74cca81c863c_OAE.obo_functional.owl,46371842,90120959,136492801
approximated_632218de-a57a-49e6-885d-d04190ff3d97_vsaosimple.owl_functional.owl,18449647,12550275,30999922
approximated_4e94701b-5b03-4faf-a7fd-c66be0e7a1c5_Malted_milk.rdf_functional.owl,13472582,3691907,17164489
approximated_effd30ce-18ca-4816-b055-33723ce6a1b7_RO.owl_functional.owl,15182240,4101608,19283848
approximated_8b075aae-de78-4da8-ab82-5c5afbeab78f_leost_taxonomy_functional.owl,717899645,2198430325,2916329970
approximated_b9d54bd5-a436-445f-84d9-1e49983a08c1_Pitchfork.ttl_functional.owl,19039020,3772057,22811077
approximated_f029645a-2ada-431e-90ae-6d78382e4687_ns.owl_functional.owl,12983745,5709811,18693556
approximated_teddy.terminology-for-the-description-of-dynamics.11.owl.xml_functional.owl,13777094,12603870,26380964
approximated_0faa5b27-8e28-4fa0-8682-787b9b2d43e3_wine.rdf_functional.owl,34256907,16673128,50930035
approximated_d297d8ef-83ce-411c-9dd9-74c18fdebf0d_substance.owl_functional.owl,82601923,108777496,191379419
approximated_c2647d9f-fbef-44b7-8017-6d21979c352d_Cheesecake.rdf_functional.owl,6495193,3740492,10235685
0c9b2172-a03a-4918-9875-9e2eae3fd2ad_al_process.obo_functional.owl,755149388,2233809477,2988958865
approximated_43b1a445-7fdb-4ed8-8830-a6e907657507_anFraction.owl_functional.owl,135084063,215740565,350824628
approximated_7644aff6-462d-43ed-9d8f-5d7471855907_Kubdari.ttl_functional.owl,40547988,3733583,44281571
fb4227d9-aafe-469d-9f72-7e0e0c7d35ae_owlSymptom.owl_functional.owl,23931877,17377086,41308963
approximated_7a3642b0-5d16-4973-98cd-6239f6ac8bc4_realmRegion.owl_functional.owl,142757957,252363276,395121233
approximated_198b5a81-1a56-4b6a-b5e9-cdc4b3d13a02__Yorkshire.rdf_functional.owl,13580065,3777605,17357670
approximated_2c36aca1-5dd5-4b80-a260-40790c8dec0e_n_detector.rdf_functional.owl,15970935,3707491,19678426
approximated_b88ce3d5-bd1a-4e0a-92fa-d4ce93f1d247_edgeDomain.owl_functional.owl,133295695,219373822,352669517
approximated_2cbafcc5-169a-434e-8457-6ea108d1dc6d_puls.owl_functional.owl,149344916,60555353,209900269
approximated_9f00ebed-14a0-4817-b3b7-d9fdfd57d23e_wine.owl_functional.owl,20665395,11538780,32204175
d2de1f4a-7c94-4c4c-956e-38b7a836b4ed_protlabels.obo_functional.owl,327584131,785148095,1112732226
approximated_8419c249-190c-4543-8b6d-655e7c7f1dc9_exogeni.owl_functional.owl,23970701,20527222,44497923
approximated_2e646254-d55d-4ccd-9a09-3f702aabdbe1_ip4.owl_functional.owl,19766946,9029020,28795966
approximated_1ae07ec6-fe69-495e-b085-2907688d22f3_stateRole.owl_functional.owl,136518632,247981832,384500464
approximated_d41681a9-0956-46d8-8cbb-53033708c480_vao.owl_functional.owl,16171325,19276472,35447797
approximated_e70f248e-f3cf-4bc1-9164-2adb9de3a82a_onto.rdf_functional.owl,12682266,3626518,16308784
approximated_083fd346-de16-4947-b06d-365da70968cb_Speargun.ttl_functional.owl,14080865,3669622,17750487
approximated_2ca85452-a715-4f50-a916-c7e8b537149c_ed_balloon.rdf_functional.owl,16266190,3716212,19982402
approximated_ico.informed-consent-ontology.4.owl.xml_functional.owl,19418141,31441955,50860096
approximated_15f3f9c6-4de9-4a8d-b52b-81bed496ba52_PaulFisher.rdf_functional.owl,11580652,3000410,14581062
approximated_2eae9d3b-7952-4dec-a047-24de6192031a_Dress_shoe.rdf_functional.owl,26118567,3702622,29821189
approximated_6279f04d-8dec-4182-b605-da4d9b0ee3dd_Tea.rdf_functional.owl,13201820,3719820,16921640
ac101702-4c3c-4dde-a173-762a9a0122db_phenotype.owl2_functional.owl,16906582,13192966,30099548
approximated_a9a11f8b-fab9-4901-99b0-9d9570eacf34_ctryflat.owl_functional.owl,98545904,20862250,119408154
approximated_002f75a4-16ee-4437-9123-c273f399590c_odSolutions.owl_functional.owl,45286900,65152273,110439173
approximated_c7c986ba-c441-4920-8d56-a1c835f1c267_Rasp.ttl_functional.owl,14756699,3798435,18555134
approximated_1d4036de-9387-4883-a048-24ca6a437f23_umlssn.owl_functional.owl,18891442,30169302,49060744
approximated_5fcf26a8-838e-4467-bf57-9f1272942514_software.owl_functional.owl,35993903,73136445,109130348
approximated_4e525bbe-ef8f-4880-9728-2b95b159df19_sistent001.rdf_functional.owl,38181984,16333166,54515150
approximated_2dd536b5-91d4-4376-b91a-8d25b4b63684_neprogetto.owl_functional.owl,15474820,9200186,24675006
approximated_32fba828-5881-4048-945a-c93ff30e6e3b_Hfingi.ttl_functional.owl,16786200,4005122,20791322
approximated_8518f212-1e49-4d7d-95db-87375d830337_amo.owl_functional.owl,17891664,6503552,24395216
approximated_85c02ba6-ec57-4dfb-aea8-baea5adc5270_biolPlant.owl_functional.owl,30346068,53375981,83722049
approximated_2070bb2c-7c23-425d-8a44-04ef66f8ceff_nto_cheese.rdf_functional.owl,19576938,3920350,23497288
approximated_00466.owl_functional.owl,124977039,355169483,480146522
approximated_806bf3e6-b3ce-476e-a78d-08aff469898e_mer_cheese.rdf_functional.owl,15893104,3719124,19612228
approximated_9002ce3b-f07b-4105-8bba-8ca5b2738494_asfatbox.owl_functional.owl,474660993,1170372017,1645033010
approximated_08dbaed9-263b-4b6d-9e81-e0a1297eed21_wines2.owl_functional.owl,19623631,3984240,23607871
2256c7a2-9bcb-45cf-ab74-5524fe720c24_onto.rdf_functional.owl,12705678,1912815,14618493
approximated_kb-owl-syntax-unraveled-depth-2-cardinalities-disjointness-triggers-constant-classes-value-classes.ofn_functional.owl,747383499,1630250362,2377633861
approximated_d94f31f4-bdd6-4d71-accf-3449a776d220_dump.rdf_functional.owl,85540015,110030618,195570633
approximated_1601c754-1491-414c-94d8-7f9a3cab7d57_Oxygen_mask.ttl_functional.owl,17409419,3725765,21135184
approximated_4e04b31f-1fb5-42a3-9763-b79e3b31ab8f_tologyV1.3.owl_functional.owl,18161242,9507215,27668457
approximated_8b25f695-b038-47c7-8df3-08851de25394_teChemical.owl_functional.owl,134923191,211490846,346414037
approximated_00357.owl_functional.owl,85655629,198268547,283924176
approximated_a46b6059-f693-4585-b362-ccd4058db039_Tuna.rdf_functional.owl,10570486,4170082,14740568
approximated_4e6a533d-8777-417f-a45f-61a8141471e8_antle_rope.ttl_functional.owl,14316432,3865791,18182223
approximated_kb-owl-syntax-unraveled-depth-1-km-relevant-cardinalities-triggers-constant-classes-value-nominals.ofn_functional.owl,446961391,1098458470,1545419861
192db842-c6f1-4e17-9e5f-6a9d9a54e737_appearances.owl_functional.owl,24631436,3084670,27716106
approximated_e09bfd1b-cb40-4414-9600-7eb4bff97491_Instrument.owl_functional.owl,186421870,242375171,428797041
fb-cv.flybase-controlled-vocabulary.14.owl.xml_functional.owl,27199988,43308088,70508076
approximated_36718179-cf07-4ec2-bbff-c6713f544e3f_2020120507.owl_functional.owl,5957445981,13315782332,19273228313
approximated_713b7128-5f6e-4e82-b0b4-efa54a064e5d_icCompound.owl_functional.owl,147835941,254533157,402369098
approximated_0145d471-5428-4bf1-acff-fec7e5213789_regulation.owl_functional.owl,1490155786,3228734437,4718890223
approximated_fa669ffb-b1db-4b58-8274-b4e6bb44a111_l1odm2codo.owl_functional.owl,20563761,11523970,32087731
775c4500-5a9e-4540-96ee-601e28b210f3_ce_by_role.owl_functional.owl,16923054,9215891,26138945
approximated_01cfcf57-b094-4864-a354-d08954c087dc_Endy.rdf_functional.owl,15724366,1761906,17486272
approximated_b4bbe763-01d5-4429-97f4-5a26878e934e_Watch.rdf_functional.owl,18521922,4225849,22747771
approximated_6fb3d5fa-0f13-4776-bfa0-793f3ebc628a_onto.rdf_functional.owl,10037788,6083831,16121619
approximated_4fd5414a-a316-41b1-b13e-a9500e1002f6_et_aerator.ttl_functional.owl,9935759,4431542,14367301
approximated_00673.owl_functional.owl,50964001,117284748,168248749
go.gene-ontology.1406.owl.xml_functional.owl,2113707005,4478185968,6591892973
approximated_0db7956e-9797-40af-895d-d1e73a85226d_ing_device.rdf_functional.owl,12637340,3914680,16552020
0147e189-1bbb-4e53-bf7a-5a45f561fc5c_nnotations.owl_functional.owl,7889751120,7464408770,15354159890
approximated_2b7cf1e5-5e23-4286-875f-5c7f800f3eda_Pastry.ttl_functional.owl,15598925,3864421,19463346
approximated_0f8abb6b-3e0a-4520-aacb-4f745ed5b0d5_Hovercraft.ttl_functional.owl,13698547,3661939,17360486
approximated_7084c957-7ba6-4a3d-a592-aef6beb5211f_PaulFisher.rdf_functional.owl,9245041,2899899,12144940
00076.owl_functional.owl,16635169,8344023,24979192
approximated_1070fe1a-c75a-4a17-b88a-568a6bceae7b_nulo.owl_functional.owl,10611454,4242811,14854265
approximated_f0a2d50f-178b-43ea-9f36-cad568136e63_cmmi_test15.owl_functional.owl,41851498,35271613,77123111
approximated_f171800c-62e0-429a-a1fd-2679bae47ba5_Reed_valve.rdf_functional.owl,12287772,3721579,16009351
approximated_46bb723b-99fc-41e2-8f73-c827ebd468dd_SystemsLite.owl_functional.owl,22747808,20177194,42925002
approximated_7b26af21-9a57-4db3-8a1f-f6f723ce8baf_Manouri.rdf_functional.owl,11198451,3832144,15030595
idomal.malaria-ontology.28.owl.xml_functional.owl,76676973,179201609,255878582
approximated_4a77d4f2-a093-4d45-b9c5-62a4e79ef330_gun_scaler.ttl_functional.owl,11904744,3973547,15878291
3e8988dd-d423-41eb-bce0-0651a2e84942_kupomodels.owl_functional.owl,21656774,23710889,45367663
approximated_3306dfe2-1e10-4dbf-842b-0bec08bba814_Support2.0.owl_functional.owl,32983866,23652756,56636622
approximated_42e22f9d-9f61-4b7f-9b27-0629f2fc86b2_Vinaigrette.ttl_functional.owl,16093849,3804851,19898700
23bffcfb-32b2-40bc-b17d-e26fee64fb50_visionShow.owl_functional.owl,16287154,859201,17146355
approximated_29772105-dfde-4d00-9bac-fbb6af110722_szenario.owl_functional.owl,14662197,11600031,26262228
cc326d98-1b73-4173-9b6f-c0a7be7c21f4_4577.rdf_functional.owl,18897472,833018,19730490
approximated_929488ac-ad2e-454b-a058-e339496a4ff4_ro.owl_functional.owl,11982253,4221717,16203970
approximated_onl-msa.mental-state-assessment.1.owl.xml_functional.owl,139546551,206291310,345837861
approximated_00494.owl_functional.owl,69351585,130098893,199450478
approximated_7dbcb4f3-5945-4d3d-a1a1-2aa0e544f321_d_dressing.rdf_functional.owl,17479259,3805444,21284703
approximated_eede63b0-ebd8-4d19-84e4-1bf2f235f456__pathology.owl_functional.owl,17441379,36308851,53750230
5509b082-747d-403c-b3e9-5dacdcfce82e_classified.owl_functional.owl,570259873,845849116,1416108989
1b301cbb-0276-4463-8e46-572b14c6948c_sc84title.rdfs_functional.owl,1224118349,1087873451,2311991800
approximated_9aebe632-2215-4810-b8de-0ab407b026d9_Trap_primer.ttl_functional.owl,20789407,4047594,24837001
approximated_2fa0a8d5-641c-4587-b8ec-a8497086ffc2_observer.owl_functional.owl,13836371,5576156,19412527
approximated_59741353-0411-4b56-9c9c-d0c2a2729ab2_Theremin.ttl_functional.owl,15776551,4201163,19977714
approximated_48da0b47-a401-4bb4-b209-2d217bf79c88_onto.rdf_functional.owl,12571950,5198319,17770269
approximated_41ee1066-ddfd-4c98-8d0a-b613c2ed609d_Jackhammer.rdf_functional.owl,12734956,4174692,16909648
approximated_3ca38401-79a4-4ff0-8bcd-fcd9d0508846_BergkC3A4se.ttl_functional.owl,11506359,3607698,15114057
approximated_1082fb0e-824a-4a4f-a775-a8edfd28786c_PO_functional.owl,59531337,128153428,187684765
approximated_kb-owl-syntax-unraveled-depth-4-cardinalities-constant-classes-relation-axioms-value-nominals.ofn_functional.owl,380037603,939692339,1319729942
approximated_3d1a06b5-7167-40e2-ac0d-3ce6f7ff96de_rial_robot.rdf_functional.owl,12322160,3806376,16128536
8c936c24-12b1-4c8c-a90d-0a735f369da3_ficeHolder.owl_functional.owl,17873566,1075713,18949279
approximated_2d3be51c-840f-4a0b-90d3-f34a074882de_ging_steel.rdf_functional.owl,12625141,3638286,16263427
approximated_9fdac05c-0a73-4825-b361-77df9d540890_quanSpeed.owl_functional.owl,137703440,212047596,349751036
approximated_kb-owl-syntax-unraveled-depth-3.ofn_functional.owl,366207538,953528508,1319736046
00381.owl_functional.owl,222505237,127271491,349776728
approximated_61dce8c0-8134-4870-8452-b70144f79f1f_Fishing_net.rdf_functional.owl,91975091,3663154,95638245
approximated_b2c45efe-d5c2-40ac-b38f-d0e69ef291d8_Barm_cake.ttl_functional.owl,18914821,4473933,23388754
c44095fc-e911-4a16-9bdc-20224e839a76_e.obo.PREVIOUS_functional.owl,97300001,222622633,319922634
approximated_362a4af7-7264-4a82-832e-1003e491c018_LeibnizKeks.ttl_functional.owl,74669355,3812003,78481358
approximated_bdbcec0c-4e96-4cc6-978e-85a96640130e_orest_cake.ttl_functional.owl,11537755,3668324,15206079
approximated_1ca8bc80-f74e-4145-a5fd-66c9fed0246e_dMesoscale.owl_functional.owl,222790462,213335714,436126176
9968af30-d685-4c29-b937-1b59a257a8ec_ant_trait.owl2_functional.owl,35935059,66072435,102007494
approximated_provo.provenance-ontology.124.owl.xml_functional.owl,11168890,3890588,15059478
approximated_kb-owl-syntax-unraveled-depth-0-km-relevant-cardinalities-triggers.ofn_functional.owl,129283849,340225190,469509039
approximated_00486.owl_functional.owl,993588519,2725156161,3718744680
approximated_538709b1-b7e8-4424-8d99-9d0bafeee68f_tification.owl_functional.owl,15717073,4884566,20601639
approximated_8a0e18ac-91b2-46c1-897b-57063d2a44a2_Validation.owl_functional.owl,137930020,216054935,353984955
approximated_443a0dc5-8133-438c-b00f-e7c564ae7dc1_estigation.owl_functional.owl,24527157,31731424,56258581
approximated_8c8e5979-9214-40e9-992f-05f4147ac45b_st_anatomy.owl_functional.owl,104628288,251007118,355635406
approximated_66e7427e-6588-4885-aeef-b3496f1e3541_timization.ttl_functional.owl,15346203,3789952,19136155
f4c54e2e-a1e0-4317-9b84-7d4e8baeb6ae_nt_xp_self.obo_functional.owl,39292234,10783692,50075926
approximated_3287d379-3ee6-4e0f-ad90-3702d2112384_galen.owl_functional.owl,95238152,216592434,311830586
approximated_00718.owl_functional.owl,115340828,19528366,134869194
approximated_ef43a553-4f1a-4a55-a4be-3ea879c6eaf8_dore_VIC20.rdf_functional.owl,14697277,3644842,18342119
approximated_00281.owl_functional.owl,12641353,6868586,19509939
approximated_36faa6ac-6b7a-42cc-8490-574e16f8fe5b_Rokpol.rdf_functional.owl,12091741,3629978,15721719
0236fd90-bb5c-4c11-ac91-d3be2fa17611_es_bridge.owl2_functional.owl,342378270,680696380,1023074650
approximated_94acb37a-ecef-431d-bcfc-501977deaaa6_Golf.rdf_functional.owl,16926379,3898510,20824889
approximated_6558799a-535b-4c2e-842e-1ce941f28dc2_ec2.owl_functional.owl,20626891,17503909,38130800
approximated_83d1a26f-23ca-43a2-af64-da1b3a06dbf9_onto.rdf_functional.owl,17346036,4734481,22080517
approximated_41cf527b-0442-43c1-964e-1eaceb8b0322_etter_tile.ttl_functional.owl,16594270,3755663,20349933
approximated_d7cca021-c673-4a84-9e7c-b1c508a453d8_financial.owl_functional.owl,1126143995,200711396,1326855391
284b2c2d-9bd4-4417-989e-2aad9564eef1_protlabels.owl_functional.owl,287351137,896636742,1183987879
approximated_0414faab-a884-43bf-8ecc-70ddf5e03cd8_visual.owl_functional.owl,115791919,51287338,167079257
approximated_jerm.sysmo-jerm-ontology-of-systems-biology-for-micro-organisms.14.owl.xml_functional.owl,99865118,16305911,116171029
approximated_61dd50e3-25ec-47c8-b154-1a85cce0e451_ilk_powder.ttl_functional.owl,77513316,3633210,81146526
approximated_c797be95-1e57-4454-977d-a2429045dce5_dtn.owl_functional.owl,12111909,8242716,20354625
approximated_08fb41c5-f8b2-4c39-8db8-af818ac530e8_nomizithra.ttl_functional.owl,21797036,3784895,25581931
0fc1b578-c393-433a-a76d-edb95a415bf4_gorieBlC3BCten_functional.owl,45022121,784718,45806839
approximated_32d8a12b-5c75-4d62-a3a2-b3bc235d506d_expression.owl_functional.owl,36768259,41696767,78465026
approximated_2cfc4281-7cba-41da-9331-8c54237c01d9_Buttermilk.rdf_functional.owl,90967886,3646834,94614720
approximated_28b40df6-fa4c-466c-8b04-294817e0881a_e_computer.rdf_functional.owl,13073603,3664724,16738327
297f501f-a2ad-429f-9037-832cc469c7d6_classified.owl_functional.owl,312435470,588602812,901038282
flopo.flora-phenotype-ontology.3.owl.xml_functional.owl,638169856,1722923636,2361093492
approximated_5655676f-466a-4ee7-9695-32978410deb2_ural_steel.rdf_functional.owl,4678254,3874411,8552665
approximated_5d2e0291-e273-4df5-a632-2b2dfaaea053_Ice_tool.ttl_functional.owl,13859423,3888273,17747696
approximated_36a39012-b7ac-4078-b427-4d54735227fa_EMD_F40PH.rdf_functional.owl,14806694,3807442,18614136
approximated_0eae551f-38f1-4fee-ac89-046d6c0993b6_onto.rdf_functional.owl,17156272,5079157,22235429
approximated_1dc94f07-41c3-4171-abb5-3c2955a8a750_eformation.owl_functional.owl,72759935,126917885,199677820
approximated_00343.owl_functional.owl,24695071,17553146,42248217
approximated_d5d92734-f617-4a27-b226-9f8b9bf7d588__functional.owl,23516430,28493081,52009511
approximated_0f0f58e3-859d-483a-9eb8-ea9d479dc430_ataProduct.owl_functional.owl,197316033,209920541,407236574
approximated_4f2a332c-4926-462b-a6f4-7ae3a9d9c162_chemistryv4.owl_functional.owl,15694710,6848983,22543693
approximated_88a14c68-273a-4635-b6a5-8b2fdb50449d_uberon.obo_functional.owl,216106363,560438090,776544453
21d5676e-66c1-4767-8348-5d3f59d74775_iedatabase.rdf_functional.owl,29219675,7115484,36335159
approximated_00382.owl_functional.owl,902017904,2951623545,3853641449
approximated_08c1ae81-1379-4f60-8bc4-20dcb4d5a2d1_ESG_test_5.owl_functional.owl,27602883,7417172,35020055
approximated_e46419ed-517e-4d94-b606-a94ab571d405_Parameters.owl_functional.owl,12546157,7766129,20312286
approximated_kb-owl-syntax-unraveled-depth-1-relation-axioms.ofn_functional.owl,427699694,1078403229,1506102923
approximated_kb-owl-syntax-coreference-IDs-cardinalities-constant-classes-relation-axioms-value-nominals.ofn_functional.owl,652663741,1864497919,2517161660
approximated_0d0ea454-c4e4-45fa-bf5c-f5f94f863af3_European_Union_functional.owl,28276868,2074365,30351233
approximated_81ff541e-2600-4862-95fe-83813875124d_ss_bracing.rdf_functional.owl,18555964,3761886,22317850
approximated_3d2784e0-f119-4af5-89a5-fc8d96282bba_Lobe_pump.ttl_functional.owl,17358289,3643186,21001475
approximated_85f662ef-f07a-4cc3-956d-9628d7f10e75_eloEmocoes.owl_functional.owl,9164358,5596967,14761325
56a24a04-c242-4db0-b565-7033f8e372c9_tgma.obo_functional.owl,73432903,146362584,219795487
approximated_galen.galen-ontology.1.owl.xml_functional.owl,1046967665,3202402728,4249370393
approximated_159f0a31-0933-4f79-8563-0d71147a50e4_SO.obo_functional.owl,66988037,128985316,195973353
approximated_eacaa4c8-f785-40e0-8348-450d76ad76b1_mpoundAcid.owl_functional.owl,66543516,127074376,193617892
approximated_15f81d44-80e2-47b8-8082-e5d346264ab6_mlso.owl_functional.owl,21175098,18644730,39819828
approximated_0ec6e375-30a6-4701-a0f9-b51634fb7605_ethernet.owl_functional.owl,15224906,9809329,25034235
approximated_1673b157-5dd9-45b6-98b1-a5f8053c6586_iteseermap.owl_functional.owl,36390929,9012213,45403142
dee51ea7-60c0-48c7-9076-957b687f57b6_o.obo.PREVIOUS_functional.owl,12669132,9453403,22122535
approximated_d5d1d292-82d8-4642-8a89-1e77740e5e3d_amo2.owl_functional.owl,12328017,6290286,18618303
approximated_619677f1-3bd0-4721-903d-17bb674e54d8_PaulFisher.rdf_functional.owl,11259367,3022397,14281764
00677.owl_functional.owl,84251394,29244602,113495996
0a331e49-6855-471e-b7c3-0a1d751be064_anatstaged.obo_functional.owl,277182191,519442655,796624846
approximated_d1017e80-ac50-40cb-b62e-82028c94d84d_steel36.owl_functional.owl,13858274,3140444,16998718
approximated_41b5f94e-10fb-410d-8419-5e0eafcf4d89_eanCoastal.owl_functional.owl,131134446,210029332,341163778
0780c1cc-9351-42a5-b0c6-21204bccf8df_classified.obo_functional.owl,3069333509,6425381764,9494715273
approximated_8633be47-0c02-4c78-84ff-b7d76da6aef1_y_ontology.owl_functional.owl,22650124,9387005,32037129
75920c15-8968-49c8-a10b-2b6db1968d38_resistance.obo_functional.owl,93295466,218764430,312059896
approximated_83069b3b-0d39-45d7-9db3-860413bd53bc_onto.rdf_functional.owl,18814511,7196511,26011022
approximated_c75c8486-e943-4890-a5e6-a2c8369d73f4_PaulFisher.rdf_functional.owl,11838392,3053792,14892184
approximated_04c0c4ef-e210-41a7-b86b-1f945045bc8f_kupocells.owl_functional.owl,20412727,38890925,59303652
approximated_6c60bc0e-5483-47e3-9625-dfdaecc6669b_er_anatomy.owl_functional.owl,23890119,41509111,65399230
fb93111d-d1a2-44fe-a5aa-e613583e9c60_classified.owl_functional.owl,22967105,45281947,68249052
approximated_00606.owl_functional.owl,24412874,35146916,59559790
approximated_030693d5-82aa-40eb-88d4-48a9d5fdbcbb_t_taxonomy.owl_functional.owl,726509397,2192348576,2918857973
approximated_358e8a5e-c2ee-435d-b06a-3f218806ea37_obi.owl_functional.owl,118366310,263773932,382140242
approximated_3d4fb48f-6df9-476a-8bb3-b588b32e62dd_oceanFloor.owl_functional.owl,106470660,222722073,329192733
325dcb54-e87b-4088-90ae-c12d2f166244_classified.obo_functional.owl,81335883,175143498,256479381
approximated_c69ff792-4734-4da3-a279-82bcd22e77a1_crime11.owl_functional.owl,18515984,9593089,28109073
ogmd.ontology-of-glucose-metabolism-disorder.19.owl.xml_functional.owl,16503060,6132962,22636022
approximated_53638c75-7ece-441d-8e20-0af1d7e7e77c_biotopcore.owl_functional.owl,21097655,19457539,40555194
f5c2d5ab-fd49-4bb9-94cd-f89f490a9b6a_ailytermdb.owl_functional.owl,548945057,1654867000,2203812057
approximated_87e626a2-5e10-4124-b622-bbfbbb14fb6e_mathVector.owl_functional.owl,104101000,20580103,124681103
approximated_05b08894-f669-48d0-9806-e52c567f77be_PaulFisher.rdf_functional.owl,73767538,2926950,76694488
approximated_0d8417cb-3c46-4157-9f8a-905d8cd3c2c3_eco.owl_functional.owl,24060244,22413381,46473625
approximated_kb-owl-syntax-unraveled-depth-3-cardinalities-disjointness-triggers-constant-classes-value-nominals.ofn_functional.owl,996021342,1517454008,2513475350
approximated_13c089b2-5421-432c-8729-d4fae2757f4e_cm1.owl_functional.owl,15141282,3853922,18995204
approximated_8f92f4f0-0e90-4e56-aee5-510116e60fed_onto.rdf_functional.owl,11055314,5380974,16436288
1015f8a2-fadd-4d1c-a248-34edf51b214d_sgenechrom.owl_functional.owl,1375145847,2584323788,3959469635
approximated_00675.owl_functional.owl,1922184352,5211346398,7133530750
30452db5-6cd2-4630-bbe1-17ac3dade1c7_geospecies.owl_functional.owl,31457752,5993503,37451255
approximated_853b4196-cf16-479c-ba25-675b5e595cb2_ics_tablet.ttl_functional.owl,16776065,3875909,20651974
approximated_317eefae-1d72-4f99-87a3-4453c85dd4b9_ans_cheese.ttl_functional.owl,12989047,3736876,16725923
a53db3f1-2c30-4306-96f3-d0832bf27a57_VideoGame.owl_functional.owl,22975931,2856011,25831942
approximated_37c11239-ace5-4076-adcc-55d712463e66_View_camera.rdf_functional.owl,14848410,4043247,18891657
1d1247b4-7973-4e96-8fd6-29f8a0d89e43_all.ttl_functional.owl,14485776,1177677,15663453
approximated_kb-owl-syntax-unraveled-depth-1-cardinalities-disjointness-constant-classes-relation-axioms-value-nominals.ofn_functional.owl,785118313,1696906773,2482025086
0a0136fd-cd88-41a6-a3da-83380dc0af18_Heilpflanzen_E_functional.owl,14519752,773167,15292919
approximated_c1b60570-8933-4211-b98e-fecce81558ee_Manifest.rdf_functional.owl,30819911,4039449,34859360
approximated_52de505a-641a-4284-b337-e40851edfd94_Bread_bowl.rdf_functional.owl,16273732,3646046,19919778
approximated_00590.owl_functional.owl,25906680,24091260,49997940
ma.mouse-adult-gross-anatomy-ontology.31.owl.xml_functional.owl,105725428,212301819,318027247
approximated_2dfdcac4-17b4-4759-ad21-00d8ed0ba741_DSO.owl_functional.owl,22373469,9711496,32084965
approximated_99996987-5d1b-4122-a2c9-1b9291d0eab0_fly_anatomy_xp_functional.owl,371436244,1015993277,1387429521
approximated_42727c6e-058f-4348-96b8-b3696fa246f4_kflow2codo.owl_functional.owl,51971073,19384696,71355769
approximated_d1798195-1f1c-4510-ac4c-53a6847ec79d_lom.owl_functional.owl,26004656,12197548,38202204
approximated_e47d5fc3-a50c-436f-9de8-1bf8bcaf786f_odyOfWater.owl_functional.owl,83068842,160701383,243770225
approximated_a2de7172-2229-43c6-b9a3-97910453ed8c_infutur.owl_functional.owl,22104562,11180539,33285101
approximated_f1348678-6a49-4bfb-bdfe-67006140730a_GRO_v0.4.owl_functional.owl,23903928,40249364,64153292
approximated_b6c92ad5-2810-4609-b3a5-355c7911930f_Gugelhupf.rdf_functional.owl,16906817,3826058,20732875
approximated_5ce4039f-7515-4d22-b1b5-8cc98458c243_Mpeg72001.owl_functional.owl,27999343,19284367,47283710
approximated_kb-owl-syntax-unraveled-depth-3-km-relevant-cardinalities-constant-classes-value-nominals.ofn_functional.owl,371078575,914105753,1285184328
approximated_4c0e650a-2b97-45fd-93bc-5cacc07ad3e7_uniprotpro.owl_functional.owl,997439936,1867974800,2865414736
approximated_d084d068-ba72-41f1-96c3-7b12c2cf5cf1_V3_battery.rdf_functional.owl,28184740,4112819,32297559
a38f1650-f404-4ba2-8fb5-81358f68b472_otballTeam.owl_functional.owl,10541040,778354,11319394
approximated_23e0a7bc-b285-4040-8f07-447e81ca5b95_Mudbrick.rdf_functional.owl,13730885,4324253,18055138
approximated_ee9aec54-77cf-4280-ae15-8f84d8d946c2_propEnergy.owl_functional.owl,141661349,246937529,388598878
approximated_3e14d54c-5a0c-4534-8ee3-1c0bfca5e8a0_relaSpace.owl_functional.owl,139799110,250278309,390077419
10b09c62-62fb-426a-acde-443a9be1ee1d_prerelease.obo_functional.owl,2815517975,7303436766,10118954741
approximated_388934ae-0d8e-4473-a8bd-45f29ee4badf_taxon_name.owl_functional.owl,14358906,5939025,20297931
00574.owl_functional.owl,40222466,10558970,50781436
approximated_00698.owl_functional.owl,28932594809,62100727087,91033321896
12f73982-a987-480f-85d0-6aa27a8d8fa3_Continent.owl_functional.owl,97596185,2058323,99654508
f4a84927-b8c6-4198-94f0-20b0ac862b7e_patosimple.obo_functional.owl,101080018,101485344,202565362
meo.metagenome-and-microbes-environmental-ontology.8.owl.xml_functional.owl,97012290,39506560,136518850
approximated_587cb76e-92d2-4649-8b72-ec4daee65125_tionEntity.owl_functional.owl,89258862,12021965,101280827
approximated_ba1f194d-6812-441e-9f40-4ff30d6bc96b_erball_pen.rdf_functional.owl,83973084,3657112,87630196
approximated_e221237f-51dc-4883-8a60-fa79076e4e35_realmSoil.owl_functional.owl,623709688,257024185,880733873
approximated_6fed8bf3-a384-47fb-8ea1-e1b6464db8da_higgins_functional.owl,121624634,10533980,132158614
approximated_58b29258-ab76-4e47-b715-306ed154fba3_lded_cable.rdf_functional.owl,62826372,4104556,66930928
approximated_34aab632-b464-4f0a-8d13-a2c646313b3f_ise_Tagada.ttl_functional.owl,75088625,3682651,78771276
13acd5d0-383c-492b-81d2-2a42e9ffdc11_stts.owl_functional.owl,44419808,4085246,48505054
approximated_432fe4cc-98c6-4d75-ae4c-465957dc4c0f_Toy_train.rdf_functional.owl,27261955,4315117,31577072
approximated_40bf2e5f-7613-4765-b28a-6778aee743ac_ena_cheese.rdf_functional.owl,10452973,3915961,14368934
a7e270ed-0f44-414a-8c54-3401a8d9110d_classified.owl_functional.owl,3399086333,6550377269,9949463602
approximated_0c745746-ca4d-45b0-96fd-e473b2db8123_idreasoned.owl_functional.owl,31838258,46744477,78582735
vto.vertebrate-taxonomy-ontology.8.owl.xml_functional.owl,2084655699,6374724109,8459379808
approximated_0f631613-d34a-4152-ac7d-60b60ef87a7c_DUL_v22.owl_functional.owl,19060898,11574473,30635371
approximated_64157e60-96dc-4d10-8090-5ea966d3afe7_teruniprot.owl_functional.owl,120760333,85165572,205925905
approximated_5db7d966-b192-4fdd-bc2d-2a73caa477f9_phenHelio.owl_functional.owl,134935134,214330122,349265256
approximated_6a2fa6d1-b6e0-4c4f-9d78-93e90d04e88a_onto2.rdf_functional.owl,14751812,4969162,19720974
approximated_1dfb83b5-166c-4af0-9161-b4e179dbd4ed_rete_mixer.rdf_functional.owl,12193215,3806514,15999729
approximated_7e58722b-9990-4678-b0bc-f362daed48c3_restaurant.owl_functional.owl,17522388,8302819,25825207
approximated_bb4de634-0e22-4aab-8cb2-e37e6e834392_Kayak.rdf_functional.owl,17344859,3638684,20983543
approximated_062b3e9b-7e07-4438-9c14-5a223993271b_Washboard.rdf_functional.owl,16846104,3878430,20724534
a310adc8-07d2-4b73-b4a0-161f31ff55ce_condition_4.owl_functional.owl,56186868,196435758,252622626
567bd399-d2dc-4e6f-9b18-b7add4d04495_tplusmouse.obo_functional.owl,408633369,876724096,1285357465
approximated_9241e263-89a5-4005-9aa0-5918a3176ef4_Desiccant.rdf_functional.owl,21662823,5146884,26809707
approximated_fe6bf4c8-1bd9-4e94-87c6-05f5c6b237c7__phenotype.owl_functional.owl,48013671,104723660,152737331
approximated_0917cbc4-e418-4d4d-9edf-3c1bf879a1fa_Sapphire.ttl_functional.owl,19269573,7439080,26708653
approximated_db8c814a-8452-4bd9-9049-4a4c730e593f_anDynamics.owl_functional.owl,131632515,246956709,378589224
approximated_cd735fb2-a4e1-4fa4-847a-f3a43fbc7010_egoryInstitute_functional.owl,16868898,1824711,18693609
approximated_1fef39cd-a552-477f-9f1c-327f17e7afdd_n_Model2.0.owl_functional.owl,30682839,19610910,50293749
approximated_f3eec2f1-c8dc-432c-ae05-0fdd8e4268f8_lianataxon.owl_functional.owl,1072863611,1926405625,2999269236
approximated_00455.owl_functional.owl,24084114,48608864,72692978
approximated_380b0ef8-f8fb-40cd-a850-813d398b24c0_Ticagrelor.ttl_functional.owl,15523130,4435700,19958830
approximated_ebd19a90-2a41-4775-9387-7f7ff69d953a_sportation.owl_functional.owl,144111794,248518613,392630407
approximated_c863596e-1046-4365-ae26-cab76a7f35cd_Ice_cream.ttl_functional.owl,14320472,3646995,17967467
0f261956-bd48-46ae-9133-a1b150fac054_al_process.obo_functional.owl,869363345,2731576724,3600940069
approximated_312632d1-7907-4a41-bd11-3e545ab0ff20_tambisfull.owl_functional.owl,41816904,31942319,73759223
0d983190-bc65-4c90-ad4a-a94c010fe6ab_onto.rdf_functional.owl,12024932,3323401,15348333
approximated_27af1ea1-393f-40f5-8a8c-7725fd531ded_p.qcr.fixed.owl_functional.owl,78384692,154969753,233354445
approximated_00519.owl_functional.owl,13977644,8567621,22545265
456fd22a-564d-471b-9832-d37b29822afd_EMAP.obo_functional.owl,463292901,871710662,1335003563
approximated_8cfd956c-f11a-4e37-846b-5e8bbf16b164_o_cleaning.rdf_functional.owl,10630039,4077965,14708004
approximated_2ac6a21e-e27f-4e04-aca0-3c291f60fe2f_cator_Unit.rdf_functional.owl,16675695,3757205,20432900
approximated_3572a8aa-be40-4c39-8471-1b0ec487faa9_dbpedia_3.5.owl_functional.owl,39009000,56727907,95736907
approximated_6cb81309-880e-4a62-a454-ed6aa2b74baf_necommessa.owl_functional.owl,20943184,13579861,34523045
approximated_d30cd722-7f04-4e72-a80b-fafe8ecfdc0c_ienceOWLq1.owl_functional.owl,13069574,11508072,24577646
d41142a6-be30-40e5-a5bb-82ab0b7031bc_imitive1.0.owl_functional.owl,11447041,7759701,19206742
approximated_3b49a314-d686-4591-b809-81cbe64b2c32_matrEnergy.owl_functional.owl,143266183,231092110,374358293
approximated_1610cbca-9dc9-446a-a1d6-2fd52ebf81b2_Dowelmax.ttl_functional.owl,9376468,4155441,13531909
approximated_b4f35778-b471-43d0-bac8-dc13a990a393_Mormyshka.rdf_functional.owl,14107304,3959213,18066517
49cbd881-2b40-4dce-bcd9-d8008d983a28_ysfunction.obo_functional.owl,101336649,17924549,119261198
approximated_82006a15-7367-4d03-945f-33f5e4a44273_onto.rdf_functional.owl,17321728,6624864,23946592
approximated_ac1fae27-a56b-4713-b1f8-6dcdde27aae8_oordinates.owl_functional.owl,68225241,127074066,195299307
approximated_07121eb4-c2e9-4740-a50e-bec32b357bf3_preonto.rdf_functional.owl,12393472,5224618,17618090
approximated_3431dabe-b559-42d2-811b-0c579ae9a13c_Massage.ttl_functional.owl,15975750,3734832,19710582
approximated_32f6e531-f8f3-4bb3-a0f7-25c664c6acba_ecule_role.owl_functional.owl,248763436,563675028,812438464
dc4e24d0-5256-4912-b3be-36105ab1b907_p_CLEMAPA.owl2_functional.owl,275215534,673546706,948762240
approximated_1fc30ab1-b64a-44b2-b4fe-0402806b091c_Virtuoso.ttl_functional.owl,16401540,3683478,20085018
approximated_0fdf1f39-704c-4e6c-b3a0-c871b3bd1707_EDAM.owl_functional.owl,81002652,212358104,293360756
5bc14acf-73cd-46fc-976a-db380540101c_data_center.owl_functional.owl,55407125,74165833,129572958
approximated_56845102-ba92-4662-adbc-4fc38a355d7b_TFS.owl_functional.owl,22313987,6268803,28582790
approximated_a2920fe4-23bf-4c8f-b1b5-084212e6f3e3_ceGeometry.owl_functional.owl,133472340,224834021,358306361
approximated_953aa9d2-d6f6-453c-bb34-18a7fc47f7e3_Potato_cake.ttl_functional.owl,79178270,3772451,82950721
1bebb1d6-7fbf-4634-af0d-9fd70f878427_ts_DAG_1_3.owl_functional.owl,34364137,44440785,78804922
approximated_345f158c-997b-45ee-a3a1-83ebd2d33d2c_eryContext.owl_functional.owl,100487899,11135068,111622967
approximated_0d10680e-34e3-472f-be86-47be11db9a67_stateSpeed.owl_functional.owl,236912325,222842121,459754446
approximated_42203f3a-bde1-47ca-a6f1-a5f71044eb50_SOG_Knife.rdf_functional.owl,73127561,3749805,76877366
approximated_sso.syndromic-surveillance-ontology.1.owl.xml_functional.owl,36340635,8610080,44950715
approximated_cca6f513-d151-4a2c-9e4e-8a7dda781d0c_Rationales.owl_functional.owl,88619728,61525927,150145655
67d80e15-a36a-4f87-8f0a-99c6de37ac35_atomprimitive_functional.owl,73725533,5679575,79405108
approximated_168c1edd-a67a-494c-b1be-4b5839700243_vsao.owl_functional.owl,28346484,22438361,50784845
approximated_b3060fcd-c837-44fb-b4b0-5c8911107a9a_dtn.owl_functional.owl,86172990,7906450,94079440
approximated_5b850a43-95b6-4a41-8e17-97f2aae70514_iComponent.owl_functional.owl,303929642,300029180,603958822
8d19d7cf-e876-4f4a-8c7b-864635eb5d96_pathway.obo_functional.owl,31174231,46120883,77295114
6e0f4e17-6524-4acf-958d-b64f1376f0e7_mpathmerged.obo_functional.owl,26207209,38050969,64258178
approximated_0115df36-b26f-472f-8081-0ff27f40980b_e_blasting.ttl_functional.owl,11276670,3788667,15065337
approximated_ccf9ed40-e244-4225-a4e1-e81546e03575_1058s3s3s4.owl_functional.owl,18264621,7330857,25595478
c7d095b3-de97-45c4-b928-21511cd9f53a_orieDer_Mensch_functional.owl,18099406,2651768,20751174
approximated_3ad89c33-f622-4697-a38a-ca3c5b13b9fb_Bribery.ttl_functional.owl,9762193,3630050,13392243
b49f170d-f76e-4aab-8b29-a3710642bee2_phylobase.owl_functional.owl,19620769,27664181,47284950
approximated_7fcef5e5-6711-46da-a346-511f20a4b7b8_phenGeol.owl_functional.owl,142227278,245966728,388194006
approximated_1f6bd5c5-cbef-4d18-98f1-823f6ae30409_esc.owl_functional.owl,33970369,11469666,45440035
approximated_911780f7-fe24-4091-89f6-26be690e27dd_Endmill.rdf_functional.owl,11985111,3899648,15884759
approximated_64d2b920-0f50-49e9-9e4f-be6f28624991_mantics_v5.owl_functional.owl,29441377,22867385,52308762
approximated_357c5335-0cfb-417c-a74d-6d3779cd2adc__United_States_functional.owl,13211525,2007655,15219180
approximated_74aa452c-eb00-4ddc-a0d1-0ff78b3ec595_Bucksaw.ttl_functional.owl,16530436,3676900,20207336
approximated_0cb0ae64-8cd3-42ef-9e2f-7acfd626c4a6_COSMOtop779.owl_functional.owl,349032421,598891197,947923618
approximated_2ded1de7-16cf-4ddb-86f0-17045012df52_climZone.owl_functional.owl,89432531,142320849,231753380
approximated_058f0beb-5a40-4168-8e58-c1fc8d19a76f_ilaAnatomy.owl_functional.owl,218608438,569746127,788354565
0114933a-4dc8-4fe1-a966-81e46b6c4d89_an_anatomy.obo_functional.owl,32162090,36405761,68567851
approximated_2c18d3dc-bbf5-444f-a9c6-dd254ec84a6d_Toolbox.rdf_functional.owl,15944801,3633898,19578699
approximated_1622ff42-dc68-4e0b-afc0-ef2b5a001b8b_103onto.rdf_functional.owl,18054099,5709466,23763565
approximated_e118f370-e16d-4438-a232-c71b1d55c258_emtopbforo.owl_functional.owl,27994149,10527072,38521221
approximated_40ffe51e-eda2-4415-9d0e-973629b32524_EHDAA_functional.owl,78696530,128878928,207575458
approximated_204e5fbc-62d2-4dff-8543-1fb4ee2671c2_Norvegia.ttl_functional.owl,13017789,3944439,16962228
approximated_0eaf16b4-ad9e-4de9-8902-496ee7451c29_A23_battery.rdf_functional.owl,18353313,3821175,22174488
approximated_704f6550-dfae-4072-9b8d-47a04247b64f_s_fountain.ttl_functional.owl,10604188,3705696,14309884
approximated_00424.owl_functional.owl,42107204,105256318,147363522
approximated_19c68c88-def2-4dd2-b8de-d85544b1433f_phenElecMag.owl_functional.owl,136869509,248699218,385568727
approximated_1be661fa-43bb-4c4c-adbc-51ffd7e788c8_bookroom_functional.owl,20230329,12174997,32405326
56bcd907-a696-489d-ac44-5df521df3c60_theme.owl_functional.owl,11065610,12398640,23464250
approximated_1a6a55c4-89f4-424f-9c16-92ed1b1d5f97_matrAerosol.owl_functional.owl,127393295,291231184,418624479
approximated_kb-owl-syntax-coreference-IDs-km-relevant-cardinalities-disjointness-triggers-constant-classes-value-classes.ofn_functional.owl,869115030,2265340792,3134455822
approximated_kb-owl-syntax-unraveled-depth-4-cardinalities-triggers-constant-classes-relation-axioms-value-classes.ofn_functional.owl,382550260,1071127671,1453677931
approximated_kb-owl-syntax-unraveled-depth-2-km-relevant-cardinalities-triggers-constant-classes-relation-axioms-value-classes.ofn_functional.owl,546640847,1046674726,1593315573
approximated_d510326d-c387-4e95-a41f-015d1a61f2f7__functional.owl,19708956,23230342,42939298
approximated_2e8670ac-e7aa-4a67-8c38-a62efbbf987b_Mizithra.ttl_functional.owl,14654444,7795127,22449571
approximated_122890f8-24d2-4cd9-9140-158f8f1b4c6e_Blintz.rdf_functional.owl,20571946,6382023,26953969
approximated_776220a0-e09b-4dcd-9700-4998ec01ffb7_Photograph.ttl_functional.owl,17446812,3682313,21129125
approximated_6e192eed-b4a6-428a-9658-bf6e21929dc3_tinalisMOD.obo_functional.owl,1379031202,3125588584,4504619786
approximated_00646.owl_functional.owl,104617768,255931658,360549426
approximated_41b5ecb2-1b3a-40d6-81f8-ca867ca90a71_32_battery.rdf_functional.owl,15175673,3898567,19074240
0431efde-8b36-4395-9dfd-2cec62ded032_y.obo.PREVIOUS_functional.owl,50930575,81688819,132619394
approximated_243113e0-4ba3-4f81-b5a2-e238d7cbe35e_ulic_motor.ttl_functional.owl,13334801,3726575,17061376
approximated_7d8f4faf-b854-486a-bfed-cd4a9e9a55ac_Rollmops.rdf_functional.owl,15228390,3738860,18967250
approximated_397af8f6-f399-4fff-a2cf-fe49d283259a_scro.owl_functional.owl,24560366,5118576,29678942
a1bad8f6-3744-4b83-938c-249f15bd9f4f_ccerPlayer.owl_functional.owl,21477085,3638241,25115326
approximated_037c4cc6-b478-4b19-977c-78413e2a5b50_hragm_pump.ttl_functional.owl,11593684,3671798,15265482
approximated_f36c7203-fbc7-42de-aa7b-ce2463c9dc52_family.swrl.owl_functional.owl,9766042,2953340,12719382
approximated_1931bdad-410a-4f37-bf8b-a851bebb9357_Brie.ttl_functional.owl,17513362,3739547,21252909
approximated_990efa33-1c11-471c-bbad-78ff9e7266bc_pmbokref.owl_functional.owl,54904130,83690917,138595047
approximated_4b9200c5-0285-4e2a-96ad-3ca22fef2b41_tance_edit.owl_functional.owl,49317462,45386055,94703517
approximated_6f3e3f37-8bcb-4817-80e5-35d9d1d41c86_idDynamics.owl_functional.owl,134904237,211067590,345971827
approximated_13e5ed6f-4c73-4fb9-8fe5-e172388b790e_Chainsaw.ttl_functional.owl,11906104,3844741,15750845
approximated_025133cd-6e9b-4f43-a9f8-adc548531d0b_Cementite.rdf_functional.owl,13805809,3781559,17587368
dec8903d-7933-4f80-b903-f765983da6e7_gams.rdf_functional.owl,21711278,38866351,60577629
9d039558-dfc0-488c-9a4e-92a0d699b39f_ONRT.owl_functional.owl,18160073,4123582,22283655
approximated_eb3b16cd-affa-400f-9713-98bd93cf46ae_Umnumzaan.ttl_functional.owl,19262437,3601024,22863461
approximated_be7a6d0b-0f76-4fe7-bd1f-a34ae731bd81_RLExamples.owl_functional.owl,12907281,5121840,18029121
a1e4623b-1faa-4e69-a606-5d5c4ef90f5f_Locomotive.owl_functional.owl,15326369,1607355,16933724
approximated_fe6e5805-99fe-45cd-b599-5b6b1a0c6a5b_onto.rdf_functional.owl,13245552,5043919,18289471
approximated_422f8d3e-c662-483c-a752-41647b5cc1d7_basic.owl_functional.owl,648353065,1600847349,2249200414
c5eec99a-285f-41a3-952e-1e3c06967961_Heilpflanzen_B_functional.owl,108017605,783183,108800788
approximated_0000212a-38bc-4129-898f-70d1e9114863_Lion_Bar.rdf_functional.owl,14039315,3674075,17713390
approximated_aa7460c4-3092-4c0f-a6ef-7855cfcae456_Microbiota.owl_functional.owl,136860368,212983665,349844033
approximated_02e23efb-644c-4dd3-8971-e514087e900c_programming.owl_functional.owl,16920474,10176054,27096528
689600ca-4a5f-43a4-9483-58415f627c66_ioequivmod.owl_functional.owl,744944386,578486720,1323431106
cptac.cptac-proteomics-pipeline-infrastructure-ontology.3.owl.xml_functional.owl,26350910,4167302,30518212
approximated_71a6f8a4-faa3-4998-935c-1e37b3eee4a3_Shanklish.rdf_functional.owl,16744999,3773579,20518578
18b168a3-8696-45a7-afc9-b8d532a2eb04_fbdvsimple.owl_functional.owl,19094936,19891181,38986117
66ce60c0-09e6-4dc3-bec4-c99dd234bb3a_ionAthlete.owl_functional.owl,17273794,969424,18243218
approximated_00422.owl_functional.owl,31544036,41094821,72638857
approximated_65229705-d5b1-400b-84b0-5b4c26959aa3_ceAnalysis.owl_functional.owl,136698060,215969327,352667387
approximated_kb-owl-syntax-unraveled-depth-4-km-relevant-cardinalities-disjointness.ofn_functional.owl,621471902,1295799696,1917271598
approximated_6ac8b71a-c597-420b-9166-1be85f288c05_riped_bass.ttl_functional.owl,12584342,3927168,16511510
3f612269-d41b-4e7e-b334-72a14c6549b5_t.obo.PREVIOUS_functional.owl,44131028,15004448,59135476
approximated_75a546e1-3238-4e4f-8c8b-e39bbc29ba94_tinguisher.rdf_functional.owl,15476806,3851198,19328004
approximated_3531f609-6a23-48a0-b9a1-50b7d49a26c0_Coping_saw.rdf_functional.owl,12350954,3720998,16071952
approximated_4a543d99-3243-4d9d-b47c-556c1d86b70f_situations.owl_functional.owl,23492324,13049382,36541706
47cc1fd9-225f-42f1-85d9-8ab0d77defbc_nstypetbox.owl_functional.owl,1377155927,3108443381,4485599308
approximated_0c701b3b-4333-447e-9366-5738d5b677e0_AmigoS.owl_functional.owl,14717290,9400583,24117873
30f83806-d44f-4da4-9377-fa8f7934644b_KategorieHarn_functional.owl,13298068,861105,14159173
approximated_0952a61a-ede0-4b56-b49e-6fb9ac5240dd_core.owl_functional.owl,17948904,9405312,27354216
approximated_389ecfd7-e8a0-4201-9449-de81d9f34999_se_missile.ttl_functional.owl,15260464,3713832,18974296
approximated_e3b94d04-7c87-49d5-bcb8-c1d2be6e1aad_ingObjects.owl_functional.owl,16690598,4908959,21599557
approximated_01f74aeb-1187-4a53-a22a-c1c2090aad52_Ice.rdf_functional.owl,18624328,5575769,24200097
approximated_aafab4a9-a3f2-4b35-903a-0c4e18f62ab8_raphicData.owl_functional.owl,11310638,6484669,17795307
approximated_310ab746-a1d3-4df5-ac56-39e32b776992_Informatica.rdf_functional.owl,11226658,4102937,15329595
approximated_1e958eda-7523-4a99-a4b9-9ff580a891e3_Bidet.rdf_functional.owl,11293268,3604215,14897483
approximated_ae693413-5af6-409d-b162-8f04782724d1_prSciModel.owl_functional.owl,134458495,211221122,345679617
approximated_029da1e2-d033-4a02-9b70-740b03a8511a_Salamander.rdf_functional.owl,16566483,3628412,20194895
9584f359-72cc-4c32-9560-36c5e4f405ba_asfanttbox.owl_functional.owl,168146443,350071793,518218236
approximated_9cd44199-c982-4abd-8fce-f9704e8e5672_Caviar.rdf_functional.owl,76698235,3789520,80487755
approximated_238c3531-2cf2-40fa-bd4f-8e891dad3e8f_Biological.owl_functional.owl,134177054,217872466,352049520
approximated_26eb572d-19c4-492c-b40b-46f3ad231d64_e.obo.PREVIOUS_functional.owl,450679009,952364614,1403043623
approximated_2f353011-267e-484b-92a5-9491ba8956d6_Provolone.rdf_functional.owl,12634414,4279118,16913532
5a546266-6d7d-439e-b41c-aa9cc99350ef_protlabels.owl_functional.owl,415006993,1021775943,1436782936
approximated_50cc5380-a4a1-4d55-9e54-9e7753d4b53c_Powidl.rdf_functional.owl,15480617,3619762,19100379
approximated_5b6f800b-746a-4ac7-8521-89daee0ddea9_stmas_cake.rdf_functional.owl,14040024,3647176,17687200
approximated_8af409af-7d64-4e38-8335-e8c93c4c0c1b_ka.owl_functional.owl,12824632,7978001,20802633
approximated_0805c492-a3fa-41e6-b667-9968da4d9e3f_iridlcfds.owl_functional.owl,47635527,16050836,63686363
approximated_596306c9-02e6-47f4-80ab-ae06fbe67c18_d_restorer.ttl_functional.owl,12078417,3716153,15794570
5af2c637-e44f-4d50-9ed9-4d808b97a4fc_0d.owlGene.owl_functional.owl,112507338,202906747,315414085
00148.owl_functional.owl,23698234,23756890,47455124
approximated_d0c3ffdc-cb62-4793-bfcf-861b39e9369d_ore_47_36i.owl_functional.owl,73459349,91241512,164700861
approximated_0432f8dc-1084-4d4e-99ee-0aa2881c8787_gfo.owl_functional.owl,15096842,7870816,22967658
approximated_58454d3b-5616-4c00-9752-eb280af7fbf5_a_slovakia.owl_functional.owl,452604209,86657130,539261339
5f77b4a0-54b7-4abd-b9b8-508747d351da_nbosimple.obo_functional.owl,22230492,43209045,65439537
approximated_106ee998-790d-412c-b0d9-baaa1524d185_ting_bench.rdf_functional.owl,17500348,3758024,21258372
approximated_56f4822e-1527-42e5-9445-449af8b499bb_Transformer.rdf_functional.owl,9500736,3812967,13313703
approximated_19c815e6-3edc-4e5a-a0ec-85d911eac3e5_Squeegee.rdf_functional.owl,9944559,3641205,13585764
approximated_00452.owl_functional.owl,151316838,368479048,519795886
approximated_kb-owl-syntax-unraveled-depth-3-km-relevant-cardinalities-disjointness-triggers-constant-classes-relation-axioms-value-classes.ofn_functional.owl,1328686109,1510532524,2839218633
c4f1cea1-28fa-4fb1-808f-e3c992206988_Musical.owl_functional.owl,14014317,1787359,15801676
d0c6d3c4-7482-4ab7-9097-dba7f1ac5988_OID_import.owl_functional.owl,15376656,9017677,24394333
approximated_63c9e5c0-326b-4cb7-a595-d9a09feaaabc_aboutserf.owl_functional.owl,20229559,2593625,22823184
5ac96124-0a4b-49d1-9e08-b1420bf133b1_classified.obo_functional.owl,347887400,386225358,734112758
00787.owl_functional.owl,2181800555,2581511648,4763312203
approximated_00557.owl_functional.owl,791005702,1688777613,2479783315
0bfc3bd6-41f4-4d29-95fe-6e72a34ec3e4_visiaetype.owl_functional.owl,136331693,386127567,522459260
vsao.vertebrate-skeletal-anatomy-ontology.20.owl.xml_functional.owl,17680099,22036466,39716565
approximated_35610ba1-5dd3-433a-8215-bfc798f2ed17_virControl.owl_functional.owl,135827149,227177784,363004933
approximated_13fac6b3-58ea-431b-935c-ae0dfb614156_Intel_MCS51.ttl_functional.owl,14579588,3784388,18363976
approximated_f50232a4-9b85-4167-8745-b80c26d30ceb_dimension_functional.owl,19842005,9767005,29609010
approximated_1e907dab-c336-46d9-acae-bbd43f866294_Intel_MCS48.rdf_functional.owl,16070429,3861651,19932080
0b0a4e5b-d23f-43b7-8058-799c8125e251_rySample_pages_functional.owl,15702481,1117011,16819492
cf23def0-f91f-4a62-b8b5-69ed4e5f5015_t.obo.PREVIOUS_functional.owl,25355220,64769982,90125202
approximated_1b5edc8a-cab0-4f29-a46e-e903eb9ab8ed_fostech.owl_functional.owl,11833070,7765127,19598197
approximated_d02b10cc-cbaa-4ae4-a4db-e360948b3c10_enceSystem.owl_functional.owl,139821366,250795964,390617330
approximated_f7136359-42c0-4dff-9ab9-765fc3485371_ATC.owl_functional.owl,23675033,6265695,29940728
4ddc0693-5ab6-4e03-81b5-3f2fc8f0eb28_Crustacean.owl_functional.owl,17676197,1456613,19132810
approximated_815a3212-921e-4396-bef9-5e8066b47e5e_Flagstone.rdf_functional.owl,10821570,4221439,15043009
approximated_5f4d3c25-d578-4a17-b8d1-144b4434d54e_Kite.ttl_functional.owl,13015174,3785131,16800305
approximated_7210d05b-eda2-42ce-a852-e6b49b0c13c5_rvation_v1.owl_functional.owl,12636597,5433239,18069836
approximated_00470.owl_functional.owl,2558780018,12811346637,15370126655
approximated_2df77c3f-725a-4665-8311-b42fd585f359_Speedometer.rdf_functional.owl,15414251,4561699,19975950
approximated_e163ba09-61cb-4387-bd2e-01179a69f1a9_bibo.n3_functional.owl,17734834,5587127,23321961
approximated_d1c6647a-3fdc-4e7e-aab6-6b771681b2d9_mdatamodel.owl_functional.owl,18013226,8111107,26124333
approximated_kb-owl-syntax-unraveled-depth-1-cardinalities-disjointness-triggers-constant-classes-relation-axioms-value-classes.ofn_functional.owl,746626754,1748383073,2495009827
approximated_a1a521cb-b92f-4b6e-9835-d2942a72c999__President.rdf_functional.owl,13665874,3646622,17312496
approximated_f6c11f60-c840-4437-8655-a0c907bd7702_onto.rdf_functional.owl,17350321,4823340,22173661
approximated_da24a8b9-ea7c-4b8d-a219-31e1f6d7c918_Processing.owl_functional.owl,133277299,232824969,366102268
approximated_fd913c9d-dcc5-4068-a69e-8280e5b63479_2netcdfobj.owl_functional.owl,94720199,6732921,101453120
268594cb-c716-4229-99c2-40c21f76164b_classified.obo_functional.owl,253615593,70977093,324592686
approximated_04b652de-64ea-4deb-b959-53ae80e1564b_nterface_1.rdf_functional.owl,37723316,3666357,41389673
approximated_7bc84fee-e6ad-4c9c-b8ac-a2d7d74bdbdf_iaomain.owl_functional.owl,14221583,8365526,22587109
approximated_2069d761-32c0-4a79-bdb4-47dfb0036c73_example1.1.owl_functional.owl,35304521,8678042,43982563
approximated_d99f46df-a7bb-4106-ae64-bebba38d6f25_Seismicity.owl_functional.owl,131601873,214564962,346166835
approximated_a0b72ed5-8dd8-4df6-95a5-272f4c232d90_TFL10niso.owl_functional.owl,14879078,4904297,19783375
approximated_462300e3-c3f0-4acc-8938-e3ac613ce7b1_Capelin.rdf_functional.owl,12391867,3801295,16193162
approximated_9fa64197-8c1e-4369-a787-62cf9b7b0743__preserves.rdf_functional.owl,13004021,3813068,16817089
approximated_b63c9718-5e0f-4712-a913-de2073471df6_goplus.owl_functional.owl,2154285994,6559960072,8714246066
3a024afe-acce-4972-b4f9-f2878a8df4d0_NIFCell4.owl_functional.owl,28143910,12490208,40634118
approximated_7cebc46f-c7de-4671-b213-106c5f366003_White_bread.rdf_functional.owl,8854176,3749371,12603547
approximated_bof.biodiversity-ontology.2.owl.xml_functional.owl,20239132,14116246,34355378
approximated_a59d81cc-3a62-43a6-bf2a-c29fc7478265_sio.owl_functional.owl,43348586,93500991,136849577
approximated_70d4edaa-92fc-4c40-af38-1f39f431fc3f_idDynamics.owl_functional.owl,134443009,216122761,350565770
approximated_9a47e70a-46f7-43d6-8021-de22fbb4ff89_een_hammer.rdf_functional.owl,56409187,3998402,60407589
approximated_f9df910c-7467-40b2-a7ab-c2c8a6175193_Wine_color.ttl_functional.owl,10775080,3676738,14451818
approximated_c7f8dc63-8b09-43ba-8abe-4ecfab37c00c_Valve_oil.ttl_functional.owl,17526843,3882869,21409712
92b4097a-bcb4-4984-9b36-81e317e9b89d_po.obo_functional.owl,62547130,135270616,197817746
approximated_00476.owl_functional.owl,95071557,201133601,296205158
approximated_d076704b-54e4-4393-93eb-e3e49fce4774_opQuantity.owl_functional.owl,159992273,247696878,407689151
approximated_98cf5a99-c63f-46e0-969b-101960e30ecf_complex1.0.owl_functional.owl,14127453,8526271,22653724
c3ade7ef-3484-4b9c-b98f-52d4ce77848b_anio_rerio.owl_functional.owl,332583729,561215263,893798992
approximated_24a6543f-8cf7-4402-a4e3-740a73b72961_it_breaker.ttl_functional.owl,11835368,4020860,15856228
approximated_18e301bd-c6a5-41f9-8542-e01175cd154d_Musk.rdf_functional.owl,18488047,3729213,22217260
approximated_00762538-1bcd-42af-9c56-bb27a71c7a39_ucd_pos.owl_functional.owl,15843990,15290045,31134035
approximated_027ab871-4b28-4d1e-bcb0-2c3742d9b353_Kasseri.rdf_functional.owl,12861015,3617527,16478542
approximated_4d0b0494-34b7-4b4d-9c91-53161f953500_pleAndPets.owl_functional.owl,14858258,3697102,18555360
approximated_08083461-91eb-4eb6-bf8c-388cde2954ef_Table_saw.rdf_functional.owl,10987296,3636839,14624135
approximated_99986c5d-c501-438d-a40f-d2da2f167ed7_eFrequency.owl_functional.owl,136686021,212633107,349319128
approximated_90afb9ed-961f-4d58-8845-5e626e9c60ff_russiaC.owl_functional.owl,12498188,8415441,20913629
approximated_afad60ce-2326-429e-81c5-ca55842c39c3_entication.owl_functional.owl,15242598,8647833,23890431
00177.owl_functional.owl,36057032,23694767,59751799
approximated_bdd10a5f-08ac-44e2-b828-a47bf2667d7f_Candy_cane.ttl_functional.owl,15143601,3724577,18868178
97f09d64-e36c-4175-bd00-c6f400535a3d_slim_yeast.obo_functional.owl,19745345,15517204,35262549
approximated_802f0e98-2591-4f4b-8f72-cb1d839e40b8_PaulFisher.rdf_functional.owl,18797502,5548279,24345781
approximated_8c47dc01-94fa-4e70-830e-c133b7f1b847_personale.owl_functional.owl,21030433,10497721,31528154
approximated_2b321d19-3909-4e14-bb2f-6c0404a3b5a8_ny_lobster.ttl_functional.owl,13333139,3937318,17270457
approximated_00104.owl_functional.owl,70521916,67530658,138052574
approximated_9af2b577-d766-46db-9569-eafc4bbe6f7f_SensoComune.owl_functional.owl,15882316,4472830,20355146
approximated_101e22b2-1bc4-4893-be05-413b83e3a2f7_Halva.rdf_functional.owl,13862192,3948664,17810856
approximated_2071f048-a776-425d-8240-30f02c14ae0f_mergedtbox.owl_functional.owl,1160234398,3298552156,4458786554
approximated_5abee09f-ccc4-4555-8628-878e575d68d9_erOntology.owl_functional.owl,18543200,6243305,24786505
approximated_08db27e2-ad96-4553-a476-473743cd766e_230onto.rdf_functional.owl,17101862,6147572,23249434
approximated_217add98-3f83-4b12-a6b3-6dce4d5b94cf_Love_Hearts.ttl_functional.owl,15838582,3883575,19722157
95c913f1-b961-4bee-85c5-6579e4904fdc_NIFQuality.owl_functional.owl,14345025,6684428,21029453
approximated_6fa27e9a-6801-4cfd-9f07-6a2416657e74_cdk.owl_functional.owl,33085439,53101082,86186521
approximated_b2cd1a83-477c-4c6b-9107-35d2a58e2b08_Montasio.rdf_functional.owl,13996002,3827719,17823721
approximated_590d0afe-c660-47ef-8950-b0a2c1159cd1_Cement.rdf_functional.owl,14352964,3839910,18192874
approximated_94ad6e1b-5bb8-4dad-8aae-3ca5664b8e4b_ster_bread.ttl_functional.owl,15575109,3747537,19322646
approximated_2ef68cf6-ed2e-4767-93e5-4adae6dace47_Jig_borer.ttl_functional.owl,17264002,3826051,21090053
approximated_0ccf8e8d-23db-495b-a2b5-bcb2c31d546c_movie.owl_functional.owl,14144226,2515449,16659675
4e6e16eb-8469-44d3-bcff-8adce2b99495_i.obo.PREVIOUS_functional.owl,211206794,124570318,335777112
approximated_da802573-e7e8-4cf0-b64e-2a2e4d24c09f_Torch.rdf_functional.owl,13449993,3786025,17236018
approximated_603edd87-ffe0-4d9a-98a1-638bc81c6de4_Horsebread.rdf_functional.owl,13611925,3875356,17487281
approximated_50265ad9-064e-4fb3-9059-d475bc7369f7_Thunnus.rdf_functional.owl,15053825,3682106,18735931
approximated_kb-owl-syntax-unraveled-depth-2-cardinalities-constant-classes-value-classes.ofn_functional.owl,428783167,1089100341,1517883508
approximated_2ce40108-030a-46b1-986d-663f0af52f90_Moresca.ttl_functional.owl,8671573,4190852,12862425
549dd079-32d8-4fb5-9102-7821da83b74f_DCD100.rdf_functional.owl,380653034,499690873,880343907
approximated_6af1bc35-b7e1-4fd3-96ab-bf6e04b1cd2f_Bigeye_tuna.ttl_functional.owl,10055410,4623191,14678601
approximated_0aa095fd-866d-4866-b0b2-4115d687deb2_nlop_valve.ttl_functional.owl,14891081,4212036,19103117
approximated_5106a42a-1d1a-4311-97a3-7017a9a4fd20_logyrdfxml.owl_functional.owl,14127193,4424831,18552024
approximated_fb75cc9c-11b0-40d1-bceb-f3395b82dafd_esg.owl_functional.owl,89650028,13966771,103616799
approximated_7ae1eceb-a85d-4883-bdad-d384cee530a8_Quesillo.rdf_functional.owl,11823722,3635798,15459520
approximated_ad25493e-5020-4eb5-bc3a-815120cd1046_Blaa.ttl_functional.owl,15199929,3652806,18852735
approximated_ce8f4c94-c83a-4ab4-97f3-b4460c0f550a_Grounding.owl_functional.owl,18515342,7179822,25695164
approximated_0321ae14-3a1e-43d9-9f39-5c28b78938b5_Dubnium.ttl_functional.owl,14272996,3900555,18173551
1afd4727-f67e-44b7-a957-6ba2f17b90c1_Hospital.owl_functional.owl,15584984,1934247,17519231
approximated_53f7b772-aa52-44f2-b0b8-b8d098d43fec_n_phenotype_xp_functional.owl,395960981,982783106,1378744087
approximated_00386.owl_functional.owl,651886367,1963787713,2615674080
approximated_713157b8-7b42-49f0-ac0a-9324da337943_Intel_80386.ttl_functional.owl,18178821,3698504,21877325
approximated_e589a49e-acb1-44d0-8860-9472a1c7a2fe_enAtmoWind.owl_functional.owl,164713898,242712022,407425920
approximated_3e3e226c-4953-485c-a92b-b8f3469cb14d_Copra.ttl_functional.owl,12180098,4097763,16277861
efb640f7-d695-4f43-9f88-58681f51947f_Legislature.owl_functional.owl,11231643,1235217,12466860
approximated_2fd0eaef-81c1-498a-8486-3c5f161e1205_btl2.owl_functional.owl,10960691,3550257,14510948
approximated_3e3ff84d-380f-4c44-b84c-c10267eaa3b0_FMolecule2.owl_functional.owl,351165323,769058434,1120223757
approximated_363c4e2a-5f18-46d3-abc5-11b6c317180b_som.owl_functional.owl,17781103,10895136,28676239
approximated_fdfa32dd-7fbf-414f-b236-856dcbca85b6_complex1.0.owl_functional.owl,18445936,6222170,24668106
approximated_1e4ed76a-e564-4dcc-9dc3-7241793e7d86_Balisto.ttl_functional.owl,16019168,3623524,19642692
f19593c7-6949-462e-b044-5c10bd2e51d7_onto.rdf_functional.owl,17714316,1772702,19487018
d2ead1db-7750-4183-850b-44fb1d70e85b_psimi.owl2_functional.owl,41559834,103880719,145440553
approximated_16382288-9d3e-418d-972a-a3ad296db399_AAO_functional.owl,64178494,130657855,194836349
approximated_44ddcb60-ad2f-4cb4-a2c1-9bde783e8bf7_Lemon_drop.rdf_functional.owl,18483794,3731979,22215773
approximated_b329befa-ad2b-45cf-b7ea-6c05846291b4_Joist.rdf_functional.owl,16505678,3659040,20164718
approximated_049ed51a-645e-44f0-ab79-8a9c046a2931_Process.owl_functional.owl,12068497,5858288,17926785
approximated_imgt-ontology.immunogenetics-ontology.4.owl.xml_functional.owl,72639505,123384947,196024452
approximated_kb-owl-syntax-unraveled-depth-4-disjointness-triggers-constant-classes-value-classes.ofn_functional.owl,625252975,1447178927,2072431902
approximated_c17f5adb-832a-4341-8644-b9a8856188e5_relaTime.owl_functional.owl,153845296,238629585,392474881
approximated_00783.owl_functional.owl,40238878,16175093,56413971
approximated_0253114e-7319-4466-a89b-4039fcf9b0c0_bila.owl_functional.owl,17526783,6579826,24106609
approximated_2f52b75f-fe0a-4a31-9ffd-603eb5f3cb0a_ter_coffee.rdf_functional.owl,11957667,3920244,15877911
d93180fb-186b-47e8-bb53-dafb7a45137e_y.obo.PREVIOUS_functional.owl,44274138,80437954,124712092
approximated_49be6fe8-8651-401f-999a-015d9131ccb8_na_symptom.owl_functional.owl,20503920,39685404,60189324
approximated_9453d545-392d-4576-992b-92a9059e7d40_nulo2.0.owl_functional.owl,10581752,4607749,15189501
approximated_1fd42b7b-6d5d-47ba-850e-ba4ce2803ba0_mappingMan.owl_functional.owl,95723706,10942539,106666245
approximated_kb-owl-syntax-coreference-IDs-triggers-constant-classes-relation-axioms-value-nominals.ofn_functional.owl,608137267,1694984677,2303121944
approximated_2444d782-7c10-4f7f-95a6-aee244110f81_ny_galuska.ttl_functional.owl,12801558,3737221,16538779
5853f952-6e48-489d-b379-41d059f14f83_difications.n3_functional.owl,32097346,4425371,36522717
approximated_6ac35b9a-a6b8-4ae1-b321-4fcd42f1d176_relontor.owl_functional.owl,13698258,5505331,19203589
approximated_64624e03-8270-4da7-bcd1-8221bb007126_Skyr.rdf_functional.owl,10872268,3598294,14470562
eb1306d7-96bd-40dc-99cb-e8bde4517ea8_rieSchwC3A4che_functional.owl,16132345,795868,16928213
approximated_eco.evidence-codes-ontology.30.owl.xml_functional.owl,21130109,21935393,43065502
approximated_31e92e15-c020-4840-a59e-f9278822031c_Submersible.ttl_functional.owl,12522681,3989402,16512083
approximated_40d3d6b4-23de-42a1-be13-3a82129412b2_Compiler.rdf_functional.owl,16281270,3751198,20032468
approximated_d2ff4b85-8171-4aed-b36c-9eea96ee657f_bserv2codo.owl_functional.owl,28492396,19629099,48121495
approximated_135073b5-bd06-4adc-93cd-7c6cdea6f179_Foot_plough.rdf_functional.owl,10731848,3795493,14527341
approximated_2a0bf7a9-a99e-46e6-a715-2583ec9294c4_phenHydro.owl_functional.owl,131885619,214369268,346254887
approximated_0d2971d5-5c22-4db7-b53f-3995a07cbed7_basicplan.owl_functional.owl,9529262,4446369,13975631
approximated_59216815-ca0d-47c5-a0bb-a4d7e2343d1d_biotopcore.owl_functional.owl,21266030,18721525,39987555
a770643a-3a33-4581-b206-24df36f501de_sepsimple.owl_functional.owl,14752816,9754202,24507018
ordo.orphanet-rare-disease-ontology.4.owl.xml_functional.owl,974161967,2380857089,3355019056
95628c30-1531-4f71-aacf-ea8f51025b1c_DMEntities.owl_functional.owl,225593281,141696732,367290013
approximated_a86e3db3-c495-4992-b933-a09854743c7c_kalimashup.owl_functional.owl,123949841,32507251,156457092
approximated_1a383940-f47b-41f2-b035-0c4e9998e9eb_units.owl_functional.owl,22631975,1466768,24098743
approximated_064c348b-91e2-4345-8e50-b7f740645d84_SIO_000252_functional.owl,51108568,94641903,145750471
approximated_421ef9bf-ddf0-439f-84de-4fe386910d11_DAMOntology.owl_functional.owl,17089910,6515752,23605662
approximated_8bfe9fe6-3f1d-4f4a-aeac-43f34f91344e_Motorcycle.ttl_functional.owl,16152454,3684072,19836526
ffcd7609-f034-4a9f-8aa4-e47c98dd06c9_onto.rdf_functional.owl,17181412,607405,17788817
e31e4754-655e-48fa-83dc-6076b77b0c4d_us_functional.owl,16828278,1885205,18713483
approximated_3786efec-e5de-4f6a-adb4-5ff98da0008a_sin_cheese.ttl_functional.owl,15057683,4126145,19183828
approximated_8962f192-f74e-4097-8157-7a433de27411_pfmasubset.obo_functional.owl,79320558,176055600,255376158
approximated_0a1cbc1c-7d7b-4ba6-97f3-30473ae03a94_Red_Vines.rdf_functional.owl,14623989,3660242,18284231
approximated_kb-owl-syntax-unraveled-depth-0-km-relevant-cardinalities-disjointness-triggers.ofn_functional.owl,351687034,830178630,1181865664
approximated_kb-owl-syntax-unraveled-depth-2-disjointness-triggers.ofn_functional.owl,627284862,1446928709,2074213571
approximated_bcf72758-de46-45d7-89b9-e28d7e0c9b5b_ngontology.owl_functional.owl,15832687,3568397,19401084
approximated_03ffac5a-80d9-4dbd-98d6-4cccb0eaefa7_omv2codo.owl_functional.owl,25410403,19701625,45112028
approximated_a93eb6f6-c547-4728-b221-5eb34bd62bdc_ingRDB2RDF.owl_functional.owl,95791928,10934483,106726411
approximated_218b2b45-850e-4905-95fe-c72b97c2f5c4_tinstances.owl_functional.owl,80488086,34372761,114860847
approximated_47fb156d-ea03-4505-8982-f21fa848176e_Teleprinter.rdf_functional.owl,14019655,3701766,17721421
approximated_36e0985d-0f84-4051-91b0-a9fcbc5ef5d3_Wurstbrot.ttl_functional.owl,26833558,3654508,30488066
72a95ecd-8a2b-44fb-b747-99aab52a7167_emapmerged.owl_functional.owl,437525704,868492499,1306018203
approximated_405ed06c-dbd7-45e0-aa9b-9728ba84d5f2_classified.owl_functional.owl,5458412590,14528971763,19987384353
approximated_c64658e9-96f7-43fc-b47b-da2fa4f13a9d_reprMath.owl_functional.owl,142946651,212513077,355459728
approximated_f5084e5d-2777-42ff-9b6a-ee9d2a40402a_core.rdf_functional.owl,14364065,3042016,17406081
19dad552-98b6-4366-b90f-368b4b05299d_descriptor.owl_functional.owl,17095125,8745412,25840537
approximated_nifsubcell.neuroscience-information-framework-nif-subcellular-ontology.1.owl.xml_functional.owl,97389577,193838682,291228259
approximated_00758.owl_functional.owl,1547005878,3961974083,5508979961
approximated_b9dda14f-dcc5-4ef6-b004-5319e4384809_Manifest.rdf_functional.owl,22942829,3746375,26689204
approximated_18f5797b-fff5-46d8-996e-00d73f5ef981_Entity.owl_functional.owl,16744524,10103132,26847656
approximated_040bd77e-2602-4319-91b5-9e7f38e9717c_3_20124919.owl_functional.owl,361346102,94373760,455719862
0467fba4-c072-48bc-9c80-86db50415771_eo.owl_functional.owl,22163291,26702974,48866265
approximated_1831de91-c8fb-4d92-86ae-49766f64390f_eryContext.owl_functional.owl,21568826,8162590,29731416
approximated_293504a5-ccd2-41a3-b7c1-f40d93b7182b_Screw_Pump.rdf_functional.owl,13038338,4360740,17399078
approximated_9f86b682-0885-4083-89dc-55e367050ba3_compute.owl_functional.owl,16529527,7289520,23819047
approximated_c678494d-4383-43a5-b414-f1d0c212fc0b_pleRequest.owl_functional.owl,12374093,3448712,15822805
approximated_kb-owl-syntax-unraveled-depth-4-triggers-constant-classes-value-classes.ofn_functional.owl,345456237,884974470,1230430707
approximated_514b2b63-347a-4610-a6ed-c80595a68bab_Spezi.rdf_functional.owl,17718369,3631643,21350012
approximated_07b74350-b580-4676-a6b5-7cbae27cc058_onto.rdf_functional.owl,25428921,3926819,29355740
80fc854b-778d-4b4e-b711-326037255c97_nverzeichnis_Z_functional.owl,28515625,837944,29353569
approximated_92cd611e-1a32-4374-9a97-3170f09b3028_spl_functional.owl,16077550,9610343,25687893
approximated_8ec85442-57e3-4b22-9206-e64a243fcff1_ntOntology.owl_functional.owl,27973180,17256341,45229521
approximated_d909b981-0559-4105-9f84-e571416a1a05_imitive1.0.owl_functional.owl,7935394,6075095,14010489
approximated_kb-owl-syntax-unraveled-depth-0-disjointness-triggers-constant-classes-relation-axioms-value-nominals.ofn_functional.owl,428037399,915572227,1343609626
c571fc3f-01bf-421d-897b-037abfbd1ffb_ehdaa2edit.obo_functional.owl,697692102,673069209,1370761311
96b41228-bba8-4f6d-b83c-c52ea1e3eefb_go.obo_functional.owl,2148848985,4629422697,6778271682
approximated_87db0eb1-1fad-462f-91ec-7637b8a49d7b_Sage_Derby.ttl_functional.owl,18391478,3790003,22181481
approximated_dfbb09a7-cb20-43ce-842e-97e9a1e622a0_virControl.owl_functional.owl,138361127,230080107,368441234
approximated_354f82cb-1bb4-48d2-816e-def490eacfd6_compute.owl_functional.owl,54390312,7808690,62199002
approximated_2d59bafa-a0fe-4030-ab58-ece4ad3da455_esimplemap.owl_functional.owl,25899125,12151919,38051044
approximated_624d8884-8f5a-473e-8736-1fea35bc5b77_Hair_rig.rdf_functional.owl,13153423,3676001,16829424
approximated_b6b80757-e76a-4991-be81-1add2ef3740b_ecrm_110317.owl_functional.owl,20092304,188102408,208194712
approximated_e79c672e-2e98-4b42-9186-e346579f813a_cbimfs.owl_functional.owl,15900441,3975028,19875469
approximated_38dba8d2-3d9c-409f-b70d-5a1195cbdb7c_units.owl_functional.owl,13344474,6573479,19917953
approximated_kb-owl-syntax-coreference-IDs-triggers-constant-classes-value-nominals.ofn_functional.owl,603872466,1677718384,2281590850
approximated_9dfbeb83-a5df-4d98-9dc2-7a76d845ce07_anz_cheese.ttl_functional.owl,16661209,3867766,20528975
approximated_7b8dba84-3693-45fd-b8b4-3f9526867e09_NEC_V20.ttl_functional.owl,13475844,3844196,17320040
approximated_2b8d6c28-88ba-42e1-9a25-e181bfeae633_nter_punch.ttl_functional.owl,12904026,3850663,16754689
0a96c099-bca4-45f3-bc94-cda47e8f61f6_evelopment.obo_functional.owl,14307631,5003499,19311130
approximated_cab46e05-db24-418f-9351-11a6341f9835_trFacility.owl_functional.owl,139382790,250357561,389740351
approximated_f7cab057-e38c-476d-9850-9dca847c74f4_dbpedia.owl_functional.owl,52451973,86077303,138529276
50ca1d7a-c235-40fc-9ad8-a4231f4b3aaf_ebi_import.owl_functional.owl,647493455,662037386,1309530841
approximated_1c6a4af9-ac8a-4354-b401-5d7ee87e56af_Wheat.rdf_functional.owl,9549126,4441606,13990732
approximated_d0c046f2-b165-446c-af5b-797f3a740753_thSolution.owl_functional.owl,127930564,214663436,342594000
approximated_obiws.bioinformatics-web-service-ontology.2.owl.xml_functional.owl,23355069,22943615,46298684
approximated_08ff628a-d335-4502-a672-695be4f87603_Bergenost.rdf_functional.owl,15967778,3981746,19949524
35a744aa-8079-4491-8421-b5bf4b5171fc_unit.obo_functional.owl,17937242,22310834,40248076
approximated_1bd35f8a-f288-4333-9c56-be44d38fbe4d_Elephant.rdf_functional.owl,21345568,4143815,25489383
approximated_30332f15-86b6-401b-8527-4574c21f4c6d_Espresso.ttl_functional.owl,15512266,3664140,19176406
approximated_a35dc679-d6c9-48e8-ba4f-5b9138ec5af9_earquetipo.owl_functional.owl,19352170,18467855,37820025
approximated_c68fedfe-0267-404c-bc7c-ff77c03fab08_codarg.owl_functional.owl,14847828,6318915,21166743
approximated_8b62fc9a-5a0d-4a73-8a89-42d991803e7d_eable_iron.ttl_functional.owl,13717350,4375082,18092432
approximated_kb-owl-syntax-unraveled-depth-2-km-relevant-cardinalities-triggers-constant-classes-relation-axioms-value-nominals.ofn_functional.owl,413585507,1009940374,1423525881
approximated_f91b8e5a-06f4-4dbe-9bb7-934158958122_virtual.owl_functional.owl,21860236,23319248,45179484
approximated_1241034b-a5e1-4c3a-81dd-2cb4eb8775ad_ndLandform.owl_functional.owl,76718166,140732882,217451048
approximated_2440d1e3-dd57-4a0a-96fb-bd4c582a9320_vsto.owl_functional.owl,20715283,19047347,39762630
approximated_5aafc0b3-0203-4ea0-b673-5ce3815eec23_Headlamp.rdf_functional.owl,10803998,3771838,14575836
approximated_kb-owl-syntax-unraveled-depth-2-triggers-constant-classes-value-classes.ofn_functional.owl,409949997,1200375516,1610325513
approximated_42e2b7aa-c73c-49c3-9fdf-4976b2461b5e_AA_battery.ttl_functional.owl,13526230,3717556,17243786
eaf5569e-69c5-4980-abcc-7ac5695816b2_ishRoyalty.owl_functional.owl,22115018,2258868,24373886
d0863f72-0ec4-4191-9eea-1ba3ef9c81f0_onto.rdf_functional.owl,15301263,3574819,18876082
approximated_59f45c14-0d4f-4af5-94cc-e7e837c853c1_ofntb.owl_functional.owl,15092052,4814168,19906220
approximated_obcs.ontology-of-biological-and-clinical-statistics.5.owl.xml_functional.owl,36188838,51823684,88012522
approximated_acb107c0-52b7-44d1-8fb1-19d68f86c01a_er_network.ttl_functional.owl,17088204,3621007,20709211
approximated_13e13197-2065-4e98-8062-a1dd355125c6_ne_roofing.rdf_functional.owl,13685013,3857910,17542923
approximated_4c4451a9-8df7-4d9b-a098-1b643d2ac234_onto.rdf_functional.owl,9741938,3939200,13681138
approximated_08e3c689-dc4b-4467-b507-66d477b85e7c_uding_daml.owl_functional.owl,22533257,5788555,28321812
approximated_549b9c23-a918-4916-be12-188c12efa044_Injera.ttl_functional.owl,13725958,4439413,18165371
approximated_47e92c63-15e1-4e84-a90e-0b4510e6ab07_onto.rdf_functional.owl,15264068,4825925,20089993
approximated_01732031-cfd0-4eef-b650-2e1262b7426d_Eel.rdf_functional.owl,11681165,3667588,15348753
approximated_75549c56-685e-448c-afe5-03755ad3217c_go.owl_functional.owl,1613530855,5050769521,6664300376
approximated_eeea106d-c741-4caf-b704-4e4bac24799a_xmp.owl_functional.owl,19814834,18843752,38658586
sep.sample-processing-and-separation-techniques-ontology.2.owl.xml_functional.owl,16033113,9865160,25898273
approximated_c0c197b4-5166-40c8-b8c4-ff8cc79d23c9_Seismicity.owl_functional.owl,127334241,218689051,346023292
approximated_8c4b2f53-65f0-4c9c-a519-d027acf42337_frbr.rdf_functional.owl,11325318,2767591,14092909
approximated_98cbec40-8cec-41cb-b347-c1c522b949e0_ndTectonic.owl_functional.owl,132075761,215695958,347771719
approximated_461668db-2ca4-4f56-8cd0-1399bb47eb9a_Childbirth.ttl_functional.owl,10413434,4125793,14539227
approximated_00605.owl_functional.owl,23358709,36771875,60130584
approximated_20ba7a96-eb12-4677-9069-3eb4dca6458a_nik_cheese.rdf_functional.owl,11144344,3764338,14908682
approximated_d825d858-b62c-4476-b847-b6a80ff35894_v1.rdf_functional.owl,9839657,4076093,13915750
approximated_297715ae-97b8-441c-a041-413102c51268_ic_methods.owl_functional.owl,30651702,46019216,76670918
d19f3654-e85b-4d6e-9aa7-c2236dce335c_cellular_1.owl_functional.owl,35432091,19421170,54853261
approximated_82597313-38cf-4eac-a1d2-9d3031d22eb3_Kirsch.rdf_functional.owl,10221448,3726395,13947843
approximated_kb-owl-syntax-unraveled-depth-0-disjointness-constant-classes-relation-axioms-value-nominals.ofn_functional.owl,601231616,887242578,1488474194
approximated_2dcb03a4-cd3f-4272-8430-5c6a7526a455_Butter_cake.ttl_functional.owl,19871369,4000725,23872094
approximated_fc178eb9-231f-4cd1-912b-044c9a097165_geolBasin.owl_functional.owl,72032639,133233904,205266543
approximated_f67ec889-9c06-4591-8b8f-3b8be5e31bf3_mo20101012.owl_functional.owl,16957701,5151449,22109150
approximated_1607d95c-2bde-46fb-be00-ba850f38d97e_01food.owl_functional.owl,13721420,5461595,19183015
c3c80e2d-3e7f-4485-8413-8772c122cb03_Album.owl_functional.owl,24097432,2872217,26969649
approximated_1d26a1b5-760e-4465-900f-4b705570fadc_ding_block.ttl_functional.owl,17288374,3793778,21082152
approximated_kb-owl-syntax-coreference-IDs-disjointness-triggers-constant-classes-relation-axioms-value-nominals.ofn_functional.owl,872138074,2418640857,3290778931
approximated_1c8ffcd9-def5-44ca-8b8d-daa850c8af79_OuM.owl_functional.owl,20875548,12351021,33226569
approximated_c2a001e8-067a-4957-b247-7687f1861cbf_sudoku9i.owl_functional.owl,74840308,2080356,76920664
approximated_d81689be-219e-4384-ab52-bb804f7c511e_ysanddolls.owl_functional.owl,12749094,1901034,14650128
approximated_8e1743e9-25b4-4cad-8712-f900bb2f463f_web.owl_functional.owl,18064490,4157710,22222200
approximated_00013.owl_functional.owl,25785840,24041309,49827149
approximated_00275.owl_functional.owl,45729131,5413979,51143110
92c6b7fd-bff2-4fe9-9ef0-82085474a591_phenotype.owl2_functional.owl,292172329,552558852,844731181
approximated_d0b8b51f-0666-4e7d-88a3-e2247cdbdbf4_Hazelnut.ttl_functional.owl,13415647,3718338,17133985
approximated_0269c03e-4143-4b25-8639-1b14f9a88ebc_odore_SX64.ttl_functional.owl,10290415,3883920,14174335
approximated_11979774-ada1-4be0-9b8c-d6a242d35f92_an_cheeses.rdf_functional.owl,9435269,3720530,13155799
approximated_kb-owl-syntax-unraveled-depth-3-km-relevant-cardinalities-constant-classes-relation-axioms-value-classes.ofn_functional.owl,373110621,964477451,1337588072
approximated_00451.owl_functional.owl,108697230,426922297,535619527
ff6f1956-4615-49f0-a3e5-68fcb4380b34_KategorieGalle_functional.owl,18309154,1880311,20189465
approximated_62dced30-ab24-4745-869b-f0c4aef44c25_scriptions.owl_functional.owl,31879230,21199864,53079094
approximated_ea25461a-8958-4438-ae3e-d27d2ca77690_olTectonic.owl_functional.owl,135768566,210875647,346644213
approximated_f047e7e9-27d1-4b33-975b-938c82e04f8a_coddata.owl_functional.owl,16198297,7481242,23679539
approximated_0d2029f6-7690-4eca-ad6f-2a6260da91f2_Truck_tent.rdf_functional.owl,11515722,3772146,15287868
d56d19fb-adde-4057-b664-5cbf458d58bd_xon_import.owl_functional.owl,19009962,11854559,30864521
approximated_35189430-3469-4b1e-aa06-97127085b8ab_tingEntity.owl_functional.owl,24256208,11574141,35830349
approximated_d5bac22c-823c-4054-8e95-2e05fcf2c6d6_oegov.owl_functional.owl,15831231,6948798,22780029
approximated_2b213c3f-0faa-44df-848d-33c392091990_PaulFisher.rdf_functional.owl,16981421,3048079,20029500
approximated_5c2b7fb4-0c04-4f9b-a332-3d1f3466212d_presso_rub.ttl_functional.owl,16985462,4004848,20990310
approximated_8bd74e76-3dc0-4f6c-a9f7-2c0a5c9bf5e5_offerjob_functional.owl,67800106,46268647,114068753
approximated_2a037db0-d0b4-4a2d-b4ff-18d2035ab1bd_aminoacid.owl_functional.owl,21511377,12101971,33613348
approximated_22ab12ac-5ce3-4c84-85c8-5a1497f56b7f_ttky_diode.ttl_functional.owl,17655322,3685654,21340976
32f788ab-6277-42f8-9642-157fa0919bdd_o_ontology.owl_functional.owl,21959272,25781298,47740570
approximated_2d447f2e-44dd-4c3d-9c0a-c92bfeb8eaa0_nfessional.rdf_functional.owl,16304551,4669703,20974254
approximated_c0a25ce5-ba8a-467c-831b-791ecddbdd1e_SUMO.owl_functional.owl,726092194,429634601,1155726795
approximated_2061bf98-5943-42b8-a2bb-82ba88a51fc0_Mouse.rdf_functional.owl,11447943,4255851,15703794
approximated_8220a5c1-906a-489a-b7cd-9a4a5c03f643_Switch.rdf_functional.owl,16747372,3670306,20417678
approximated_00426.owl_functional.owl,2307350866,3780214816,6087565682
approximated_kb-owl-syntax-unraveled-depth-1-km-relevant-cardinalities-disjointness-constant-classes-value-nominals.ofn_functional.owl,872643589,1596755504,2469399093
approximated_kb-owl-syntax-unraveled-depth-3-km-relevant-cardinalities.ofn_functional.owl,355730321,885011969,1240742290
approximated_47c97bfc-65c0-4cc1-8577-9d62a7b18bfb_cobraont_functional.owl,95260857,4046341,99307198
approximated_16083e2b-b068-4b83-817d-18c78da59aad_phenAtmoSky.owl_functional.owl,130572207,208709383,339281590
approximated_51121304-fd21-49a9-9da4-71e7e44a0961_NEMO_vv2.98.owl_functional.owl,73362498,124550427,197912925
approximated_5ecb3ca0-051e-4731-85a6-dfb7939b426c_pochlorite.ttl_functional.owl,9308507,3944156,13252663
6060bd6f-0c1f-4386-974c-a04ea1e188f7_psimi.obo_functional.owl,42398220,104626676,147024896
approximated_194071fe-2647-424e-b75b-5b731e12df58_C_battery.rdf_functional.owl,68122225,3854760,71976985
approximated_e186d770-bbc6-470e-9f98-423f9c30fc40_SocialUnits.owl_functional.owl,46062987,26880239,72943226
approximated_00338.owl_functional.owl,83068378,6039011,89107389
approximated_125d0ac0-16a1-4cfe-9a75-20e64e826aae_SMOtop849c.owl_functional.owl,488561574,662937074,1151498648
approximated_28e5c35f-4c37-486e-aba9-8467335a4e4b_SMOtop1007.owl_functional.owl,486743788,834250626,1320994414
approximated_1b349638-ddb8-407b-897c-47f8302d4f2e_BioMeshTop3.owl_functional.owl,164736275,487786001,652522276
approximated_464b2051-1e16-4ab1-ba42-9decc86547e0_coddata_v1.owl_functional.owl,14060040,6311893,20371933
f22ea3c4-48f8-4d7e-a116-4db444c359fa_bi.obo.CURRENT_functional.owl,1469540194,3910407847,5379948041
approximated_fe09dc81-7b85-4594-8037-d8416d790ab2_Organism_1.owl_functional.owl,39624876,41230728,80855604
approximated_43aa0e99-1169-4efd-84c7-dc3b1c1f9192_mergedtbox.owl_functional.owl,6193681843,13461347284,19655029127
approximated_cec0cc2d-18ea-42ab-9ad3-48efcdb54197_culustaxon.owl_functional.owl,1126001229,2069346536,3195347765
approximated_00670.owl_functional.owl,318395925,701336263,1019732188
aae81bbe-6554-4286-a2e0-9fb74cb99609_onto.owl_functional.owl,22572679,4956023,27528702
approximated_9d2c09ec-4b6a-4f74-a878-879e0c4b421a_gwsg070612.owl_functional.owl,34189500,36827615,71017115
approximated_8924d677-7a71-4600-82b3-22a3422d5a8d_foodCR.rdf_functional.owl,25182477,20689894,45872371
approximated_50f2a2e2-063c-4045-af5a-c876ab24263d_Zeitgeist.ttl_functional.owl,14139577,4085392,18224969
approximated_hupson.human-physiology-simulation-ontology.1.owl.xml_functional.owl,85945128,189919453,275864581
a661cbf8-1d8e-4753-bac4-a6ee5a37f935_chebi.owl_functional.owl,357178903,914366884,1271545787
approximated_kb-owl-syntax-unraveled-depth-0-disjointness-triggers.ofn_functional.owl,354355241,799771111,1154126352
approximated_18e02ce2-58c2-4d3c-b85e-4546b832cdda_propTime.owl_functional.owl,136970976,230065185,367036161
approximated_7fcefc52-19de-4cb5-95d5-01508bf4d996_ebelkuchen.ttl_functional.owl,73413504,3621976,77035480
approximated_eff4881e-b670-4eb7-9924-1d9e2e3c031d_STOv2.owl_functional.owl,17514044,2808527,20322571
7e965cc4-c078-4e22-b3bf-f109fb9912bb_ubset_prok.obo_functional.owl,338731254,784692944,1123424198
approximated_b2b22791-0516-4855-a92a-77fbdf8e6866_Rouladen.ttl_functional.owl,14379624,3629223,18008847
approximated_438ed628-a630-49f6-9f84-caf2e337c71f_Clothing.ttl_functional.owl,13263926,3675310,16939236
approximated_bc06d291-864f-488c-adcd-58e90bdcf97d_trCompound.owl_functional.owl,135983502,251745661,387729163
00757.owl_functional.owl,41413790344,7.45795E+12,7.49936E+12
approximated_4e59e66c-e03c-452c-a72a-8ce36d5087c5_MFOEM.owl_functional.owl,36585224,51142255,87727479
approximated_e447595c-8c53-4b66-aa12-3ca1c0e7e0f5_ing_cutter.ttl_functional.owl,17105801,3671123,20776924
approximated_8a6fa3c5-2c89-4c5c-aa1b-eada03bb1ead_n_ontology.owl_functional.owl,119159427,128230201,247389628
approximated_00761.owl_functional.owl,431717908,981766101,1413484009
approximated_0b0227ba-ac56-4533-b3c6-e9263969cdd2_vHOG.owl_functional.owl,51862380,85860545,137722925
approximated_c3f5b505-4e57-4451-b56f-337c045b668a_gosimple.owl_functional.owl,1476315731,4528044035,6004359766
35ecb729-aba2-4be6-b883-e6df8334665f_entdiagram.rdf_functional.owl,19881114,2273356,22154470
approximated_58e3abb9-b296-49b7-ba7a-f1d18a50809f_g_mackerel.ttl_functional.owl,15989977,3799469,19789446
approximated_5232473a-9e68-40c7-a333-615f1530353d_eso_blanco.ttl_functional.owl,16885547,3976127,20861674
approximated_38d8c330-3e50-411b-b69a-19dc6d3c7f68_undOrganic.owl_functional.owl,32802505,41890656,74693161
approximated_fa6ab4fd-ed10-41d7-bf01-77adbea489ba_onto.rdf_functional.owl,9958461,4847620,14806081
72b9a133-5295-4d4e-86ca-f282ddd84718_cell.owl2_functional.owl,32711833,92667799,125379632
approximated_82365ea3-4fbb-4f4c-b1e3-0c5604f6d88a_oplweb_functional.owl,17431114,5546997,22978111
approximated_0ee26867-ddda-4388-ae25-4afb41355095_Profile.owl_functional.owl,18575758,6656347,25232105
approximated_094e650f-2c39-4385-b492-6afebcc6404f_Anthotyros.ttl_functional.owl,18012562,3842165,21854727
approximated_731e0244-2d3a-4361-b4dc-521969886d07_Feta.rdf_functional.owl,18478930,6123740,24602670
approximated_0a2c04d6-4881-48b1-b093-419e99f47614_laria_ontology_functional.owl,70755099,161072729,231827828
approximated_18eab475-a8de-4425-b334-c6961d081a8b_enotype_xp.obo_functional.owl,240820637,550959462,791780099
approximated_02fcb936-f6f1-4b54-9750-34920f0fbafa_ectroscope.rdf_functional.owl,16860439,3691630,20552069
approximated_324bf7a6-b3b2-4257-8ef2-bec8afd79d96_core_5.0.1.rdf_functional.owl,18359663,10497420,28857083
approximated_99379436-b00d-44d1-9824-5044c530a981_concept.owl_functional.owl,11300166,10988257,22288423
approximated_b8384a28-c733-4f11-861c-a212f794791b_kansei.owl_functional.owl,25776701,18926271,44702972
approximated_2f97cba1-9041-4521-b1d7-0c0ee195e88e_Bleed_screw.ttl_functional.owl,15470081,3742151,19212232
approximated_767eba58-77ba-4fcd-bacd-8969fad58d0e_cheminf.owl_functional.owl,24576823,26125211,50702034
xeo.xeml-environment-ontology.4.owl.xml_functional.owl,18462644,11001308,29463952
approximated_2c762e1a-6364-4ae3-8600-88b78825f388_aneurist1.0.owl_functional.owl,332211965,668650087,1000862052
approximated_ef5702ea-c932-4f9c-ae3e-af3c745c6ac5_Grater.ttl_functional.owl,14349936,3720213,18070149
approximated_28bc5628-d318-4ac1-a83d-9a685b1bbb75_content.owl_functional.owl,20810952,13015957,33826909
approximated_00174.owl_functional.owl,101421997,217902963,319324960
approximated_4e84f360-b747-4120-ab73-88908dab31f7_Cappuccino.ttl_functional.owl,14653576,3848748,18502324
approximated_8a6b5c8a-4b4a-4523-87be-0eef3c5f84a7_ionemodulo.owl_functional.owl,22246722,15626956,37873678
722e2c58-5ddf-4a07-9a87-b70dd23b8206_bcellular2.owl_functional.owl,25383992,18285695,43669687
approximated_00508.owl_functional.owl,17588474,11809899,29398373
approximated_kb-owl-syntax-unraveled-depth-4-cardinalities-constant-classes-value-nominals.ofn_functional.owl,385899704,918695495,1304595199
approximated_67bc887d-4476-4cb0-afd2-c3df9241dbbe_and_muller.ttl_functional.owl,14826821,3809964,18636785
approximated_93e9c6d2-59f2-4e4b-8d97-9ed749586b4b_ferjobinst.owl_functional.owl,136192598,58370897,194563495
0b23c217-9a9d-430a-84a5-b5420dcbbd10_hp.owl_functional.owl,229331107,704023321,933354428
approximated_kb-owl-syntax-unraveled-depth-3-cardinalities-triggers-relation-axioms.ofn_functional.owl,411056215,952281745,1363337960
approximated_18d4f5ba-2e7d-45d3-b4d8-fc1b19960938_esg.owl_functional.owl,44727770,9193213,53920983
6b9ba4bf-087a-42a4-ad60-70b7ee9c1655_Automobile.owl_functional.owl,17814980,1934257,19749237
e21d5a1f-af46-4f82-8ddd-5377a02771c0_er_anatomy.owl_functional.owl,93204775,40537636,133742411
approximated_141e6559-dc51-400d-9842-4c0e0bc637d0_trFacility.owl_functional.owl,133275149,226754078,360029227
approximated_5ab3806b-35d4-460a-b1eb-5f87cc9ba2ef_figure8.owl_functional.owl,20153063,19006563,39159626
approximated_f81dd373-823a-4700-b1ae-91538cdbe055_onto.owl_functional.owl,11598586,4450977,16049563
approximated_257db575-e089-4834-911e-216feeab51cc_OCC1.owl_functional.owl,464412826,234525275,698938101
approximated_cdaae613-ae8d-4ac7-99de-ab24b986b204_Devices.owl_functional.owl,18511911,16666188,35178099
approximated_propreo.proteomics-data-and-process-provenance-ontology.1.owl.xml_functional.owl,24702516,24542903,49245419
approximated_2cb31d82-d735-4bfb-94a3-025adba5e916_m_computer.rdf_functional.owl,11601653,3820251,15421904
approximated_b51719cc-4ab8-4d12-8021-40d5a1070d5b_ng_machine.ttl_functional.owl,14019068,3819932,17839000
approximated_2667228b-07e0-4326-9b7c-d64880724fc9_Bunker_gear.rdf_functional.owl,14969181,3615870,18585051
0d3fa3e5-3e0f-4e64-81e2-ce5ec4d5f7a8_po_anatomy.obo_functional.owl,33065063,63492839,96557902
approximated_36405846-de80-4aea-bebb-668adcd9e54a_Plough.ttl_functional.owl,11453133,3950488,15403621
approximated_49d556b2-7dd4-4ffd-b060-dcd5da4d8a28_onto.rdf_functional.owl,10748192,5526551,16274743
approximated_kb-owl-syntax-unraveled-depth-2-constant-classes-value-classes.ofn_functional.owl,416009836,1013553044,1429562880
approximated_08c9b0ff-3006-4961-b311-10f16f30576e_DC_CL_functional.owl,24269586,26298236,50567822
approximated_dcec4d8f-7c1c-4bcc-bca7-7007854b74db_eLegal_v72.owl_functional.owl,18312112,18046610,36358722
approximated_0e3cd458-420f-4dfb-88f7-06dfcfa12805_lusuniprot.owl_functional.owl,99149853,141257120,240406973
approximated_3a6a4342-a624-4ab6-8901-a64f4be0eeec__furniture.ttl_functional.owl,14002896,3750733,17753629
963efac2-c2b8-49aa-8ae6-90c521869312_d.obo.PREVIOUS_functional.owl,59173620,159020432,218194052
70ad3cbe-33c7-42cd-a2ce-e7708f389320_quality.owl_functional.owl,31703350,31883457,63586807
approximated_83015321-b21b-4b61-b777-8229e7e339c5_Oatmeal.rdf_functional.owl,17460143,3699722,21159865
approximated_4561c0e8-3c05-46c0-961f-b02e8ff59994_AirProcess.owl_functional.owl,12153964,7051164,19205128
approximated_5c9d914a-2632-4ac2-b7d4-00400eef8495_d_beverage.ttl_functional.owl,17477663,3970048,21447711
approximated_f8e1d7f3-005c-4b9d-9b17-2e4a0f2105c1_vation_v12.owl_functional.owl,18014047,5834490,23848537
approximated_kb-owl-syntax-unraveled-depth-4-km-relevant-cardinalities-triggers-constant-classes-relation-axioms-value-classes.ofn_functional.owl,385611864,878517252,1264129116
approximated_0f977442-008d-4c1b-a0fc-bcb4e8e360f2_sadi.owl_functional.owl,65418540,45123046,110541586
bae07763-7a90-45fb-b07a-e9d33ea8a9d5_alCompound.owl_functional.owl,14762472,1841789,16604261
approximated_kb-owl-syntax-unraveled-depth-4-cardinalities-triggers-relation-axioms.ofn_functional.owl,363506116,913342410,1276848526
approximated_75714e9a-2962-4466-8377-5ceaad9662c7_VAST2009.owl_functional.owl,823657821,77662739,901320560
approximated_5ba8d87c-f3cc-48d2-9f42-22fbec46e048_BBC_Micro.rdf_functional.owl,13701478,3800629,17502107
approximated_e9224feb-c525-4f9f-843b-86303568f33a_Provenance.owl_functional.owl,139924430,248417480,388341910
approximated_00684.owl_functional.owl,1451248016,4094973071,5546221087
a32cafaf-a046-4403-bac3-f8b3ddab1d94_Convention.owl_functional.owl,10193211,1306208,11499419
approximated_eb8bfa42-a0ca-4977-a58f-739c3c3d96ef_people_functional.owl,17609706,3947611,21557317
approximated_4105bf30-8f37-4a8e-a98f-29c9c3145577_anFunction.owl_functional.owl,133339261,210559947,343899208
approximated_0f50cfb0-4be7-4239-8816-b5e06f63beb7_erativeOCL.owl_functional.owl,20253510,17150021,37403531
333eaf81-44d3-4f33-a2f1-b3646a0e4465_entmaproom.owl_functional.owl,18205881,4520434,22726315
approximated_8cb54cae-03a9-4d96-bdf1-dafbe3ac53ae_ent_system.rdf_functional.owl,10437039,3734960,14171999
approximated_1e853690-cdd7-4157-bef9-04a05aedac1e__component.ttl_functional.owl,17665908,4036354,21702262
0cf8ba95-e455-4d4a-b072-334f1788adba_pw.owl_functional.owl,39855636,92486380,132342016
49b0c632-cad2-4b7d-b85a-9a21c42a936a_MPEG7RoleCS.owl_functional.owl,13326024,1728009,15054033
approximated_d2290a5b-e1bc-4455-86ff-38dd19179b81_resistance.owl_functional.owl,89878148,220399635,310277783
approximated_00157.owl_functional.owl,15005168,20361934,35367102
419e8422-f608-478b-9ce7-f551abb20172_sgenechrom.owl_functional.owl,1732264647,3165436894,4897701541
620512e2-4737-4716-8dd7-2c86d76a71e3_Monarch.owl_functional.owl,18151361,1270965,19422326
approximated_1e8a0b7f-fb20-49fd-930f-fa8fe0f75341_topOnly633.owl_functional.owl,225697663,395166772,620864435
919ea0da-40f6-4c20-af02-655f2afc2d97_ary_result.owl_functional.owl,12429628,8703920,21133548
approximated_kb-owl-syntax-coreference-IDs-disjointness-constant-classes-relation-axioms-value-nominals.ofn_functional.owl,1021971566,2181558147,3203529713
786a50a5-4c43-4c39-baea-044152d1f59c_i.obo.PREVIOUS_functional.owl,1465116555,3934000960,5399117515
approximated_207644b0-9bf7-4e7e-9e64-9b741e9fb0c0_Pump.rdf_functional.owl,20421221,3691936,24113157
approximated_3caa4f42-93f1-4fa4-a4ef-a9731f813298_ativePizza.owl_functional.owl,14609071,13463840,28072911
99d6af27-158d-45de-a04b-5876fb1eaafb_icalisexpr.owl_functional.owl,278527905,565281483,843809388
nbo.neuro-behavior-ontology.22.owl.xml_functional.owl,35534759,61321945,96856704
approximated_73ed4994-0e32-4322-9c50-6ad79e7ff6dd_dbpedia_3.6.owl_functional.owl,43234771,60886034,104120805
approximated_60f4f283-378a-4acb-b339-220cc1502f15_brownlink.rdf_functional.owl,30808617,57292244,88100861
approximated_b53dc62e-1684-4e2b-abfa-02029837d347_er_vehicle.ttl_functional.owl,16513620,3740751,20254371
ca5e2442-e865-406d-90e4-fbbbc4165dfc_unit.owl2_functional.owl,15239406,17513791,32753197
069be1c1-0d67-4042-8e3e-bbc9ec34a6f6_REX.obo_functional.owl,25072032,36040851,61112883
approximated_03b5ac86-3d27-4d68-b362-9cc707873f15_alto_flute.ttl_functional.owl,11522074,3701444,15223518
approximated_93e8396e-d9b7-4255-8682-139e873abf45_tePhysical.owl_functional.owl,128529722,210863585,339393307
approximated_4cfa7602-2d5b-4e24-ade1-447f9237fb36_ituary_ann.owl_functional.owl,5352672,3839401,9192073
approximated_2f425679-9fd6-4fa6-8564-b2c3801cff4b_Falsework.ttl_functional.owl,9320832,3857190,13178022
approximated_kb-owl-syntax-coreference-IDs-km-relevant-cardinalities-disjointness-triggers.ofn_functional.owl,1008491916,2119818744,3128310660
060d1a69-aeaa-4b91-996a-628b2efa9d60_ry_biology.owl_functional.owl,23894990,13148885,37043875
approximated_5053ee90-43ee-4a82-9631-f2de777dedfc_m_profiler.rdf_functional.owl,9346189,3849685,13195874
approximated_0420a9ee-9819-4692-8881-0b3587a7f23c_shing_gaff.ttl_functional.owl,16982708,3900043,20882751
approximated_2843a0b6-318a-4062-8e33-31cd37263a18_ning_dress.ttl_functional.owl,17352850,3762777,21115627
approximated_70d3deaa-a38a-4b73-b322-e4a1fe420626_PaulFisher.rdf_functional.owl,15026427,2988758,18015185
approximated_2886c605-9dfb-4cc2-9528-8b56dd528434_CMO_OWL.owl_functional.owl,69355769,131673038,201028807
approximated_kb-owl-syntax-unraveled-depth-0-cardinalities-constant-classes-relation-axioms-value-nominals.ofn_functional.owl,162197401,381069632,543267033
ftc-kb-full.owl_functional.owl,5879932239,8550459254,14430391493
approximated_cb519f87-d7b2-4532-89f1-81a3b83a8f64_stateStorm.owl_functional.owl,151667044,247621712,399288756
approximated_57be91a2-099e-4e9e-a069-4350afa41fa6___Koch_G36.rdf_functional.owl,15328189,3886472,19214661
f6c6ca7d-e3e1-4599-8723-b95455a489a1_nnotations.owl_functional.owl,4224522489,3645646489,7870168978
approximated_ec01baf3-26b9-4da9-b1c9-4f77418574cd_licyAction.owl_functional.owl,75130698,12279368,87410066
approximated_121d6fd7-bbc9-445f-9a8f-8590f38f67a9_204onto.rdf_functional.owl,49818026,5520077,55338103
approximated_2f7385a2-b872-4333-957b-e56199656700_se_cutlery.ttl_functional.owl,65848812,3791487,69640299
approximated_a14ca594-445b-4690-a0bb-e201cf5a6cc8_Roux.rdf_functional.owl,15814360,5310233,21124593
approximated_5a592145-b5e8-4097-94b2-e4ef8ab2d83d_prerelease.owl_functional.owl,524814784,969391016,1494205800
e11019ed-826a-4f58-8b3c-d269ed605ae0_tiveRegion.owl_functional.owl,19425594,3153940,22579534
approximated_7f1d2775-b44f-46a6-bae4-a3c94501ec4f_a4.owl_functional.owl,15416615,3605474,19022089
ff0af86c-5c71-4feb-9640-75e57d23283c_eJahresbericht_functional.owl,9336939,862293,10199232
af6c30b2-aacb-4f11-b5d4-9083056b2ee7_Person.owl_functional.owl,44645139,10279341,54924480
approximated_82e5a07b-61a6-463a-9a32-3c4a0bc2d542_rly_method.ttl_functional.owl,17027171,4558093,21585264
approximated_f2ceaeed-1718-4e88-a964-45c01ac582e4_gist.owl_functional.owl,11924406,5711826,17636232
approximated_kb-owl-syntax-unraveled-depth-2-cardinalities-triggers-constant-classes-value-classes.ofn_functional.owl,431895850,1070485288,1502381138
approximated_46239534-79e6-46e6-9882-f1a5e51089d8_aragliding.rdf_functional.owl,24400931,9455424,33856355
approximated_0410748c-0523-474b-9908-358d3eae6aa2_Ship.rdf_functional.owl,12216459,3776079,15992538
approximated_0efe53e6-5aeb-48f2-9bdb-f327961bb3ee_estigation.owl_functional.owl,28805455,32636371,61441826
approximated_b24fe108-afad-46a9-88b1-3e302f08a885_sta_filata.ttl_functional.owl,11459854,3820156,15280010
kb-owl-syntax-unraveled-depth-0-disjointness-constant-classes-value-classes.ofn_functional.owl,332941803,414910814,747852617
approximated_2406cc26-193c-4bdd-ae51-fb4fe94817d0_galen.owl_functional.owl,102236205,215155867,317392072
8fc0c4ef-62df-45b5-9279-61c923399044_59_dataset.owl_functional.owl,7980977,10914954,18895931
approximated_9aa92e56-1632-4840-a69c-b2d964779e0b_tui_functional.owl,22128420,22939676,45068096
approximated_kb-owl-syntax-unraveled-depth-4-cardinalities-relation-axioms.ofn_functional.owl,426637075,916100208,1342737283
approximated_csso.clinical-signs-and-symptoms-ontology.4.owl.xml_functional.owl,18276679,12739891,31016570
approximated_3452cf73-7380-42b7-ace8-709f013226a9_tal_sander.ttl_functional.owl,17099339,3694719,20794058
approximated_6e887318-576d-4087-8e26-95ff90071ecd_ization2.0.owl_functional.owl,25486584,18577192,44063776
approximated_8ade3ddc-a69a-490a-9a24-659d433ab508_animalsvh.owl_functional.owl,16982910,13558385,30541295
approximated_a5421b3b-842d-45d7-9469-fba481aacd12_oyotunji.owl_functional.owl,9717360,5856056,15573416
approximated_00471.owl_functional.owl,2569542932,7809344964,10378887896
approximated_977f2ffe-0d55-4f43-b346-2f3334de0e86_Scamorza.ttl_functional.owl,15317400,3617733,18935133
approximated_e172a9ca-90cb-415b-a124-1db5e4297a20_pronto.owl_functional.owl,16716685,3268868,19985553
approximated_87498e48-0067-4ccb-882a-d8271c39ae01_Indulgence.ttl_functional.owl,11287141,3632477,14919618
approximated_1c7b4176-1a6f-4e95-8de9-ae398898b553_ESG_test_4.owl_functional.owl,26122417,5693199,31815616
approximated_e53a3312-f717-413c-a89d-dabae2cbae01_nitf33onto.owl_functional.owl,16419408,6839683,23259091
approximated_ec61ef4c-c1f5-4940-941c-483a6d3fc635_tagenomics.owl_functional.owl,9407305,8197341,17604646
approximated_kb-owl-syntax-unraveled-depth-2-km-relevant-cardinalities-disjointness-triggers-relation-axioms.ofn_functional.owl,628244141,1516707741,2144951882
approximated_856feef8-156c-430a-b765-afd49a5a5ff3_logy_F_d_S.owl_functional.owl,100555345,8879575,109434920
7f760c77-b8d2-4569-85fd-28d38ad6980c_Ontology03.owl_functional.owl,37054303,67814846,104869149
approximated_85118ad1-e2fd-4152-aefd-7001748aa07e_tical_disc.ttl_functional.owl,12368261,3855933,16224194
approximated_48dae631-d55b-4656-8ad3-22529b21b272_xonomySlim.owl_functional.owl,70199847,150338545,220538392
3d43b159-556c-497b-8322-ef64ea176aab_e_ontology.obo_functional.owl,545372926,1593127619,2138500545
8e0d2136-859e-4bcf-a7f5-507cbfe8bd9b_NIFResource.owl_functional.owl,9477119,5621045,15098164
approximated_67d6cf53-01dd-4b8f-aed1-a2b0c52dbe17_ODRLDD11.owl_functional.owl,16328698,2408127,18736825
approximated_99c209c9-cc46-4412-9664-e9f7f4ceb43f_Pentium_D.ttl_functional.owl,12091826,3707330,15799156
approximated_kb-owl-syntax-unraveled-depth-2.ofn_functional.owl,389252533,1003839786,1393092319
approximated_55b6a1cd-6c34-47fa-b5bc-321255efe376_Lathe.ttl_functional.owl,16416047,3769327,20185374
approximated_4ef57947-ae49-49b2-96c8-7c4c012d0dde_Drink.rdf_functional.owl,14697893,3761555,18459448
approximated_364e78f8-fcdf-4af2-b38e-36d573c1d90c_ler_system.ttl_functional.owl,13838163,3706289,17544452
approximated_a01cc78a-7699-4f1e-9646-f77bd5a5a914_oLightning.owl_functional.owl,101160918,206456667,307617585
pw.pathway-ontology.40.owl.xml_functional.owl,39795987,93674911,133470898
b3773501-991f-490c-8f06-1b5bcd171b54_uosimple.owl_functional.owl,18668533,16358558,35027091
a60b293e-622d-44aa-b774-eb6bdd101fc4_hp.owl_functional.owl,234863962,702878447,937742409
e75cbfea-3d9f-4aa5-bfce-b4dbeb0a2073_phylobase.owl_functional.owl,32256668,36060585,68317253
approximated_c391c8ac-d921-4fa4-b0ed-d2a9a7a21db9_iaomain.owl_functional.owl,16609096,13758624,30367720
approximated_5e549751-f05d-4387-a7ea-53450404ed20_request.owl_functional.owl,14078172,7241395,21319567
approximated_322b5869-dd9a-4592-b17d-298efc78b745_maontrev12.owl_functional.owl,17251705,4644594,21896299
approximated_b88f534f-eb73-4843-b06f-dacde2fd1e5b_dinterests.owl_functional.owl,20167628,7964768,28132396
approximated_1b8f465b-f3db-4537-9499-5a1e9226ea99_rDataModel.owl_functional.owl,137067440,245832092,382899532
approximated_02e2b44c-fd7e-4c75-8786-7ba4d17a2d8a_mcomplexproton_functional.owl,18294653,15637996,33932649
approximated_2f842280-3d84-4142-9e61-fb88ca62ac33__test_data.owl_functional.owl,21391081,10341454,31732535
5f8c6211-341d-4797-aede-989d9490f3f9_Island.owl_functional.owl,14599709,2269437,16869146
approximated_007708ad-b3ae-40ff-b26d-6c047e01de32_ago_cheese.ttl_functional.owl,9376835,4105989,13482824
approximated_0a245aab-5c71-4483-abc7-5df16ae9c794_Bow_saw.rdf_functional.owl,12095812,3843341,15939153
approximated_d91078c6-d1dc-4ed2-a006-701a32db5118_Category21Main_functional.owl,13444038,3332313,16776351
cd185fbf-93c6-4e7a-9c9a-d6a66e2571c9_i_DAG_0_99.owl_functional.owl,127992957,290523509,418516466
approximated_707523b0-e3dd-4b2f-8537-4a5c51386e43_crime12.owl_functional.owl,103197118,10132052,113329170
00143.owl_functional.owl,84874904,6466362,91341266
59918a30-bba4-454a-9215-1607bd00a1d6_NIFCell.owl_functional.owl,77834113,12358048,90192161
approximated_ontodm-kdd.ontology-of-data-mining-investigations.1.owl.xml_functional.owl,72656370,25929539,98585909
dd01461e-0403-4bd7-8636-7eb6695ca443_rerioensfm.owl_functional.owl,803577015,1655742393,2459319408
approximated_5bc62128-99ed-477f-80d2-55a05399e113_logyDesign.owl_functional.owl,19561602,14175580,33737182
approximated_0095a4ac-dad3-4557-8b8f-3c4f503d757b_cicero.owl_functional.owl,19678273,15384388,35062661
approximated_e3494357-2015-4af3-823f-dedd28c0f8d0_ext.obo_functional.owl,699949256,1942227102,2642176358
approximated_48633198-35b7-4017-9484-ac6339fd2abd_Catfish.ttl_functional.owl,14152830,3698939,17851769
approximated_00004.owl_functional.owl,516486644,1298689326,1815175970
approximated_25bb3876-85ae-4acf-a689-16efdd07f3b5_al_Floater.ttl_functional.owl,14540045,3696363,18236408
approximated_b4884d02-8b09-4c5c-928b-4712d54dd237_newsiso8851.owl_functional.owl,43335720,10376667,53712387
4746fab4-a2ef-47c6-9f91-238eb8f9d70d_PokerPlayer.owl_functional.owl,17158996,1134016,18293012
066043ed-e67a-4576-86e5-6440bb9a3a7f_hpmerged.obo_functional.owl,219735767,678125941,897861708
913dac8a-5886-49c9-a52d-ad3f555189ab_baseball.rdfs_functional.owl,9077759,3640844,12718603
approximated_bd4d5895-ae30-4873-beb8-772034f71a79_relontomx.owl_functional.owl,12518102,8684898,21203000
approximated_9cd3187c-5e79-4804-9a90-4621b9c26783_onto.rdf_functional.owl,15968213,5247150,21215363
approximated_d7589036-61bf-467d-b87f-aaebf269a629_onto.rdf_functional.owl,14105406,5227397,19332803
approximated_b1b01a8a-54e5-4c65-b054-f7a00ffd6ea1_File_server.ttl_functional.owl,9597767,3649074,13246841
28091918-41d9-4324-b851-58e67f11c0e4_cycCore.rdf_functional.owl,21474883,9032311,30507194
3a5a6441-e022-4fd4-8c10-7affdd72d5a2_aeequivmod.owl_functional.owl,248267483,185228468,433495951
approximated_073633cd-f608-43ba-b95a-349cbf97d776_ng_machine.rdf_functional.owl,19419128,5320293,24739421
approximated_89588824-9d02-41eb-8d79-700486de174f_ndTectonic.owl_functional.owl,129717419,212937936,342655355
eab43388-f386-4674-8a1f-32a939c31031_tology.1_0.obo_functional.owl,1525219539,4192506868,5717726407
approximated_993550b2-9bc8-41db-a1d3-4113ae75cff6_esg.owl_functional.owl,33459510,7576285,41035795
approximated_9b22f7e3-a435-418a-8c14-f9c2e8bd8854_uted_bread.ttl_functional.owl,15942890,9386069,25328959
f8ed8e3a-a365-4a59-9c5f-2012a2479e61_tiorganism.obo_functional.owl,78683071,7676526,86359597
82371d49-38be-446f-a225-b68a549451a7_useprotege.owl_functional.owl,173504317,191085837,364590154
approximated_2a71abe2-4dcc-4e73-9892-c6109b4b087a_Thermostat.rdf_functional.owl,71661173,3742577,75403750
approximated_1c65961b-2d20-4bfe-9805-fe510d23c600_r_aircraft.ttl_functional.owl,20501898,4436528,24938426
approximated_2dde39b5-b301-4f88-a7f9-ab3af11e5201_Viola.ttl_functional.owl,26427780,4362907,30790687
approximated_9d02c423-7fe8-4fae-9462-bffc8919d467_kupocells.owl_functional.owl,25647346,39023395,64670741
31483baa-e021-47a1-8512-e615fda09b24_Skyscraper.owl_functional.owl,81474034,2065948,83539982
approximated_74eb6dfc-bcb7-4605-8324-1c2bc9552d58_logyBridge.owl_functional.owl,153923251,171844108,325767359
approximated_867880e6-06f4-4f06-90d8-0a9ffeac45f8_attachment.owl_functional.owl,71462865,12454379,83917244
approximated_fb840d56-48c6-4ecf-acd0-8cc4dfac433a_Cortado.ttl_functional.owl,45751422,4208249,49959671
approximated_3bed4c39-d3ee-4d01-ac0c-dd01bad12faa_geolVolcano.owl_functional.owl,129267659,222869258,352136917
approximated_cb2e3a3a-6f29-4253-93f8-57360cb3e75c_factbookont.owl_functional.owl,74207442,4615191,78822633
approximated_00729.owl_functional.owl,102590845,12638526,115229371
approximated_b8582ccf-26e8-4de5-896a-42693d707f5a_an_lobster.ttl_functional.owl,22383919,3885645,26269564
approximated_a177c424-79cc-4f45-9a69-60227bd32792_figure9.owl_functional.owl,30871870,22133186,53005056
45f17f4b-9134-42b6-979a-93b38a8e16c5_uo.obo_functional.owl,21972242,18842534,40814776
pathlex.anatomic-pathology-lexicon.5.owl.xml_functional.owl,63226237,89904489,153130726
approximated_34de217b-29e4-46c5-98e4-77b1ee9c5294_geCreation.owl_functional.owl,13130966,4688055,17819021
d1127e18-0534-4b44-8943-0bc38ea9ea82_vsao.obo_functional.owl,24593228,21846468,46439696
506a80fd-7d0e-484e-89d0-c7f7a6aa3131_o_anatomy.owl2_functional.owl,66385181,151161513,217546694
approximated_0ab16c7e-3651-4296-b288-ba7a17bfa1a5_am_compass.rdf_functional.owl,10040783,4041738,14082521
approximated_2726ea08-b0c4-4c41-89ca-12933acab21b_Beer_garden.ttl_functional.owl,18182880,3697426,21880306
approximated_1d65b477-35ac-43af-8a64-4e6b9c6d7499_swrcfoafmap.owl_functional.owl,10510028,5975469,16485497
approximated_16529e38-6942-4a32-9b31-8dd3acb95f4a_Roof.rdf_functional.owl,13011569,3656103,16667672
ef4bd609-955d-4aaa-97b5-783f205aec7d_enceDirect.owl_functional.owl,15551196,13848143,29399339
approximated_fc04e7a6-0b37-4f67-be82-9e0e1aafd324_cquisition.owl_functional.owl,49920424,74813281,124733705
approximated_6e9a1b9b-a826-40cc-bd68-10913cff6396_relaHuman.owl_functional.owl,145669987,246578371,392248358
approximated_d9464965-12a0-4bfa-9188-cd51bac3265a_wine.owl_functional.owl,31465360,15896225,47361585
approximated_85577949-5b07-426b-86d9-c7685eb2267e_map2serf.owl_functional.owl,26429505,9056838,35486343
approximated_4b1f3127-b2f0-4634-b880-87d5b7edbc55_Churchkey.ttl_functional.owl,16018209,3734649,19752858
5921b14f-8e74-4f58-a55b-f27dc59421a3_cutdowndemo.owl_functional.owl,15803529,6040742,21844271
3b4771ff-4697-4b92-8123-827d4a0593ea_taxonomy.owl_functional.owl,26558830,38720638,65279468
approximated_af41f828-c3cb-4a98-8f86-4aeba51ca231_biotoplite.owl_functional.owl,14756633,4661165,19417798
approximated_99f1ea08-8f73-47ba-b4ad-9b2e6d0e9c35_sumo.owl_functional.owl,22995163,25074836,48069999
approximated_5831bca3-f8b4-423d-9df7-194720757654_Spokeshave.ttl_functional.owl,15112263,3948275,19060538
approximated_c270e8ec-efae-4291-a054-22d56033fe33_Graviera.ttl_functional.owl,14722219,4403765,19125984
approximated_ad69ccc0-cf20-449f-bc3c-804e1a865a75_cipitation.owl_functional.owl,134664526,210737379,345401905
approximated_bd6756cb-0e29-483f-8f90-5b7c8e222629_trFacility.owl_functional.owl,140556301,225806629,366362930
approximated_715881b1-bfb6-439b-8008-94f02d6d9d6d_H_Ontology.owl_functional.owl,20233157,21469902,41703059
approximated_5c98ea3c-cde6-483d-abfb-6cdba65d5fe1_testDL0.owl_functional.owl,11836245,3289559,15125804
4c29ebb9-1cc6-4618-b719-0d02ed00d565_image.owl2_functional.owl,18125487,26099876,44225363
db1b155a-3636-48aa-b168-995597a37705_nsdisorder.obo_functional.owl,137079828,240130618,377210446
approximated_7f3b3dee-ad4f-41c5-a97f-160c6a302a04_propCharge.owl_functional.owl,137337818,246433069,383770887
00146.owl_functional.owl,40556185,36886599,77442784
approximated_7e2b2555-33b3-4d6e-9bf8-fa0510cd83d8_c_cylinder.rdf_functional.owl,17687374,3831626,21519000
approximated_43867c8b-c652-47a7-9a3f-905f65dea577_onto.rdf_functional.owl,16921446,3894448,20815894
approximated_94f200e5-39a6-41a2-a194-657d6a7bcaca_erimentv01.owl_functional.owl,16249093,2078402,18327495
approximated_00280.owl_functional.owl,15346648,13242885,28589533
approximated_05afe727-7c49-48c2-8c62-04dea9006fb4_onto.rdf_functional.owl,13113921,6151254,19265175
approximated_6e1c71fd-028a-434a-9f53-77007b636434_Dobos_torte.rdf_functional.owl,11638379,6024846,17663225
approximated_97a1125a-b5c1-4c3a-8f8d-ab39779bd9cb_onto.rdf_functional.owl,37926686,6205593,44132279
approximated_258b5324-03ea-4d39-ad97-b42d7542178e_essionsadi.owl_functional.owl,21125079,9523906,30648985
approximated_0125e16d-c262-4119-8187-97e1fedca8ba_taggerlink.rdf_functional.owl,33206198,55708961,88915159
approximated_00421.owl_functional.owl,41100749,71353919,112454668
approximated_bt.biotop-ontology.11.owl.xml_functional.owl,20826989,27856700,48683689
78eb25c3-2155-4b2f-ad09-b17e7193d4b3_classified.obo_functional.owl,215097016,615326584,830423600
approximated_020132a7-2158-4f12-9e6a-53a46588de81_propOrdinal.owl_functional.owl,141814888,265461394,407276282
f8dc794e-4a9a-41ef-a0b2-0624de508bd6_psimod.obo_functional.owl,39335974,91798522,131134496
approximated_44feba83-1022-4b4e-881a-0a317a7d1ff8_Calo_tester.rdf_functional.owl,17014375,3775960,20790335
approximated_3c2ba793-969c-4743-b9e2-c83ff45535ed_il_nailing.ttl_functional.owl,11418485,3904113,15322598
approximated_PREV_fhkb.owl_functional.owl,1168467357,71505703,1239973060
approximated_ed1e167c-0085-412e-8a28-c9dbd56e73da_dtn.owl_functional.owl,12197615,8747197,20944812
approximated_2e4b54b3-e85e-4e61-89be-a0a8d1df2ca2_Flounder.ttl_functional.owl,9820237,3773652,13593889
approximated_9f6db624-89d3-4ea3-8f0d-a39c4735fe02_temetazoan.obo_functional.owl,2371376434,6373230727,8744607161
approximated_e9e4e4f2-3190-4851-9a51-81178cb65808_onto.rdf_functional.owl,25408380,5350566,30758946
approximated_913d628f-23ff-4db8-b813-aea34fd30ae6_205onto.rdf_functional.owl,17342119,5177876,22519995
16fb729b-bcae-4b2d-beae-e39c77d014d7_bto.owl_functional.owl,144731068,357870644,502601712
approximated_f842d189-d305-4d3d-a1ec-dd69783ea3a7_PaulFisher.rdf_functional.owl,15300593,2903581,18204174
6b6301da-b431-4b5b-a003-371a0a2e36b5_sportSoccer.owl_functional.owl,16438638,9030096,25468734
approximated_4e70f119-38cb-4762-aae7-b588cfa028e0_Profile.owl_functional.owl,14546214,6736382,21282596
approximated_3ba04f4a-ab4a-4259-b271-9024abdde603_ge_scanner.ttl_functional.owl,9275598,3719585,12995183
approximated_1e45d683-4ad3-4543-8336-d9cf972469c8_tfmBJ1.owl_functional.owl,16627562,7488464,24116026
approximated_shr.student-health-record-ontology.2.owl.xml_functional.owl,18235343,17678284,35913627
approximated_2fba4f0d-9470-4520-9c53-8633840112ed_peoplepetsA.n3_functional.owl,9902456,3789219,13691675
approximated_26b683b2-aed6-4ed5-b982-c4f92f02c148_er_Melange.rdf_functional.owl,14975534,3705687,18681221
approximated_80e03fd8-6ba7-4706-a537-98ee0eb48712_ationship1.rdf_functional.owl,10794982,2582541,13377523
approximated_21d78713-f90f-483d-80c9-704fc60aa70a_Herring.rdf_functional.owl,12814000,3888575,16702575
approximated_kb-owl-syntax-unraveled-depth-4-disjointness.ofn_functional.owl,572593775,1319232408,1891826183
approximated_00457.owl_functional.owl,34442095,79471705,113913800
approximated_f78797a8-9d90-4034-9867-5783668c6589_nnarnafold.owl_functional.owl,18342346,7982724,26325070
tto.teleost-taxonomy-ontology.43.owl.xml_functional.owl,751534596,2197748829,2949283425
approximated_74566e69-049c-462a-b8b5-f77a924793d2_Soft_drink.ttl_functional.owl,19235183,6555459,25790642
approximated_44269c08-e18c-44ce-98d0-06d8b6d81383_Sickle.rdf_functional.owl,18075003,7904064,25979067
approximated_36146747-a3f3-4e68-917c-68b680422665_LiA_100413.rdf_functional.owl,20751861,38170407,58922268
approximated_43a49023-b18e-42fa-a901-405ee5552981_stateSpace.owl_functional.owl,136099385,210760342,346859727
78859238-49df-4849-8937-0ccea0678c03_atol_v6.owl_functional.owl,46678274,104621384,151299658
45e76ee3-e223-48af-a57e-9f01044f0056_s_DAG_0_99.owl_functional.owl,28956879,58816375,87773254
approximated_89f8198c-2d8e-4c5f-8a0c-d51ac042db86_thFunction.owl_functional.owl,131312190,212274590,343586780
13836b3b-4953-4a86-9bec-6055d10b89f8_r_anatomy.owl2_functional.owl,24101815,41863094,65964909
approximated_a0740509-ba63-46d7-b558-8d364d97ef54_Security.owl_functional.owl,33448655,39160871,72609526
approximated_800a2f9e-b794-4655-ae56-51abdaf00200_Enrollment.owl_functional.owl,12063411,5159042,17222453
approximated_a2178dbb-ffe0-46d9-a308-ce16fc90ffb3_a_reducida.owl_functional.owl,22589420,10850439,33439859
4d050029-b018-4425-b9b6-708e38473e06_qtag.owl_functional.owl,12011638,3853944,15865582
approximated_52088ff4-4639-498b-9c1c-2f7f8adc911f_phenSolid.owl_functional.owl,129692961,211469211,341162172
approximated_00283.owl_functional.owl,21365844,21320845,42686689
approximated_0aa8fa36-9a7d-47b6-b676-096c86918949_sing_valve.ttl_functional.owl,16868041,4324297,21192338
approximated_4ec198d8-6776-430f-9a18-ad6aec85e874_heat_bread.ttl_functional.owl,16389239,3690688,20079927
approximated_70a5bfd5-d208-4d51-a4d6-c394c22aba81_c_v4.2_DUL.owl_functional.owl,31892944,29629682,61522626
approximated_93ae159d-4b0f-4807-82ae-47f18b9a9148_food.owl_functional.owl,14783033,5683244,20466277
approximated_fb011d14-3491-41cd-b27c-f47ce8dc1f46_AOIMv1.0.n3_functional.owl,15739353,6258882,21998235
approximated_3b913059-e630-4275-be45-859984a1b7be_e_semantic.rdf_functional.owl,23543455,3646854,27190309
200f4b84-7fcd-4e57-8c14-526a44923aaa_onto.rdf_functional.owl,18175299,3303381,21478680
rs.rat-strain-ontology.45.owl.xml_functional.owl,87190066,254585612,341775678
approximated_6bc58984-bb12-4bc3-b993-67fe5f5b6e1c_smartknife.owl_functional.owl,206118185,35784801,241902986
9b10068b-0062-4308-9642-f2c99a1a0f43_fbbtsimple.obo_functional.owl,443378917,1059689184,1503068101
approximated_89e0323d-5107-4f86-ada8-be33c7b80daf_Biryani.rdf_functional.owl,54781056,4917261,59698317
approximated_2577736a-db03-46fc-9362-274e3af66718_propreo.obo_functional.owl,75404708,27257313,102662021
77303968-c497-4705-a6d0-8ffb03509be8_Drug.owl_functional.owl,19492360,1701983,21194343
approximated_d81f04a1-0ba6-4236-95eb-666773682ddf_zfa.owl_functional.owl,300048727,555605785,855654512
approximated_7f246da3-6de8-43c7-8c92-05e901fe656e_jo_fitting.ttl_functional.owl,19813412,4733990,24547402
6b4c2a4b-80db-4685-9977-7e50b9df957d_IDOMAL_02e.obo_functional.owl,63919501,123258120,187177621
approximated_40650fa1-5b1d-4edb-bbd7-6903d08a9ae1_Process.owl_functional.owl,16393018,6340465,22733483
approximated_9b90a4ea-bf06-443d-b2b0-9a610080b830_unitprimitive_functional.owl,6769655,5221905,11991560
approximated_fbb2ed4f-3c85-4ffe-8224-eb3311b7b3e0_ocChemical.owl_functional.owl,139622392,246966544,386588936
approximated_1c89563c-23ea-473c-b277-00bb599edae9_mo.rdf.bib.owl_functional.owl,13045591,5002979,18048570
approximated_0ad27e71-c295-409a-9383-ae174116b670_onto.rdf_functional.owl,15167494,4892681,20060175
approximated_dikb.drug-interaction-knowledge-base-ontology.3.owl.xml_functional.owl,20401762,12045723,32447485
8bf60247-7ca8-486e-b2c8-c4646a2d9aec_cell.owl_functional.owl,31052049,35463295,66515344
approximated_fdd29784-30c5-4b02-bd42-26356d581fbb_ns.owl_functional.owl,16409128,6899437,23308565
82b63bfa-2aa9-4a4a-ae70-1d03bf141919_vHOG.obo_functional.owl,51606583,87095248,138701831
approximated_00530.owl_functional.owl,177061054,548294335,725355389
approximated_47e885bb-7e8b-4dfd-8cd6-42eb3c6f3629_phenEnergy.owl_functional.owl,140938662,227449767,368388429
911b5189-69d6-459c-8fee-c5ef9e540079_xon_import.owl_functional.owl,52036300,21128799,73165099
80f4aa1b-ce18-4051-a9a0-9d0caa52c1ec_Ambassador.owl_functional.owl,12866886,1216149,14083035
approximated_00454.owl_functional.owl,19259562,16285676,35545238
approximated_00001.owl_functional.owl,122552838,231823391,354376229
351cfe6d-de9a-4cb6-830c-c2b4f4659c81_ys_anatomy.obo_functional.owl,13227483,11409805,24637288
approximated_02dfccba-f8d6-4418-84ed-1b02429c8867_wine.owl_functional.owl,23693850,7414253,31108103
approximated_0398a704-43f4-4261-86af-332d21931d1a_NIFFunction.owl_functional.owl,75747121,160487321,236234442
approximated_00568.owl_functional.owl,17091837,25305717,42397554
e5f51622-31dc-4cda-8079-b502440739c0_onto.rdf_functional.owl,10585588,1843102,12428690
approximated_207ef0d3-222d-4445-8615-0abb4e01d309_dqm.owl_functional.owl,14157943,5816602,19974545
1638797c-4dff-4260-86f5-155faa82bc58_Arachnid.owl_functional.owl,14317019,1113606,15430625
approximated_0720cdef-dd38-4518-a0a0-9c0d83f4a33b_laptopsfull.owl_functional.owl,160341229,30169725,190510954
approximated_1b1190fb-0297-4ccd-a39b-2036eec39617_LP_record.rdf_functional.owl,11309477,3772953,15082430
approximated_96248130-5080-4c48-9e0a-ad05964369d1_Sclerometer.rdf_functional.owl,12339722,3856988,16196710
approximated_kb-owl-syntax-unraveled-depth-2-km-relevant-cardinalities-disjointness-triggers-constant-classes-relation-axioms-value-classes.ofn_functional.owl,686067780,1600975165,2287042945
approximated_00012.owl_functional.owl,22270397,8119577,30389974
approximated_3526c76c-8b06-4281-9adc-db234451f844_hReadiness.owl_functional.owl,138732072,237244563,375976635
approximated_08a38946-3145-488b-a035-58fe2ba41d9b_oe1gov_functional.owl,17895686,14701607,32597293
approximated_7e0d6955-f1b3-4ac3-90ff-5d39157a8eb2_ekaw.owl_functional.owl,12668001,5217703,17885704
approximated_485f63db-3bc4-41a8-b51f-2a4981a2cd2f__Siciliano.ttl_functional.owl,15201271,3771828,18973099
approximated_01821301-2b82-4dbf-bfa4-997791190fab_onto.rdf_functional.owl,12513079,4750265,17263344
approximated_kb-owl-syntax-unraveled-depth-3-cardinalities-constant-classes-relation-axioms-value-nominals.ofn_functional.owl,401407660,979842592,1381250252
approximated_8c700ad1-ef83-4d37-8e4b-350c71e923f5_iensmerged.owl_functional.owl,7092415388,3038340182,10130755570
approximated_0481853c-6d8b-4ecd-9b67-91617ef164fa_hardware.owl_functional.owl,14729324,3223322,17952646
approximated_8c193ee4-8997-4c9d-8289-4847f0d74a2f_Award_pin.ttl_functional.owl,16801396,3728106,20529502
965dbd44-0e39-4672-ace5-1951e9cac06c_hsapdv.obo_functional.owl,16528287,28239341,44767628
approximated_64f54448-77b0-4628-abfc-8b9e9adf3673_onto.rdf_functional.owl,11522776,4891833,16414609
approximated_5d1d2c09-0b85-4253-8a0b-cef63af3428b_PaulFisher.rdf_functional.owl,13930800,2824931,16755731
approximated_8764ebd0-d0e3-4192-8534-9e5b16246b9b_Dicing_saw.rdf_functional.owl,16943608,3858510,20802118
approximated_bdo.bone-dysplasia-ontology.9.owl.xml_functional.owl,339532931,965318197,1304851128
approximated_00668.owl_functional.owl,222140883,573668698,795809581
approximated_kb-owl-syntax-unraveled-depth-1-cardinalities-constant-classes-value-classes.ofn_functional.owl,466372253,1159324812,1625697065
77094653-1dd0-493a-9927-7e327ab26df1_phylo.owl_functional.owl,24599965,26509308,51109273
approximated_1c9890fe-c7bf-4798-9707-a7272a7c1451_tam_cheese.ttl_functional.owl,16632731,3628659,20261390
approximated_15d31dac-6369-4869-a2ea-4e3fd9904c75_ante_dress.ttl_functional.owl,13005499,3802914,16808413
approximated_f09572e1-eaaf-4166-a3ab-eb99cfc49d98_fullgalen.owl_functional.owl,1049414045,3097518228,4146932273
d59f8314-5bcb-410f-a1f5-d5cd2c741577_e.obo.PREVIOUS_functional.owl,230292556,533567860,763860416
approximated_kb-owl-syntax-unraveled-depth-3-km-relevant-cardinalities-disjointness-constant-classes-value-nominals.ofn_functional.owl,648551697,1481193698,2129745395
approximated_c2b30731-e14d-49d6-b7bb-fef81d6f1072_pr.obo_functional.owl,4101550900,8285527770,12387078670
approximated_dd4a4d46-e303-49b0-b4e2-112ea6bd0b73_Ulster_coat.rdf_functional.owl,18896054,3753135,22649189
approximated_kb-owl-syntax-unraveled-depth-4-triggers-constant-classes-relation-axioms-value-nominals.ofn_functional.owl,366050126,870443774,1236493900
approximated_ad8735f1-9e26-4942-aab8-21b056939a89__phenotype.owl_functional.owl,202561369,626878629,829439998
approximated_a771c9be-3886-4115-bfb1-0192e35d5cc4_PaulFisher.rdf_functional.owl,12302791,3153862,15456653
8759de03-a439-4c7c-917a-30179c86ef91_ato.obo_functional.owl,300810829,584235953,885046782
08691c7a-7b0a-4db8-b8d8-5cf046b5235e_envo.owl2_functional.owl,35915986,66378615,102294601
approximated_0a5cef49-2fd4-45d8-bfd0-d943f1753959_PaulFisher.rdf_functional.owl,13969221,2902955,16872176
approximated_03447898-b55c-4e02-a0f7-f5f2850ed51c_edElements.owl_functional.owl,15378188,5909449,21287637
approximated_31740a9c-e50a-4a5c-9bea-7ca470f4366a_dProtected.owl_functional.owl,134047811,215748220,349796031
approximated_33a979ce-fd5e-4af9-9ffb-f24e5602a053_sinfectant.rdf_functional.owl,18277271,3645006,21922277
435d8568-011f-4e58-b72e-79265d9f0a90_sgenechrom.owl_functional.owl,486107008,923235863,1409342871
approximated_00779.owl_functional.owl,1544008903,339393427,1883402330
approximated_3675e173-c489-42dc-95b7-a0e87fd1739c_le_II_Plus.rdf_functional.owl,23494634,5120265,28614899
995a8340-3ff3-428b-b533-8cc3acf882d4_AAO.obo_functional.owl,58412786,133913782,192326568
approximated_29e7922c-03aa-40f5-98b1-47a6dee3792a_efficiency.rdf_functional.owl,12537297,3951920,16489217
approximated_ooevv.ontology-of-experimental-variables-and-values.4.owl.xml_functional.owl,17632839,5479440,23112279
approximated_kb-owl-syntax-unraveled-depth-4-km-relevant-cardinalities-disjointness-constant-classes-value-nominals.ofn_functional.owl,623593413,1430558890,2054152303
approximated_4ad7e36a-71a8-40c1-badb-82b51e6a5022_User.owl_functional.owl,13609544,5701281,19310825
approximated_4387ac1a-1873-4af1-924b-61b5189fe622_on.owl.CURRENT_functional.owl,25356264,43778936,69135200
approximated_36d29a96-2161-4581-b805-cb34b999921b_noReggiano.ttl_functional.owl,13119865,3630852,16750717
approximated_0072ac62-ae30-4091-b6cb-c641c7da55f9_dasnetwork.owl_functional.owl,12304519,6632459,18936978
approximated_b0cb78a2-2be7-4432-97de-8b565b244bec_ng_drawing.rdf_functional.owl,14003109,3707686,17710795
approximated_4408fc1f-5ea2-4f6c-a47c-d22d11134928_fGene_OWLa.owl_functional.owl,13521115,4886929,18408044
approximated_8ca7b097-cb9c-47f7-940b-2e55d94dfb67_ionClasses.owl_functional.owl,14392560,10605336,24997896
f3de72ff-d63c-4426-bb4c-513f56898824_patomerged.obo_functional.owl,49987765,81177435,131165200
approximated_49f8aec9-bc8d-4ec0-8fc9-e0ec1a05e9e5_sta_cheese.rdf_functional.owl,16256713,4127863,20384576
approximated_b6abe8b8-5d63-4ff7-b2e4-fe179a7c4651_limateZone.owl_functional.owl,162930967,208381973,371312940
tgma.mosquito-gross-anatomy-ontology.9.owl.xml_functional.owl,74262431,148024193,222286624
approximated_940c4006-c77f-423c-82c9-f20b642fa4ab_knowrob.owl_functional.owl,33307668,54584746,87892414
approximated_bb4ca6fd-1d47-43e4-b670-5c1a6bba896b_Power_cord.rdf_functional.owl,13532447,3646633,17179080
3b275214-e0e8-4ab6-a27e-f500d7b3805b_chebi.obo_functional.owl,1055505887,2778940330,3834446217
544b554a-a9d6-48d1-85f2-1bbe3518256f_sterentrez.owl_functional.owl,1078187589,386594040,1464781629
approximated_a2d0b4e0-492b-420f-9f7c-758c943089ea_ntegration.owl_functional.owl,53320047,6072702,59392749
08c18558-c391-4b1f-84c6-3631d00c948f_protlabels.owl_functional.owl,88862048,227168740,316030788
approximated_392d3406-cedd-46f4-93ac-23d70207553b_act_wrench.rdf_functional.owl,15502923,4039498,19542421
approximated_4cbf5a6a-e2db-4d09-bec1-6edd0edf6e19_example1.0.owl_functional.owl,25581074,7426068,33007142
approximated_3c5c7673-1ba8-4eec-abec-02737376e732_Itanium.ttl_functional.owl,12157323,3741687,15899010
approximated_kb-owl-syntax-unraveled-depth-2-cardinalities-triggers-constant-classes-relation-axioms-value-nominals.ofn_functional.owl,433257918,1061505911,1494763829
approximated_351b6a7e-8345-4625-a4a7-2468547ee698_Circle_hook.ttl_functional.owl,11840674,3987446,15828120
approximated_eb95c280-5524-4273-a9c6-12079ce1d2cb_estandards.owl_functional.owl,21017820,17580105,38597925
approximated_0096972e-ba44-4105-9a88-b590da2d65f4_d_gherkins.rdf_functional.owl,13571755,3730732,17302487
a6ecfabd-295e-4dfd-acbf-2167332f323a_gcmdscience.owl_functional.owl,45238893,56108687,101347580
approximated_fab9fd52-70d4-472a-8d19-49cff81bb55f_CogPO.owl_functional.owl,18927706,21511812,40439518
approximated_d7e4c6b8-da8d-455d-a1a5-ed17d7813fe5_ysfunction.owl_functional.owl,90063156,165148292,255211448
approximated_e0651152-4621-416d-92a6-59ab4896f0a0_clim.owl_functional.owl,64100303,125408785,189509088
approximated_3708fbbe-4bfc-4763-9ec5-34a36251f5dd_Chewing_gum.rdf_functional.owl,17053525,3651386,20704911
approximated_03d531b9-cc18-46d0-a3e5-b8769fe880b7_nboedit.owl_functional.owl,6637199279,14251245451,20888444730
approximated_43011215-7452-4ed5-bcfb-e529161b7bab__equipment.rdf_functional.owl,57824406,4435472,62259878
approximated_ed209b08-84f9-4741-a88d-aba4bc6b61fd_r3.rdf_functional.owl,10258941,9451998,19710939
approximated_kb-owl-syntax-coreference-IDs-cardinalities-disjointness-constant-classes-value-classes.ofn_functional.owl,1039031526,2259299762,3298331288
approximated_0e41c258-3596-4176-ab6c-bb4a938475d9_SAO.owl_functional.owl,32427002,50696208,83123210
approximated_c0756f53-844e-4d63-8503-5f4e15be6cde_rusv07.10d.owl_functional.owl,3653663879,7220468855,10874132734
approximated_kb-owl-syntax-unraveled-depth-1-cardinalities-disjointness-constant-classes-value-nominals.ofn_functional.owl,736417304,1791189909,2527607213
approximated_26efa55e-2dd5-4628-9436-eef2b6a87447_nceProfile.owl_functional.owl,14319888,8831519,23151407
approximated_47473d2c-f8be-4f6a-b070-6207a15226b6_kupkb.owl_functional.owl,215624900,598259028,813883928
approximated_6c9fc61c-7848-4bd5-8b03-443e637346ea_nalistaxon.owl_functional.owl,418651096,855440990,1274092086
0dd5e9d2-68c4-41a3-8680-468d4d1cc699_cmosimple.obo_functional.owl,60091752,130327117,190418869
approximated_00cabe6e-0448-4d39-9764-949671bc9fb7_hire_sauce.rdf_functional.owl,14747445,3866788,18614233
859f46cb-84ec-4e25-8146-e97f25118e72_egoryNews_item_functional.owl,27759317,2826800,30586117
approximated_42bb76e8-f240-4c55-bfba-c69c711aa09a_properties.owl_functional.owl,52581827,94320736,146902563
approximated_36c9acaf-e608-4a77-970d-9066424b1dbe_ne.owl.nooneof_functional.owl,20097440,13057716,33155156
approximated_f6a8dc0e-71ce-4b3b-984b-5501e3a5b983_cfatt.owl_functional.owl,12895894,4195274,17091168
approximated_f2669fef-2edd-40b8-8a8d-207448a70329_sfb632.owl_functional.owl,15624591,7818427,23443018
approximated_6464cbc9-a1a1-4cf9-8148-00a4d96ff60a_Pie.rdf_functional.owl,12445402,3687776,16133178
approximated_e63ebb14-0c5d-44c3-a1f3-6c03727ae8b3_dataschema.owl_functional.owl,15816431,7345292,23161723
00832dbc-5333-479b-aec9-fc623d532af6_notype_xp.owl2_functional.owl,293011221,154169042,447180263
approximated_4e45d729-2c6d-403a-889d-f62ea81c6bbd_Redcurrant.ttl_functional.owl,13765990,3772157,17538147
approximated_50f07149-d2da-4c9a-b84b-98e4098ee165_Processing.owl_functional.owl,198098308,244778995,442877303
390e84d3-40c1-4acb-9d60-1a3febc74295_ritageSite.owl_functional.owl,18743673,1834060,20577733
approximated_640b91e0-6487-46eb-bd42-364566852cbf_biolHealth.owl_functional.owl,23594506,30866984,54461490
00ab0f05-e76c-463d-bfa9-79f4e2b9949f__reriotype.owl_functional.owl,646303127,1762505092,2408808219
approximated_daf939cc-93f1-4540-9ad4-7751c4360a18_image.owl_functional.owl,20293977,33145026,53439003
approximated_3be05580-0b69-43a6-95cf-eb9b3ead7b37_rve_tracer.ttl_functional.owl,11145613,3854847,15000460
approximated_7aac8dcd-5fa9-4204-8ac8-081082b7b684_Belt_sander.rdf_functional.owl,11546787,3699009,15245796
approximated_e9bd0003-e59e-4f38-af79-b966b9dddf62_se3_athome.rdf_functional.owl,13714879,3057013,16771892
approximated_2cdcb69f-5119-4c7b-adcd-63a41ccbf81d__ash_brick.rdf_functional.owl,14563386,3626395,18189781
approximated_0bee346d-07a0-4a86-9b48-0c3710a77d11_iridl2wms.owl_functional.owl,23113785,8476859,31590644
81f0e9e8-ae40-4496-9d8f-a60b6b5ee11f_Senator.owl_functional.owl,20670977,1340780,22011757
approximated_86d6299e-0891-46c8-b347-e6e51e3efb1f_trParticle.owl_functional.owl,129244910,210937707,340182617
407b3da6-8789-45c0-b20c-389e5c2952c8_hp.obo_functional.owl,237475411,699471569,936946980
approximated_0a7dde29-4766-4403-9844-d13f006d3a85_classified.owl_functional.owl,15390017,6997859,22387876
approximated_d1b312fb-0a50-41dc-8814-b788efef9a51_reprSpace.owl_functional.owl,132943219,245749326,378692545
approximated_00643.owl_functional.owl,18698038,22253974,40952012
approximated_f41d627c-b79e-4b64-a248-cb2001a83f39_listssnip4.ttl_functional.owl,17600372,21820227,39420599
approximated_0e4ba4ed-3741-4c0c-823a-33a1b3705701__computing.ttl_functional.owl,13882711,3973982,17856693
approximated_123e4972-3501-4005-9808-ed53e62f7596_Collection.rdf_functional.owl,8132429,1916913,10049342
approximated_9840aa90-bcd4-49c8-91f6-1114fe6ca072_dcs.owl_functional.owl,15949760,11589963,27539723
approximated_e39bd649-5918-4120-89a0-fe8523fdd987_procWave.owl_functional.owl,138577797,246346843,384924640
3316f171-44e6-4fe0-90e5-25e2a6307ce3_hpsimple.owl_functional.owl,235599836,718825732,954425568
approximated_03338838-146a-4994-b8b8-8f5026d4fc16_ir_clipper.rdf_functional.owl,11823305,3915998,15739303
approximated_de029e3b-c735-4f50-a6a3-ff919e6573ed_IOLite_v16.owl_functional.owl,22811222,16038279,38849501
c814bcb3-c078-4734-b3e4-a060944ec529_eKrankheiten_U_functional.owl,11297214,813396,12110610
approximated_a5705793-a7a6-4526-93a1-f314e4ca97cf_alismerged.owl_functional.owl,1749702357,4250643888,6000346245
approximated_84bc4a32-88d8-4a52-bc87-26c98d18b516_rish_Cream.ttl_functional.owl,18128781,3658246,21787027
approximated_69a563b2-ce9d-4241-b41e-1a589088bb2b_Jagdwurst.rdf_functional.owl,10868187,5445397,16313584
approximated_00034.owl_functional.owl,456050646,1252988933,1709039579
approximated_0e0efbdb-a249-480e-a640-f81602b448cb_Floppy_disk.rdf_functional.owl,11500268,3920573,15420841
approximated_26997104-2a25-4e55-b94c-2851c26f5daf_ossAnatomy.owl_functional.owl,47483299,87197861,134681160
approximated_29a9305f-82f7-4b0f-b7c4-c04bf2aef00d_int_roller.rdf_functional.owl,11328941,3968535,15297476
bfb52dc9-3c16-463f-acb8-681fe2e8939c_classified.owl_functional.owl,92322519,218200612,310523131
c9bb968e-453e-4b8e-afb1-73096d025904_vHOG.owl2_functional.owl,51435666,92078353,143514019
approximated_0d5d8f0b-ddec-4036-a5fb-3efd03c5dc2e_lPartForNS.owl_functional.owl,3366169947,12652349531,16018519478
approximated_40b32c95-47fd-4844-9c3b-a020c2ca204b_ire_cheese.rdf_functional.owl,13914989,3746937,17661926
approximated_900f388a-a0fd-4760-bf3e-f933c6de7293_progetti.owl_functional.owl,17136458,8497985,25634443
approximated_dc1753f4-1ffe-4eb9-bd74-29a6efec3eb2_FOSCoreGeo.owl_functional.owl,12449644,4778139,17227783
approximated_c7a8779c-9256-4e14-9e67-547c77067a75_yCombinatorics_functional.owl,10731871,1659520,12391391
approximated_8a0bb9c7-049f-4056-8aab-e5e8663390c9_Floorcloth.ttl_functional.owl,9546931,3676985,13223916
approximated_483a10fd-ce0f-4b0a-9aa5-d46d27f88b83_PaulFisher.rdf_functional.owl,11906224,2913692,14819916
9397681e-d7ba-4a3f-8758-d9da06328dc5_quality.obo_functional.owl,35310133,75524844,110834977
3930133b-4a41-489c-857e-9f9e6109745d_Model.owl_functional.owl,12461436,2229313,14690749
approximated_ba2d5a4d-9731-42c0-b9e0-85740949f2ba_timeExtent.owl_functional.owl,24317029,21157325,45474354
approximated_e0326e58-7287-4240-b48f-f049b2459fc4_eReduction.owl_functional.owl,160744244,207559280,368303524
approximated_860d4d92-00bf-4ce9-86fd-92846d722457_iaoall.owl_functional.owl,18650720,12549862,31200582
approximated_147ec3aa-f37a-46b4-b1ed-d030ed6b683d_mBiolBiome.owl_functional.owl,139955267,218879035,358834302
approximated_793ed858-5be3-41cd-ba83-694820a5975a_Reibekuchen.ttl_functional.owl,80778040,3776912,84554952
approximated_a8b3bd7f-3bd8-4177-a27a-d23ee10fadb3_ing_sinker.ttl_functional.owl,34545480,5834737,40380217
approximated_kb-owl-syntax-unraveled-depth-4-cardinalities-constant-classes-value-classes.ofn_functional.owl,490955995,947259843,1438215838
approximated_1b6732f1-f58c-4a7b-bfd2-2ead8c2da95d_onto.rdf_functional.owl,17911077,4864301,22775378
efd20f6c-bf75-4329-ae3d-46719338ee19__v2.0_Lite.rdf_functional.owl,59189591,9391563,68581154
approximated_453f75f7-2b94-4b9b-9ed1-3782a456204d_Jelly_bean.rdf_functional.owl,13554892,3844701,17399593
approximated_a946ca69-0948-4785-a673-2c325cb7f8f9_chemWater.owl_functional.owl,65511291,123169974,188681265
approximated_1a25f7d6-fee0-459e-bd9b-63d9dfc21da9_OExtension.owl_functional.owl,10248863,3772000,14020863
approximated_7b274a45-fa1d-48c2-b984-e665f232a857_tification.owl_functional.owl,15482994,5052653,20535647
approximated_90f6a9f6-41be-4830-b665-489742676c1a_Bean_bag.ttl_functional.owl,12034231,3765780,15800011
ab46896d-3168-44a0-9714-a38ff0fc01f8_onto.rdf_functional.owl,16143524,1807119,17950643
approximated_864408a5-f953-476c-9ab4-eabaadc93c7f_estigation.owl_functional.owl,307329016,635589443,942918459
approximated_cde3e885-46a7-44a9-9501-8a4229c4f0a9_st_anatomy.obo_functional.owl,111889187,251312781,363201968
approximated_reto.regulation-of-transcription-ontology.2.owl.xml_functional.owl,13432453809,1.05702E+11,1.19134E+11
approximated_a74201dc-3c50-42e2-8a89-5876b71a4bee_Reblochon.rdf_functional.owl,15576687,3643714,19220401
approximated_84ba8a2b-96b1-4183-850d-ea84cdee4649_biotopcore.owl_functional.owl,14165660,19718057,33883717
approximated_4a74a4da-3c5d-4b27-bafa-84e59e8a6288_propMass.owl_functional.owl,141820034,244496870,386316904
approximated_00347.owl_functional.owl,1002250298,187492595,1189742893
e99a3212-6a2d-49e3-b709-7a20e7436be7_ncbitaxon.obo_functional.owl,31227924758,57778636345,89006561103
approximated_84a1bc46-5aea-40a0-a6f7-52205cd63681_onto.rdf_functional.owl,19438682,5027375,24466057
approximated_cdd61ca7-4c7c-408e-9d4c-db5aeff2f37b_COSMOtop695.owl_functional.owl,291592746,506553695,798146441
approximated_kb-owl-syntax-coreference-IDs-km-relevant-cardinalities.ofn_functional.owl,590216228,1676554661,2266770889
approximated_2a3b611a-3087-4369-8310-e4c9db83387f_geInferred.owl_functional.owl,15735935,9622090,25358025
approximated_170968b4-fbb3-476a-8b4e-3274efc91219_codprojects.owl_functional.owl,10471102,6118676,16589778
approximated_994f6f4a-eec0-417a-958b-0a24e1410e37_bibo.xml.owl_functional.owl,14883110,6151658,21034768
iceci.international-classification-of--external-causes-of-injuries.6.owl.xml_functional.owl,261599559,145157409,406756968
approximated_46ad6807-7f43-41a8-9d6e-4ca8c3f4a610_stor_logic.rdf_functional.owl,15171464,3674197,18845661
approximated_cf8f56a3-7872-4998-aaef-8ed816de3a11_Daas.ttl_functional.owl,16183285,3710348,19893633
approximated_aebb458f-0a91-428a-bfa0-104dcf5f73c3_opPressure.owl_functional.owl,132623015,245344259,377967274
approximated_5c85b04a-3db2-4612-b503-0d2417bbab87_lifecycle.owl_functional.owl,16985309,1272247,18257556
approximated_c8f1b6d6-4c68-48b6-a094-954c94be71cb_pmltrust.owl_functional.owl,10520868,5974103,16494971
7f4b9d7a-544f-4067-84a9-bf5a911e36dc_laboration.owl_functional.owl,21360109,32062694,53422803
approximated_495968fc-a1ea-4b0a-a3c3-1d12940cec40_Behavioral.owl_functional.owl,10962615,2999170,13961785
approximated_0fd8280e-36ca-436d-bb23-e30ec8b3e0ec_ratotanker.ttl_functional.owl,15710103,3600414,19310517
approximated_1acfcb1c-58e9-463f-96de-005c21273db1_onstraints.owl_functional.owl,20371382,13494494,33865876
approximated_1865b687-4dd0-4330-9746-580771dc30ec_aching2007.owl_functional.owl,22128075,21515335,43643410
2588d1d0-2429-4c19-8bc2-2cbd0d361963_o_external.owl_functional.owl,32629986,81532620,114162606
approximated_omit.ontology-for-microrna-target-prediction.36.owl.xml_functional.owl,79652941,191391701,271044642
e51eab0d-b777-4011-93f7-8c9bc2f47332_sep.obo_functional.owl,8481814,12728421,21210235
approximated_0e841093-7784-4345-a8eb-22b899d8db68_tension_02.owl_functional.owl,89231111,126598601,215829712
approximated_kb-owl-syntax-unraveled-depth-4-km-relevant-cardinalities-triggers-constant-classes-relation-axioms-value-nominals.ofn_functional.owl,372459791,843648856,1216108647
approximated_82edd984-ed62-4de8-aa7e-41fdabff37be_Post_box.rdf_functional.owl,17475907,3687098,21163005
approximated_599cd37b-42a8-4d9e-aad5-90f174dcc0fc_Gabion.ttl_functional.owl,16065577,3660359,19725936
approximated_6bb1a5cf-d393-4da7-94c2-9fb640017c46_ogy_Ver2.1.owl_functional.owl,15007854,7582475,22590329
approximated_30e0cd0a-eb2c-4f0f-a022-c7fa606192ba_x_Slipcote.rdf_functional.owl,16800783,3674519,20475302
approximated_e2eb4462-3769-4ba8-851a-9291b88318fd_mHydroBody.owl_functional.owl,139881425,210640814,350522239
d31441b3-cff1-4d00-8182-e745c2604119_enceaxioms.obo_functional.owl,224405401,88423732,312829133
approximated_896c66df-2415-4e7a-8a3e-aed1f56be49d_ine_roller.ttl_functional.owl,12939026,3643781,16582807
approximated_f872b728-b9ad-4825-af03-2ba561a38dc7_PaulFisher.rdf_functional.owl,16984382,2886099,19870481
approximated_98ecf389-3963-4e11-98c9-16323148aa90_ading_card.rdf_functional.owl,9327766,3669009,12996775
approximated_15a2b8ca-96c2-4551-b4ac-d422911c7dec_imensional.owl_functional.owl,133310561,209984464,343295025
approximated_kb-owl-syntax-unraveled-depth-3-triggers-constant-classes-value-classes.ofn_functional.owl,415951427,911287894,1327239321
approximated_0d81873b-1e09-4a12-bee6-8a4d224193bf_Place.owl_functional.owl,14491404,10164181,24655585
approximated_c6896aeb-c555-4713-8641-17a2fbb3aa44_ectrometer.ttl_functional.owl,14106907,3793867,17900774
approximated_f4cd12a3-7a3b-4657-8da8-c7d6b2e60149_rial_thing.owl_functional.owl,18765943,15234774,34000717
approximated_ab535d22-08e3-41cd-96ee-9875bf00acee_ndaryLayer.owl_functional.owl,126777653,211352272,338129925
approximated_5a91bff0-d336-40c8-8e8a-a71ae57b72a5_ModuleType.ttl_functional.owl,43268252,24858422,68126674
f421198a-9aa0-46a6-a550-bf0aea21e5f3_fred.ttl_functional.owl,12427649,3530928,15958577
approximated_kb-owl-syntax-coreference-IDs-constant-classes-relation-axioms-value-nominals.ofn_functional.owl,598481063,1731170937,2329652000
approximated_f36d4ec6-a13c-4127-bd31-69a43b5c7665_Gear_shaper.ttl_functional.owl,21063249,3639760,24703009
approximated_9719e8d6-66f7-46c9-a9e4-7b99371917b0_eTimeCycle.owl_functional.owl,133805926,246531594,380337520
approximated_4f01a6bb-06df-4c2c-bcb8-5f6de105494d_onto.rdf_functional.owl,15045107,3643131,18688238
approximated_50cd8953-46c1-49ea-971b-c94e01d76453_envo.owl_functional.owl,49654256,115015446,164669702
approximated_e40fd5b0-e4f4-4e03-99fc-1d9da32e5576_Pentium_4.rdf_functional.owl,17185602,3770483,20956085
approximated_0b8c067e-8ee2-4613-9f0f-6dd7289a1761_onto.rdf_functional.owl,17200437,5037391,22237828
approximated_8266aead-9347-4705-b866-767ad704739a_Transistor.rdf_functional.owl,10136329,3647564,13783893
approximated_00768.owl_functional.owl,181274437,459974105,641248542
approximated_00fec224-5de9-4f5c-bd58-6fe5903fc3a0_gilcore.owl_functional.owl,14584578,5617097,20201675
approximated_991f1fd9-75dc-4e51-bc99-3455a43113c0_portal.owl_functional.owl,12591273,3934464,16525737
approximated_26c2fb29-e3ed-4e29-993a-6c8c59adaf29_Dampfnudel.rdf_functional.owl,16125193,4304046,20429239
approximated_13a9c1ef-0275-4d68-b711-6be1f2b9cf0e_LCA.owl_functional.owl,20527870,4217248,24745118
approximated_a2be798f-1785-48d4-b3a6-83ddcca53e13_dergarment.rdf_functional.owl,11451780,4091400,15543180
2b827424-99bf-4363-b9c2-57bb0d0448db_se_anatomy.owl_functional.owl,79722458,177324576,257047034
approximated_fa00daff-4134-4ab3-a650-2637ad75448d_ataService.owl_functional.owl,135627153,212872088,348499241
approximated_stato.statistics-ontology.10.owl.xml_functional.owl,37375629,71246706,108622335
f30cbd74-d9fb-45da-aca0-051bc9d941af_s_xp_chebi.obo_functional.owl,206177298,122863642,329040940
approximated_17198308-e25b-43a6-a268-b4be0be90fbd_mesur.owl_functional.owl,8961631,4020033,12981664
approximated_a120a9a3-2785-42d2-88ea-08803a1a8756_ho.owl_functional.owl,9569446,7216785,16786231
approximated_09f55a6d-f998-4d50-9dcd-9a52becf7e24_ana_Padano.rdf_functional.owl,16625105,3715634,20340739
3fb3f449-8d07-463e-94eb-e68182a27b0a_Airport.owl_functional.owl,17566091,3153213,20719304
approximated_664570f4-60f3-4d88-bda7-0cd62bc4bd82_Bath_brick.ttl_functional.owl,13222617,4674344,17896961
approximated_09914f1e-6fd5-427f-9e3f-2daca46fe40a_Air_knife.ttl_functional.owl,15081775,4234927,19316702
approximated_00676.owl_functional.owl,88949018,158866506,247815524
approximated_kb-owl-syntax-unraveled-depth-1-triggers-relation-axioms.ofn_functional.owl,456491463,1060233810,1516725273
approximated_6ae48d7c-d89e-4b52-97e2-f941154cb238_eet_potato.ttl_functional.owl,11286096,4041847,15327943
approximated_14a753bc-cdf3-4170-830d-de8f872eafef_FAO.owl_functional.owl,9179571,5800193,14979764
approximated_907e6bed-2454-4f38-9c9c-32d55f4bd2ea_paperdyne.owl_functional.owl,12545810,5325136,17870946
approximated_4415a96c-f4f0-441e-a29b-15d588c4fef1_ects_scale.rdf_functional.owl,15305640,3779058,19084698
approximated_e7166fe2-89f7-41d6-ad09-063a3ff697b8_TFSem.owl_functional.owl,8625599,2714685,11340284
ehdaa.human-developmental-anatomy-ontology-abstract-version-1.6.owl.xml_functional.owl,83891918,129227319,213119237
approximated_2d5e0d6c-02a2-4a99-abdb-85128360c56f_school.rdf_functional.owl,22821467,12698098,35519565
0dd9e56d-b675-4895-8bd6-feedbb8a8a79_to_anatomy.obo_functional.owl,83537723,148588122,232125845
approximated_3fdb6397-033d-453f-ba21-f97bc45af81b_Rivet_gun.rdf_functional.owl,62048287,3852430,65900717
approximated_5b18b5b0-4bb4-4803-84d7-148e7fd3e831_Mahimahi.ttl_functional.owl,9455621,3691268,13146889
f26dafc8-8b11-4364-adb6-ad36b1f39cb0_r_anatomy.owl2_functional.owl,93832760,40650870,134483630
approximated_ed13591f-1fc4-4efe-91f6-cf46fcd54c91_.1.1public.owl_functional.owl,90697570,21887220,112584790
approximated_f9e14cd6-1656-446a-94a3-0a38ee9f9301_PaulFisher.rdf_functional.owl,73693345,2936553,76629898
b335c79e-a2bd-4815-873f-981b8f676848_slim_yeast.obo_functional.owl,25232155,12846759,38078914
approximated_f756525d-84cc-4074-8c05-45f71d5d6f4b_rmodynamic.owl_functional.owl,185659706,251184403,436844109
approximated_kb-owl-syntax-unraveled-depth-0-disjointness-triggers-constant-classes-value-nominals.ofn_functional.owl,770988234,868054031,1639042265
approximated_639f93c2-4790-4bb8-9c48-48f9d8a1f186_Chimay.rdf_functional.owl,18615782,3735873,22351655
approximated_98837d5d-01cf-4d96-97ca-f526e8559e90_humanEnergy.owl_functional.owl,74746548,137083524,211830072
approximated_0242873d-6fd1-4915-ba36-3ce80ed8d0cb_Lebkuchen.rdf_functional.owl,16018810,3716912,19735722
approximated_6512da50-3f93-46d2-a509-7366ccdbd0be_troGeodesy.owl_functional.owl,70128874,125913423,196042297
approximated_9c964061-f137-46c6-acb9-0ece380220f2_EventMatch.owl_functional.owl,15519513,1671024,17190537
approximated_960f8c54-476a-4116-b3a9-cd40f2c59b44_Geometry3D.owl_functional.owl,145326900,248413413,393740313
3cd88744-f28c-4897-9412-3c21b68fb8c1_ballPlayer.owl_functional.owl,18318783,2296018,20614801
approximated_285084ee-f908-45da-9824-b3339dd50de8_l_anatomy.owl2_functional.owl,10218531,4995332,15213863
approximated_4baf98c2-3c91-4c13-bb50-e9b38090dcfc_mIndicator.owl_functional.owl,76607838,132191164,208799002
approximated_8b21fb83-74fe-4ae7-901a-979c396be44a_Tool_stone.ttl_functional.owl,21580775,4921765,26502540
approximated_0eb05980-521e-47a3-9f38-b555c5548e36_ndaryLayer.owl_functional.owl,142968216,208069359,351037575
approximated_01059cc1-33c1-45e9-a400-2bd097ea01fd_PPIO.owl_functional.owl,351939998,121914244,473854242
32b48965-bbc5-4d76-9396-728af3ea2366_University.owl_functional.owl,22413394,2943947,25357341
approximated_0acdf7e5-cecf-4edd-941b-a63b60285b8d_EnergyFlux.owl_functional.owl,138196663,212359364,350556027
approximated_3e79e04b-41a4-4be3-a258-a2b7c1961908_compute.owl_functional.owl,12680686,7933604,20614290
approximated_cbdccc62-17e9-4213-afaa-d6f2fc185561_aptamerbase.owl_functional.owl,12342736,5054255,17396991
approximated_d50ebc4f-490b-42d4-8d0c-deed45aca198_mathweb.owl_functional.owl,18078312,6639706,24718018
approximated_dc5f955e-2cce-4045-94e9-a005e287a311_doc15.rdf_functional.owl,24301460,21719136,46020596
approximated_a75d8e57-fe4d-4d01-9092-52a76d7dd477_onto.rdf_functional.owl,31050927,4785612,35836539
approximated_2f71498d-7620-4974-939c-37fac33bc3dc_biolEcology.owl_functional.owl,48384229,48891448,97275677
approximated_0f4e0e90-6914-428d-a375-d27028709364_Tractor.ttl_functional.owl,11517189,3743125,15260314
approximated_c49f2efd-2f40-422b-9fc8-d89b4865dc85_SoftOnto.owl_functional.owl,21170758,6243832,27414590
approximated_f32003be-efe2-4358-b1ee-8ee56c2f1608_a4Integrin.owl_functional.owl,59310428,9066946,68377374
approximated_a9fd0d61-3ac5-42fe-82fa-dedb4e3f043c_ure_switch.rdf_functional.owl,16505962,3736308,20242270
approximated_36853265-dc25-4b32-9aec-ef9314603169_smallscale.owl_functional.owl,30134294,11391547,41525841
approximated_idobru.brucellosis-ontology.41.owl.xml_functional.owl,89807086,197235071,287042157
approximated_207569ea-5ee1-409c-b66e-c85845ee84b8_Kesong_puti.rdf_functional.owl,14284602,3880316,18164918
approximated_a674bc3c-b761-415e-9413-6ee7165338f0_OPMWv2.1.owl_functional.owl,8094385,6731553,14825938
approximated_a5b6f7fd-bfe2-4289-a17e-59203a8a4c9b_use_Cheese.rdf_functional.owl,18362343,7665712,26028055
08fc4b78-455f-4ee3-a8a6-4ff94288ff40_ish_label.rdfs_functional.owl,25478914,2990793,28469707
approximated_ed9fdead-5a93-461f-8e80-cbc3d7b30df9_ecrm_111201.owl_functional.owl,30882422,21290045,52172467
approximated_ac2a136a-0372-46af-9f6f-96366e1938e1_cientifico.owl_functional.owl,20642182,9401243,30043425
approximated_c35355a2-3335-4e3f-be68-9b35db6027aa_codtools.owl_functional.owl,19710481,9141504,28851985
approximated_6a5fa684-80c8-4156-9533-8b1ecea7ddfd_Exocet.rdf_functional.owl,15221210,3622661,18843871
approximated_106077dc-cb7c-47db-ae8b-ba4aebf95bdf_onto.rdf_functional.owl,15435423,3772488,19207911
approximated_5527f5bb-712c-4bd8-90e8-a9b5c41e2390_TimeSeason.owl_functional.owl,135380981,246318957,381699938
ceea6c1c-80d7-4549-8268-140dae9d5a81_NIFQuality.owl_functional.owl,16096008,7202616,23298624
approximated_580a20b6-6bb6-4c16-a768-0a59bd931cd0__functional.owl,9438122,4341847,13779969
48efbee9-26c7-4142-8f2c-6ea556331652_ombeentrez.owl_functional.owl,182809055,116886450,299695505
approximated_kb-owl-syntax-unraveled-depth-1-disjointness-constant-classes-relation-axioms-value-classes.ofn_functional.owl,764372086,1645755184,2410127270
9719991a-1f5c-4af3-a9ad-5c1629157f56_NIFChemical.owl_functional.owl,13724329,6355165,20079494
5e6909e0-5994-40c9-afd9-af0b23e59e7f_ck_anatomy.obo_functional.owl,37194412,47741900,84936312
approximated_46767b45-e251-4e77-881c-1f30526983ee_eco.obo_functional.owl,23856594,22386017,46242611
approximated_b81f053b-a825-4176-bfd7-f8a926fa9fe8_Gobstopper.ttl_functional.owl,9628686,4050933,13679619
approximated_kb-owl-syntax-unraveled-depth-4.ofn_functional.owl,335690526,830192164,1165882690
approximated_44f045de-1a16-423d-89f9-2c95375cd38a_cdao.obo_functional.owl,18984493,8799099,27783592
9c2702c4-137e-43b2-bd55-8dca98b1c8c4_KategorieSamen_functional.owl,8739704,853439,9593143
approximated_4cdf4085-2979-461a-ad46-948482e01bfb_tprimitive.owl_functional.owl,12475412,5438578,17913990
8c007d70-27aa-4110-b1d6-6b54d35408da_mbepanther.owl_functional.owl,96881259,184723690,281604949
approximated_aa5aa000-f279-4124-92e5-f6dd95a4cbf9_deAnalysis.owl_functional.owl,32302734,40984148,73286882
approximated_4c6de755-0ef9-4289-b253-3da44d8509c1_oVAX_78032.ttl_functional.owl,10674012,3719503,14393515
approximated_71ba2fb6-7e7b-4aee-980d-074268e3886b_llusmerged.owl_functional.owl,2493991434,6159488768,8653480202
approximated_61656dce-a2a8-4db8-8ae2-a039887b1949_Stuffing.ttl_functional.owl,17703638,3724523,21428161
approximated_50b8e1ae-45b3-4692-bbfd-f192bed98cba_emoDevices.owl_functional.owl,22263624,18826273,41089897
approximated_c8463f52-c55a-4462-a2df-1af61ab0ceac_phenCycle.owl_functional.owl,133392812,248667809,382060621
approximated_2b16432f-306c-404f-98ea-9212c2c60b8b_Rebar.rdf_functional.owl,11565561,3989548,15555109
approximated_b42c4eb2-3eda-43a0-854b-72f1b4db3b3c_ataProduct.owl_functional.owl,163735767,205528817,369264584
approximated_91a63ab1-1dbb-4d9d-9b07-11d6a26102ac_foaf2lmm.owl_functional.owl,34519468,44605106,79124574
approximated_4c19259b-3cb2-4b07-b2c4-1e6034ac964b_geometry.owl_functional.owl,49589274,100128828,149718102
approximated_29d91aea-9dc9-4d98-ae33-aa89db87f997_tmo.owl_functional.owl,62046400,18206308,80252708
approximated_09e654cd-a5de-4703-a784-6e8f2ad6b833_080901_424.owl_functional.owl,80358588,22636062,102994650
approximated_00333.owl_functional.owl,67443497,5984601,73428098
approximated_3d8119af-42a6-4a2f-b9a7-53e161251efe__a_service.ttl_functional.owl,35486743,3689996,39176739
approximated_dc8919da-348e-4b43-a79d-8c9817330765_gyontology.owl_functional.owl,14450331,5423419,19873750
approximated_2bd17739-f02f-45f5-9ea1-c899569c0dbb_ment_valve.ttl_functional.owl,61708583,3711808,65420391
approximated_7ebff242-76b1-4973-8aba-141d43f52e69_I_original.owl_functional.owl,42388165,53166612,95554777
approximated_4b342740-6c1a-4d7c-96cc-7b3c289378e0_Zener_diode.rdf_functional.owl,44801738,3764445,48566183
8597cc9d-4937-4653-8ec5-619edc771a04_nnotations.owl_functional.owl,3800733492,3384737720,7185471212
approximated_8bf64e5e-ba17-4f33-be88-c38da746f3d5_eThickness.owl_functional.owl,134876706,212156412,347033118
approximated_863c7655-1bb2-4e0b-8809-1bc79945dd49_phenBiol.owl_functional.owl,128713466,209709400,338422866
approximated_2a61bd01-1ece-4645-b73b-d716937eac1d_Cheater_bar.rdf_functional.owl,10801520,4132263,14933783
0eeb885b-e5ba-4ca5-a978-387136e8582e_sCharacter.owl_functional.owl,20648569,2082683,22731252
7655d47f-0733-4adf-9b66-b58365668847_t_ontology.obo_functional.owl,64787388,130008555,194795943
approximated_5dd4521b-d200-4f2a-b86c-fd2e8f0ef2a9_is_elegans.obo_functional.owl,6284120158,11230328538,17514448696
5825782a-34f3-4b04-8776-6ea76c798da9_phOntology.rdf_functional.owl,23597441,10273455,33870896
approximated_aero.adverse-event-reporting-ontology.45.owl.xml_functional.owl,33509204,32565465,66074669
fc9d0e03-04c3-455f-b15c-90d98cf06bf0_OID_import.owl_functional.owl,17024585,9128359,26152944
approximated_e9d52528-ebdf-432c-856b-37150f9c0a9d_morphology.owl_functional.owl,143929706,247408635,391338341
approximated_afb97597-3450-4c7d-9d7e-d443c81ea413_SKOS.owl_functional.owl,14906745,3970547,18877292
approximated_3bfb45e9-05bb-427b-954d-f4e2dfa75569_ervo_valve.ttl_functional.owl,17899880,3999991,21899871
approximated_674f39d8-fe7f-4bb6-b866-bdb6abc6ae90_functionssmf_functional.owl,18094650,12403416,30498066
approximated_43d8439b-7919-41cf-b08f-ae91f9c6de05_ictablecomplex_functional.owl,14503874,20832497,35336371
14bfdf8c-dadd-47fe-8327-27bcdea45086_dantmodule.owl_functional.owl,19758325,14981953,34740278
approximated_891fa709-84fe-49c0-8fab-7dab7c4d0ad9_Alpha_21064.ttl_functional.owl,19307259,3952253,23259512
2fcb0756-c87f-4f0b-8355-8acc7cd69269_iev.owl_functional.owl,177658866,370714978,548373844
approximated_393a5581-e415-43d9-8479-cbe2588fec5f_ane_cheese.ttl_functional.owl,14640218,3630668,18270886
approximated_kb-owl-syntax-coreference-IDs-km-relevant-cardinalities-constant-classes-value-nominals.ofn_functional.owl,602715555,1668343258,2271058813
approximated_6e218716-a734-4e5b-8ed4-d07879620dd9_p_proofing.ttl_functional.owl,14910620,3757162,18667782
approximated_3d8863c0-65aa-43b1-b550-a1d217896f63_Bappir.rdf_functional.owl,13073132,3975501,17048633
approximated_ontodm-core.ontology-of-core-data-mining-entities.3.owl.xml_functional.owl,41007588,74508612,115516200
approximated_b7c19a22-c91c-4b51-894a-d8a8a3d2a7c0_cl.obo_functional.owl,300151289,784325415,1084476704
approximated_d8ddc3bb-c101-46ee-81df-3e3b9c8cf3dc_ethodology.owl_functional.owl,144560694,281046521,425607215
approximated_0a2b3ab2-770d-4c14-a82c-d5a4d6da3bdb_d_Wide_Web.ttl_functional.owl,75057079,3629079,78686158
approximated_5aefe725-3cc6-4c01-98eb-7a5f16860974_Tire_iron.rdf_functional.owl,31491906,3795308,35287214
approximated_58bd922d-e9f3-4388-8834-7e1892b021b5_Friulano.ttl_functional.owl,23492761,3931536,27424297
bno.bionutrition-ontology.2.owl.xml_functional.owl,24592845,5811849,30404694
approximated_3acaad82-84a9-414a-be12-2e5e08a0d60d_Ricotta.ttl_functional.owl,18629515,3611797,22241312
approximated_296fcd09-c2ae-4cb3-a01d-96d0e37d965b_Intel_i860.ttl_functional.owl,15493105,3703676,19196781
approximated_kb-owl-syntax-unraveled-depth-3-km-relevant-cardinalities-constant-classes-value-classes.ofn_functional.owl,605359205,940747790,1546106995
ce977bc4-162f-43f5-8d92-97ad4324beb8_us_anatomy.obo_functional.owl,126925696,253745560,380671256
approximated_00423.owl_functional.owl,36500332,67405255,103905587
approximated_01db31b0-cbc3-46d9-a834-538730e40074_units_functional.owl,13785081,4385442,18170523
a5fa762b-9cda-49df-be5b-2386ff07f807_onto.rdf_functional.owl,11986531,1694724,13681255
approximated_7d979e93-ae34-4c08-96db-8bb55509b95f_uniprotpro.owl_functional.owl,611883191,1776061696,2387944887
approximated_3380b2f9-77e3-47a0-b9eb-3c0591c691b3_ngineering.rdf_functional.owl,14427288,3792657,18219945
approximated_4dddcf90-8663-457f-8f24-0599d11f02d8_record_v11.owl_functional.owl,16001393,4417552,20418945
approximated_0f250156-cfcb-4e04-9b05-e4c660308cf5_Xeon.rdf_functional.owl,14343353,3621727,17965080
approximated_2d340673-6179-4f6f-8415-4e56c56ad05f_realm.owl_functional.owl,127606105,213861026,341467131
approximated_603934cf-3525-46e1-893c-c6c287001926_uaAirlines.owl_functional.owl,16930531,15041616,31972147
approximated_e9c27822-3ba6-4558-bb8e-0d87561f3210_ontosem.owl_functional.owl,391333711,471175777,862509488
approximated_1fc7a3d9-d4a1-4a33-acab-d31d18a467c0_Long_black.ttl_functional.owl,9464657,4168309,13632966
approximated_kb-owl-syntax-unraveled-depth-3-km-relevant-cardinalities-disjointness-constant-classes-value-classes.ofn_functional.owl,643904076,1570411342,2214315418
approximated_8ee9e142-133c-4225-9788-6913cb83ee82_Surge_tank.ttl_functional.owl,14851450,6109104,20960554
approximated_031f2799-b0c9-4822-b4d3-999886b06ed1_thRelation.owl_functional.owl,131694324,210150978,341845302
approximated_f9718cf9-3e46-45d5-a26a-3979c83525a8_ogasterMOD.obo_functional.owl,1481215051,3747481151,5228696202
cc00f2b7-029e-49bc-adc8-8fd25538b524_classes.owl_functional.owl,41949515,33658147,75607662
approximated_c2291000-2af3-4a0c-88b2-9ea30591e4ee_itt_Me_262.ttl_functional.owl,11720593,3727478,15448071
approximated_1842669d-dac1-476e-8420-1bbfcbbe8222_Telemea.rdf_functional.owl,10843472,3681736,14525208
c40d44e6-7aad-474a-b2fc-391d11f1e2d1_gyVersion2.owl_functional.owl,17178709,8003296,25182005
approximated_47368107-7c3e-4b75-b50f-e6f87f8ea622_ncbasic.owl_functional.owl,15610050,4411106,20021156
approximated_kb-owl-syntax-unraveled-depth-0-disjointness-relation-axioms.ofn_functional.owl,367147016,806305112,1173452128
approximated_31c5066a-681b-44ff-8926-248592d7aaf2_tal_camera.ttl_functional.owl,14234585,3742125,17976710
approximated_6ef4a0de-f8f3-4cb6-b2b1-e6bf13a11593_ndiesSiteA.owl_functional.owl,10464012,3594192,14058204
approximated_ado.alzheimers-disease-ontology.3.owl.xml_functional.owl,61617172,114410613,176027785
approximated_bfbc9517-dd62-4543-83e9-999f8ecbf61e_mathserve.owl_functional.owl,13688212,5977527,19665739
1967e658-3262-40ad-91d3-ba9751d10c2a_SBO_OWL.owl_functional.owl,17915910,27952543,45868453
approximated_73c6f6db-61df-4090-8cea-774ac1591950_Pollock.rdf_functional.owl,15165248,3718332,18883580
approximated_ae700783-512e-4c27-8c8e-d7793331db37_mmodore_16.rdf_functional.owl,12246177,3845652,16091829
8af73d79-ad63-41a3-bfa2-b890f45f1f92_s_musculus.owl_functional.owl,725881116,1258096195,1983977311
approximated_1e55d681-a13e-49db-b995-d1438007c648_y_taxonomy.owl_functional.owl,123466510,345569329,469035839
approximated_0ca7c39f-79f8-4e4c-b723-d5573570cf83_BILA_functional.owl,10728945,6892076,17621021
9826a540-894b-4881-aa4e-c11497212ac1_NIFQuality.owl_functional.owl,18328397,6998186,25326583
approximated_311e1ba2-5c62-4420-b580-ac349621ac99_Bebinca.rdf_functional.owl,11187717,3586487,14774204
approximated_0cf0d064-2010-4eaf-b681-52408c75f699_nd_compass.rdf_functional.owl,13931920,3607939,17539859
approximated_kb-owl-syntax-coreference-IDs-disjointness-constant-classes-value-nominals.ofn_functional.owl,948425379,2133780907,3082206286
approximated_00430.owl_functional.owl,33179609,26024571,59204180
approximated_cbo.cell-behavior-ontology.19.owl.xml_functional.owl,17508712,11747572,29256284
approximated_d8c15731-6b95-4060-a08e-56f25cec2d7d_Crossbow.rdf_functional.owl,14787058,3636736,18423794
approximated_229f3a92-f4b8-4716-a693-362c7f8533ce_mvco.owl_functional.owl,10082448,5119754,15202202
approximated_0f6d7a09-5bf1-4b93-9201-1ee965ad9a57_MPATH.owl_functional.owl,25033100,40753161,65786261
approximated_00695.owl_functional.owl,214091727,514710609,728802336
approximated_6e3b5138-367b-4f76-869a-3996c8b99676_adolena.owl_functional.owl,16906431,7799856,24706287
approximated_17b81583-6e9c-4953-b50f-28707173f341_opRotation.owl_functional.owl,133533447,212807696,346341143
approximated_kb-owl-syntax-unraveled-depth-4-cardinalities-triggers-constant-classes-value-nominals.ofn_functional.owl,374278415,946605886,1320884301
approximated_34db17d6-6655-4edf-b2f9-c77e0df82597_Telephone.ttl_functional.owl,17640171,3699746,21339917
3289239e-0506-463d-b003-1249cf0dcbae_go.obo_functional.owl,1864995702,4665793635,6530789337
approximated_genomic-cds_rules_full_demo.owl_functional.owl,4630291886,6557066203,11187358089
approximated_1ead5da3-6f7b-4032-b831-14af99931ab8_Dress_boot.rdf_functional.owl,48721339,7586182,56307521
approximated_a8cb3afb-aba4-4dd3-80fb-eb601633f567__promoters.rdf_functional.owl,189965234,28896513,218861747
approximated_31c5f3b6-d14d-4252-8141-4c19e33d8a40_lic_system.ttl_functional.owl,79904283,3840102,83744385
approximated_59709896-ede9-4d92-bc33-7ab59044fbfe_ale_cheese.ttl_functional.owl,11886856,3640463,15527319
approximated_64afedad-cac1-42a6-a3bd-e9aa5b3d5c39_Brigadeiro.ttl_functional.owl,16506622,3730579,20237201
approximated_a0894bed-76f7-44e4-a7f6-96a8a8f0ede5_nge_roughy.ttl_functional.owl,18751699,3906974,22658673
c4b23a8d-22ae-4b27-853d-17e32101b086_sh_anatomy.obo_functional.owl,236652051,546921619,783573670
approximated_44648262-a637-4adb-b5b2-92eb310e9f3c__heat_pump.rdf_functional.owl,12809003,3747787,16556790
approximated_ea5fefc5-97af-4b48-a58a-62306ea2b3ab_reprMath.owl_functional.owl,133775873,211931972,345707845
approximated_069ccd48-4a1d-4661-9113-e79b1b723425_emillelink.rdf_functional.owl,34794591,66276346,101070937
approximated_60ca4e0a-621e-4ddf-a995-6924b6f95b46_nline_game.ttl_functional.owl,16801447,3725643,20527090
approximated_00666.owl_functional.owl,48998365,112397620,161395985
approximated_3be96473-de91-4a96-9207-51bbf92d3ed5_txa_cheese.ttl_functional.owl,10969884,3899618,14869502
approximated_00445.owl_functional.owl,30383372,65269300,95652672
approximated_5283fea6-7cab-4772-939d-66ad4b20da31_onto.rdf_functional.owl,11804721,4004526,15809247
approximated_4e7e0ba0-f565-4508-bfe5-e9c2d213ff87_Kefalotyri.ttl_functional.owl,7553495,3764717,11318212
approximated_b93606f6-11f3-429f-b291-7cc5cce403d5__dispenser.rdf_functional.owl,14725196,3742960,18468156
approximated_88ba0c56-f484-45ce-8f11-5af5217f499f_logia_nano.owl_functional.owl,17435734,16812442,34248176
approximated_00117.owl_functional.owl,144719918,289295881,434015799
approximated_00563.owl_functional.owl,28893240,50951612,79844852
approximated_edbbd162-3ec2-4c98-b42d-38c0687ab9a6__instances.owl_functional.owl,80241186,34936860,115178046
approximated_6deb0e3f-5252-48f0-a810-a30e906c14a8_Oyster.ttl_functional.owl,17124043,3709479,20833522
d031b3da-a264-4b5d-8860-8f56c3b5afbe_ogenechrom.owl_functional.owl,977893341,1914064278,2891957619
approximated_092fe55c-0dfd-492a-8a4c-53ec95b63613_Camping.ttl_functional.owl,18696167,3750966,22447133
approximated_kb-owl-syntax-unraveled-depth-0-km-relevant-cardinalities-disjointness-triggers-constant-classes-value-nominals.ofn_functional.owl,449712088,870103857,1319815945
approximated_0a2dcfe4-8eec-4d93-8c94-8a7883de2f31_notgalen.owl_functional.owl,120664185,294085880,414750065
4102e81e-32f4-449c-894b-6009d28635a0_cuspanther.owl_functional.owl,472460903,1245144745,1717605648
approximated_2fdaba14-741f-4af8-b196-b55ed54ccde8_Lamprey.rdf_functional.owl,14176806,3720312,17897118
approximated_003a9e4d-dc0d-4a9f-8629-56e88bfa49a7_prerelease.owl_functional.owl,202575727,496728271,699303998
approximated_74ea4163-7d5c-408b-806b-7d8f403334fb_Data_logger.rdf_functional.owl,88011472,3727411,91738883
approximated_490b734a-1c3a-4710-adf1-71ea4c494633_Basa_fish.ttl_functional.owl,16225841,3731565,19957406
approximated_0afc25c2-e722-43ab-94d9-4551fe4ebd40_Isinglass.rdf_functional.owl,18647098,3707506,22354604
approximated_1bd640c1-ccf5-4910-9673-9abca79febf7_cmmi_test1.owl_functional.owl,37383715,36771098,74154813
approximated_c4a7c4bc-3e08-4d0a-aaeb-24235278ee63_Mackerel.ttl_functional.owl,91321674,3724881,95046555
approximated_7823ed6f-1ff9-4848-a1bb-df442af63a41_tion_motor.rdf_functional.owl,12899759,3732496,16632255
hrdo.disease-core-ontology-applied-to-rare-diseases.2.owl.xml_functional.owl,1994641900,6437692778,8432334678
approximated_12111031-523a-4101-af43-ee4aaede6696_n_citation.owl_functional.owl,16873967,7089139,23963106
approximated_6f8d8da4-05a0-4b90-b957-0660ec81d891_HPUX.rdf_functional.owl,13599239,3701436,17300675
approximated_d478ae5f-7d24-454d-af85-f5b75ea385b2_slocations.owl_functional.owl,146917211,54434582,201351793
approximated_0fb3d336-d85f-45bf-aaec-3aa003b1ee5c_Yam_naem.ttl_functional.owl,16100430,4532408,20632838
approximated_43e2c279-1a40-41cb-94ad-881e9009dabd_dtn.rdf_functional.owl,16009209,6453573,22462782
approximated_1046ab56-bf70-408a-b602-8761d5550983_Corsned.ttl_functional.owl,17432293,3664446,21096739
mego.mobile-genetic-element-ontology.2.owl.xml_functional.owl,17258028,22788913,40046941
approximated_00038.owl_functional.owl,447726891,1265628186,1713355077
approximated_96e38005-de86-4489-abc4-fc070983264a_evisiaeMOD.obo_functional.owl,1209980590,1649677748,2859658338
approximated_18299bb0-022b-4554-8444-0e36f18befb1_elay_valve.ttl_functional.owl,18022011,3760895,21782906
approximated_3e5c1d53-63e3-498e-aae9-ac7bac02a697_Zurna.rdf_functional.owl,11522336,3717766,15240102
approximated_kb-owl-syntax-unraveled-depth-3-km-relevant-cardinalities-disjointness-relation-axioms.ofn_functional.owl,607763475,1409937768,2017701243
approximated_00320.owl_functional.owl,29014485,15980982,44995467
approximated_9af620fb-9151-405b-958e-acec07aec2f6_aeo.owl_functional.owl,22063393,17349518,39412911
c764ad3a-1d14-44d2-9a0b-8d6f756d53dc_e.obo.PREVIOUS_functional.owl,188512915,559663626,748176541
approximated_0b172dda-4258-482a-8831-9e7888b9d83d_ance_meter.ttl_functional.owl,14552607,3662432,18215039
approximated_305d8dbe-9da0-4ea7-9c7f-0ce2263594be_OExtension.owl_functional.owl,10961436,3471784,14433220
approximated_f8e0fcfb-a118-4de7-a7f3-16eddbf9901b_openpolis.owl_functional.owl,22822281,13916140,36738421
approximated_2448030a-c6c4-43a4-9b0f-33fd2a4c7675_aff_cutter.ttl_functional.owl,10836386,3641862,14478248
approximated_87dc5175-6c41-4132-a9ad-f7f21c47e836_sPrincipal.owl_functional.owl,15691945,10430626,26122571
approximated_04306095-ef26-4287-9c58-a289b229217d_ose_pliers.rdf_functional.owl,13791472,4604168,18395640
a95b968c-50a5-4639-becd-6b2427de49d0_p.obo.PREVIOUS_functional.owl,47002020,99662607,146664627
approximated_c9332edd-cdd3-4948-9769-6283cb839707_sesAnatomy.owl_functional.owl,623965607,1189701364,1813666971
307b641b-02a7-4f31-a8f9-1f7fb924a998_ficeHolder.owl_functional.owl,21609223,3021198,24630421
approximated_08d80cb8-643e-46e3-a3ef-00bf731a9dda_al_process.owl_functional.owl,564512340,1783093650,2347605990
18ac135f-1808-4448-b05b-9802751af468_en_protege.owl_functional.owl,395635542,911176226,1306811768
d5934fcd-bb87-4536-95be-e43a80c71ed3_taryPerson.owl_functional.owl,16064436,881267,16945703
approximated_2f7676ef-9dca-4b07-8c1a-6f4898e887e1_Pretzel.rdf_functional.owl,14410628,3755373,18166001
approximated_a62b59f3-7f43-4ee7-a402-91d01e363f68__functional.owl,11953207,3298086,15251293
approximated_fb56662b-9c2d-437c-b77a-ad131af3984f_eAndPetsv1.owl_functional.owl,13789282,3935276,17724558
approximated_7f50b973-bdac-44e2-87de-03dd099a8d1c_Person_n.owl_functional.owl,16716839,7761164,24478003
approximated_1081a8b2-87f9-4926-bcce-b487fb51a53d_genialink.rdf_functional.owl,31638814,54008755,85647569
approximated_cheminf.chemical-information-ontology.32.owl.xml_functional.owl,34562324,52215615,86777939
approximated_8218391b-dbee-4b48-a928-6d66c6aa1f91_mets.owl_functional.owl,57046725,121594364,178641089
approximated_b3fcafc0-48c3-487e-bbab-240f1eedb1ad_modore_PET.ttl_functional.owl,10108548,4043819,14152367
approximated_00626.owl_functional.owl,50347629,112882047,163229676
approximated_063367f5-0887-4133-9d5a-ae2c9ac0e738_Derrick.rdf_functional.owl,10693596,4177662,14871258
3299a769-a614-410d-8733-5883df30fd5b_bjectsOnto.owl_functional.owl,48979472,109547416,158526888
approximated_7167b21d-ccb2-40e5-9bf8-f67088eb5ac2_Groundbait.rdf_functional.owl,12731094,3775683,16506777
approximated_13ac556f-5d0b-40b7-a304-4f0948053136_pronto.owl_functional.owl,13680394,4076697,17757091
074906cd-79f6-4a9b-8d0e-bded0ff3ca48__phenotype.obo_functional.owl,201990445,556404773,758395218
approximated_4843c595-b613-4f1c-b868-700f40ac65b0_EHDA.owl_functional.owl,241452472,517688452,759140924
9053cdbc-d96f-4276-a28c-b1ccfaa4f8ef_e.obo.PREVIOUS_functional.owl,23215311,15164038,38379349
approximated_060cbcb7-a117-4f88-98d5-000b63503952_mplegraph3.owl_functional.owl,19512210,13531174,33043384
approximated_60a1efd0-8761-4124-a065-d56a717e851d_GUM3space.owl_functional.owl,25327273,18230546,43557819
approximated_7dd539c7-51ad-442e-9032-d3ff8ce36e82_database2.rdf_functional.owl,18198333,2992090,21190423
approximated_00112.owl_functional.owl,17512598,8034059,25546657
026f5d10-35d6-4928-97bf-7e74282f3e7c_velopment.owl2_functional.owl,18280140,21425320,39705460
approximated_0b42171e-54b8-4512-a701-353e3101ef0d_ed_circuit.ttl_functional.owl,14127443,3769547,17896990
approximated_03b60c96-68bb-42b0-8169-6fa000375e38_Vegetable.ttl_functional.owl,13753552,3791047,17544599
approximated_91609b4d-5feb-4fb1-a037-e10e64f63988_ip4.owl_functional.owl,23829872,11007377,34837249
436f91d8-60bf-47f0-9e2e-7721e235d651_ype_xp_anatomy_functional.owl,30074374,6130724,36205098
approximated_a381ed62-27e0-4615-acd1-68c579a6d253_imensional.owl_functional.owl,156327843,201513247,357841090
86e821ce-40cb-4208-b4ac-1737cd386470_chebi_roles.owl_functional.owl,9402449,7731429,17133878
approximated_3fff5653-93c3-47ed-b38f-3f8d5c926052_Breaker_bar.rdf_functional.owl,10137273,3908700,14045973
approximated_296eb952-8ecc-4845-8264-9975aa50bdae_Motorboat.ttl_functional.owl,12498376,3801805,16300181
approximated_3302f11b-ee9a-4f9a-9eff-514602240b05__Americano.ttl_functional.owl,14243860,3772760,18016620
approximated_3e605f8a-3a41-4db1-8863-466230d79b85_SensoComune.owl_functional.owl,8514969,4363283,12878252
approximated_c69953dd-79a8-47ad-8c48-c3b715d92e78_opMassFlux.owl_functional.owl,203454130,244250766,447704896
ff711536-f860-47a3-b518-5866d968bbe4_NIFCell4.owl_functional.owl,98658634,12301767,110960401
approximated_4fdfb9e3-c9c0-40af-8bbe-af0762973f20_ical_watch.ttl_functional.owl,67021261,5084872,72106133
approximated_368e85c0-ce61-4394-a576-716ab5e70950_Dragon_boat.rdf_functional.owl,74761876,3777503,78539379
51f827df-dfb7-4353-902b-71fb9d0cf665_prdfschema.rdf_functional.owl,68652493,38236331,106888824
eed3f51a-1a2b-415c-be9e-ad364ee155c0_egicustype.owl_functional.owl,615408892,1604531676,2219940568
approximated_d5d38ad2-3571-4cd0-8727-5337dfd350b1_cheminfcore.owl_functional.owl,16876216,19625547,36501763
approximated_2633991b-5035-4200-b859-9d200118d290_NLexOBOUBO.owl_functional.owl,73291788,145921729,219213517
approximated_5edb1d64-dcc2-40b5-8e05-268b3342e642_ing_cheese.rdf_functional.owl,17127639,3708532,20836171
approximated_2fa2be9f-354e-480d-b5bc-f3007770ecd9_Amiga_1200.ttl_functional.owl,11133183,3868817,15002000
approximated_12efdbc6-19a2-4a26-b31a-a6bb4510047f_LG_Corp.rdf_functional.owl,10698442,3745212,14443654
approximated_464f219b-60f2-4b34-8b20-223768c7cc70_Event.owl_functional.owl,15599401,8466806,24066207
approximated_7ddebe88-f2a2-4ec2-a0b3-a80167ae689d_NCITNCBO.owl_functional.owl,7846880391,13753116918,21599997309
approximated_00647.owl_functional.owl,689798518,2040173667,2729972185
approximated_51865a57-5c2c-4406-b89f-060877f8d074_rnao.owl2_functional.owl,34489147,61521430,96010577
approximated_76369f71-4541-4741-9e66-4b21ee9b6533_Orographic.owl_functional.owl,78844019,140312386,219156405
approximated_87961035-874b-4100-92de-2d86f9b970f0_ansensembl.obo_functional.owl,3902603856,9632000519,13534604375
approximated_9536a897-2a0a-4ec9-82d8-41213e2cecfb_aching2004.owl_functional.owl,32801544,21677147,54478691
approximated_60ca0241-5214-491f-a340-b23c591fb3a5_oss_BV_141.rdf_functional.owl,5668854,3967080,9635934
approximated_dd3ca919-f140-4613-bd78-6abe9eb97d65_Bench_hook.ttl_functional.owl,11602511,3690853,15293364
approximated_7035940c-2aaf-4ca7-8680-dd4f9643e695_Flugelhorn.rdf_functional.owl,14086852,3848827,17935679
approximated_kb-owl-syntax-unraveled-depth-0-triggers.ofn_functional.owl,129528523,343103476,472631999
approximated_00499.owl_functional.owl,217026887,671672343,888699230
approximated_847536a4-61c1-4577-a00c-1707319678ce_que_wrench.ttl_functional.owl,10432852,4289294,14722146
approximated_00436.owl_functional.owl,434567052,1301086604,1735653656
1b6ebafe-3437-42da-8650-215b938298f3_n.obo.PREVIOUS_functional.owl,1333847172,3063587249,4397434421
approximated_fcb2b0ce-1ad2-4117-9b8b-2dd22741520c_icindustry.owl_functional.owl,21463448,1587682,23051130
approximated_8ee62619-f819-4151-bd4d-ffe86b775e2e_Sweto_v2_3.rdfs_functional.owl,13846874,5396710,19243584
approximated_352e1682-f871-41e4-a154-9f78d96ac730_Tailcoat.rdf_functional.owl,11749638,3654512,15404150
approximated_2073efb5-4b66-4d19-ab44-5e908d74be41_mmodore_64.rdf_functional.owl,17847431,3716183,21563614
approximated_9fbcd7d1-d371-414b-bc36-6ab7907803f5_complex2.0.owl_functional.owl,12207167,7965791,20172958
approximated_ac9deb80-34ab-4141-bd87-092b3a17666f_nker_brick.rdf_functional.owl,8499480,3647955,12147435
approximated_5642ea72-6fb5-4169-b0e2-3568990d6342_Horse.rdf_functional.owl,15041130,4314075,19355205
approximated_5987b4e7-4f22-4210-8e55-022fef67f5c6_GO_XP_ALL_functional.owl,2838212696,7733683659,10571896355
approximated_00173.owl_functional.owl,20386621,10936416,31323037
approximated_cd54649d-ae5f-48d4-a63f-43b3049ced41_phenStar.owl_functional.owl,145126955,245307363,390434318
approximated_c8e75ef7-a9e6-4381-bb91-48ede7206bdd_grid.owl_functional.owl,18011234,12033520,30044754
4f0f12fa-8589-4df6-a5a3-72eabdb4002e_ldisjoints.obo_functional.owl,15464341,2724552,18188893
approximated_6e99a4c1-f804-4bf4-b4ef-b3ac0c2cb75d_ground.owl_functional.owl,12918477,5018599,17937076
hl7.health-level-seven-reference-implementation-model-version-3.3.owl.xml_functional.owl,151690679,421014269,572704948
approximated_1b92bc83-0e2a-4f22-881d-5ab20991ddbd_iwn3.owl_functional.owl,15482155,5052349,20534504
approximated_15ff3340-c4cf-4b7f-bdf7-7522a74b6e00_igraphexample_functional.owl,14929706,7221039,22150745
approximated_ca0a4ff2-c0ee-434b-88ae-f11346b4acea_roedit.owl_functional.owl,19843114,4937420,24780534
00052.owl_functional.owl,535033647,1570149310,2105182957
7b3eab6f-a72b-4058-8b5c-6349564edaa0_KategorieAugen_functional.owl,13341282,828365,14169647
approximated_d452725e-4ac0-4527-b38c-ff71793cd53a_Domotics.owl_functional.owl,27285743,25501468,52787211
approximated_e4ab4824-7a57-4467-9ff8-1f759b223bdc_schema.owl_functional.owl,23332197,6617482,29949679
approximated_89704d84-2f95-42df-ac37-072a5669818b_olate_chip.rdf_functional.owl,13461555,5948293,19409848
approximated_ee870fe3-0975-4a28-a3ef-84d1a7e9c153_SSONTv1.1.owl_functional.owl,23531167,9681914,33213081
approximated_18450cba-caac-4604-8808-0c14213da547_common.owl_functional.owl,8198231,2208946,10407177
approximated_d0dd39d7-120a-44d3-ab0f-d669ceee0227_onto.rdf_functional.owl,18410268,4967261,23377529
approximated_6b1081f9-daf7-4edc-82f5-c09287f46faf_y.owl.PREVIOUS_functional.owl,23728192,32305084,56033276
approximated_00082.owl_functional.owl,41205912,27043593,68249505
approximated_7e3140c5-e039-4dbc-bfa5-70f41f16a705_DataFormat.owl_functional.owl,164488672,239374403,403863075
approximated_bb75e978-f1e4-450c-8e5f-dfdec6c93fb4_complex2.0.owl_functional.owl,20558495,30862862,51421357
approximated_56d2c5d4-3df1-4d9a-b742-7a53b8fe0607_nservation.owl_functional.owl,155255734,224759429,380015163
approximated_1576cad1-5f7e-4444-add2-3f8eca588c9c_serv.owl_functional.owl,13693630,6553506,20247136
approximated_a58fe998-2df2-426b-b54b-cafd7db29737_stateTime.owl_functional.owl,133677529,210994328,344671857
approximated_11317127-8ac1-41b8-9a8e-21c7db7429e7_bonic_acid.ttl_functional.owl,14080968,3729660,17810628
approximated_16ecf50c-8c60-446a-a6a6-f3912411d6c7_meGeologic.owl_functional.owl,35538091,23426794,58964885
approximated_4885ca19-899e-4531-af0b-98d610760fcb_musictest.owl_functional.owl,8972933,3199638,12172571
approximated_4e140e29-50ab-41f1-8bfa-71b708fcce77_dtn.owl_functional.owl,14416440,7038687,21455127
approximated_3bb52e64-f92e-42a3-b154-a36b5e516a15_Teacake.rdf_functional.owl,15295666,4536207,19831873
approximated_ab36ddde-328d-48cf-b1b7-da4fbeb7d64b_matrMineral.owl_functional.owl,132010774,215856490,347867264
approximated_369384e5-4f35-44d3-9c81-92d48a551387_t_detector.ttl_functional.owl,23116985,4193154,27310139
approximated_1451076a-7d20-4f5d-92ca-792370f38d10_Thyratron.rdf_functional.owl,11928919,3628948,15557867
approximated_00464.owl_functional.owl,10692110,12584290,23276400
lhn.loggerhead-nesting-ontology.2.owl.xml_functional.owl,19612784,16685068,36297852
21b33d6a-7b2a-422f-b918-cd3226fe9a74_NIFMolecule.owl_functional.owl,350124982,664723764,1014848746
approximated_d10849c1-e461-4c7b-af5c-9e7a2e71329f_sous_Abbey.ttl_functional.owl,15243035,3784226,19027261
approximated_40ac5328-6169-4ee6-8ef0-ba1ec4fb8d3e_munication.owl_functional.owl,25675278,9878105,35553383
approximated_d32dad88-4b33-4139-a5c7-ee4485d7f804_sal_Server.rdf_functional.owl,13697004,3773501,17470505
approximated_51cbcb0c-bc52-48d7-9c7c-658ee96c04be_Sour_Punch.rdf_functional.owl,17978799,3969215,21948014
6ef69223-ca60-4e84-9f06-3fb1117dc96a_lArtsEvent.owl_functional.owl,11424027,856210,12280237
approximated_9fa5de7c-50d3-4221-977b-77cf8f88e24c_DQontology3.owl_functional.owl,17131154,4445433,21576587
approximated_7b289877-3704-4d4f-9f2f-3aa73a2727cb_on_concept.owl_functional.owl,10246107,5221121,15467228
approximated_8170869f-e4be-46f0-9415-205a7c9b8d21_atmoWave.owl_functional.owl,106394715,200676758,307071473
approximated_e9e931e7-a391-48f8-857d-8f00afcda58d_ry_storage.rdf_functional.owl,16641400,3749330,20390730
approximated_1c0f3396-eb17-4207-8316-211c7ada48d0_Hatstand.ttl_functional.owl,12400304,3787164,16187468
40c33261-65fb-42b0-b39a-3e601e821744_onto.rdf_functional.owl,17502517,596408,18098925
approximated_925c6d6a-d8d5-459e-92a8-2768bcca5793_portal2.owl_functional.owl,15653310,3741103,19394413
approximated_34cb27d2-b73c-4192-9edd-e351e44e2ace_Kassler.ttl_functional.owl,10127750,3602936,13730686
approximated_ad2ddae1-1408-41ed-900a-34ee0c82fa5a_PA7200.rdf_functional.owl,14206479,3727623,17934102
approximated_27f12a7e-0d1d-4297-889e-63960ed3f375_Luchows.ttl_functional.owl,17613825,3912314,21526139
approximated_5d2b9832-d9b9-4d43-a7b6-6bf55dc71c49_phenSystem.owl_functional.owl,137239521,249757844,386997365
approximated_dermlex.dermatology-lexicon.4.owl.xml_functional.owl,350187099,327499985,677687084
approximated_1b7eceb2-0f3c-4424-a9a1-66897ec01f80_rosetta.owl_functional.owl,15933789,5139896,21073685
approximated_cf6ecb01-eae6-4e9f-a5d2-5b079fb1df22_opFraction.owl_functional.owl,132335115,215048960,347384075
approximated_44099301-0119-49b3-954d-a16e02101154_aco.owl_functional.owl,11966487,8377769,20344256
8bb52e11-6781-4057-b205-99c8f936b658_protlabels.owl_functional.owl,454954571,1296638779,1751593350
approximated_244eae00-749c-4222-9cde-0df767c3691f_wmsAll.owl_functional.owl,24192297,2931147,27123444
4cc694e0-4438-4338-b44e-76a73ac4dcec_dontology.rdfs_functional.owl,20819543,11449369,32268912
approximated_d79bd96c-a025-41d0-ab6a-97f127e1f878_adjustlighting_functional.owl,20245405,8677614,28923019
approximated_0745991e-1c33-4117-bff0-da28063e540d_Vest.rdf_functional.owl,14156166,3593946,17750112
approximated_kb-owl-syntax-unraveled-depth-3-km-relevant-cardinalities-triggers-constant-classes-value-nominals.ofn_functional.owl,369538653,953726052,1323264705
approximated_a6715b0a-493f-4725-a279-9fc6165a0f95_ty_service.rdf_functional.owl,16665108,3723144,20388252
636b2d5e-c136-4af2-84d6-f0ccabe86bd2_EbGdrcN5Y29ycA_functional.owl,9356204,1051781,10407985
approximated_88e50cfb-6c3b-4b8b-a7f1-d3f9bb63c750_tiger.owl_functional.owl,17323850,8536451,25860301
approximated_3b41d61f-2eed-492e-b116-6ae06c543520_astic_worm.rdf_functional.owl,14608557,3624816,18233373
approximated_ce90511b-f5fc-4443-973f-0480713acde4_risdiction.owl_functional.owl,130494659,212839297,343333956
approximated_4d2558d2-5baf-4902-891b-1d97481fce85_wine.owl_functional.owl,40779319,17081382,57860701
approximated_01412b45-9f6a-40bf-bf89-603b7566cfb4_edas.owl_functional.owl,39953630,9063401,49017031
approximated_84d573d9-2ee3-4520-b4c8-dce7db6e0fce_onto.rdf_functional.owl,16865724,5339174,22204898
approximated_163998b5-bf03-4ae2-b9c6-dbbd403bcacb_ero.owl_functional.owl,66096706,146586480,212683186
760c2417-5b65-498a-9fc8-bfa1e44c69cf_SUMO.owl_functional.owl,76244979,39232064,115477043
approximated_e8dc5b73-c9fd-46d2-a08c-2c635303d104_DO_XP_ALL_functional.owl,421233472,1304137185,1725370657
approximated_1bc1994e-8f01-4309-aacf-0a2913352aad_rge_cheese.rdf_functional.owl,11727174,4193160,15920334
approximated_e598a55b-6996-44c7-b414-1437b4ce8f5c_eanCoastal.owl_functional.owl,137494351,248579681,386074032
approximated_b562a442-aee0-4cd0-a0c7-bb2a69eeee8e_tmoWeather.owl_functional.owl,144107799,245437235,389545034
approximated_bda18463-f8a3-450e-82db-485d33657af2_oceanIce.owl_functional.owl,85496233,149084598,234580831
approximated_06b62081-f061-4346-880c-f38e9750d0ca_Apple_cider.rdf_functional.owl,9692101,4529152,14221253
approximated_66baba2d-3377-4e4b-ad61-ed4f5a0d160e_erted_sink.rdf_functional.owl,13346409,4081893,17428302
18b91e23-49c5-4ee6-b957-c4255e297bbd_emap.owl2_functional.owl,431594287,828003140,1259597427
approximated_cb19da73-046f-4468-9938-32ff459d2d59_odSystems.owl_functional.owl,28409769,21513837,49923606
74e5eade-f493-4aa5-a044-607514c0eb88_orieBlC3A4tter_functional.owl,12429624,964224,13393848
approximated_c043b01d-fb5e-47f3-b8ac-9401fc584b99_onto.rdf_functional.owl,12914796,4953073,17867869
approximated_70c87d19-766d-4619-97cd-2f2ba52c0c60_mer_Klaben.rdf_functional.owl,16067979,3861122,19929101
approximated_00469.owl_functional.owl,29156260,44607290,73763550
approximated_obi.ontology-for-biomedical-investigations.22.owl.xml_functional.owl,115975285,262982371,378957656
approximated_kb-owl-syntax-coreference-IDs-km-relevant-cardinalities-constant-classes-relation-axioms-value-nominals.ofn_functional.owl,1001392759,1696246579,2697639338
238ad874-dd36-443a-bf65-5f27296d0e68_Band.owl_functional.owl,27215608,2971007,30186615
approximated_51127172-1828-4caf-8200-5302432dae0c_ubset_prok.owl_functional.owl,291146165,774705181,1065851346
approximated_04927f8b-da41-4bec-a844-161ec7eef9aa_landGlacial.owl_functional.owl,84237324,142327246,226564570
00309.owl_functional.owl,15829412,3873527,19702939
approximated_29014bac-5c90-4dc4-a1ac-217673881d38_propCount.owl_functional.owl,130912497,250426927,381339424
approximated_kb-owl-syntax-coreference-IDs-relation-axioms.ofn_functional.owl,599303119,1709884911,2309188030
approximated_2e193642-44c2-4968-b048-34b5d55bdaaf_complex1.1.owl_functional.owl,17140421,5910596,23051017
approximated_18316526-0ae0-4fd0-8c26-e7d10808e86e_Morlacco.rdf_functional.owl,11955371,3600680,15556051
approximated_00648.owl_functional.owl,13671388,11937862,25609250
approximated_33bc7729-a6f1-4f7b-b867-00de0d2c899f_a_20110204.owl_functional.owl,2533172451,228766191,2761938642
approximated_a14f22f4-3de1-411d-b8f0-503dcafd71f0_BridgeOpen.owl_functional.owl,13879428,5912372,19791800
approximated_abac0e8d-6247-46f4-9d48-c8e314a5b16d_trCompound.owl_functional.owl,131366235,210584033,341950268
approximated_kb-owl-syntax-unraveled-depth-1-cardinalities-triggers-constant-classes-value-classes.ofn_functional.owl,481879133,1132851158,1614730291
approximated_kb-owl-syntax-unraveled-depth-3-km-relevant-cardinalities-disjointness-triggers.ofn_functional.owl,594773353,1379153312,1973926665
55ae0256-c547-40f2-b70f-432ac4241bb6_tology_ext.obo_functional.owl,1943049171,4669284553,6612333724
approximated_46bab67e-980c-4b7c-9f36-5fb084b6ec3c_Soup.ttl_functional.owl,15398513,6136036,21534549
3c64b8b5-cfa5-404f-b020-a6187f04b2e3_o.obo.PREVIOUS_functional.owl,106778289,92814709,199592998
approximated_904888d7-105a-40af-ac10-ce07ded9e2ae_food.owl_functional.owl,16889338,3528835,20418173
approximated_64a2891f-93b3-47b1-b673-3fc398832a52_operiodism.ttl_functional.owl,15398660,3759975,19158635
approximated_8b04a315-5089-4e8a-8b80-a44383b0f692_ch_grinder.ttl_functional.owl,17182323,4391445,21573768
1679abf2-c813-4b90-980e-6a77581b5f05_y.obo.PREVIOUS_functional.owl,170938500,355194577,526133077
approximated_kb-owl-syntax-unraveled-depth-2-disjointness-constant-classes-value-nominals.ofn_functional.owl,789574207,1572211755,2361785962
approximated_e70a3c3e-98c2-43a3-8ff2-931406a2d7fd_tambisfull.owl_functional.owl,33199235,30325073,63524308
approximated_kb-owl-syntax-unraveled-depth-2-cardinalities-constant-classes-relation-axioms-value-nominals.ofn_functional.owl,426072327,1060746856,1486819183
approximated_06898d74-7958-4cba-9ea8-eb7160d0cc74_Sirene.rdf_functional.owl,14839869,3749451,18589320
approximated_90d6d65e-d1d3-457b-bdef-8c5a2f8ee290_Atom.old.rdf_functional.owl,18055203,6760503,24815706
4c7bbfe9-dfbe-4929-ab48-45af8360ab0b_icFestival.owl_functional.owl,14609922,1887456,16497378
approximated_6e0b00fa-b300-406e-b3ee-1cc2a5a9cef2_FN1.47.owl_functional.owl,20180945,8090942,28271887
approximated_adc604e1-f267-443a-b321-b4539d798d8c_contextbroker_functional.owl,17149369,8726538,25875907
approximated_89c9ebdc-fb33-4d26-b2be-a15df719e2a4_rinustaxon.owl_functional.owl,378602018,762176473,1140778491
approximated_bacc7c4b-df00-49bb-9ef9-cc87463473d5_SAOcell.owl_functional.owl,102029051,49005739,151034790
approximated_00498.owl_functional.owl,283349084,493115625,776464709
f1a3c515-1707-4b21-80c0-0d078168e977_atomy_edit.obo_functional.owl,126381140,255575687,381956827
approximated_217259de-011b-4d2e-a58f-918e6d85f651_Environment.owl_functional.owl,21025961,15448524,36474485
kb-owl-syntax-unraveled-depth-0-km-relevant-cardinalities-disjointness-constant-classes-value-nominals.ofn_functional.owl,283289474,403527692,686817166
approximated_10baab1b-71cc-4a72-9269-8553f14af898_seegeoonto.ttl_functional.owl,12648969,6003557,18652526
approximated_a20ae2a2-58b9-4fb9-be1d-040e898ce444_gdbowlizer.owl_functional.owl,95729402,11107153,106836555
ae629bff-dc93-4b7c-8076-86454be56fe8_ACMCSS.owl_functional.owl,35284638,70740477,106025115
approximated_03e24645-993e-42b9-a052-65bcc4012e78_Garden_fork.rdf_functional.owl,10552228,4120081,14672309
1938ecb9-0963-4edc-9ee5-ea7981473ee2_NIFCell_1.owl_functional.owl,14348979,13447183,27796162
approximated_ba6cd3a7-6967-4412-b4d0-417415236a8c_IDSW.owl_functional.owl,19371370,3128243,22499613
approximated_545cf85b-267f-4ca7-8bd2-80f8282da824_8456544745.rdf_functional.owl,13127537,2382873,15510410
022cbd0a-7c5f-49a5-b294-80c3e4859d7d_classified.owl_functional.owl,19426811,14365336,33792147
approximated_1ccc6df9-c6b7-44e3-aba3-03f883e3caa8_munication.owl_functional.owl,15266391,8167227,23433618
approximated_ab800909-4401-499f-997b-391fe37a5b13_flu.obo_functional.owl,15416844,10160471,25577315
mixscv.minimal-information-about-any-sequence-mixs-controlled-vocabularies.2.owl.xml_functional.owl,14298062,24895062,39193124
approximated_7758d0f1-6464-4c4e-9a46-1e61e858bb98_swrcfoafmap.owl_functional.owl,18775143,6473689,25248832
approximated_9476f0a8-4abf-43c1-99ef-858e9c621d1f_G_voagv1.0.ttl_functional.owl,21222910,6457759,27680669
approximated_c578193c-b98a-49d0-a436-258b161963ed_DP1.30.owl_functional.owl,23878723,3443083,27321806
approximated_4ec0f112-3241-4f26-993c-87edea45082d_le_strudel.rdf_functional.owl,13807373,3619032,17426405
122f4451-34db-41f5-a4c9-724ac4a23a01_vario.obo_functional.owl,19511243,19781113,39292356
c2879801-42bd-4f8b-93c3-c44ff0b20468_cell.owl_functional.owl,28938939,60850507,89789446
approximated_216c691c-d693-4977-90cd-340e24799c94_Pacific_cod.ttl_functional.owl,12522181,3868791,16390972
approximated_cf8c4998-b83e-482c-ba9a-00dfb5e7b7f3_chemtop.owl_functional.owl,11689927,8987955,20677882
ddanat.dictyostelium-discoideum-anatomy-ontology.9.owl.xml_functional.owl,16891468,17618180,34509648
approximated_160a250e-eb8c-47d2-9809-f399e8f1f132_C3A5rdsost.rdf_functional.owl,17880296,4162644,22042940
approximated_4fa537c8-8aed-453f-9fdd-89a20d1788ec_o_14_01_10.owl_functional.owl,1124660308,3128979004,4253639312
96477e87-707d-478c-8ab2-2424b966ea8d_Software.owl_functional.owl,26117886,2465704,28583590
approximated_a7b84460-303f-454d-b871-c36870d066ce_DataFormat.owl_functional.owl,136194423,211036778,347231201
approximated_061ac8ca-5542-4610-ad64-0b21975d6fe4_enotype_xp.obo_functional.owl,389989056,825647614,1215636670
c35a3853-fc90-4435-b307-7c34619352c6__xp_chebi.owl2_functional.owl,170423552,97530987,267954539
approximated_4890d7d4-03fc-4519-93bc-e0c2fc43508a_lipid.owl_functional.owl,44069204,83203150,127272354
approximated_kb-owl-syntax-unraveled-depth-2-cardinalities.ofn_functional.owl,411109874,1022080271,1433190145
approximated_58939b72-705c-4f17-a16c-a13809d3fda3_Froe.rdf_functional.owl,13404462,3740733,17145195
approximated_029636af-7784-43b6-9aed-0a46929d5f53_roundwater.owl_functional.owl,97078962,210059604,307138566
approximated_48ffb53c-c500-4714-9fc4-8f0b41a29769_op.owl_functional.owl,24277463,15717359,39994822
approximated_c6884822-5750-4a40-8138-231908bad405_emperature.owl_functional.owl,130897520,211686536,342584056
approximated_00517.owl_functional.owl,191197608,571831357,763028965
8853fd0d-e8a1-4973-a1ae-42437e3f18ac_lackPepper.owl_functional.owl,34622875,2708698,37331573
approximated_fed53520-b638-4f9e-b9df-bcf918ceaeb3_RoleImpact.owl_functional.owl,192002464,262445187,454447651
9bf562f2-96ef-4a59-9617-371c1d90a0c8_gallustype.owl_functional.owl,344831840,941621549,1286453389
5ecc49ab-8dae-4405-aaa7-f884198967d9_i.obo.PREVIOUS_functional.owl,395158261,163064917,558223178
approximated_tok.terminological-and-ontological-knowledge-resources-ontology.3.owl.xml_functional.owl,18172009,11971989,30143998
approximated_0144510c-ba33-4385-9af3-74c8c08e94f5_onto.rdf_functional.owl,14033535,5145326,19178861
approximated_1d52231a-9360-459b-97e4-3bfe6f280fe8_Fish_trap.rdf_functional.owl,18038596,3724364,21762960
93c61f02-2394-4933-9167-2e92b91ff37b_fbdvsimple.obo_functional.owl,21304741,30380036,51684777
approximated_da419394-a064-4d26-a6ba-cc48705024ed_ies200512a.owl_functional.owl,23381347,15874584,39255931
4ba3036f-b716-4a28-aede-bbb8664be733_behavior.obo_functional.owl,37799977,60985361,98785338
approximated_f8a9cd27-16f5-46b9-b9fb-78d042dd2847_b_skeleton.rdf_functional.owl,20771494,19453358,40224852
a96e1d00-adf5-4a63-8a01-71a58a5f9878_onto.rdf_functional.owl,15793048,1688329,17481377
approximated_3b37c5aa-32d9-4651-b279-7721c603eb92_Statistics.owl_functional.owl,129556250,215110474,344666724
approximated_3a432069-4634-4322-a23b-9e4830ee4115_g_pipeline.rdf_functional.owl,47165766,3626578,50792344
approximated_0e89c1ff-a8fc-4512-9173-e8338e414178_wl.co.hasoneof_functional.owl,28907150,12043783,40950933
approximated_c65d659f-57ce-4e92-9826-b11a4f9ba0ac_swpatho1.owl_functional.owl,49754931,88230343,137985274
approximated_12b64ea0-1c6b-41ae-883e-0bc5d7cc01b6_ale_cheese.ttl_functional.owl,12214566,3762959,15977525
approximated_88a924c7-ffbd-4dc5-bd9f-0292b312c4f4_stanford.owl_functional.owl,14124752,3790658,17915410
approximated_7be878f0-bbd7-495e-9af3-6f9f1fc4de3f_cephedit.owl_functional.owl,56530252,119533305,176063557
approximated_81f73e92-981d-4ee9-8709-a094eb3844de_onto.rdf_functional.owl,14472726,5198534,19671260
approximated_5839eb82-206b-4404-915c-5eb82c2992f5_susalink.rdf_functional.owl,35249278,60874342,96123620
approximated_4548f22e-56a9-4e79-8ea1-6b29f8211a25_onto.rdf_functional.owl,17270504,8013330,25283834
a20d67df-8db5-4288-9101-33b7a441af1c_matsimple.obo_functional.owl,22484484,25127182,47611666
approximated_a9914662-abf1-46e3-8f26-ba2fbdadab8b_aise_sauce.ttl_functional.owl,16275431,3573829,19849260
approximated_561c8474-1402-4e5e-bcae-59a521273367_cientifico.owl_functional.owl,16859079,9353729,26212808
approximated_4fb548cc-3465-4f90-a357-832b8e7c4ef2_ntic_Web_topic_functional.owl,15810576,7013124,22823700
approximated_11deb920-e7a2-46a6-8163-a3436e668c46_russiaD.owl_functional.owl,19834790,7736039,27570829
approximated_8a49c902-7dc2-4119-a7c1-31f4fd12dd73_reriotaxon.owl_functional.owl,991080908,1795904349,2786985257
approximated_ccddac71-490e-457e-80e1-ff9d2542b9c5_ontology.owl_functional.owl,237830835,52557055,290387890
approximated_00356.owl_functional.owl,84931144,185478836,270409980
b332ce63-64e4-4fca-a7af-8db76bfd1f47_osimplegaf.owl_functional.owl,1993314816,4035818668,6029133484
approximated_d1f5b50d-a1b1-4a50-8451-c39cb5a67cdd_ecue_grill.ttl_functional.owl,86588184,3712140,90300324
approximated_8d0e676a-0e8d-433f-ad7d-e23ecb81faef_alMolecule.owl_functional.owl,303785878,210013932,513799810
2d09369e-392a-4ef2-a7c9-28334cbdc6f8_ddex.owl_functional.owl,107516924,48212261,155729185
approximated_46320544-5478-4ffa-83be-24503528dab9_tibet.owl_functional.owl,21610236,7795575,29405811
8064ae6e-3f15-44f2-9a15-82f154b0b4fc__pathology.obo_functional.owl,19118690,37777143,56895833
660a2d00-2683-40f4-93a4-df657353cd49_beequivmod.owl_functional.owl,249356151,181914737,431270888
8e76c14b-3245-4e4f-bc59-12fc6a62f168_ballPlayer.owl_functional.owl,20300885,2243065,22543950
approximated_897c3967-7f86-445b-901e-a28a1061f791_crimeall.owl_functional.owl,29577583,11998551,41576134
approximated_80b5734f-e9df-486c-9af0-360728072d04_Biological.owl_functional.owl,126816677,208398516,335215193
approximated_gexo.gene-expression-ontology.3.owl.xml_functional.owl,16511699831,1.73649E+11,1.90161E+11
365543b3-7c4e-4296-93f7-c44ac5c9f163_Beverage.owl_functional.owl,13916783,1941618,15858401
approximated_syn.sage-bionetworks-synapse-ontology.3.owl.xml_functional.owl,340375463,828741865,1169117328
approximated_b5c1f0ec-1786-41c9-93b8-104c0d7df3cd_Knackwurst.ttl_functional.owl,11925102,3705383,15630485
approximated_c7bec731-338c-4814-9619-7ad78b7d6272_enceSystem.owl_functional.owl,136692423,210905717,347598140
423c2a42-4cbf-467e-b2b5-ec345a19e8b8_flanzenatlas_W_functional.owl,12979738,800600,13780338
approximated_f138fe99-5d07-4230-94ff-87c79e794fc1_odWorkflows.owl_functional.owl,49329480,61815504,111144984
approximated_00764.owl_functional.owl,1401355529,3902493232,5303848761
approximated_28d340c7-b92c-408b-b634-4aa891a5e833_hing_float.ttl_functional.owl,12177607,3827006,16004613
approximated_68727015-75a6-471a-97fa-815490c65d8e_SLACKSed.owl_functional.owl,19655388,14106491,33761879
approximated_7aa8ae86-c859-4d80-b127-c5ab59dd8870_PaulFisher.rdf_functional.owl,13453272,2963291,16416563
approximated_icf.international-classification-of-functioning-disability-and-health.3.owl.xml_functional.owl,134396418,106592950,240989368
approximated_onl-dp.dataset-processing.1.owl.xml_functional.owl,46484748,54911301,101396049
approximated_7c151c7b-acfc-4cc9-b34c-ab54bf5d42b6_Tshirt.ttl_functional.owl,17604333,3667587,21271920
approximated_21d7bd7e-df34-4706-a3ae-0a21640d10cf_Database.ttl_functional.owl,17100309,3578296,20678605
approximated_0ce43e11-7c00-4efb-9e91-6e46c74562d5_Chura_kampo.rdf_functional.owl,14013728,3556957,17570685
approximated_850a3d66-6b2e-4093-ae2f-1670a7aa88e5_wines.owl_functional.owl,11379057,2804871,14183928
approximated_997abf3f-ccf0-4b24-86bd-f2ab13e2340f_enna_bread.rdf_functional.owl,20996657,7823485,28820142
approximated_ffb25aa0-b666-470d-877c-991a84b64b31_Assessment.owl_functional.owl,79605658,197533294,277138952
approximated_ontodt.ontology-of-general-purpose-datatypes.2.owl.xml_functional.owl,23495803,21570346,45066149
approximated_98057e8f-e66a-4535-b551-5189f30cbbc1_Computer.rdf_functional.owl,10356264,3757520,14113784
approximated_57492819-32d5-4a87-9b52-18e560803929_tibetlink.rdf_functional.owl,33633449,57823172,91456621
approximated_fb785d84-1c83-42e2-88f4-2e17a2534321_COSMOtop737.owl_functional.owl,322142013,554001011,876143024
approximated_3b719436-1d24-44f4-a745-1db38a42fd00_lack_dress.rdf_functional.owl,15915136,3799291,19714427
approximated_60d724ea-faf6-4086-a0dd-52e7dcb2d5ac_iabibixmod.owl_functional.owl,14553549,4577629,19131178
approximated_1911ef68-a79d-4be7-a2ca-96ab2e0eb63a_Radiator.ttl_functional.owl,9490247,3761603,13251850
approximated_325c071f-d3da-412a-ad34-7dda52fb6fdf_me_plaster.rdf_functional.owl,11103142,3822355,14925497
approximated_2a98e8ee-da83-4f98-a31f-0f0d004b59a9_nce_device.rdf_functional.owl,12699547,3720768,16420315
approximated_590948cf-ed20-40d0-8ab9-34dafd047f6e_ad_Company.rdf_functional.owl,17862308,3714699,21577007
approximated_8a0f3776-a145-498d-bff7-015edd0be169_ongkhalink.rdf_functional.owl,34095113,55795311,89890424
approximated_543bfb50-32c0-48dc-aafe-fc1108656fa4_rd_scraper.rdf_functional.owl,14203002,3590980,17793982
approximated_122d8dcf-7c3a-4b7c-86c2-1a6a2fba58d4_Microbiota.owl_functional.owl,127615029,211070125,338685154
8f1b07f9-eb69-469b-8028-ad1dd938088d_icalArtist.owl_functional.owl,18265425,2816861,21082286
approximated_6a95ec26-3b7f-4de9-ab20-2cda9d85ea54_thday_cake.ttl_functional.owl,14310067,3531469,17841536
approximated_9c44339e-f0bf-4e88-9860-618ee51262e7_Cerveau.owl_functional.owl,52950059,8435876,61385935
34dde4d5-c21b-4eee-81f2-cba77445b687_icalobject.owl_functional.owl,20942610,28568526,49511136
approximated_a49d4cea-08a9-4ed9-a108-97f2e7304102_ansportAir.owl_functional.owl,101905474,206451366,308356840
52d95ca9-bd27-4362-9711-3ec583ba250c_egenechrom.owl_functional.owl,201974636,393844544,595819180
approximated_7241c10b-f5c8-49a8-8863-6030de42cebc_to.owl_functional.owl,33092781,55535336,88628117
214c56b4-f152-4744-ab3c-c5ddd03371b8_e_ontology.obo_functional.owl,21340153,10886882,32227035
approximated_ecb4979b-478a-4e63-ab3f-05a121216418_Boat.rdf_functional.owl,16497669,3599966,20097635
ade84140-dcaa-4a24-bc20-4ed2200899b2_nt_anatomy.owl_functional.owl,16163662,3642630,19806292
0031e842-675f-4d7f-bc0c-0483801ad743_umls.owl_functional.owl,9646541,6259767,15906308
approximated_b73f31df-439c-460a-9630-bb257cdbb292_umentation.owl_functional.owl,24335612,15476720,39812332
approximated_389c090e-0ce3-4e64-955c-baac4802fb14_TRIAC.ttl_functional.owl,15442426,3686010,19128436
approximated_00760.owl_functional.owl,5268972280,11693314442,16962286722
approximated_71bd0ed1-2548-402a-9dfb-40afb1811c80_CNR.owl_functional.owl,18911782,4431763,23343545
approximated_fcb898ec-b2ad-4892-a303-86e5aca440d8_phenElecMag.owl_functional.owl,152002563,213200480,365203043
approximated_34149e5f-89c5-40bc-a9e4-f8e30b9558a1_rola_68030.ttl_functional.owl,21439190,6568534,28007724
b3685c5c-757d-49f8-8998-81511504d207_usgeneview.owl_functional.owl,20126221945,59879214600,80005436545
approximated_298ecb64-cdf6-4505-996d-4a7eef7d676a_Oltermanni.rdf_functional.owl,20174871,3603885,23778756
approximated_0b37300d-a741-4bed-996b-0ee6df83ad07_lifecycle.owl_functional.owl,18404398,1316621,19721019
approximated_18fee752-ff6b-462f-ae14-e3846cf412d2_COSMOtop983.owl_functional.owl,477293108,812589891,1289882999
approximated_8be77dce-71a2-4f02-a444-5c90ade52084_2_5_0_1_TQ.owl_functional.owl,33428369,20807923,54236292
approximated_fe3db66c-4163-465f-afe7-4d168f2dd861_rniture_v1.owl_functional.owl,19170448,17606365,36776813
approximated_bro.biomedical-resource-ontology.14.owl.xml_functional.owl,20799952,26919997,47719949
approximated_04d834ea-d416-4f0d-a705-78adb0b75817_phenEnergy.owl_functional.owl,138336381,225427307,363763688
approximated_9c5f4410-3b19-4b47-ace0-72afa39ed36d_Cointreau.ttl_functional.owl,11590507,4322990,15913497
92ec21ac-3051-4ac8-8837-9748de1e1f0e_onto.rdf_functional.owl,10907472,1684633,12592105
approximated_935b0af2-72f6-45f7-8ad7-88f1da6f26e7_bibo.n3_functional.owl,19083975,5518783,24602758
approximated_cf9aef34-ad4b-4335-b802-a83cac432b7c_NLexOBOUBO.owl_functional.owl,76320438,143227779,219548217
approximated_bd3461c9-776e-40b8-bad0-4e27168ab016_hOperation.owl_functional.owl,136331806,244676100,381007906
approximated_90c541f4-53a9-49ce-b6f2-8cce1ee27c35_factbookont.owl_functional.owl,18296629,6365200,24661829
approximated_ctcae.common-terminology-criteria-for-adverse-events.2.owl.xml_functional.owl,99164039,207527725,306691764
d879ee42-d275-467f-b52a-3861b608efef_o.obo.PREVIOUS_functional.owl,33656077,64459089,98115166
approximated_632f787d-efc4-4bc3-bbf7-8da67ffb5243_Bndictine.rdf_functional.owl,11760049,3918338,15678387
approximated_61b78353-a18a-4013-9605-e4dddf01b04a_tric_motor.ttl_functional.owl,13962879,3894846,17857725
approximated_898618e5-5896-4f35-a66f-19db0e94fa28_mergedtbox.owl_functional.owl,5555250372,14244602584,19799852956
approximated_7c6e5af5-2a85-4aff-b90b-52234f0107b5_MO_spatial.owl_functional.owl,29786000,15458809,45244809
approximated_19c96939-b7eb-420c-b1be-4a587bcb5e10_dtn.owl_functional.owl,12873038,7896643,20769681
approximated_0622306d-b199-46cf-a6da-daded8927136_PaulFisher.rdf_functional.owl,11997698,2916761,14914459
approximated_a7c202ca-1cdb-4ab8-8b56-aace7131e62c_ttage_loaf.rdf_functional.owl,16102734,3614617,19717351
approximated_6889341f-923d-4952-8f99-169cd957a495_RAMrdf.owl_functional.owl,46238791,6473031,52711822
96a48f6d-4853-49ee-a9d5-989f15421346_Colour.owl_functional.owl,17201210,1807289,19008499
approximated_0b3dc70b-705f-472b-8ade-920411b2b37d_matrIsotope.owl_functional.owl,141410540,245127065,386537605
approximated_kb-owl-syntax-unraveled-depth-1-cardinalities-disjointness-triggers-constant-classes-relation-axioms-value-nominals.ofn_functional.owl,740198056,1752325784,2492523840
approximated_03c3aa03-aae4-403c-bddf-8ed35ceaf29d_furniture.owl_functional.owl,31454757,20329635,51784392
approximated_bef8e5c6-0100-4eaa-8a53-ed0f4f9a22e2_Pinch_valve.rdf_functional.owl,13234973,3695432,16930405
approximated_1826e870-3854-44e4-8447-5b885042b434_ingContext.owl_functional.owl,16573076,5513841,22086917
approximated_USDA_sr25_NF0_25.owl_functional.owl,192247554,67245709,259493263
approximated_e751bc98-f19d-4781-bb1f-72b9351a597b_algorithms.owl_functional.owl,29854514,51703956,81558470
approximated_17faf5d1-363f-4864-b379-db9202469345_storage.owl_functional.owl,20975845,16726150,37701995
0441386e-7bc3-4e91-8ca3-4fe712bfe748_idomal.obo_functional.owl,75679539,170329643,246009182
approximated_82a41ef0-276b-4211-ae30-5967a9c8f677_Amiga_4000.ttl_functional.owl,11442123,4327881,15770004
approximated_kb-owl-syntax-coreference-IDs-km-relevant-cardinalities-disjointness.ofn_functional.owl,833027993,2152407548,2985435541
approximated_4b3e1426-4dad-42f7-b027-d23aefd71d0e_time.owl_functional.owl,19711304,2786875,22498179
approximated_c090672a-8c6f-4cd9-bfd9-00ea4322bb21_matrIsotope.owl_functional.owl,127375844,211534939,338910783
1d4c57b7-cbfb-4332-a588-7bc6c1544119_imitive1.0.owl_functional.owl,82196599,243839600,326036199
approximated_94f3dd07-1c32-4e01-9b6b-d2be29eb26b4_postcode.owl_functional.owl,15999114,6369368,22368482
f1c4f89c-8ac6-4acb-83f7-d9c5a3900e87_pienschrom.owl_functional.owl,13237899,10774711,24012610
approximated_23a49a22-4c0a-484b-a628-9306e13fe4cd_Burren_Gold.rdf_functional.owl,12036875,3817848,15854723
approximated_b69fead2-839f-4fae-b0e2-774fdaa13ce1_anMassFlux.owl_functional.owl,134804405,210884969,345689374
approximated_804b369f-eca4-4d92-b778-473c60d2317e_reprSciLaw.owl_functional.owl,126292415,209538717,335831132
approximated_517b9add-aee0-43e3-a624-116a470298a8_otrochozoa.rdf_functional.owl,13923873,3690196,17614069
approximated_346152e4-2806-4d3b-b43c-f2bdec34a25b_eDirection.owl_functional.owl,134646053,210403975,345050028
approximated_a3efc75d-1f08-4fec-aec8-fbe70bfaa5f2_em2bio2rdf.owl_functional.owl,20995364,7741701,28737065
approximated_00336.owl_functional.owl,11156286,5754667,16910953
approximated_4c28c1d4-69dc-48b1-9236-d90814e068f5_icipatemeeting_functional.owl,19561087,8379243,27940330
approximated_580730a0-501d-442c-8b93-76a95f8d624b_Billhook.ttl_functional.owl,11471371,3755654,15227025
approximated_0866c3a3-ace4-475b-8058-cc81c65201dd_orialstep2.owl_functional.owl,14699035,7132927,21831962
approximated_04af3725-ca94-4600-a682-c7b32fa0d575_hOperation.owl_functional.owl,127944439,208650857,336595296
approximated_ec617de2-7fac-4d03-b9af-dcceb8ba9c94_nstability.owl_functional.owl,139440516,241713101,381153617
b1255558-9e5c-4861-9122-b734d01cde9c_psimi25.obo_functional.owl,33598400,62184640,95783040
approximated_24d58118-70ef-4a73-9019-c7d9495d645e_ipronto.owl_functional.owl,17704287,7444603,25148890
approximated_c957f70a-b19f-4e0b-a371-a9d1b1bf4310_odProjects.owl_functional.owl,24223509,14056500,38280009
approximated_fhho.family-health-history-ontology.1.owl.xml_functional.owl,28549564,22639741,51189305
approximated_dea8a805-1870-4776-9d3c-6539e9863180_ssnenergy.owl_functional.owl,86257731,37844379,124102110
approximated_356a0e9a-204f-48c9-9450-e7a7525ef9f3_brokercomm_functional.owl,21210582,10750040,31960622
approximated_2038c0b7-8c15-4c5b-817e-8d456d941e5e_roughtest.owl_functional.owl,13747058,1989505,15736563
approximated_4b0c067a-5040-4b63-b6f1-6224f35886d3_Emery_cloth.ttl_functional.owl,15223527,3686626,18910153
approximated_7fc1ca3e-5f93-4945-a2ce-bb3bde545b7e_trait.owl_functional.owl,12074356,5163213,17237569
approximated_d4edaeb8-2c23-43e1-8b37-ab4392fe6272_cation1006.owl_functional.owl,11100578,4818843,15919421
approximated_8bd31808-36c1-47c3-8a86-c4570f46ef9f_ignaspects.owl_functional.owl,62731841,31914928,94646769
approximated_e97846c7-c6ea-4b52-9782-90bc054aba38_CategoryMockup_functional.owl,12189330,1804899,13994229
approximated_34523952-c1a8-4b75-9193-52518fb77f00_Event.rdf_functional.owl,15138080,4004709,19142789
approximated_06262795-6134-4243-b6f9-9ec35645d49c_Seafood.ttl_functional.owl,10635570,3915554,14551124
approximated_00351.owl_functional.owl,21668860,21978799,43647659
83908b3f-ff09-49e4-a85d-dac7f51e3c99_tygmlcodes.owl_functional.owl,52739184,99888161,152627345
approximated_45470f6d-f0f6-4d83-b8a7-c7da11e5091b_ving_watch.ttl_functional.owl,13637623,3733594,17371217
approximated_00118.owl_functional.owl,16432542,3679160,20111702
9b3a149f-14a0-4caf-a98a-7485fc816da9_da.obo.CURRENT_functional.owl,153958366,349826457,503784823
approximated_00391.owl_functional.owl,910397660,2826758738,3737156398
approximated_814acacf-c501-470c-bd1c-b8d8e76d11aa_elBaseline.owl_functional.owl,71650629,2164670,73815299
862ce18c-7b00-4c72-b690-cb00c77453bf_im_generic.obo_functional.owl,25517805,11219760,36737565
approximated_a7dbd416-d021-45ad-a8d1-fd34fcafa5ad_musAGsmall.owl_functional.owl,80050079,6413177,86463256
dea1d581-0262-4c19-8960-df5132b722d7_Governor.owl_functional.owl,70960305,2119292,73079597
approximated_d28c85ea-fe9d-4f92-9480-525fa55dcde6_onto.rdf_functional.owl,67452159,4682311,72134470
approximated_06ddeeb6-7d97-4bde-9c9c-4566ed618f3c_den_cheese.ttl_functional.owl,50317091,4478673,54795764
approximated_42d4f369-a308-4da9-a39e-7490fbc95b60_ening_gown.ttl_functional.owl,21822900,3598522,25421422
approximated_5e16bb8d-698f-450e-a490-d6125510edaf_nAtmoFront.owl_functional.owl,198245915,212126020,410371935
approximated_adcb2ff8-0271-42aa-a4a6-92d7ead1a2f6_annotations.owl_functional.owl,192160546,10968073,203128619
f3631bd7-265b-4bec-b954-0098e03e5a8b_Song.owl_functional.owl,94079129,1314427,95393556
approximated_071feca2-a248-4370-97da-ff1d0b83c571_logyv0.1.3.owl_functional.owl,37010517,26228259,63238776
approximated_94aa2170-c7be-433f-a094-e630259e88cc_Triplestore.ttl_functional.owl,90502080,3574075,94076155
0b3204d4-768b-4e1f-b8a6-33d629d5ae91_xaosimple.obo_functional.owl,225060440,252937803,477998243
approximated_25cbf8b0-b6b9-4727-b2b6-13a4486bea08_Bonox.rdf_functional.owl,74360680,3623811,77984491
approximated_7b72d914-fa9d-4e42-990a-31fbceeee519_Spinnerbait.rdf_functional.owl,21560483,4327625,25888108
approximated_915e4546-eb2a-4581-8a3d-e6c47864ecb3_event_functional.owl,25736584,12519330,38255914
approximated_ccont.cell-culture-ontology.2.owl.xml_functional.owl,542158052,1160434379,1702592431
approximated_0963a8d5-30f6-4149-b4a1-5c5bd9a770ed_b_applications_functional.owl,16424360,2833788,19258148
44abf405-28c2-40f6-bf5f-ed01b4405bd8_phenotype.owl2_functional.owl,16801898,13231383,30033281
approximated_afa98395-de7c-4ea7-9f75-d5894ec0cb56_Book.rdf_functional.owl,10254180,4517857,14772037
approximated_1b222aef-b11e-47a3-9890-669ac71d7b99_id_airship.ttl_functional.owl,15334583,3545878,18880461
approximated_078e998b-d45d-426e-bd56-cb33f5850404_Compass.rdf_functional.owl,11607158,3849167,15456325
approximated_4db21626-a91f-4181-b0ec-91211d548725_file.owl_functional.owl,39644445,14828226,54472671
approximated_eaf29844-6857-4773-b676-e77a2046a79b_COSMOtop877.owl_functional.owl,429462467,677891947,1107354414
approximated_e1c3c113-501d-450a-b7b8-55723d0c7227_tcodexlink.rdf_functional.owl,47196217,64607616,111803833
approximated_kb-owl-syntax-coreference-IDs-disjointness-triggers-constant-classes-value-nominals.ofn_functional.owl,869919521,2181065571,3050985092
approximated_01c64560-1e76-403a-807d-a0407e63b310_allustaxon.owl_functional.owl,538068567,955783848,1493852415
fdd9ae77-4904-4899-8473-1229a23860c1_es_merged.rdfs_functional.owl,30788023,19599618,50387641
approximated_kb-owl-syntax-unraveled-depth-3-relation-axioms.ofn_functional.owl,355189686,892154927,1247344613
approximated_9076e49b-3dba-42b2-a988-83e1e559ce4d_prSciModel.owl_functional.owl,138734821,210198827,348933648
approximated_69e5a74b-ac74-41e0-94f0-ad3f3f67c1c0_Keychain.ttl_functional.owl,7767949,3740946,11508895
approximated_a88846e2-4510-4d94-9e73-2f65cb562f20_StarTrek.owl_functional.owl,25404246,6830662,32234908
approximated_3fa72cf6-a731-475a-981f-9e917fd38c68_roo_121016.owl_functional.owl,30520289,29226457,59746746
approximated_1e52e6be-def2-44af-9372-95c92fdff4bf_Hori_hori.rdf_functional.owl,11566200,3552295,15118495
approximated_kb-owl-syntax-unraveled-depth-1-km-relevant-cardinalities-disjointness-triggers-constant-classes-value-nominals.ofn_functional.owl,743531994,1589686855,2333218849
approximated_kb-owl-syntax-unraveled-depth-1-cardinalities-relation-axioms.ofn_functional.owl,459182294,1110915220,1570097514
approximated_045918bf-d81a-4587-836f-a4c882c4de70_odData.owl_functional.owl,30900031,32602347,63502378
approximated_8f2b327d-fde6-424e-848f-d9139b514d5c_chemElement.owl_functional.owl,24429428,29129692,53559120
approximated_37e22492-f0fa-4dfa-be3b-1a583bc028c4_Grouper.rdf_functional.owl,11994654,3832666,15827320
approximated_70896ed0-05ef-4229-8785-1179ac971435_urn_valves.ttl_functional.owl,12232858,3679345,15912203
approximated_239c43c2-9d6c-4b55-bf45-e969162768e9_classified.owl_functional.owl,3086255930,8896543788,11982799718
approximated_219b3e3a-06ab-4045-81d9-ec64edad8f08_Sensor.rdf_functional.owl,38517049,3734391,42251440
approximated_2fe90a7c-1b78-4f12-a71a-d6c14d78b431_st_extract.rdf_functional.owl,11349085,3897186,15246271
approximated_dca186b9-faaf-42ee-8223-2d37d4f1ce11_roo_120219.owl_functional.owl,29235805,28327647,57563452
approximated_1112d6f6-08e3-4cf0-a48d-7766522ef1eb_admingeo.owl_functional.owl,18259020,8483429,26742449
approximated_ccda34a8-70e9-4c9e-83d0-430b123eb0f1_sciRole.owl_functional.owl,21155700,21164733,42320433
8b232f41-3999-4fbc-a36a-ad195e5c2505_oryDraft_pages_functional.owl,11476233,898122,12374355
approximated_616b8a5b-c5c8-4fa9-b7b9-b9e074d59e28_LinkedData.owl_functional.owl,20514367,18944559,39458926
approximated_903b191b-9013-4a00-a05b-79742ad73a45_TFProp.owl_functional.owl,13535373,2446544,15981917
approximated_699a5a47-cb40-4eaa-b332-9c9cbea575ea_wn_sweeper.ttl_functional.owl,13708057,3740339,17448396
72ea2dba-9cea-4c76-adaa-fc574a7e04eb_ieIngredienzen_functional.owl,9714313,713822,10428135
approximated_d49534d2-db7b-4c9f-aba1-f007335b2d0d_COSMOtop971.owl_functional.owl,465488527,815690799,1281179326
97ed97c5-d53d-42f9-83af-740cf3afde89_lanogaster.owl_functional.owl,866915365,1609942252,2476857617
21652974-5f67-4bda-9345-df031c1a939f_scarDriver.owl_functional.owl,14334023,1646106,15980129
approximated_cfa880a5-e229-4db9-8537-6de5d0b099b1_bibo.owl_functional.owl,11982742,5756811,17739553
approximated_58c7a8af-c8f3-4eea-a674-61ea86962c9d_geMetadata.owl_functional.owl,17366153,8466852,25833005
approximated_ab8f3afc-9763-4460-98c6-640ebe4b91e5_prov.owl_functional.owl,11448427,4302817,15751244
approximated_kb-owl-syntax-unraveled-depth-0-km-relevant-cardinalities-triggers-constant-classes-value-nominals.ofn_functional.owl,142614554,361898506,504513060
approximated_3a014173-f0ea-4239-a304-129bdfdb8d5f_low_treats.rdf_functional.owl,14206974,3781937,17988911
approximated_be155ac2-055a-444e-90f7-e8769ab9448c_ir_whistle.ttl_functional.owl,11593066,3763134,15356200
approximated_00bdad37-24cb-4bff-a36c-161b1845f8a7_Zotero.ttl_functional.owl,11322346,3884969,15207315
a45fd058-5cb5-48f7-bdad-b7a762b9b9a2_ysfunction.owl_functional.owl,20943725,15468568,36412293
approximated_7b09dd48-4e2f-4b5e-bab7-925d05e8d7d3_DataFormat.owl_functional.owl,144529725,213743967,358273692
83d9bfe4-8fff-4859-9669-8c3bb5548e8c_ezeichnungen_S_functional.owl,18669787,1944451,20614238
approximated_3b02b781-b26c-4431-8019-785696ebdcef_KCO.owl_functional.owl,17454685,19194549,36649234
approximated_2a7b1899-fa7b-4c37-9d00-a6b3b5d9e115_Welding.rdf_functional.owl,12722008,3815917,16537925
1cc4cdf8-1100-46cd-a46b-9b2f000298ef_po.owl_functional.owl,67509649,141621491,209131140
approximated_10576a42-f8c3-49aa-a033-7e94b4d807b5_luepattern.owl_functional.owl,22989603,12328865,35318468
emap.mouse-gross-anatomy-and-development-ontology.6.owl.xml_functional.owl,467490218,916839497,1384329715
approximated_19209cc3-8c9b-43e3-8030-76d4ec6deec0_adult.rdf_functional.owl,17748833,7066211,24815044
approximated_40ade325-6a75-42e8-887a-cb16184bc2e6_rey_cheese.ttl_functional.owl,9287246,3875150,13162396
b8928ae3-8d3f-4f00-9d5d-454922d3a985_Currency.owl_functional.owl,16082547,1223311,17305858
approximated_198b4a89-79e8-4a2f-8b2c-5e41e16ba9f9_anical_fan.rdf_functional.owl,18620734,3654860,22275594
approximated_7be70e07-f5c3-446e-9ed7-a867712f9dd8_ance_probe.rdf_functional.owl,11310553,3791654,15102207
approximated_0662c159-e1c3-461f-9a62-cb423f76ee7a_ulusmerged.owl_functional.owl,7200498895,2996478904,10196977799
8e1dc33d-810c-4935-9008-44c4df0ba632_kupomodels.owl_functional.owl,19261535,25226298,44487833
approximated_9c4bebb5-856a-4d1f-9cc8-834dfc73ff5b_Easy_Edges.rdf_functional.owl,16309839,3918470,20228309
approximated_1abd1de2-b05f-4c77-bb68-6ca320fc2ebb_poundHalon.owl_functional.owl,33837881,42453232,76291113
01696fcb-aaae-4967-a355-6495c56d940f_ings_v3.01.rdf_functional.owl,20860196,9261399,30121595
approximated_15ad2143-fe7c-4bfd-9e36-9ab06c704bdf_ntractOntology_functional.owl,34626209,37455786,72081995
approximated_1228a056-b19f-456a-9c85-c76b73c79274_Fclamp.ttl_functional.owl,13518122,3866220,17384342
9ae37d93-4a63-4a93-8005-bc5f3a021495_luspanther.owl_functional.owl,480978135,1097265619,1578243754
approximated_34034571-1b63-40d2-a86e-445c517d40d2_eball_card.rdf_functional.owl,12926854,3709752,16636606
approximated_66246ec2-286f-4f58-9ecd-a6e521ccf9b2_richard.rdf_functional.owl,14450894,733239,15184133
approximated_37852c1e-9bc3-414e-8029-51e0bc05c330_ic_vinegar.ttl_functional.owl,8169126,3619193,11788319
approximated_5f120364-5252-4a2a-8990-d3c0816cbc92_Machine_gun.rdf_functional.owl,13179199,3853260,17032459
approximated_0718aae7-3681-48d1-8e73-ff4f2d1801b4_Dog.rdf_functional.owl,18206307,3786116,21992423
approximated_kb-owl-syntax-unraveled-depth-3-cardinalities-disjointness-triggers-constant-classes-relation-axioms-value-classes.ofn_functional.owl,692795446,1605096266,2297891712
approximated_8f8a7c43-65e6-4efc-8ef6-ddefeebf189c_fgdccsdgm.owl_functional.owl,23287804,20721376,44009180
approximated_47e1634c-0f6c-4378-9f8c-995af73857e7_example_03.owl_functional.owl,50995394,5715844,56711238
8ee45a4f-9da3-482a-acd4-dad1ba89c68f_bto.obo_functional.owl,164553771,375268980,539822751
approximated_f57610f0-888a-43cf-a51a-aee400207d09_iaomain.owl_functional.owl,22473858,12073953,34547811
approximated_05876075-0b04-4898-b38d-5a0f316afa74_SSONT.owl_functional.owl,16159536,6994961,23154497
approximated_09621e2c-e0a0-44e5-ab3d-f1d6a3770719_Pultost.rdf_functional.owl,14133483,3659374,17792857
approximated_cd2cf62d-2384-45ed-b272-727b7292a31b_IOLite.owl_functional.owl,26799106,17489208,44288314
approximated_00763.owl_functional.owl,19185121,17797165,36982286
approximated_7447614a-bbfc-46d8-8ffe-f0f9c1ee2c9c_Typewriter.ttl_functional.owl,13352929,3852416,17205345
approximated_b53aefdb-1235-4ffc-b795-d25067c9a895_ervice_bus.ttl_functional.owl,9234030,3887414,13121444
approximated_c9cfde4c-9253-4c24-9ad7-b77d48f6086f_Design.v17.owl_functional.owl,15386762,7566861,22953623
approximated_eb264056-1e9b-4c50-a63d-7aad7cfad1b6_eFrequency.owl_functional.owl,138719187,232562797,371281984
approximated_0a0e1f44-d8bb-4979-9f33-b6004957cf8d_universe.owl_functional.owl,36908521,12278391,49186912
approximated_794f9b43-2013-410f-a23e-83d4a97de42c_FRT_import.owl_functional.owl,215085612,476903659,691989271
3f884a7e-4520-49fb-b716-1f2dd2bea719_ields_Core.owl_functional.owl,53253599,8259260,61512859
approximated_775a73cb-c0c9-4219-bd8c-41967ebdad00_ng_bicycle.ttl_functional.owl,44437361,3668819,48106180
00137.owl_functional.owl,13561848,7242286,20804134
approximated_d535b5fe-7bf5-445f-a21c-93851d7fc07b_hReadiness.owl_functional.owl,179449924,258030603,437480527
approximated_8ca96447-4cd6-49a9-85de-918b00c833ae_prSciModel.owl_functional.owl,223444015,256014341,479458356
approximated_6350494b-28fa-48a5-8168-d8c7a55f5705_onto.rdf_functional.owl,87961268,4793621,92754889
approximated_b68437d5-701c-4692-b89f-7b9991bf02c3_rino_Sardo.ttl_functional.owl,9111309,3732670,12843979
ncbitaxon.national-center-for-biotechnology-information-ncbi-organismal-classification.2.owl.xml_functional.owl,23981581049,48704922563,72686503612
approximated_220bbb4d-210b-4559-a46c-44af776ee10c_Router.ttl_functional.owl,25133714,5891180,31024894
approximated_4bb6dd12-eaa5-451d-aae9-dd7208f30a4d_Ram_guard.rdf_functional.owl,16695883,3656610,20352493
9fe915d0-fb87-409f-8261-82b09b81e112_s_xp_chebi.owl_functional.owl,247693856,113417469,361111325
approximated_8386be3d-5a0a-40c9-9dd9-d2b669959937_DUUL.owl_functional.owl,16112917,5469061,21581978
approximated_688f0832-d2b0-4e26-a931-fe7d84d8c360_imeAverage.owl_functional.owl,132078657,215152164,347230821
approximated_0e8deb38-f2e2-40f2-9d28-e9fd6055e04f_UserCentric.owl_functional.owl,14508242,4040325,18548567
approximated_0b84f409-e01d-44c1-a99d-940ebea2abfa_icCompound.owl_functional.owl,133788187,215577932,349366119
approximated_22418c14-5f7a-4046-9656-772539f11c8b_cnov0_2_3.owl_functional.owl,17251866,11300274,28552140
b48c62e8-bf39-4590-999c-d4abf0d412a8_eKrankheiten_W_functional.owl,10042838,737976,10780814
approximated_gene-cds.genomic-clinical-decision-support-ontology.1.owl.xml_functional.owl,2810617644,5117165734,7927783378
approximated_610d549b-c50c-4a3b-a661-eab2f30c74cb_nlessRatio.owl_functional.owl,137454953,215587980,353042933
approximated_kb-owl-syntax-unraveled-depth-2-cardinalities-disjointness.ofn_functional.owl,737352642,1501830842,2239183484
approximated_kb-owl-syntax-unraveled-depth-2-disjointness-relation-axioms.ofn_functional.owl,636383252,1539597769,2175981021
approximated_6c861569-9500-4393-beac-719cd56a3b1e_turn_mower.ttl_functional.owl,12935957,3839627,16775584
approximated_18a36f4b-50aa-4c99-b541-572e4848f7a6_test_gcc4.owl_functional.owl,127993656,13686049,141679705
approximated_973ae743-50f9-49dc-baf4-dde4b20ee276_conditions.owl_functional.owl,12465736,4420016,16885752
5205d0ae-e7e6-4f8d-b651-d922d6f00e48_pato.owl_functional.owl,67142260,127786942,194929202
approximated_8877cee1-8cfc-4fe0-884f-295c2cb7b4f4_ceGeometry.owl_functional.owl,137827274,215594089,353421363
approximated_751733b5-5085-46e9-ac08-71cfcf0257c1_ndVolcanic.owl_functional.owl,112828727,226107561,338936288
approximated_7bdab322-6506-4ee1-9722-998a0a579438_er_speaker.ttl_functional.owl,16775711,3790535,20566246
approximated_00025.owl_functional.owl,27943839,23085060,51028899
approximated_709098b2-44b3-48e2-96cf-7860bcdc05f0_onto.rdf_functional.owl,11223820,3914702,15138522
47b42365-5784-469a-a3c6-28bfc544ad8a_OMAL_1.2.1.obo_functional.owl,71711914,161798919,233510833
approximated_1c1840b2-63ce-4122-baf7-8b96bb92dc38_ntial_sash.ttl_functional.owl,11724130,4095063,15819193
approximated_06b5dc6d-7f41-4c71-b3ae-d0475b30a086_H_Ontology.owl_functional.owl,20845181,13870798,34715979
approximated_59439ea6-b6bb-4d09-9209-44ed61e74fb3_Joystick.ttl_functional.owl,16025828,3868332,19894160
approximated_3cb4ae2a-79a3-4de2-a8c6-99fe006aa38c_oWindScale.owl_functional.owl,102661648,208137740,310799388
approximated_1e2f3797-924f-4fad-89c8-d22a2eb02523_Cookie.ttl_functional.owl,10278455,4205433,14483888
37e777cf-7092-4994-baeb-b0d28efe5f8e_sjointness.rdf_functional.owl,184880859,21182193,206063052
fb6f200b-4f5d-481e-965e-4e8130e9ffd4_classified.obo_functional.owl,19303695,36209161,55512856
approximated_ncit.national-cancer-institute-thesaurus.31.owl.xml_functional.owl,7003472655,13908750569,20912223224
approximated_kb-owl-syntax-unraveled-depth-4-cardinalities-triggers.ofn_functional.owl,371894297,915115008,1287009305
approximated_dd8e7801-65d4-4a8f-8100-fc83a9e0e089_iffusivity.owl_functional.owl,136309477,216858410,353167887
approximated_26212d1d-e8ea-4432-a5a5-f8f393d19d51_dcrlink_new.rdf_functional.owl,22629792,43874896,66504688
approximated_a46ef04a-00ad-4dbe-b49b-f3972b00be31_mozzarella.rdf_functional.owl,14522426,3834363,18356789
approximated_16a236ae-bb5b-45be-9ca5-fd03168da16d_Nightstand.rdf_functional.owl,14946876,3817496,18764372
approximated_d9bdec88-bef6-421c-9425-9d668084f577_xcellparts.owl_functional.owl,1805799594,5203872094,7009671688
approximated_kb-owl-syntax-unraveled-depth-1-km-relevant-cardinalities-disjointness-relation-axioms.ofn_functional.owl,739364473,1567641764,2307006237
approximated_caa910f7-5dda-4383-b5ee-1b046495eda4_spatial.obo_functional.owl,89213405,13140451,102353856
approximated_d3c8decc-0dad-4775-94fa-bb72a04eec06_FN1.55.owl_functional.owl,73389518,8304361,81693879
approximated_5a75e376-cd3a-4d7e-b3a0-e5ea616507ca_rness_coat.ttl_functional.owl,62795903,3655358,66451261
approximated_0fc200a7-8340-4866-80ba-d236ccc6715d_onto.rdf_functional.owl,20285190,6338593,26623783
approximated_46a08e91-3b2b-44bd-8ef8-7b8f226a82a8_dding_sari.rdf_functional.owl,93692434,3772194,97464628
approximated_ddd0406e-8208-4db8-b263-e686974b44cd_propMass.owl_functional.owl,255344394,221501170,476845564
approximated_182fc51e-fe3b-4ce5-8f8d-55bebf70c558_Tartrazine.ttl_functional.owl,93352562,3780286,97132848
approximated_kb-owl-syntax-unraveled-depth-3-disjointness-triggers-relation-axioms.ofn_functional.owl,805238620,1429854366,2235092986
87f47f77-edd3-4ad4-b19e-1e2bf296dc60_iso20022.owl_functional.owl,14060077,7204558,21264635
approximated_e9abc0b7-1082-487d-a95c-bc2455451128_opFraction.owl_functional.owl,144291069,283516127,427807196
approximated_0616ee29-bce3-4c00-9c24-94d8f5d8cc02_Stollen.rdf_functional.owl,9959855,4042919,14002774
soy.soy-ontology.2.owl.xml_functional.owl,40688574,91952943,132641517
approximated_e1c2de05-b500-4b50-9464-26447f49099f_Plans.owl_functional.owl,35278096,25276474,60554570
approximated_75a833ae-9d60-4891-8933-f70c3cadecbc_Meat_slicer.rdf_functional.owl,12180989,3863197,16044186
approximated_910f7348-a0e3-49b2-9bcc-d8619ba9ee58_tionStatus.owl_functional.owl,15174106,12657652,27831758
approximated_474208b0-dcc2-4f2a-b00e-be6941464f74_Axe.rdf_functional.owl,13389276,3714214,17103490
approximated_58b64a61-bead-4931-b23c-7d37d2070d33_lir.owl_functional.owl,12080381,3561560,15641941
approximated_bd2d3380-d6c2-4a34-848f-054ec6f4dcea_complex2.0.owl_functional.owl,18739976,7280953,26020929
9cd8077f-deae-4e18-bbf0-3c4ea89b08f7_PropertyDcdate_functional.owl,14108459,890491,14998950
approximated_rexo.regulation-of-gene-expression-ontolology.3.owl.xml_functional.owl,13085974610,1.31819E+11,1.44905E+11
approximated_fc3b7caf-04e4-4f13-9fe0-b8a8dd3a7241_itical.rdf.owl_functional.owl,35428295,4283252,39711547
approximated_a6eea863-0b31-4760-a439-d3a182ae9f58_ar_Project.owl_functional.owl,14486604,6335690,20822294
approximated_f3eca674-c224-417b-a3d3-20add1c3ea2c_matrElement.owl_functional.owl,131889119,216502143,348391262
approximated_0d4cde11-4f31-4371-8ad0-2ddac970391e_ndSediment.owl_functional.owl,69108211,130032272,199140483
523d8005-53b7-488f-8c99-4178a3fa3b5a_ehdaa.obo_functional.owl,87528905,134124642,221653547
d447124b-1716-4019-b6f3-c5ac8288d981_BrendaTissueOBO_functional.owl,155310290,372583013,527893303
approximated_591fc570-9773-41c8-83d3-7a3487d6404a_nent_xp_go.owl_functional.owl,20403183,22289076,42692259
approximated_152f2229-a1bc-45f9-9e0d-b12c2aa0a7f6_Sideboard.ttl_functional.owl,42009886,3780821,45790707
approximated_ecg.electrocardiography-ontology.11.owl.xml_functional.owl,40530960,60788210,101319170
approximated_1f8ba1ae-02c9-4092-a56c-522132622e00_logyQimage.owl_functional.owl,17692108,5153030,22845138
approximated_46a74498-def3-4f90-bf60-1deb2e4a5f09_gaz.obo_functional.owl,28710389907,62804220775,91514610682
approximated_161897b2-3680-43a8-a1b2-ce519eee996f_fety_valve.rdf_functional.owl,16449005,4563216,21012221
19a2fd77-8457-404d-95b0-a59480035bd7_envo.owl2_functional.owl,41348440,89258354,130606794
approximated_070a6d0d-2dc0-4b84-b008-4fdd6f6c64f8_OceanFloor.owl_functional.owl,137205195,221530174,358735369
approximated_f09c2121-b962-4e52-ab8f-2d59ae286bd1_FN1.43.owl_functional.owl,25831468,9412206,35243674
approximated_87623d34-faf4-4c0b-8ee4-c29b0316f883_Die_grinder.rdf_functional.owl,15376683,3736046,19112729
approximated_327ec14c-7a71-4933-b980-cd97e2784804_lubricator.rdf_functional.owl,10516632,3791814,14308446
29439325-5518-44ed-9f10-0c194b0dd7cc_vao.obo_functional.owl,21266767,19973706,41240473
approximated_d21900de-a556-4a51-8796-e7c474a3e998_siocore.owl_functional.owl,40397624,74855919,115253543
cd9cea31-52ce-4a0f-9a7d-023bcf7969f3_eKrankheiten_L_functional.owl,11487044,848955,12335999
approximated_119e2f52-5ce4-4599-bff6-db63c78df506_network.owl_functional.owl,12387029,3730224,16117253
approximated_3690347b-0d04-448c-95ba-23f97cb40d52_Relay.ttl_functional.owl,12012013,3725521,15737534
approximated_kb-owl-syntax-coreference-IDs-cardinalities-triggers-relation-axioms.ofn_functional.owl,627064710,1776363687,2403428397
5147593b-7fb3-4835-8dfe-1b0d99048a7f_ss_xp_self.owl_functional.owl,134948209,22946329,157894538
approximated_2d80e8e1-8a79-4992-a09a-49174152513b_alismerged.owl_functional.owl,4461777779,6263392869,10725170648
approximated_72c7a540-50a5-4c30-924a-a1ec947ea3d8_Button_cell.ttl_functional.owl,17857007,3720075,21577082
approximated_af87a387-e531-4169-93b0-efca296aa009_vaisalawm30.owl_functional.owl,14500030,4878434,19378464
gaz.gazetteer.13.owl.xml_functional.owl,22178161711,45873488519,68051650230
approximated_fa2ad847-9e2a-44b5-95a3-dbb49b459629_ontology.owl_functional.owl,82995230,4776674,87771904
approximated_1da60349-4393-428b-8ee2-04ce33cf85ad_ction_xp_chebi_functional.owl,335591391,646887679,982479070
approximated_03be87d8-b34c-440d-8412-357f201fb5cf_gfobiotop.owl_functional.owl,95548437,8673473,104221910
approximated_00649.owl_functional.owl,87193127,50785956,137979083
0d142dcb-3333-4781-9549-ff8da5f9da75_psimod.owl2_functional.owl,188595222,93265029,281860251
approximated_80864ca1-3e72-4a96-be2b-699f4ce85b70_Friends.ttl_functional.owl,21578906,6065884,27644790
22a218cc-14b4-4e6e-a343-aaff65b495d4_chebi.owl_functional.owl,2437881750,6621215255,9059097005
approximated_kb-owl-syntax-unraveled-depth-1-triggers-constant-classes-relation-axioms-value-nominals.ofn_functional.owl,457715660,1200024306,1657739966
approximated_ef64d0f0-cfcb-4835-9131-6293800b96b5_irculation.owl_functional.owl,81993429,162248424,244241853
approximated_00487.owl_functional.owl,1285446878,4194868363,5480315241
approximated_28799f53-d8c9-4d4f-b35c-1d141a2f2a09_onto.rdf_functional.owl,15226106,5201868,20427974
approximated_kb-owl-syntax-unraveled-depth-0-triggers-constant-classes-relation-axioms-value-nominals.ofn_functional.owl,156481168,383555612,540036780
approximated_40c84f99-6bf8-440d-902a-58e33ca77e77_onto.rdf_functional.owl,15088644,5036818,20125462
approximated_e984be5d-925a-49ba-9a7e-571102d70d09_NEMO.owl_functional.owl,82241825,134897624,217139449
approximated_d62e2709-2a1f-409e-9d73-e6a7743f57cd_limateZone.owl_functional.owl,138774618,217413470,356188088
approximated_6b651945-1003-4c27-9376-e7099b9981ef_RequestUno.owl_functional.owl,18206118,4382213,22588331
approximated_1ce9731f-2026-46d0-8ab4-724533e88e30_Hushllsost.ttl_functional.owl,18303427,3663011,21966438
approximated_b2f21a60-af34-4454-95bf-791b8f2f0f9a_Design.v10.owl_functional.owl,16914029,7582791,24496820
5bbb93a2-cfd3-4b73-ad38-947df5a7fbb6_tologyV1.1.rdf_functional.owl,24869915,10534832,35404747
approximated_0230be4c-a0af-4329-a970-fb8153a344bf_qudtspin.owl_functional.owl,20188101,24227815,44415916
7470ddd8-3423-4124-91da-08e2ddcf8dce_rm_v5.0.2.rdfs_functional.owl,22803931,6232641,29036572
approximated_7349afad-b8a5-4332-bbdf-e538a2d550ac_yaz_peynir.ttl_functional.owl,12671491,4180568,16852059
approximated_c1dcba37-12d8-4a11-b891-6a7ce271ada1_astiveLite.owl_functional.owl,10346193,4850767,15196960
approximated_8f8929a1-e865-4a3b-ae3e-e9a05b3f84a7_BSPO_functional.owl,13054046,13301707,26355753
approximated_c143fa8f-3742-43d6-844e-b43ccea64893_tegoryCcLiveCD_functional.owl,13641640,1707438,15349078
approximated_b06e6d66-526e-404b-a29f-42a718dd0ff2_onstraints.rdf_functional.owl,11100156,5390258,16490414
approximated_83334cf1-2057-4457-b101-5dc0bff3bc9d_Bradawl.rdf_functional.owl,16110209,3745628,19855837
approximated_46f2c9ab-7706-47a7-a80c-719122ab2a5b_fao.obo_functional.owl,10097767,5620492,15718259
approximated_5c340b4c-55e6-48fe-bf9c-e9c378092302_eria_mrca.owl2_functional.owl,12653678,6525748,19179426
approximated_a3b6ec37-35af-449f-ae60-ea20be293fa9_led_filter.ttl_functional.owl,14167572,3849144,18016716
4166af2f-fdf3-46ba-bf4a-c20ec2bfdf32_mao.owl2_functional.owl,12432261,9432840,21865101
approximated_1005428a-2fbc-43d4-9399-2a74966f8624_Brandy.ttl_functional.owl,9782128,3700365,13482493
approximated_00037.owl_functional.owl,457485348,1255392131,1712877479
approximated_9b995352-9cf8-4abe-8787-1f0886458cdc_nlessRatio.owl_functional.owl,151798318,247913738,399712056
127e6f24-bdf6-4c10-b6a0-e18d41c88ad0_fypo.obo_functional.owl,557797561,852413219,1410210780
63e6a5c3-25c7-437a-89e5-720b4c5f4dfa_utessimple.obo_functional.owl,112194286,294800687,406994973
approximated_2bc3982b-f26a-4e93-a5a6-f4a710a7b427_hydro.owl_functional.owl,68443176,124001590,192444766
approximated_efe1c495-9e3e-476f-a9ab-5742ff29247b_complex2.0.owl_functional.owl,17801039,14078051,31879090
approximated_19fdf8cd-402d-4871-885a-f887c1b89d10_opl.obo_functional.owl,25196685,31757137,56953822
approximated_kb-owl-syntax-unraveled-depth-2-constant-classes-value-nominals.ofn_functional.owl,416296533,991888848,1408185381
approximated_0d5857a3-e59e-4648-9efa-e40e9aa42ecc_Grounding.owl_functional.owl,28981563,8242661,37224224
e79238fa-8f1b-45d8-8305-3b3528b3075a_s_musculus.owl_functional.owl,346392683,772622493,1119015176
approximated_4e9c185b-2857-48b3-88a7-c54cd067e390_Guinness.rdf_functional.owl,15019063,3823149,18842212
approximated_a15c3d5a-3ddb-4ae5-ab89-8cf0c90234f6_sPrincipal.owl_functional.owl,21874730,10630038,32504768
approximated_2ae0d003-2a39-47c7-8d04-3251b45184d8_Main_course.rdf_functional.owl,14968093,3825471,18793564
approximated_2f8241e7-2681-4ae0-a41b-51a658424d85__locations.owl_functional.owl,30005314,5557423,35562737
approximated_350b1982-cf66-4f69-8e99-edfba697a177_iaomain.owl_functional.owl,16374936,10316368,26691304
approximated_0ccf0454-d777-4fec-b1cc-03b5a300824d_chemtop.owl_functional.owl,17700383,7981378,25681761
approximated_kb-owl-syntax-coreference-IDs-cardinalities-disjointness.ofn_functional.owl,909044919,2148059576,3057104495
approximated_cfd2ab64-684e-4657-812e-f844ec5c9116_opFunction.owl_functional.owl,139844933,249136644,388981577
approximated_b7f015e0-f2c8-477d-9436-65e7d81c06cf_4_09_17_43.owl_functional.owl,12598951,5277018,17875969
approximated_7153eb66-1776-4b1f-8794-6923eaffcc92_lusuniprot.owl_functional.owl,599718938,598134120,1197853058
approximated_c346186a-6c77-4f02-9128-4721483e1385_gfobasic.owl_functional.owl,16014899,4488394,20503293
approximated_89478caf-3fd8-45d5-a6b4-7effd7ea03af_a3_v1.owl_functional.owl,10269825,3781578,14051403
approximated_8e82fac1-558f-4037-8c9f-b328aa6e7792_testperson.owl_functional.owl,15383618,4924791,20308409
approximated_a889234c-d8d4-4255-a42a-da52583c099a__versa_new.rdf_functional.owl,20923682,32239149,53162831
approximated_4a63a1c4-4c30-46fc-bfd5-0478ce11cd59_npto.owl_functional.owl,13040480,4962048,18002528
approximated_006e2e4a-a591-4fe7-bc5c-c3c7aa334409_Kettle.ttl_functional.owl,15020740,4449936,19470676
approximated_bbde113a-a225-44bf-b281-cc2d44c9fa70_MScProgram.owl_functional.owl,17211593,6311154,23522747
approximated_kb-owl-syntax-unraveled-depth-4-km-relevant-cardinalities-disjointness-triggers-constant-classes-relation-axioms-value-nominals.ofn_functional.owl,642265149,1453436263,2095701412
approximated_06ed90ea-d471-4e7c-9eb5-edf92ac77841_transistor.rdf_functional.owl,13364802,3809019,17173821
35936f55-68ee-48e8-86be-25117b64e105_vegenomics.owl_functional.owl,15327453,1401287,16728740
approximated_e94042d2-3513-4cfd-a335-755c4ca94315_matrElement.owl_functional.owl,137613510,252029682,389643192
approximated_nifcell.neuroscience-information-framework-nif-cell-ontology.14.owl.xml_functional.owl,84673117,168989248,253662365
ef81bd3e-23ca-4e64-a01d-7d1929968ebb_KategorieArme_functional.owl,13074241,823756,13897997
ac1cc3b1-d518-47bd-ae1b-7b60982dd482_rinusensfm.owl_functional.owl,302035698,657341601,959377299
2e4ff4da-e440-4a37-9a66-f7ad39c0bed5_nverzeichnis_O_functional.owl,13110880,824044,13934924
approximated_1b3d0d10-70ae-4229-bf10-94ee52a3208e_codkernel.owl_functional.owl,13610212,5792893,19403105
160b40f0-608b-462a-bf5b-852b13a1e1b6_nnotations.owl_functional.owl,9967363226,6348750019,16316113245
34586ad8-1308-48de-aa2f-157276f2cfd6_litaryUnit.owl_functional.owl,21619674,2323363,23943037
approximated_kb-owl-syntax-coreference-IDs-km-relevant-cardinalities-triggers-constant-classes-value-classes.ofn_functional.owl,1123959097,1702062430,2826021527
approximated_d8a4e012-e00b-4e09-a794-44d148dbcc29_icCompound.owl_functional.owl,128946285,215399038,344345323
approximated_aba681d0-0eb0-4c34-9a2a-bdfadf3194fe_onto.rdf_functional.owl,18860294,4787715,23648009
approximated_5e01bc1a-0856-445f-88ca-a35fa31982e7_ossAnatomy.owl_functional.owl,60654755,96108445,156763200
approximated_7d5dc985-6d23-4a29-83e6-623123780bcb_FN1.17.rdf_functional.owl,21324144,5260337,26584481
approximated_51f86d59-f63a-4c08-bccb-f555f70fe26c_ance_motor.rdf_functional.owl,13245317,3701787,16947104
approximated_5c4b9aff-8174-4201-929c-c3e5eaa1d386_domain.owl_functional.owl,24170899,11025718,35196617
approximated_kb-owl-syntax-unraveled-depth-2-cardinalities-disjointness-triggers.ofn_functional.owl,659975409,1603982610,2263958019
approximated_425c48fe-2b7c-4899-a58e-51753e9f899a_a_Types_RM.owl_functional.owl,103481032,6535212,110016244
approximated_5de33645-69d5-414b-be89-f97b3387feec_logen_lamp.ttl_functional.owl,72800265,3800445,76600710
e32b6c51-d400-4298-b88f-70692d819ba4_func.owl_functional.owl,18919401,7878880,26798281
ebe2450c-26f4-4ea6-9b23-813ad97feba6_FuGO.owl_functional.owl,76110516,4536106,80646622
fbbi.biological-imaging-methods-ontology.13.owl.xml_functional.owl,18533563,28470289,47003852
approximated_8742ada9-a2c2-4098-b3a2-684dcee22e29_EASE_functional.owl,96997364,10507784,107505148
approximated_e38eb8dc-30e0-4b6c-93ea-811430c34b56_vocabulary.owl_functional.owl,69538214,4754040,74292254
approximated_9240474a-6392-45d1-9f63-58a6c3353da7_curr.owl_functional.owl,13001291,12115980,25117271
approximated_85b0accb-f69a-4046-b346-949dc5bbbbca_mbing_shoe.rdf_functional.owl,60169080,3854273,64023353
approximated_c607fcf9-8fe8-44af-8f85-ef83afcc989f_Green_sauce.rdf_functional.owl,18553234,3869272,22422506
approximated_b49d219b-6ece-4bf7-b78d-bd7d7b04bccb_oQual.owl_functional.owl,20255975,16881965,37137940
085b1f67-63ec-4cab-95e9-3edf96c30fa1_eriofamily.owl_functional.owl,408534691,1006667803,1415202494
approximated_b7461126-8fac-4c8f-8cd8-01b11cee3fd3_graphexample1_functional.owl,17970155,7689554,25659709
96be13bb-63ca-46f1-a747-469a05169061_onLanguage.owl_functional.owl,10493605,788000,11281605
approximated_kb-owl-syntax-unraveled-depth-3-triggers-constant-classes-relation-axioms-value-nominals.ofn_functional.owl,383363250,934526894,1317890144
approximated_0d994750-6bfe-47c6-a7bf-da05e3715e27_Dibber.rdf_functional.owl,15067791,3749307,18817098
approximated_03d72568-33ff-4d54-9263-37fe0dcdfacd_pizza.owl_functional.owl,19802406,12877231,32679637
2958d6b1-c072-4abe-a1ff-fc5d3a69bcdc_pathway.owl2_functional.owl,25658386,50723104,76381490
approximated_3d079c85-a470-47c4-aea5-f32f46e7b770_har_ladder.rdf_functional.owl,15197253,3811367,19008620
approximated_1883931d-6084-4f3b-80f7-87a12489c66f_iao.owl_functional.owl,13978365,4642976,18621341
approximated_53bcedfd-f21f-494a-85c0-968c8d665814_ing_Device.rdf_functional.owl,8597766,3668832,12266598
approximated_ea2a8aa3-8934-4c4a-ab4e-1cfb24e2a8cb_alResource.owl_functional.owl,139399378,216960958,356360336
32d93cb3-cf1c-4b92-9030-4279a16d707a_pato.owl_functional.owl,40060245,70911481,110971726
approximated_kb-owl-syntax-unraveled-depth-3-cardinalities-disjointness-triggers-constant-classes-relation-axioms-value-nominals.ofn_functional.owl,737069935,1538219451,2275289386
mpath.mouse-pathology-ontology.16.owl.xml_functional.owl,31504348,46744844,78249192
approximated_0885110c-208d-454c-abe3-1073aac798b7_Cadmium.ttl_functional.owl,12080530,4696617,16777147
approximated_spo.skin-physiology-ontology.1.owl.xml_functional.owl,24762444,33116329,57878773
approximated_dad7204f-b785-44e2-88c1-24686bb986a9_universita.owl_functional.owl,12767444,7544929,20312373
approximated_3340497e-a27d-456c-aa4c-442e92cf4aac_chemistryv2.owl_functional.owl,15233287,8102951,23336238
approximated_618a70f7-74a5-4ba0-a6e1-42c61639c2db_ndVolcanic.owl_functional.owl,136817675,223372168,360189843
approximated_bf69d67b-c680-4432-b900-5babae5e047b_e_ion_trap.rdf_functional.owl,11294495,4176112,15470607
ff70435c-1e7d-4c62-abdf-ae3d57c593bc_t_trait_xp.owl_functional.owl,36158449,10201351,46359800
approximated_34d4c73a-3281-45d4-8f95-8211bc911b37_onto.rdf_functional.owl,17928901,6386997,24315898
approximated_kb-owl-syntax-unraveled-depth-2-km-relevant-cardinalities.ofn_functional.owl,387799559,976480313,1364279872
approximated_51231366-a9f6-47bd-93e8-4ccde654e74a_onto.rdf_functional.owl,14733097,3963810,18696907
approximated_957eb477-9800-4d8f-957b-c059ece71206_Submarine.rdf_functional.owl,11740604,3881119,15621723
pae.plant-anatomy.13.owl.xml_functional.owl,55376908,120534208,175911116
approximated_04769434-d3d4-4a59-83bd-0868261b8257__and_chips.ttl_functional.owl,15146177,3700888,18847065
approximated_7af8f9fc-8b20-4e41-ae3d-32c39d4da88a_ategorical.owl_functional.owl,135207991,217097441,352305432
5f90abfd-c51c-4181-bc46-febdcf01bb86_s_musculus.owl_functional.owl,357470877,822614838,1180085715
approximated_15a0c09c-4b75-409b-88a1-c8991f10d9ae_sistent002.rdf_functional.owl,85729366,17339064,103068430
approximated_9eff1c37-8ba9-4312-9fc4-dd31a592afdb_dsolutions.owl_functional.owl,76794900,6092370,82887270
7fb1eaac-d252-45b1-83fe-bf3a4df6eb5c_quality_2.owl_functional.owl,81511671,84670337,166182008
approximated_58c5f93a-cd4d-4ea2-a093-b03506af3a88_onto.rdf_functional.owl,80468534,5380780,85849314
approximated_5194341f-60ed-4eca-a54f-09d9b1efa1a5_sulo.owl_functional.owl,68817412,10770825,79588237
dee1017d-a6e6-46d9-8e7f-454ebb8b3177_KategorieHals_functional.owl,51440367,808926,52249293
kb-owl-syntax-unraveled-depth-0-constant-classes-value-nominals.ofn_functional.owl,148722526,365272369,513994895
approximated_d0a8ecdd-1935-47f8-b930-d024448e135d_ndVolcanic.owl_functional.owl,142985914,217544337,360530251
approximated_4943657d-8383-43f7-becf-95ef094ca74d_tsverylite.owl_functional.owl,23622623,18494353,42116976
approximated_f32c1ea2-7ec2-40e7-aed1-a7c29a1bb15a_morphology.owl_functional.owl,136921876,218011860,354933736
approximated_78a8d31c-b495-4657-85ff-3a2fb26303c3_sportation.owl_functional.owl,132170448,225865598,358036046
approximated_58e89d1e-8324-4291-a160-2d09cde67b1b_F_GrossAnatomy_functional.owl,161440595,332783314,494223909
approximated_c24b2d81-70e4-43a9-a36c-83c0aff3e54c_Device.owl_functional.owl,21100185,11728694,32828879
17384600-187e-4e93-b21a-51a2bf5f99c6_fOnlineAccount_functional.owl,13118399,942252,14060651
approximated_3a3735b7-ac47-41db-916e-f3ed4b200491_ethodology.owl_functional.owl,131981916,216235184,348217100
approximated_1001d21a-d72d-46aa-9334-93e88dfdc785_owfin_tuna.ttl_functional.owl,11599147,3911718,15510865
approximated_38aac816-37ca-4141-92a4-ea5c549e7b6e_plgrid.owl_functional.owl,15252895,4508009,19760904
approximated_027c3f06-12a3-4c44-b72a-d16ad84f3fb2_omrse.owl_functional.owl,18054581,7076660,25131241
approximated_627a31a7-4298-4981-8477-15d3abb8a425_ColbyJack.ttl_functional.owl,13418586,3783213,17201799
approximated_kb-owl-syntax-unraveled-depth-3-km-relevant-cardinalities-disjointness-triggers-constant-classes-value-nominals.ofn_functional.owl,652425864,1505660648,2158086512
approximated_00600.owl_functional.owl,52774487,106933321,159707808
approximated_982e6c34-d0a2-432f-8c41-f5e86c68593d_ray_system.rdf_functional.owl,15583967,3857040,19441007
approximated_7f8a70f4-adf9-4ddc-8e36-ca56da3baa5b_PaulFisher.rdf_functional.owl,18900337,2878793,21779130
approximated_05171728-a50a-4215-b79f-ac87d6573460_sion_valve.ttl_functional.owl,13999799,4084961,18084760
approximated_140eebe2-e7ec-4e3f-818a-6d17cb63a6e6_Design.v18.owl_functional.owl,20310049,8207717,28517766
approximated_7ab5d4e4-5f9e-4865-883d-496db148d6a6_edgeDomain.owl_functional.owl,142694829,261450934,404145763
approximated_535ea4fb-1fd6-48a0-8f8a-de4ecdd731cb_enReaction.owl_functional.owl,155596460,249800643,405397103
approximated_kb-owl-syntax-unraveled-depth-1-cardinalities-triggers-constant-classes-relation-axioms-value-nominals.ofn_functional.owl,473187357,1159983173,1633170530
approximated_58c349d2-f026-4757-8041-324a96234671_c_20090227.ttl_functional.owl,17618272,12323225,29941497
approximated_850c542b-dbfb-4efc-a836-f5f70b9d64d7_voag_functional.owl,14565182,6524890,21090072
approximated_9788b8e2-2d1b-41a0-a55c-404b7b99d167_cose.owl_functional.owl,16659064,18820428,35479492
approximated_249dc7c2-d0d5-4e12-bf9f-900fcb07a31d_mtq_100302.owl_functional.owl,24895798,21538661,46434459
tads.tick-gross-anatomy-ontology.9.owl.xml_functional.owl,33834086,49478747,83312833
approximated_39e1a33b-3300-496b-947b-4c0219deac6a_eHierarchy.owl_functional.owl,22160187,11194544,33354731
approximated_04781b68-fccd-474b-8e82-57919f0fc453_mergedtbox.owl_functional.owl,1307470669,3198899861,4506370530
approximated_3c39605e-cdc8-4a06-8a58-d96dffb19978_dMesoscale.owl_functional.owl,177693937,215908498,393602435
approximated_2555a3d6-8150-488c-a4e9-021d045f7597_Halibut.ttl_functional.owl,8831624,4083898,12915522
approximated_b4703d2b-b38e-4f43-ab76-8ae727231f4f_Abalone.rdf_functional.owl,12129036,4601805,16730841
approximated_9e92276b-c200-428e-87b0-87342e9c5b66_mbeuniprot.owl_functional.owl,195325265,154722527,350047792
approximated_b20e3b09-3338-4380-a8c5-6710afd23b74_Albacore.rdf_functional.owl,10760605,4248739,15009344
approximated_97585962-0109-4569-9640-b2ef570e6483_roPlanDMWF.owl_functional.owl,19899327,8599783,28499110
approximated_96f9e868-e40c-46eb-a737-a7037a4eb29e_esallinone.owl_functional.owl,17363942,5103876,22467818
approximated_44487e0b-5833-4d9c-8488-d3f9694b0167_ppi_cheese.ttl_functional.owl,14986560,3691692,18678252
approximated_02e1f75c-7845-4a67-ac70-b1d5e7019c9e_DUUL.owl_functional.owl,17543009,5377707,22920716
gro-cpd.cereal-plant-development-ontology.1.owl.xml_functional.owl,11193192,12007615,23200807
c3d1968e-05da-4f87-9d6f-e997a5d2e5e4_ECO.obo_functional.owl,16863953,13984181,30848134
approximated_4b6b077e-f597-451d-8f9b-8c10af255795_ctile_iron.ttl_functional.owl,13370246,3703785,17074031
approximated_c40dc958-2379-4693-993e-adb018c6dd21_matrAerosol.owl_functional.owl,137143771,212783437,349927208
approximated_407b6116-0910-4eb9-ab5a-e025ab2bba5a_Provenance.owl_functional.owl,141441234,247985142,389426376
approximated_8f22b06c-d915-4682-be62-695cdd75abf3_atomy_2010.owl_functional.owl,115930197,264073952,380004149
approximated_12d6903a-ab7d-4d2e-8a0b-c9b97efea74c_tourism4.0.owl_functional.owl,12159384,10369412,22528796
approximated_6cc9fe62-084c-4280-b815-781d2125d601_emDynamics.owl_functional.owl,28514547,25327008,53841555
approximated_kb-owl-syntax-unraveled-depth-4-cardinalities-disjointness-triggers-constant-classes-relation-axioms-value-nominals.ofn_functional.owl,917483474,1525608153,2443091627
approximated_b26f4b16-c8ca-4a93-a5a2-afb9c0fbdea7_Taximeter.rdf_functional.owl,16931754,3844076,20775830
approximated_70d403b4-2260-4155-a10e-9fbfe3e668fd_n_concrete.rdf_functional.owl,15167807,3779738,18947545
approximated_dd195e23-4188-481a-bac0-4cc7c80291c6_onto.rdf_functional.owl,15505412,3906364,19411776
approximated_2ed96c57-de69-4d4a-ad8c-1cddfdb6b368_information.owl_functional.owl,19910353,13120330,33030683
approximated_5ac4f9e9-27d7-400b-ac8a-034a9cf8b398_PaulFisher.rdf_functional.owl,18894602,2970367,21864969
approximated_6356d46d-a7de-4f64-934f-ced27ee6db0f_CategoryProject_functional.owl,10057409,1918911,11976320
approximated_306ba04f-5f44-4e6a-a863-e1521afb6bbc_Esquites.ttl_functional.owl,13278026,3762760,17040786
8b66d188-ced4-4dd6-96eb-967532065f4c_nboel.owl_functional.owl,37809829,63142658,100952487
approximated_00425.owl_functional.owl,762082010,2210252417,2972334427
approximated_114c09bc-c3e8-4003-845a-fda40d7b1837_mtq_091216.owl_functional.owl,23743699,21854594,45598293
carelex.content-archive-resource-exchange-lexicon.38.owl.xml_functional.owl,14679261,15864903,30544164
approximated_6b673c91-ba26-4ee2-af71-e466cbf101f0_Autogyro.ttl_functional.owl,16533429,3997641,20531070
approximated_00624.owl_functional.owl,24206944,46174303,70381247
approximated_596e1b3f-9e12-4e84-9358-7a8611d68b20_mboo_shoot.rdf_functional.owl,10387720,3683447,14071167
02848000-8a45-4114-a9ea-0b062dcc27b4_sh_anatomy.obo_functional.owl,244103411,536245852,780349263
approximated_6763daf9-bab0-49dc-bd74-3148e5714003_metafor.owl_functional.owl,19780338,10975007,30755345
00149.owl_functional.owl,19493144,9615614,29108758
approximated_99f284e8-dd16-4c55-beab-356c86876f76_SPATEL_OWL.owl_functional.owl,16285468,4993131,21278599
approximated_272bbe94-ce2d-4441-a87a-c1c3f30e2c70_ontinental.owl_functional.owl,128229125,212050010,340279135
approximated_205a10c4-613c-4fda-9e5c-a0c8ef9f98c1_Statistics.owl_functional.owl,129116045,215237124,344353169
approximated_187a12d6-6632-473e-9aa7-906e4412d4c7_siodev.owl_functional.owl,52725523,98266901,150992424
approximated_249c3823-e45d-4881-b9fe-6f38598c8238_inOntology.owl_functional.owl,32335001,35126739,67461740
approximated_13f8e913-fb05-443f-8952-4a27703d8f16_eSemantics.owl_functional.owl,13744557,13178947,26923504
approximated_656ae802-9d60-43ad-8b68-2ebe1537317f_rts_washer.rdf_functional.owl,9103890,3771605,12875495
approximated_3c2609a1-5c16-4fdd-b618-3da2f21e861e_Burrata.ttl_functional.owl,13204520,3661345,16865865
f2c0e1a2-ce56-4674-9931-2619c6b0c014_gleIBridge.owl_functional.owl,20662191,2611639,23273830
approximated_00158.owl_functional.owl,17998496,12943458,30941954
f8abba8e-c48c-4d28-ae15-050fb76d9ef2_wbbtmerged.owl_functional.owl,284308348,693990237,978298585
approximated_07fd60cf-95b6-4481-ac49-1911e30d1b28_Sauerbraten.rdf_functional.owl,17202249,3936892,21139141
approximated_bridg.biomedical-research-integrated-domain-group-model.1.owl.xml_functional.owl,110317102,89940599,200257701
approximated_3b4e270b-0efb-471f-b7b8-a8a4578e79ce_ter_wrench.rdf_functional.owl,10157352,4003963,14161315
approximated_03cf6bd3-992e-49ac-9c70-9819434059f9_IMR_functional.owl,240959436,572677643,813637079
approximated_58c23c9e-5d2e-4990-bbe0-0fc8c12de47f_1_20090714.owl_functional.owl,107425484,195415448,302840932
approximated_1a6cb2a3-20ee-4cae-bb82-21bfe2937597_onto.rdf_functional.owl,16033611,5015904,21049515
approximated_00463.owl_functional.owl,385995292,1022416080,1408411372
46385dec-a0c9-488b-9e01-6d4ef93602df_ntic_MediaWiki_functional.owl,16007268,1222380,17229648
approximated_81219363-c5d7-4481-8e47-e7ba9246d43f_thFunction.owl_functional.owl,133546399,214384942,347931341
approximated_992c3558-9cab-4fa1-9e8e-8fe59090c0f7_food.owl_functional.owl,15650920,3675114,19326034
14233960-0c0b-4d11-a337-a1b2cafd283f_animals.rdf_functional.owl,11148116,2908774,14056890
c6907ef3-a626-4b34-a474-15a4563b7f29_ish_label.rdfs_functional.owl,24039370,6831990,30871360
approximated_355959ae-249b-41b5-abdc-98450400a847_l_detector.ttl_functional.owl,16807925,3743488,20551413
1508dd36-1e8c-4c5a-8b37-1485d72d4d4d_onto.rdf_functional.owl,14222950,1844669,16067619
approximated_8730ed08-87ab-4c67-b77e-194790ec6e1c_mplegraph4.owl_functional.owl,15785951,8132719,23918670
approximated_0b1ba529-8cbb-48cc-a7ef-4e9487f0abdc_odWorkflows.owl_functional.owl,16117792,14243399,30361191
approximated_kb-owl-syntax-unraveled-depth-0-cardinalities-disjointness-triggers-constant-classes-relation-axioms-value-classes.ofn_functional.owl,429982949,949368928,1379351877
542c3456-ee77-4d9a-8e64-0b27e3b4d07d_od.obo.CURRENT_functional.owl,67432330,162681141,230113471
approximated_00572.owl_functional.owl,1554853674,4275217435,5830071109
approximated_78451a18-f191-4d7e-b5a1-29e4122d1945_ic_wiki_engine_functional.owl,3549190,1918395,5467585
01604f5c-bb75-41a2-8535-6eb587f4ef5b_egoryRdfsClass_functional.owl,12559315,1004171,13563486
61c75996-d58f-4f38-9194-56b4eb323c91_nnotations.obo_functional.owl,50783394995,1.54151E+11,2.04934E+11
approximated_34dc44c0-4c1e-44a2-95e3-e737055799cd_algroupcomplex_functional.owl,18000614,8816472,26817086
e9d909e9-7eb0-423f-a30c-46e93f6c4fc5_Bridge.owl_functional.owl,13649203,2061280,15710483
approximated_0a180fe0-e0ae-47bd-a865-897aeacbde7b_Band_clamp.ttl_functional.owl,17131123,4283329,21414452
approximated_61fdfa0e-19fb-4532-95d7-5cf3f31bc7a8_commodule.owl_functional.owl,34457346,39694364,74151710
approximated_2bfb980f-3e77-4bf6-8bc4-c40c58b570d2_blue_brick.ttl_functional.owl,22305605,3981353,26286958
approximated_7d5eb28f-0fed-49ce-94a9-affb64592379_ossAnatomy.owl_functional.owl,66795509,107879584,174675093
approximated_0d8cf748-ea92-48b3-8f4d-e541ad0175b6_H_Ontology.owl_functional.owl,22788518,14341403,37129921
approximated_10be2e27-bf7c-45cc-95e0-a629c08154cb_paceHeight.owl_functional.owl,132329318,212223401,344552719
approximated_483b0c9f-4e51-44b9-ac74-45b98b220235_Content.owl_functional.owl,19775241,11382084,31157325
approximated_2d3fe813-bca1-4ae9-86f9-af3f657b01fc_Currywurst.rdf_functional.owl,9981593,3663930,13645523
approximated_ad59eb37-5a1c-48e8-8165-fe5a2926af37_home_care.owl_functional.owl,28260360,40349960,68610320
ada6506a-6283-425e-b6a1-66e8a96de4ba_onto.rdf_functional.owl,15674054,1531077,17205131
44330bff-39af-4502-a54b-1d284e63ce2c_L2011IJCAI.owl_functional.owl,9739461,1021095,10760556
892bd871-f78a-4256-b36a-3a48bd821b7a_pomerged.obo_functional.owl,57501526,119931962,177433488
approximated_6b13038d-c401-4fd0-a842-a57d57b30d1c_ack_cheese.rdf_functional.owl,9630662,4091142,13721804
approximated_00589.owl_functional.owl,31088960,53221808,84310768
approximated_4a257f07-8a3c-4f2d-8473-cc641ebf332f_202onto.rdf_functional.owl,12386341,5109099,17495440
approximated_81e8eb63-b9fe-4c50-b8fc-ec200fea1969_spinbox_functional.owl,15282173,3759277,19041450
approximated_3522454f-84c9-44bc-9818-fc017a5d625b_lenprotege.owl_functional.owl,1062282465,3100803034,4163085499
approximated_846b1650-0bea-4773-9cc7-209cba74e0c3_iensModIDs.obo_functional.owl,6177811832,13928998274,20106810106
approximated_e809d2cf-cae2-466d-8332-0dd4dd8a8948_roo_120730.owl_functional.owl,59286584,27927732,87214316
approximated_538312fb-d34d-425d-8089-e4376155285b_Adze.rdf_functional.owl,14822026,3671784,18493810
approximated_8c4cdea1-efc1-48f0-a6bb-853ce4584bb3_nseMapping.owl_functional.owl,32679068,24734870,57413938
approximated_c76c2bdd-aa71-43b5-82fb-b3d9339765ee_FN1.52.owl_functional.owl,21345374,8483497,29828871
approximated_kb-owl-syntax-unraveled-depth-2-km-relevant-cardinalities-disjointness-relation-axioms.ofn_functional.owl,831770466,1454758025,2286528491
approximated_a52c4dbc-1f0b-4cc6-9b2d-197999f58bb6_lmLandform.owl_functional.owl,144182209,248099302,392281511
approximated_2c877282-9a4c-42bb-8e5b-1bc1b5093595_Snickers.rdf_functional.owl,17101919,3670305,20772224
approximated_07ef0c71-e573-418c-96d2-8b0d305d185b_Tool_steel.rdf_functional.owl,12259693,3696847,15956540
aabf4d5f-4834-4bcf-b163-89e5a10af317_blinCore3b.owl_functional.owl,19522833,2227194,21750027
approximated_aec32960-eb0c-48d7-be31-9a175bf06f0e_latest.05.owl_functional.owl,2136581968,1288412088,3424994056
approximated_ffbfeeb2-6b05-445b-84e2-2342f461b5b0_blicazioni.owl_functional.owl,18400348,7773057,26173405
approximated_755639da-86d5-458d-b3cf-1d90b8bce979_concept.owl_functional.owl,11673688,12843105,24516793
approximated_8a911956-6d26-4bb5-b8ed-c595ad13a9b1_Helicopter.ttl_functional.owl,15132374,3809077,18941451
approximated_6ad726eb-5d8e-4439-b5f2-1662aece84e1_olia.owl_functional.owl,29688392,50372681,80061073
approximated_35541d57-2960-4b50-b081-4cdd1e142706_Design.v21.owl_functional.owl,16365944,8996989,25362933
approximated_83d6b78d-7f91-4710-9b23-dbe82b2e2858_Air_caster.ttl_functional.owl,9794874,3669911,13464785
800c5de6-4e11-429a-890f-c6d1bfcbd66b_6_OMNIA_v6.owl_functional.owl,22461161,38395061,60856222
approximated_dd82f90f-c96e-4a64-a322-2d3957551398_escription.owl_functional.owl,14452405,8199918,22652323
a5a02cb7-98c8-458f-9a50-8b8e6cd2a691_npddb.owl_functional.owl,32762509,28974501,61737010
approximated_52792bba-8ad8-4953-8248-365b374254f1_phenBiol.owl_functional.owl,141898559,248693897,390592456
approximated_1ab233ac-c005-476f-95fa-61c0c7515ae2_v_1_4.owl_functional.owl,14780751,10451178,25231929
approximated_4942231e-3599-48a8-8e28-4071e68e13b2_station.owl_functional.owl,14889074,14083182,28972256
approximated_3d92dd4e-809d-4c3c-8d09-099d13f8a7f6_locomotive.rdf_functional.owl,14366843,3669731,18036574
4b9cbbe9-fe50-4102-bc33-18996083982e_csontology.owl_functional.owl,20359141,6253055,26612196
approximated_kb-owl-syntax-unraveled-depth-2-cardinalities-disjointness-triggers-relation-axioms.ofn_functional.owl,656091595,1671444855,2327536450
approximated_1170809c-20e6-4ec1-a1ca-369b51903587_briole_leg.ttl_functional.owl,14188595,3716379,17904974
approximated_b349d09e-c1e1-4ec2-bc52-a3efcc8592f0_lock_valve.ttl_functional.owl,12714318,8514537,21228855
approximated_08e5998d-85af-4214-bb8b-977fffb4f9ff_gfobiometa.owl_functional.owl,21129796,18099611,39229407
approximated_b220109f-5329-4c92-9c97-7b159fbf1c48_old_1_7_13.owl_functional.owl,16937093,15853377,32790470
approximated_130ba1ab-dee1-4103-a46f-1f7d85ebfa6b_space.owl_functional.owl,86488275,160108703,246596978
approximated_06961bda-01e1-471b-849e-ffbadfcc4834_Rotor_kite.ttl_functional.owl,105859353,3953614,109812967
approximated_565a4206-e75d-4de4-a26d-bcbc0f9ba100_torDefault.owl_functional.owl,25853682,7343773,33197455
approximated_48010144-6df5-4221-b76f-bfcb30425879_nteraction.owl_functional.owl,54016400,23302102,77318502
3899158a-340c-4393-8c05-520ac6bd9520_ephenotype.owl_functional.owl,302888307,536887709,839776016
594f6064-cad9-4aa3-a8d9-8fac2d0a96b7_r_anatomy.owl2_functional.owl,24892273,41726261,66618534
approximated_dc8c05c2-5b98-4a2c-b67a-81413137d40b_IO_revised.owl_functional.owl,55599428,84485125,140084553
approximated_51ca7cf3-5fae-4397-a007-ddf7ee86e201_oilspills.owl_functional.owl,17931301,10644008,28575309
approximated_kb-owl-syntax-unraveled-depth-1-disjointness-triggers-constant-classes-value-nominals.ofn_functional.owl,722383460,1646599265,2368982725
approximated_b4f80460-412f-496b-84fd-5d3a3672dde5_ation_mark.ttl_functional.owl,11199129,3868853,15067982
49ec3026-11a9-4fa3-89ac-bfb89a5f525f_goslim_pir.obo_functional.owl,25359585,37825500,63185085
5322fe0e-6a88-4d3e-a8fe-337c2d6d8077_eKrankheiten_V_functional.owl,10244550,845534,11090084
09e56d2d-e978-40b2-ae38-7571c5bd69ae_instrument.owl_functional.owl,16418753,6076351,22495104
approximated_ontokbcf.ontological-knowledge-base-model-for-cystic-fibrosis.3.owl.xml_functional.owl,21943613,146390739,168334352
e265c5fb-b7e3-4519-9363-b04783cc3c6a_ezeichnungen_C_functional.owl,8450884,792094,9242978
approximated_c1afb247-6221-4a9a-9c21-67c4b92ea58e_ron_import.owl_functional.owl,128314690,322763731,451078421
approximated_6f660a9e-d964-4804-b2ce-1f8ff7634388_mbeergeist.rdf_functional.owl,15470342,3742792,19213134
approximated_3e71db9d-ab27-4cc8-992d-124c295205a6_lbo_cheese.rdf_functional.owl,21065588,6499290,27564878
approximated_45da5baf-f229-41ec-8cfc-cca3176a5c3c_Geospatial.owl_functional.owl,150154560,254669049,404823609
approximated_18a9a135-cd5b-4048-9ef9-3cfaeadcc1b8_Bublik.ttl_functional.owl,14722408,3676035,18398443
approximated_634a1d7f-a9f2-499a-a198-c43806b80fc6_Oscypek.ttl_functional.owl,4638443,3746876,8385319
approximated_7322892e-9cfd-45c5-abef-7f337bac26c3_Potbrood.rdf_functional.owl,15990358,3655754,19646112
055e9980-d5ac-484f-bfcc-b62b0135b80f_imr.obo_functional.owl,278446870,583002895,861449765
approximated_3e6405ca-8f7d-467b-9783-ea83babf3691_owl22codo.owl_functional.owl,95787026,26198625,121985651
approximated_8eb6df8e-12ef-47d0-86d1-ce94b1f3bdca_Milbenkse.ttl_functional.owl,102471372,3816097,106287469
approximated_11f2e44e-1395-4ee6-8567-1079a4c85714_siocore.owl_functional.owl,41867037,60927576,102794613
approximated_6356f200-49a0-411f-9eb0-c97c2af46963__sprinkler.ttl_functional.owl,95631019,3695236,99326255
approximated_23b5dcc1-de6c-42b4-8b2c-dd93e552a9bb_Quickdraw.rdf_functional.owl,17419061,3619905,21038966
approximated_af35aaa9-7096-417d-b654-4fd7f84ddde6_Rumtopf.rdf_functional.owl,15657772,3640531,19298303
approximated_cae5a20a-41c3-4928-aa21-79786a69389f_sfb632link.rdf_functional.owl,35969062,61937509,97906571
approximated_2ad2eafd-b51f-4aac-a7df-28f0e0977b6d_PaulFisher.rdf_functional.owl,148097405,17878608,165976013
70ac7a75-12ff-4f63-a681-79baab8399c3_TopoCarto2.owl_functional.owl,121580580,40283375,161863955
approximated_7cc95e47-1688-448e-82da-fa364e336de6_Eternit.ttl_functional.owl,87133575,3808280,90941855
approximated_4adfcff0-50d9-4eea-a3da-f0131b91902a_COSMOtop991.owl_functional.owl,623918699,846015000,1469933699
approximated_6557a271-1ae9-4d61-89da-b31e6f0f7070_Conch.ttl_functional.owl,16966480,3840343,20806823
approximated_a8ccbbf6-11b0-4919-878c-bf928816a068_stateEnergy.owl_functional.owl,133727673,217081586,350809259
approximated_0997ce5e-8c09-4948-9661-862bf165398f_Olive_oil.rdf_functional.owl,17259554,3694393,20953947
c3ebb8aa-1b81-451f-bfb9-1ecc4c156660_e.obo.PREVIOUS_functional.owl,717456145,1399558889,2117015034
6a9ef59d-18fd-4086-a639-c2b23b00d083_anuary2007.rdf_functional.owl,10508159,1597622,12105781
59442193-d053-44e2-82e9-2561fa0555be_l_release.rdfs_functional.owl,13795422,6655209,20450631
approximated_de2a4f68-eef1-4a43-b633-0dcfeef5efde_Geographic.owl_functional.owl,137767824,249123757,386891581
approximated_03734053-d4a6-4f43-96bc-1d66a3ec763e_mtq_091217.owl_functional.owl,19175758,22446595,41622353
approximated_4c284651-c63f-4cc5-9ac2-eb8dc4655a80_FN1.16.rdf_functional.owl,11695859,5038926,16734785
approximated_0257b687-cee5-4e5d-a63e-014574992c3a_PaulFisher.rdf_functional.owl,17583608,2952007,20535615
approximated_16e97dae-2dea-40c4-82c1-fdf7ae270400_Galo.ttl_functional.owl,14708856,3966003,18674859
approximated_77d10aff-dc32-4635-a080-f8ba0560c871_s_odvozena.owl_functional.owl,12686756,1638529,14325285
approximated_2d3b0faa-f844-406a-ba99-57ccecf9caa7_uniprotpro.owl_functional.owl,1013812691,2669131922,3682944613
approximated_d072d130-da53-40a3-a616-59642617ccc3_M4L.owl_functional.owl,15999888,20739420,36739308
approximated_2cc0c6b4-0a07-432b-89bc-8e76b411cd2c_pture_disc.rdf_functional.owl,16117529,3651768,19769297
approximated_dc484b4f-1ff3-425c-ad45-118042b57d3d_lar_marker.ttl_functional.owl,14329365,3646446,17975811
approximated_81a38c30-8760-47b9-8363-87ea3e73ddf2_dulplus.rdf_functional.owl,23625424,25829636,49455060
76eb1013-0fc6-4d0b-9c7d-93c088b5706f_phylobase.owl_functional.owl,29331415,37587962,66919377
approximated_00515.owl_functional.owl,68147890,165807466,233955356
approximated_USDA_sr25_NF0_20.owl_functional.owl,169517384,54750862,224268246
approximated_07cb36ef-d60a-4533-a4be-a79205af776b_Microbiota.owl_functional.owl,39112104,54604885,93716989
approximated_3cf1dc73-4a16-4718-ab8a-1831cc9fe7cf_stateEnergy.owl_functional.owl,131398920,215184431,346583351
approximated_56baf981-3699-4532-b964-60238d2dbb13_cm2.owl_functional.owl,17291856,5159505,22451361
approximated_dde79c88-9924-46c0-87cd-0105b70f996c_ndaryLayer.owl_functional.owl,134407834,248971911,383379745
approximated_dcb5b759-c112-4e12-85d3-0b0c5023f4c8_de_Projeto.owl_functional.owl,23419146,35024569,58443715
ehda.human-developmental-anatomy-ontology-timed-version.6.owl.xml_functional.owl,280103984,525738783,805842767
approximated_a96f9034-eef4-425c-ad83-d30954ace75a_xd2codo.owl_functional.owl,52959535,23622001,76581536
approximated_3dffcc19-aa43-4d5f-b7c4-d87556974362_f_corretto.rdf_functional.owl,13005932,3945123,16951055
291f268e-babe-4d5e-942d-d303237603b8_mod.owl_functional.owl,62960410,165883709,228844119
approximated_9b9db4ab-8330-4d86-b62e-fb074cc72556_pingCurino.owl_functional.owl,93101731,10686237,103787968
00396.owl_functional.owl,54884113,15934473,70818586
approximated_23d1c35b-69df-435d-adc7-c0c21a79021d_Ignitron.ttl_functional.owl,11383875,4039746,15423621
approximated_7a83fc0a-214c-472c-9a8c-42796a07c007_mmer_drill.rdf_functional.owl,12269302,3652879,15922181
approximated_50e4fdc1-e860-4bde-9e48-57f9cd630ce0_Sofrito.ttl_functional.owl,20374507,4944319,25318826
approximated_9c1cae0b-5e96-47f3-8a41-8340e71a514e_PaulFisher.rdf_functional.owl,13039270,2968865,16008135
approximated_110351e7-338b-4e35-83ae-6fde2eb8c040_russia2.owl_functional.owl,19491131,12737120,32228251
approximated_f4129b0c-a25a-4522-a429-8e4fa2314a45_ativeocean.owl_functional.owl,12734525,7313915,20048440
approximated_a513e1c0-babf-4745-9c18-5055b5c3769d_Dimmer.rdf_functional.owl,11644598,3768151,15412749
approximated_db4ef685-bf8d-4997-b19a-937c6b6a4b5b_eFrequency.owl_functional.owl,127700521,210448171,338148692
approximated_3d70dac8-11e8-4612-95c5-12c7fceeca8e_Stroboscope.rdf_functional.owl,15294996,3704759,18999755
approximated_6b7a7c22-f7c0-4d88-a74b-028a0099f4fb_galen.owl_functional.owl,110842389,226517983,337360372
approximated_00629.owl_functional.owl,58473866,140718163,199192029
approximated_39dd58b3-e631-4303-9721-aded5ea26123_mond_paste.rdf_functional.owl,10062686,4025849,14088535
approximated_b2658f35-67ad-4238-94ba-b9eae3205376_composite.owl_functional.owl,13587053,6036467,19623520
approximated_1a284d14-21c0-4da4-bf17-f9b5f9b4e8b3_a_20110129.owl_functional.owl,79159679,12295683,91455362
8f3b2945-6340-4da4-a044-67b5f603b62c_balladspec.rdf_functional.owl,13294914,2778700,16073614
c2c14c7d-2246-4be9-a8bd-041317267ce0_TO_XP.obo_functional.owl,34857201,9604211,44461412
approximated_adbf8e2a-88b2-405a-a7a2-ce9a1f1045d5_cerevisiae.obo_functional.owl,999512536,2420886795,3420399331
approximated_03e8be19-cdfb-443a-a342-6dfa831324dd_onto.rdf_functional.owl,22610914,8794158,31405072
approximated_a6198c84-103d-44c1-b351-66fe1b6dbf51_JDBC_driver.ttl_functional.owl,14822932,3887524,18710456
approximated_b358bd76-2118-49ba-b177-ae8293a89285_O.owl.PREVIOUS_functional.owl,21963607,21730806,43694413
approximated_88bfa2b6-929e-4ccb-abbb-5f7f3931c921_al_process.owl_functional.owl,916976960,2834118253,3751095213
approximated_ad58f9f2-2b3a-4fa2-8946-1d69e2c18b5c_iaomain.owl_functional.owl,23429284,11257650,34686934
approximated_4a7a517d-fee1-40d2-9c24-4d7eb7301915_to_pancake.rdf_functional.owl,14785079,3687384,18472463
approximated_0ca546cc-f222-4fa9-9881-d3e43c31816b_AA_battery.rdf_functional.owl,14864683,3709834,18574517
approximated_4cb09647-90c0-4958-8679-33282833faab_TequeC3B1o.ttl_functional.owl,13007319,3772814,16780133
45578bae-6f87-4ffc-a482-3030745d677d_WineRegion.owl_functional.owl,10725708,812975,11538683
approximated_vivo.vivo-ontology-for-researcher-discovery.2.owl.xml_functional.owl,22264262,48913497,71177759
c37a5a79-7d14-42bb-b0c6-dffa6e8612d6_p_anatomy.owl2_functional.owl,201051594,94157417,295209011
approximated_7b762ac7-dc12-43f2-bd28-a77c49257f98_trSediment.owl_functional.owl,133381406,216517648,349899054
51f7da48-e020-4fbe-812d-b084ffb96732_clbasic.obo_functional.owl,61147658,162274379,223422037
approximated_00680.owl_functional.owl,388932403,1038088609,1427021012
approximated_kb-owl-syntax-unraveled-depth-4-km-relevant-cardinalities-constant-classes-value-nominals.ofn_functional.owl,348620118,860636163,1209256281
approximated_6d467ea0-5649-4236-ac6e-9b7ff73bf108__furniture.ttl_functional.owl,12954566,4026867,16981433
approximated_0852a3a7-cc11-4cc6-8672-788301bcf8c1_e_computer.rdf_functional.owl,21459048,5625882,27084930
approximated_8d57111e-c1d1-4cd2-8820-bb9795344e49_aero.owl_functional.owl,23290098,17391186,40681284
approximated_0d728006-b856-4900-87d6-4ca8a301fa12_Couch.rdf_functional.owl,10450464,4298453,14748917
approximated_734e4a0a-70c3-4106-a20d-15a85ae5e7bf_QoSOntology.owl_functional.owl,32776389,26344353,59120742
approximated_00435.owl_functional.owl,164371852,516668178,681040030
approximated_bdbcaf71-7a7f-4b2c-95b5-433e645d87a2_database.rdf_functional.owl,91336512,2934038,94270550
approximated_00526.owl_functional.owl,49067091,28269173,77336264
approximated_108e4a2b-acc2-4ac5-aa19-5506386ffac4_Pasta.rdf_functional.owl,79891399,3792333,83683732
approximated_ced80d6b-6104-4de4-b31d-2437e71a8584_neprogetto.owl_functional.owl,33108466,9793158,42901624
approximated_kb-owl-syntax-unraveled-depth-0-disjointness-triggers-relation-axioms.ofn_functional.owl,540227367,819677464,1359904831
approximated_4866e34f-4775-4938-bd27-dcc1776168b4_phenAtmo.owl_functional.owl,143396201,212806894,356203095
057f47fd-45a4-4f88-8f5b-fad1a26b4c24_mmo.owl_functional.owl,18494219,27138372,45632591
approximated_105c9b46-149b-48d7-9d54-972676ef35ff__connector.rdf_functional.owl,13340505,4175078,17515583
approximated_027cc527-79ca-4a19-96c0-8e7f8c78e07f_oboespatial.owl_functional.owl,18441648,7092391,25534039
approximated_977dd9e9-a892-4375-97a9-07e9f96951d1_n_taxonomy.owl_functional.owl,230298236,611308154,841606390
4a22b196-9a0b-4fc8-a645-c895c1d3541e_HockeyTeam.owl_functional.owl,17767705,1041315,18809020
approximated_416eff97-9628-4693-a79a-1a54e21f89de_Cupcake.ttl_functional.owl,10040635,4308954,14349589
approximated_01eeecd4-570b-4cd5-9ed5-24f6b900046d_PolicyModel.owl_functional.owl,13695587,6028535,19724122
approximated_517d7dfe-1882-44e8-bf0e-568b90c7383c_Portaledge.ttl_functional.owl,12001593,3814364,15815957
approximated_914c4ced-8eeb-4fb6-b476-cfdbb2e41252_matr.owl_functional.owl,129130192,211591379,340721571
f421229b-ef35-49f0-806b-83335f7d3a97_roel.owl_functional.owl,10529703,3459502,13989205
dac0fe4b-826c-4eeb-8a86-fd54d9b8b74e_ra_anatomy.obo_functional.owl,52551684,98093833,150645517
approximated_3995c40d-3333-4bc3-93d7-e1bbe3410c2a_AbbaZaba.ttl_functional.owl,14130761,3683281,17814042
approximated_9240cf09-fae9-40cd-a8bd-285e78f30d97_geCreation.owl_functional.owl,15501100,4469699,19970799
c003abe6-bfec-47ea-b80d-33d74dcbdfa2_ck_anatomy.obo_functional.owl,31492873,49404807,80897680
approximated_2e1adf6e-1e5b-4b0b-9f2f-ef50cfe973e7_e_stripper.rdf_functional.owl,12464782,3910514,16375296
approximated_c9411cad-c6ba-4c1f-9f18-c6409e3b7505_esg2.owl_functional.owl,67213035,17403923,84616958
03aca579-e70f-47ec-a5d4-5a80624e1ab0_1_inferred.owl_functional.owl,149911779,53159183,203070962
approximated_kb-owl-syntax-unraveled-depth-2-km-relevant-cardinalities-disjointness-triggers-constant-classes-value-classes.ofn_functional.owl,725353860,1597572120,2322925980
c4dd88ee-a40f-44ed-9ed5-3b61ba09835d_flanzenatlas_A_functional.owl,14036412,786421,14822833
approximated_012fb573-c221-414d-aca9-d85383b946e0_arb_forcer.rdf_functional.owl,15440163,4001723,19441886
mccl.cell-line-ontology-by-mahadevan.1.owl.xml_functional.owl,176118035,246750809,422868844
approximated_0c6b2602-db93-49de-a8a8-82312011cc4e_compute.rdf_functional.owl,14435164,7026706,21461870
approximated_2c7dc211-3a22-465c-86ef-ba59c709e3a0_w_ontology.owl_functional.owl,14394050,3698027,18092077
0ba9ffc7-2227-4d7e-8549-110122c9017e_PSIMOD.obo_functional.owl,61246348,165409230,226655578
50ec7747-8d72-4365-b680-5a2deb59212c_imitive2.0.owl_functional.owl,25345672,14856850,40202522
5cca276e-bfbe-4680-b464-b679d623c53c_IDOMAL.owl_functional.owl,76006304,177991306,253997610
approximated_kb-owl-syntax-unraveled-depth-2-cardinalities-disjointness-constant-classes-relation-axioms-value-classes.ofn_functional.owl,772412469,1665372784,2437785253
approximated_a6518c68-c87e-4341-8e09-d3939e153ad2_reprSpace.owl_functional.owl,166329405,250914445,417243850
approximated_dcc2e25a-d980-42d3-a2e1-afc478446175_Legal_0504.owl_functional.owl,87752185,39588238,127340423
a3052688-5243-4a2a-9638-fc393b50b43d_csontology.owl_functional.owl,105545860,6291072,111836932
approximated_835f4679-69df-480e-bdab-2f3d360dd945_rioensembl.obo_functional.owl,3515642165,7891208170,11406850335
approximated_3b6324c1-4682-42e1-b337-10a462caec6c_riouniprot.owl_functional.owl,109890407,59983119,169873526
23efc13a-666c-4501-b963-86d1e682e27a_cmo.owl_functional.owl,47734779,130744054,178478833
approximated_01d0637d-6dc0-47e0-91de-727637e94119_sit_cheese.rdf_functional.owl,24250383,5807838,30058221
approximated_79eab1a1-a17d-41b0-a817-a2eb5f0cd28a_swoogle.owl_functional.owl,11296198,3654844,14951042
approximated_60816aec-2992-4e2d-bcc5-fbaa33648d5e__Datasette.ttl_functional.owl,16768432,3898123,20666555
approximated_27a47d33-8c6a-4bf5-a85d-a3d9581974b6_Perfboard.rdf_functional.owl,18118151,3705079,21823230
f286f720-f57b-4cda-9f17-494b5ad64ea5_dreasoned.rdfs_functional.owl,33182689,33372244,66554933
bhn.biologie-hors-nomenclature.1.owl.xml_functional.owl,44450701,122654379,167105080
approximated_7a255d07-b714-4347-b56c-9db311bed23a_deprecated.owl_functional.owl,17274798,7498703,24773501
approximated_8b586584-43ec-4bc3-b88c-76fa8529685d_LMM_L1_14.owl_functional.owl,19668258,17918143,37586401
approximated_kb-owl-syntax-unraveled-depth-3-km-relevant-cardinalities-disjointness-triggers-constant-classes-value-classes.ofn_functional.owl,702987145,1511320237,2214307382
approximated_bc4bdd0a-142e-4fec-b4ca-8221dee9ad87_NTNames.owl_functional.owl,42754160,5871288,48625448
c9e5f1e0-2193-47ed-b915-3a37aafce8ea_um_anatomy.obo_functional.owl,15947923,17171869,33119792
approximated_00462.owl_functional.owl,422094551,1171731568,1593826119
ontopneumo.ontology-of-pneumology.1.owl.xml_functional.owl,38186626,56544978,94731604
0aa1fe44-aa68-4088-986b-2c97f5acd5d7_nverzeichnis_J_functional.owl,12315418,850106,13165524
1779a8c2-9250-4f50-bda3-51840cedddb3_nbo.obo_functional.owl,36578244,61300552,97878796
approximated_20a9e93f-4bb0-41f7-ac95-bcd0309d0fe1_sOntology.daml_functional.owl,15134006,5284323,20418329
approximated_151dcf31-ca77-40fa-acf7-0c7709dc1b8a_astiveFull.owl_functional.owl,16661627,4814013,21475640
a2ec6493-92ab-4113-937f-cc6b32298bf0_v_1_3.owl_functional.owl,13926964,5439314,19366278
approximated_omrse.ontology-of-medically-related-social-entities.13.owl.xml_functional.owl,10349987,6908401,17258388
approximated_0645e336-4ed9-4aa4-80b2-7f6113e50edf_ed_bicycle.rdf_functional.owl,14352768,4317580,18670348
approximated_1911642a-c7ce-4296-b89c-6607750bb07d_riopthrids.owl_functional.owl,85180018,204605615,289785633
approximated_745696ff-c8ee-445e-a771-bfcac8377419_SAO.owl_functional.owl,24897958,45904191,70802149
approximated_97feaeb5-3b63-4bb1-b6f9-9cfb1e542136_torDefault.owl_functional.owl,18297482,8581044,26878526
approximated_91ec3852-abad-4c33-9b5d-3cab6c17f816_BBC_Master.ttl_functional.owl,10621004,4531543,15152547
xao.xenopus-anatomy-and-development-ontology.21.owl.xml_functional.owl,123252799,255460467,378713266
approximated_0a7e866b-9048-43a6-92d3-357a80782d0c_lesey_Bomb.ttl_functional.owl,17445215,3837405,21282620
approximated_a16ffaaf-7d42-428a-a51a-9c936ff22dd5_tch_whisky.rdf_functional.owl,13493246,3745402,17238648
approximated_01eb52eb-c050-47e1-b9c1-c6c202a7ef9b_H_Ontology.owl_functional.owl,16014198,13351856,29366054
zea.maize-gross-anatomy-ontology.2.owl.xml_functional.owl,18175179,11325652,29500831
approximated_292ffb3f-59b1-4402-b818-760b4c5db47c_mo_sapiens.obo_functional.owl,6093189166,14403190293,20496379459
approximated_331a58a7-f39b-4553-8489-eaaa42138a26_EnzyOfull.owl_functional.owl,420056657,803928762,1223985419
approximated_9f6bd909-5bc2-49b4-b6e7-5533f83d3278_odSystems.owl_functional.owl,18035022,6546835,24581857
approximated_93dfe4f0-751c-4be4-808c-0e3cb985a588_lash_drive.ttl_functional.owl,12265246,3759592,16024838
approximated_460cbd0d-a9eb-4adf-be16-2ca4863eb7b6_HelloWorld.owl_functional.owl,21192173,20054505,41246678
approximated_014adf08-4bfe-4802-9c45-9d42e4b122a7_taxdemo.owl_functional.owl,20613684,37006252,57619936
approximated_42369122-b9d1-4b4c-84b3-2007c21f80c8_eam_engine.rdf_functional.owl,16678255,3938506,20616761
approximated_93fbad62-9af3-49af-bf0e-91dda13e48d6_semanticweb.owl_functional.owl,15646509,3900546,19547055
approximated_ba2ee880-6333-4195-b972-d72dd933aa98_pabilities.owl_functional.owl,20124897,16559670,36684567
approximated_kb-owl-syntax-coreference-IDs-disjointness-triggers-constant-classes-value-classes.ofn_functional.owl,879580941,2375484429,3255065370
approximated_3858332a-3b37-48f3-89d3-fab88354691c_urityViews.owl_functional.owl,30881325,40868134,71749459
approximated_dd9c6a1a-e698-44b7-870b-433202ba2cbd_vsto.owl_functional.owl,15579167,18018934,33598101
44a8c71d-42a0-4d16-812d-7bd8ce257d26_Album.owl_functional.owl,9193188,905086,10098274
approximated_1e5f8b8f-12f1-41f7-a238-79b06b94dd6e_Penny_bun.ttl_functional.owl,17086264,3687798,20774062
approximated_0600986c-64b3-4c51-8f04-048bab392811_plant_trait_functional.owl,29274715,66876012,96150727
approximated_649b7538-6b33-4dcd-b28d-1fd853852161_exatomicnumber_functional.owl,13714487,5942992,19657479
approximated_00411.owl_functional.owl,40238119,69533881,109772000
approximated_00640.owl_functional.owl,30872259,40162147,71034406
approximated_2f9aefe0-8d2e-4a6d-9be5-72bb3be205c3_POWER4.rdf_functional.owl,10135934,3718954,13854888
kb-owl-syntax-unraveled-depth-1-disjointness-constant-classes-value-classes.ofn_functional.owl,1048729918,770922462,1819652380
approximated_4d321332-0e0c-4283-bf31-832e2532cc51_unction.sms.n3_functional.owl,24595371,22004030,46599401
31456b3f-0369-42a7-ad8c-d91611615af7_onto.owl_functional.owl,19484471,5256468,24740939
4bede11d-c626-4f36-9b79-e92bf1ee7052_Writer.owl_functional.owl,19884268,3360472,23244740
approximated_9121f541-8565-4262-9626-9b36228e2c42_semantics.owl_functional.owl,38052477,14964094,53016571
approximated_neomark3.neomark-oral-cancer-ontology-version-3.2.owl.xml_functional.owl,30018760,12580584,42599344
approximated_1079db6c-33ec-40d5-8a21-d62645d1b14b_eers_scale.ttl_functional.owl,12000750,3780407,15781157
approximated_1cb4e455-3c0c-4117-9aa6-b40a06ccb8c3_unit.owl_functional.owl,60906619,155646668,216553287
approximated_7fb7d222-a2f2-479d-b231-45299c5d23db_uffexample.owl_functional.owl,35190249,5004642,40194891
approximated_5717725b-10cb-4c2c-9f5e-d790366f59b1_g_machines.rdf_functional.owl,9602336,3906717,13509053
approximated_6bcf8f1d-2e17-4875-bba5-015d7b0b5c77_being.owl_functional.owl,15394727,7164557,22559284
approximated_fcd60c50-d9bb-4799-b318-d804ca8685c8_onto.rdf_functional.owl,10954785,3696282,14651067
approximated_9727daf4-20ee-4f9f-849a-04a4e145ae08_Alorenzatti.owl_functional.owl,16980210,10093073,27073283
approximated_ero.eagle-i-research-resource-ontology.13.owl.xml_functional.owl,100095765,235648686,335744451
1a9e972d-621d-4c5f-a006-8a4918bb2a7c_onto.rdf_functional.owl,14179669,1863535,16043204
approximated_248fbf31-d3d6-4f66-8017-66ffab55253a_Airbrush.rdf_functional.owl,13911958,3814225,17726183
approximated_kb-owl-syntax-unraveled-depth-3-cardinalities-disjointness-triggers-relation-axioms.ofn_functional.owl,634903853,1511676393,2146580246
spto.solanaceae-phenotype-ontology.3.owl.xml_functional.owl,18045522,21106395,39151917
approximated_1e0b92e4-0249-4b5f-b588-d038c0fd02b6_Liptauer.rdf_functional.owl,9438672,3776004,13214676
approximated_20416349-9358-43ef-b27b-ac8b464f1d01_ic_barrier.rdf_functional.owl,12531586,3691791,16223377
approximated_5431ee7c-e2a6-48aa-be00-ac3cf6ad63fe_coat2codo.owl_functional.owl,21785231,15785045,37570276
approximated_00789.owl_functional.owl,54046271,89210997,143257268
approximated_5c87efb9-0cc8-447f-b419-1a8385484a0d_ale_Cheese.ttl_functional.owl,17966778,7681931,25648709
approximated_genomic-cds-demo.owl_functional.owl,2709007035,5436785129,8145792164
approximated_08c913c7-ee48-4766-a817-033ebfe65c98_phenStar.owl_functional.owl,137433926,213887494,351321420
approximated_kb-owl-syntax-unraveled-depth-3-cardinalities-disjointness-constant-classes-value-classes.ofn_functional.owl,774851360,1558873349,2333724709
approximated_00786.owl_functional.owl,6024972368,11711801615,17736773983
approximated_14711145-261b-46ae-ab25-8f7bddc8dde4_preonto.rdf_functional.owl,26111610,5975073,32086683
approximated_181e397e-f62d-492a-8d8a-2e873acc0b47_dOntology3.owl_functional.owl,21598614,10064626,31663240
c7357309-7040-4f7a-a52f-893dc0b3e903_EbGdrcN5Y29ycA_functional.owl,24337465,16365637,40703102
approximated_41eccfd0-73bd-453f-bbe9-67571346abbf_CSv0.01Lex.owl_functional.owl,73951655,82795372,156747027
approximated_a13abfe4-2652-42b5-886f-83f820f31873_rolina_rig.rdf_functional.owl,12578545,3946281,16524826
approximated_8b795d48-dd99-45e5-a479-544822333895_matrPlant.owl_functional.owl,136516667,214265361,350782028
approximated_0d616494-3565-4f23-83d2-ae5c8c5b867c_locomotive.ttl_functional.owl,42921307,3840200,46761507
15c02dc7-35fe-4219-9632-fb3cd5c991b4_Newspaper.owl_functional.owl,147248292,2734334,149982626
02ab3076-f809-4d05-9a69-773b08f2b1a6_ehdaa2.owl_functional.owl,521321354,740731114,1262052468
approximated_59e18278-6186-4b6c-a352-462483b99895_TFCtry.owl_functional.owl,61457422,18149114,79606536
approximated_09d82ffc-81d3-41be-a513-d5edf387294b_Biskotso.rdf_functional.owl,17415585,3706936,21122521
approximated_c4454a08-5597-4a9d-a094-4079b0f01cbe_onto.owl_functional.owl,14604732,5006616,19611348
approximated_cdf418bd-896d-417f-91a0-c3a4c85e1d46_fdolcelite.owl_functional.owl,13125519,10079107,23204626
approximated_f2886abb-ef43-4027-b10c-0428ef3eab8a_rumVisible.owl_functional.owl,65530814,126530415,192061229
approximated_ce06130b-bf4b-48bc-bc78-438de0d42105_attachment.owl_functional.owl,28389667,17429233,45818900
a8c843bd-6dc9-4ef8-81eb-35f7060afaf2_tplushuman.obo_functional.owl,279650124,575057219,854707343
approximated_441fdaf0-b954-41e4-afb7-138a76151175_eanFeature.owl_functional.owl,141470403,245391137,386861540
approximated_fb487d8c-3ea2-44e4-9ead-dd11dcf2a2bb_halianaMOD.obo_functional.owl,3101079316,7014441260,10115520576
approximated_0e91c6b8-1080-4af3-b2dd-a6cfb499a1d1_CategoryProject_functional.owl,17879291,2156466,20035757
984c6427-4e59-45c2-adf8-52fa91276b90_nnotations.obo_functional.owl,6436503929,13834573113,20271077042
approximated_38f56a31-94c0-4e3d-83bd-982719548b34_on_turbine.ttl_functional.owl,17805974,3803585,21609559
approximated_5b583e7c-8476-4706-9496-ae08a1e0e3a8_iteseermap.owl_functional.owl,25804599,9075499,34880098
approximated_1917285a-9d42-40cb-bd11-2911ef6a915e_Varistor.rdf_functional.owl,13214147,3684840,16898987
86137784-76c2-43f6-aaa3-5af68fe5f32e_ieHeilpflanzen_functional.owl,17888237,3064399,20952636
c053ce23-c326-4da3-8ac2-09fec8e333bd_werStation.owl_functional.owl,16234619,1249659,17484278
approximated_925fed49-440b-462f-b01b-a3b0fe739bac_G7Ontology.owl_functional.owl,21054347,25599763,46654110
approximated_a52441a3-9877-4c93-bfc5-dc5f9d5434b8_functionsafn_functional.owl,16619084,9183251,25802335
approximated_856e6f8e-4efa-4fad-bee1-6a6e0972dd5f_OSOnto.owl_functional.owl,22885157,11194519,34079676
approximated_suicido.suicideo.1.owl.xml_functional.owl,20594199,13094261,33688460
approximated_83d1a75a-aa64-4e1c-9e7f-7c2f9cd77c0c_scillation.owl_functional.owl,127766521,216194648,343961169
approximated_a7834ac8-0f82-47bd-a3f3-fe147d36ff47_family.rdf.owl_functional.owl,735678397,65206039,800884436
approximated_572db493-ae77-4557-ac1b-4456ba192af9_geOntology.owl_functional.owl,16412538,4493462,20906000
approximated_375563f9-71ac-49fe-88bd-5f4fc0f8cc99_ion_sensor.ttl_functional.owl,12396465,3779078,16175543
approximated_39317f8a-38d8-4817-89d8-d8ab465ec634_Leaf_blower.rdf_functional.owl,10415791,3754977,14170768
493ce617-2620-48c0-9109-e603d261c511_o_anatomy.owl2_functional.owl,76978002,152731335,229709337
35f96c11-b590-4107-bad2-182aeb24cd5a_classified.obo_functional.owl,34592481,49403176,83995657
approximated_00167.owl_functional.owl,22262303,14925252,37187555
approximated_1d4cd46d-2b77-4e2b-9ea3-32f7b6e2b533_Building.rdf_functional.owl,11530464,3835974,15366438
approximated_2690231a-400e-4bad-998a-0cd8dc7ad086_Gelatin.rdf_functional.owl,19005398,4215648,23221046
approximated_461cd0a9-dade-46cf-ba57-c3205a1b7fd7_reprTimeDay.owl_functional.owl,163687813,246473818,410161631
approximated_kb-owl-syntax-unraveled-depth-1-cardinalities-triggers-constant-classes-relation-axioms-value-classes.ofn_functional.owl,560695030,1224035008,1784730038
approximated_17c48882-9548-42ca-9f7a-d0a0731c12f4_matrAnimal.owl_functional.owl,137418561,213141709,350560270
approximated_34d8209e-7fe2-40ce-b4b4-4e5ed204fccb_Laptop.ttl_functional.owl,12227182,4364465,16591647
approximated_kb-owl-syntax-coreference-IDs-cardinalities.ofn_functional.owl,633209056,1810207547,2443416603
13eb1f92-4f9d-48f2-93ee-4456a01da828_status.owl_functional.owl,36275611,703714,36979325
approximated_5db0b26e-f241-47fa-81b2-c65697394f8f_Behavioral.owl_functional.owl,8031935,3094640,11126575
approximated_61deb8a9-52fd-413a-928e-2c9ee425883a_ket_wrench.ttl_functional.owl,13291302,3771225,17062527
approximated_963dde7b-4499-487b-92bd-0e684383993b_biotop.owl_functional.owl,19448211,19617616,39065827
approximated_0aced593-5017-4cac-b5e8-0c48adf94a23_ura_loenpa.ttl_functional.owl,15064715,3819923,18884638
approximated_110b45e3-d4b5-4e1a-a88e-f37292b4d077_Grev.ttl_functional.owl,13674770,3749710,17424480
approximated_00447.owl_functional.owl,43854926,89183310,133038236
approximated_82120d61-cbe8-41eb-b53a-abcbdd7055df_ine_ticket.rdf_functional.owl,14918553,3703043,18621596
approximated_35e029f9-8bfa-421e-8e0c-c3cf759a1f46_hop_cheese.rdf_functional.owl,7052193,4527868,11580061
3d0adb3e-861e-418b-bb81-204f17940f28_t_xp_self.owl2_functional.owl,36362553,10356690,46719243
approximated_297cda16-73ee-4b56-8c23-cecf6b929f9c_0_20090529.owl_functional.owl,98397050,199159947,297556997
approximated_kb-owl-syntax-unraveled-depth-1-cardinalities-disjointness-constant-classes-relation-axioms-value-classes.ofn_functional.owl,754204319,1755613502,2509817821
approximated_43f7c945-1711-42b5-9363-aeb590e288c9_Logarithm.rdf_functional.owl,12496120,3845749,16341869
approximated_4504faeb-b44c-4fc6-b6a3-f1fdf7c5d4cd_dMesoscale.owl_functional.owl,94453230,202139800,296593030
approximated_f0d534ab-fd09-4b8e-b288-1f9cb521b5e6_jectOWLDL2.rdf_functional.owl,44216065,37570204,81786269
86043b90-10b0-4778-aa3e-9489d6f1999d_tegoryOwlClass_functional.owl,22485772,2028604,24514376
approximated_9d745e27-6005-418c-a96f-2e75506bb148_person.owl_functional.owl,13839216,5844538,19683754
approximated_345a9eac-24b5-4761-9a45-b98c29484458_sadiobjects.owl_functional.owl,51813930,51211242,103025172
approximated_71c2842a-621c-4390-91e7-dc0d85b63948_llo_cheese.rdf_functional.owl,12003740,3878626,15882366
approximated_418af78f-0086-4188-aed4-91fd4245421d_esg.owl_functional.owl,31482078,12416936,43899014
approximated_8d3e4685-e452-4d19-878b-cea1e73527ed_COSMOtop825.owl_functional.owl,403770335,639787289,1043557624
approximated_4faf92af-9aa1-4a02-be6c-b0c518c6449d_tification.owl_functional.owl,12671301,5448843,18120144
approximated_255cc7ce-f0e0-4ae8-8521-517088be7fe6_3B8kkelost.rdf_functional.owl,12234782,3762847,15997629
approximated_077875b6-bcaf-463f-a8f6-08f792ff103a_Salad.ttl_functional.owl,15562841,3634551,19197392
approximated_6c2f8691-9286-421a-8c6e-3241b988c478_et_waggler.ttl_functional.owl,11073024,3933458,15006482
approximated_ab6a6a31-34cd-4604-ae8b-66b4363c883f_maontrev25.owl_functional.owl,15048317,4354858,19403175
approximated_2b1137b8-5d00-4910-b0dc-428d5be3a819_NIFFunction.owl_functional.owl,14998246,8475057,23473303
14422170-38e3-416d-a3be-cfa55149c9f5_mo_sapiens.obo_functional.owl,292561926,802699324,1095261250
7909d462-f1c0-4d5f-9fbd-998ca495e034_rm_anatomy.obo_functional.owl,532508073,697859230,1230367303
approximated_490347ea-c548-4c61-a2a7-17e0b08ea64c_.iriToBIB.owl_functional.owl,96448105,6722369,103170474
43ee95af-fb0f-48f6-84ce-ec62fc0877fe_condition_2.owl_functional.owl,1057807720,1597864887,2655672607
approximated_194ce15e-4799-4bb6-9e4b-e9bcbf122b40_controller.ttl_functional.owl,19277360,3910870,23188230
approximated_816aa0f6-6ccc-4ac5-8106-2038bd9b039b_specific_functional.owl,19761842,11764482,31526324
approximated_fd04ee18-a6c3-4225-95ae-bfd5f8af96ca_quality.owl_functional.owl,52330246,109152752,161482998
03450d8d-e27b-4763-b000-6129473bfff4_mp.obo_functional.owl,232660275,599651728,832312003
approximated_a5e633ef-a28a-4b02-b05d-c004c15c70b3__loaimport.owl_functional.owl,23658088,21401615,45059703
approximated_9bedc3df-9616-4b6f-acef-4b58ae05fac3_bcgo.owl_functional.owl,133114522,331915485,465030007
approximated_43c8ec17-a050-404e-aedb-f6aac5fdb8fb_Rhubarb.ttl_functional.owl,15816235,3754643,19570878
00399.owl_functional.owl,39726357,15172005,54898362
approximated_00633.owl_functional.owl,56722820,141845806,198568626
approximated_e6dfe162-b31b-40a0-ba48-e9df760114f3_phenHydro.owl_functional.owl,137542515,248920733,386463248
approximated_6c702eba-d674-47cd-9032-a5af86b3b4fd_quanMass.owl_functional.owl,145901742,214475561,360377303
approximated_0b26e560-6cff-472f-b9d7-3acbe70bcbc7_Footstool.rdf_functional.owl,13805914,3709573,17515487
approximated_213d948c-8a53-41fb-804e-f03e699d4957_Desk.rdf_functional.owl,10911229,3985474,14896703
approximated_c351d1d0-44a3-45e6-8d13-3fe77b1aeb26_phenHelio.owl_functional.owl,130683463,215492241,346175704
approximated_445e2e48-85ed-44f6-a0b9-8b43b9d81c3e_Khoa.rdf_functional.owl,9924006,4050318,13974324
approximated_998c2898-5c66-448e-9fa7-7ff6eaed7f4c_olTectonic.owl_functional.owl,130357865,212235898,342593763
approximated_632cb7b8-061d-49b8-934e-94f23eb804d5_nskisimple.owl_functional.owl,69347265,128366424,197713689
approximated_c9bdb7aa-bcf1-4a50-ad98-f05db02a8f46_que_wrench.rdf_functional.owl,12997757,3853138,16850895
approximated_79dfd15a-6fb2-44a1-8fbb-0886fd1dc6d5_RON_import.owl_functional.owl,72060456,150030294,222090750
approximated_canco.cancer-chemoprevention-ontology.3.owl.xml_functional.owl,16905222,10145577,27050799
approximated_b6007982-8ea4-48b8-91f0-dce904eec58f_XAO_functional.owl,57918215,113448687,171366902
approximated_1b618891-3867-49ae-9e8b-9bed4a8700fe_iasted.owl_functional.owl,21427714,15881581,37309295
de2fbeea-8343-417a-995d-5d3d0f838a0f_fbcvsimple.obo_functional.owl,34970208,41512612,76482820
approximated_caf16e2d-c350-4719-ba22-26591f361a97_partimento.owl_functional.owl,28735167,9607063,38342230
approximated_87127aa3-bdd6-4d4c-8350-f02fb0b2412c_esc.owl_functional.owl,39528860,11985782,51514642
peco.plant-environmental-conditions.11.owl.xml_functional.owl,20769084,26977160,47746244
approximated_140fdaef-8f4b-423c-b000-55b7c1b26dd7_Multimeter.ttl_functional.owl,14621547,3781864,18403411
d3f17a08-c1bc-4245-9b54-3170d3d29eb6_gold2008.owl_functional.owl,22925101,24722219,47647320
approximated_4188999f-5acd-4ee9-9484-8fdde7a7c1e2_ndapdap3.2.owl_functional.owl,13822458,4349014,18171472
approximated_69192f2e-b28c-4a25-b574-cf60d7513431_management.ttl_functional.owl,14522921,3772411,18295332
approximated_ddee730a-d086-4b33-9c70-5cb8e601ad7d_tOntology.daml_functional.owl,17197246,5195539,22392785
approximated_kb-owl-syntax-unraveled-depth-3-disjointness-constant-classes-relation-axioms-value-classes.ofn_functional.owl,694728482,1511859600,2206588082
approximated_b365c472-8ff1-4be3-9207-b5677129f245_onstituent.owl_functional.owl,75131577,140765543,215897120
79d082b4-ccb4-4f58-95de-3fc5a1e826dd_po_temporal.obo_functional.owl,14054843,15833010,29887853
approximated_8498e732-306c-439f-811d-f0c8cec22d41_propSpeed.owl_functional.owl,133768157,213663703,347431860
approximated_0caf41c6-6f64-42ba-912a-ebe3880b0003_Aspic.rdf_functional.owl,10327383,4050434,14377817
approximated_3b4a5f50-f4e6-4fd9-91ea-355a2854b722_ntOntology.owl_functional.owl,13792790,8949393,22742183
approximated_adw.animal-natural-history-and-life-history-ontology.2.owl.xml_functional.owl,20507939,23360255,43868194
approximated_812f72c7-46ed-488a-923a-8ac062db186f_Process.owl_functional.owl,17160203,7083785,24243988
approximated_295062bd-68c9-49ef-8a24-8030035612c0_nterface_2.rdf_functional.owl,10786387,3831222,14617609
approximated_13c49f02-7e8d-4bc6-8c7b-51c77f5bfa3b_OLE_DB.ttl_functional.owl,13831858,3816516,17648374
approximated_4caf0714-0668-4d9f-a0a5-aeb4de2c460f_Intel_8061.rdf_functional.owl,12707746,3718422,16426168
approximated_bd40e610-c152-48b7-9127-1dc0cfbfe684_Snowboard.ttl_functional.owl,13937407,3678245,17615652
approximated_ce451d6a-8f12-496f-b26c-178bb813e7d3_background.ttl_functional.owl,16466247,5909207,22375454
approximated_kb-owl-syntax-unraveled-depth-3-disjointness-constant-classes-value-nominals.ofn_functional.owl,658629235,1499302055,2157931290
1e866e79-6433-4e6f-899f-901a3598f3c0_EBI_import.owl_functional.owl,33137000,45489980,78626980
b3022c93-e826-4bc1-9b24-18e6dcc3c574_nnotations.obo_functional.owl,2351719967,4997667736,7349387703
approximated_0c4bc8dc-e139-4353-b6ae-1514032048d8_pathway.owl_functional.owl,27447508,48304919,75752427
approximated_4b3fbd59-059d-42de-a02c-c08161d8bf4d_eer_hammer.rdf_functional.owl,9589473,3868668,13458141
approximated_53eb7cd9-03a2-415c-84e9-b98053def398_Wall_chaser.ttl_functional.owl,13342354,3871918,17214272
approximated_00016.owl_functional.owl,21912249,19361131,41273380
approximated_c1c905f5-9d39-49da-b20e-b7193e283262_Mascarpone.ttl_functional.owl,9447083,4627732,14074815
1ca3442a-9259-4af9-b58b-da19097892b4_notype_xp.owl2_functional.owl,456531375,249073185,705604560
approximated_0952cf04-a577-4f30-81c0-badcd03aa60f_Streusel.ttl_functional.owl,16682435,3863151,20545586
approximated_7b53197c-7fd3-4029-a1eb-0f7d1337e38e_r_function.owl_functional.owl,205612442,622085642,827698084
4e3cd38a-310b-49db-a656-cf156714156b_penn.owl_functional.owl,8667279,3514264,12181543
approximated_46775866-c9d0-4129-b39c-616a4724bf98_commesse.owl_functional.owl,14661929,11671116,26333045
0af29ac5-5fb2-4428-8332-bdb75fab5b0c_vario.owx_functional.owl,18912254,19371913,38284167
approximated_917f205d-3638-4a13-bf0c-d72d7eaf2005_Hatchet.rdf_functional.owl,11184466,3817222,15001688
approximated_e9f06a0c-3a18-4d37-ba61-d36c84ddbf88_AC.ttl_functional.owl,13010766,3898538,16909304
ms.mass-spectrometry-ontology.89.owl.xml_functional.owl,65747250,155193880,220941130
approximated_0ad76cf9-cc08-4d87-95e6-15c8404a039b_sistent001.rdf_functional.owl,26180886,16409065,42589951
5a44cd24-3f93-4452-ab7f-58428a9ad3bc_al_gramene.obo_functional.owl,14599025,11372260,25971285
approximated_kb-owl-syntax-unraveled-depth-3-cardinalities-disjointness-constant-classes-relation-axioms-value-nominals.ofn_functional.owl,684555921,1558423135,2242979056
approximated_00079.owl_functional.owl,24389054,2207819,26596873
approximated_d151a2d8-0ed9-448b-8937-f7addd4a368d_onto.rdf_functional.owl,74463185,4846241,79309426
approximated_596449ce-1d89-437a-b79a-0be8a72c5719_iasted.owl_functional.owl,72977499,15749470,88726969
approximated_8eee0ada-ec62-4bc2-9724-fe4c0a53c304_pro_wv.obo_functional.owl,3920370792,7175161677,11095532469
a098ad73-7f2a-4b2c-b659-7cdc419d6133_y.obo.PREVIOUS_functional.owl,397929659,1027617110,1425546769
approximated_1cef2d9c-1c3d-4610-b9fc-20e70d308307_Chupa_Chups.ttl_functional.owl,11075491,3996387,15071878
approximated_734d2ce3-7504-4823-acde-695f74b39b61_prerelease.owl_functional.owl,270525231,539673029,810198260
approximated_141114a5-7716-42e2-9007-6b03e4efe0e3_relaMath.owl_functional.owl,141828614,249412620,391241234
approximated_838a719b-b576-4bce-900e-50728673dbf1_ntk2codo.owl_functional.owl,16500533,15833536,32334069
approximated_59ea1281-54a2-4d5f-8958-7f498cb86eac_topOnly615.owl_functional.owl,251658702,369127403,620786105
approximated_4feedaea-206c-425d-b934-3dc9d3307627_GeoSkills.owl_functional.owl,221971419,60966704,282938123
approximated_5f800bdc-82c5-4997-bba4-dbe055432ea5_l_trousers.ttl_functional.owl,12926048,3861596,16787644
192f7c8a-b3df-4e76-afec-9878bfda556b_velopment.owl2_functional.owl,135660944,266600727,402261671
approximated_emo.enzyme-mechanism-ontology.2.owl.xml_functional.owl,21147078,13114524,34261602
approximated_17b2cfc3-d951-448b-8baa-e074c5913810_stateTime.owl_functional.owl,132777391,217208058,349985449
approximated_kb-owl-syntax-unraveled-depth-0-km-relevant-cardinalities-constant-classes-relation-axioms-value-nominals.ofn_functional.owl,268519967,388271445,656791412
39f40dea-ee12-407c-8371-35362af85db5_D.owl_functional.owl,13109379,3990309,17099688
approximated_6161a6c4-8467-4cb9-8f3e-2ef933f040e2_IPhone.ttl_functional.owl,4271402,3788235,8059637
approximated_ino.interaction-network-ontology.13.owl.xml_functional.owl,24400545,26821373,51221918
approximated_045fb2e6-2291-464f-97d2-4e1a1f8c7945_YPO.owl_functional.owl,14980220,14517226,29497446
approximated_2f1050e9-10ca-4e36-a84b-638f256be4ef_scillation.owl_functional.owl,133350821,215063310,348414131
approximated_c298fb70-7370-4b02-accf-709687540bba_ecrm_091217.owl_functional.owl,19234362,21390185,40624547
approximated_91a4b99e-03b4-4dde-b577-477e8ba698f2_Writing.ttl_functional.owl,12499045,3673631,16172676
approximated_f48c03dc-0ce0-44e3-a137-efb086711675_properties.owl_functional.owl,15183755,1688163,16871918
approximated_9872de7b-8c52-4c5d-86d3-f26202f786f8_IAO.owl_functional.owl,15357241,7876754,23233995
approximated_47d61211-dd14-4c3e-8315-94f2b5ce0c4f_Spritzgebck.ttl_functional.owl,13945067,3763778,17708845
approximated_2342698d-4aea-4191-bcf4-a7bb99d9a4e2_Diving_mask.rdf_functional.owl,10729907,4320343,15050250
4b917dd8-b7db-4ccc-818c-a90a51353e3d_naequivmod.owl_functional.owl,1263337243,950908816,2214246059
approximated_06e042ed-6e64-4cad-9bcf-4653d5b467ba_geobase.owl_functional.owl,19691004,2954666,22645670
approximated_b380d8b7-35f6-477b-8207-57659172b222_lly_cheese.rdf_functional.owl,15979201,3804712,19783913
approximated_bao.bioassay-ontology.20.owl.xml_functional.owl,607952268,1275734535,1883686803
approximated_93545cf2-a3e6-480b-814b-8094ad48708b_emperature.owl_functional.owl,243270816,215588761,458859577
8140b384-667b-469d-9701-036c5c8524ea_ncbitaxon.owl_functional.owl,25138597294,61816853075,86955450369
approximated_09a7d076-d390-4a65-9ccd-eb6109bab65b_Gin.ttl_functional.owl,13761698,6854433,20616131
approximated_00658.owl_functional.owl,446287286,1202133256,1648420542
co-wheat.wheat-trait-ontology.1.owl.xml_functional.owl,12833111,8144387,20977498
approximated_b17ab911-fb17-4d4f-b67c-081d29087f06_onto.rdf_functional.owl,15365025,3759949,19124974
approximated_11a6e7fa-7f3d-4777-b4fc-92b9ad277962_Validation.owl_functional.owl,140615233,248049781,388665014
approximated_8329c809-bf10-4978-8d35-6a3cbbc4ab93__Chihuahua.ttl_functional.owl,10679564,4183894,14863458
466d5c18-17b0-4fe1-98e8-6e3103474148_fbdv.obo_functional.owl,23921689,19799870,43721559
approximated_36c429a5-1718-49db-89b8-ea4d6e4f2cb5_Compactor.rdf_functional.owl,12805069,3849452,16654521
approximated_kb-owl-syntax-unraveled-depth-1-cardinalities-disjointness-triggers-relation-axioms.ofn_functional.owl,731766720,1597288693,2329055413
approximated_90935815-da8c-464d-af5b-23e4dbd8cec3_ualization.owl_functional.owl,55305005,12254710,67559715
9e8cee1b-2a50-4747-85d4-1af663251692_classified.owl_functional.owl,24932966,35467622,60400588
approximated_2b330fea-4b58-44df-82e3-47871db45e81_1_odvozena.owl_functional.owl,13691036,1881755,15572791
approximated_06a69a9b-2c73-42fe-a6f9-f2c092378479_CategoryFAQ_functional.owl,10342893,1702540,12045433
028f4d47-8b9f-4408-9f32-f64909152c1c_onto.rdf_functional.owl,11900818,606990,12507808
approximated_6e41d3f4-d20e-49db-a271-9b51d1131291_BitOHoney.rdf_functional.owl,9553495,3688686,13242181
approximated_00035.owl_functional.owl,453988080,1267893660,1721881740
approximated_60d4d31e-9f8d-415a-8e53-af1fc17b3345_ick_cheese.ttl_functional.owl,14790530,3944901,18735431
approximated_4ff2e8d2-a314-49e2-bc85-23e82a6e77ff_ack_pepper.rdf_functional.owl,11440148,3859179,15299327
approximated_063e5edc-565f-4313-8f69-85466570b477_00660.owl_functional.owl,352973705,994028114,1347001819
approximated_72c8ddb6-e5a5-41a5-bbe9-a3ba3acea6aa_drelations.rdf_functional.owl,13020008,4259001,17279009
approximated_1e6722c2-e3e3-467a-bdf0-f597fc926944_Blast_valve.rdf_functional.owl,14720770,3690818,18411588
1ed0646e-3a5a-43c4-ae28-3fd51f921f9a_prsimple.obo_functional.owl,1589941686,5098252122,6688193808
approximated_0a1b40b4-1878-4b41-9d91-74b791547e65_ethernet.owl_functional.owl,16386671,5373763,21760434
approximated_4d41e787-b64f-4e20-ae1e-14662209013b_VBE_functional.owl,35800339,38649842,74450181
approximated_2e639f99-7bb0-4731-8fcd-b8533eac668c_ish_coffee.ttl_functional.owl,14432330,3854810,18287140
approximated_5d6376fa-7a08-43b6-87ca-559e20bef3c0_mato_paste.ttl_functional.owl,19148394,6449853,25598247
approximated_41e58268-569d-4063-b1ba-1b5fd9b2e316_terensembl.obo_functional.owl,1642293150,3809490101,5451783251
approximated_kb-owl-syntax-coreference-IDs-km-relevant-cardinalities-triggers-constant-classes-value-nominals.ofn_functional.owl,608697747,1723223791,2331921538
approximated_kb-owl-syntax-unraveled-depth-0-triggers-constant-classes-value-nominals.ofn_functional.owl,151802867,365478899,517281766
approximated_31e75ff1-a251-41d0-9829-3a1a02edf990_Chisel.ttl_functional.owl,10522488,4383059,14905547
approximated_32a88d98-bb99-43f8-86ed-7232885d0fc4_Best_Buy.ttl_functional.owl,8532202,3706038,12238240
approximated_kb-owl-syntax-unraveled-depth-4-km-relevant-cardinalities-constant-classes-relation-axioms-value-nominals.ofn_functional.owl,426226019,883410097,1309636116
approximated_b6f567b5-30f3-4fc9-bf43-c862eaa97eb0_sAnatomy_1.owl_functional.owl,164149381,342300632,506450013
approximated_07321a9e-0273-4612-ad18-f82ffd2bace0_transistor.rdf_functional.owl,12233674,4219430,16453104
00417.owl_functional.owl,19028133,4865632,23893765
approximated_f8d44a92-0599-446a-8b66-d3c8a035b192_quantity_functional.owl,23260957,18272554,41533511
approximated_19d65e71-0655-4641-a637-ac6aae241487_dlp.owl_functional.owl,21608880,25601406,47210286
approximated_2851c382-4848-49c5-bee1-837d488455f4_Crinoline.rdf_functional.owl,14496863,3758574,18255437
approximated_47ab6cb0-6bb8-4b5e-9644-4429089fa1b9_Slide_check.rdf_functional.owl,11654283,4347857,16002140
approximated_49b3ab49-57e1-41ca-ad26-8cd59f8d4514_Switchblade.rdf_functional.owl,13240993,3694957,16935950
approximated_e0ca0467-2df7-4eb5-a5a1-7664f8d7bacf_stateSolid.owl_functional.owl,149598442,247969649,397568091
approximated_fdca74a1-b674-436e-906a-6fcc061f7422_eryContext.owl_functional.owl,20996562,8182435,29178997
approximated_306ec987-62b2-4798-892a-a673a3bafacb_Yoga.rdf_functional.owl,16797605,3848212,20645817
approximated_53eb4504-ed1f-485c-8037-70a124aecf80_Geospatial.owl_functional.owl,132018965,217880969,349899934
approximated_1e0c88de-f171-43a3-847f-b897c4abafda_mHydroBody.owl_functional.owl,139961669,216324586,356286255
approximated_2484a3b0-6b34-43b3-884b-665d0035eb77_tourismA.owl_functional.owl,37402494,22588708,59991202
approximated_085821e4-f162-4e40-9f7c-ef6aec5ce427_bridge_Z88.rdf_functional.owl,9944526,3916282,13860808
approximated_859678f6-9479-486f-bda1-8cca879545ff_MSOntology.owl_functional.owl,22624272,19096959,41721231
approximated_5f8a05ca-968a-4e80-9d25-b7ae871efe5f_trSediment.owl_functional.owl,131431354,213823280,345254634
approximated_f6ebc09d-97f3-4343-9503-ddc45ba1b185_index.php_functional.owl,16126671,2336459,18463130
85eb4659-52d4-4b42-9c41-9379b15721e8_rssimple.obo_functional.owl,89692287,245657507,335349794
approximated_0cd2569e-7704-45cd-9d7f-e296a23da186_SMOtop1005.owl_functional.owl,488787789,853593944,1342381733
approximated_10ec29ac-47d7-4632-a54c-d54da39e98f0_wine.owl_functional.owl,39594339,17089804,56684143
approximated_e0c7c097-4a3e-4d71-840d-cb6def346ef8_spatial.owl2_functional.owl,18036449,12291144,30327593
3dd59a1d-ab19-4817-a996-8beaf292e289_onto.rdf_functional.owl,13086050,3404761,16490811
ec302da6-fa64-475f-98bd-514b4a71a5e6_s_xp_cell.owl2_functional.owl,50898857,17529037,68427894
5bc8cc63-1d4f-40c4-a97e-6f65e7faa262_Town.owl_functional.owl,19490781,3418789,22909570
approximated_890c55af-ac1b-4726-bbdd-92fa697fa8ea_Stichelton.ttl_functional.owl,14901402,3786913,18688315
approximated_3e6cc23d-0fc4-44ca-84b0-6a2524f53142_request.owl_functional.owl,10955742,6138509,17094251
approximated_2b1fa989-5571-4ac9-9116-9bdaeca28737_phenEnergy.owl_functional.owl,134739546,252220352,386959898
approximated_4f1458f1-1824-4164-b4b5-b358fa01214c_propSpace.owl_functional.owl,137828132,248754282,386582414
approximated_19a54692-1b28-40cf-b0c5-a1e216fd7236_Iron.rdf_functional.owl,13129335,3850699,16980034
approximated_79c95c5b-4ef7-42ea-9f79-24464f3b5a81_Baker_clamp.rdf_functional.owl,13018742,3837967,16856709
approximated_5098829a-fb6f-437a-990c-52c3d8274558_lusensembl.obo_functional.owl,4613673046,10930674567,15544347613
approximated_4f96f8d4-4fb2-44bc-886a-1ae4793f3cb6_ContextAll.owl_functional.owl,45558537,19752283,65310820
approximated_kb-owl-syntax-unraveled-depth-0-km-relevant-cardinalities-disjointness-constant-classes-relation-axioms-value-nominals.ofn_functional.owl,538565171,918291955,1456857126
approximated_3eea3f64-98b6-45f6-b8c1-c52e14cb7a91_er_grinder.rdf_functional.owl,13390021,3665051,17055072
164db716-211d-4fa4-a942-5446045e38d2_egulators.owl2_functional.owl,21039400,2555298,23594698
approximated_cac39fa5-f2e4-4329-99b0-b1b1eba74aec_geCreation.owl_functional.owl,18377699,11784184,30161883
approximated_380b192c-b044-4e0a-b6b3-ee528f4c2a18_2006020915.owl_functional.owl,199820615,394058259,593878874
approximated_98997056-a43e-4cc4-951d-067d1bbef4f5_Camalot.rdf_functional.owl,17707854,5315654,23023508
39853804-c63b-44e5-ab7f-b4c4fb64be95_ary_method.owl_functional.owl,16138252,13270081,29408333
approximated_00d995be-09fc-4a27-9314-e23c95005549_201onto.rdf_functional.owl,12978804,5101771,18080575
approximated_0f0a5409-74e0-4f07-9d10-876b2ba14320_Biological.owl_functional.owl,133848997,213616092,347465089
approximated_bdb55dd1-25b1-450d-ab69-aed4bd13c0a5_Hot_dog.rdf_functional.owl,17857559,3745425,21602984
approximated_1cbe45f5-9dd5-4028-a1d7-d58b6ad697bb_Bolillo.ttl_functional.owl,15924215,3744231,19668446
approximated_ba857c7f-516b-43db-afd1-5a45d8765411_ecrm_110404.owl_functional.owl,27394969,21172605,48567574
approximated_129091de-a814-44a4-8d37-fb8013b00fb1_opl.owl_functional.owl,18155080,25391918,43546998
approximated_00549.owl_functional.owl,12616603,22541529,35158132
approximated_0894f91f-c849-4fcc-bce3-53a718cf5ed1_Saw.rdf_functional.owl,16110285,3667603,19777888
approximated_d600218f-27a2-413c-af93-793709c13220_FN1.44.owl_functional.owl,27268187,8300112,35568299
approximated_00024.owl_functional.owl,38953032,34975976,73929008
035dec2d-84f6-44cd-9ea2-cc909cf701b2_p.obo.PREVIOUS_functional.owl,91589589,10598482,102188071
approximated_ea684f11-84c6-4b75-8f83-9106c2bd0c73__test_data.owl_functional.owl,114507095,13306113,127813208
approximated_441389d0-a3c0-442f-899f-4457a19c73d8_Rinquinquin.rdf_functional.owl,88608827,3757134,92365961
approximated_1db35b13-94ec-4d5b-826b-69fe1cb26c39_C3A9dictin.rdf_functional.owl,35706238,3766921,39473159
9fed2f94-b2f5-4624-9a13-25843f7d1dc1_onto.rdf_functional.owl,20544030,3470624,24014654
58f72a2c-820f-465f-8854-d26f182f69d5_rs.owl_functional.owl,242206216,252116215,494322431
approximated_8947edf9-e8fe-4164-a643-a7beb1a2030b_Design.v35.owl_functional.owl,60558422,13756663,74315085
approximated_59b2be8d-e0ea-4eb3-a8c9-c00f9f0d2faf_FN1.46.owl_functional.owl,21754530,8213683,29968213
approximated_25949751-1d83-49d6-b85c-4d134e9b1993_Country.daml_functional.owl,17432275,1424861,18857136
approximated_89078862-d6b8-430e-b990-3301a870f8ac_Ayran.ttl_functional.owl,27559424,3855503,31414927
approximated_05034fd7-8f63-4088-bf20-ce6b94ee8f3c_PaulFisher.rdf_functional.owl,19858551,2914434,22772985
e56865ff-6484-48c5-80d5-117430d8f445_fbcv.owl_functional.owl,26837098,31097922,57935020
5c1c953a-7ea3-4c9d-bd59-24e9da5e4df3_r_function.obo_functional.owl,264762037,529345700,794107737
0631b0c3-b2cf-4880-b128-dc263545fe81_eHexenprozesse_functional.owl,9406403,931922,10338325
51d2a22f-8a0f-4fcd-9398-ea22284710f7_protlabels.obo_functional.owl,414283712,996655135,1410938847
approximated_00151.owl_functional.owl,11245587,9494842,20740429
approximated_kb-owl-syntax-unraveled-depth-4-disjointness-triggers-constant-classes-relation-axioms-value-classes.ofn_functional.owl,646012594,1489465844,2135478438
approximated_c6ba91a9-5413-4afc-bb9f-58e48d0bae3e_Convention.owl_functional.owl,19533196,2101025,21634221
approximated_7697f270-2316-4f47-88b6-42e76ace42a1_westhofrna.owl_functional.owl,19065334,22945214,42010548
approximated_00433.owl_functional.owl,18114886,19357724,37472610
16bc24e4-d921-400a-b6b7-a0482f55640f_ePflanzenatlas_functional.owl,16924464,2393985,19318449
approximated_8d1c5b3a-29f3-4822-b913-081a65de2265_topOnly641.owl_functional.owl,237069157,404649114,641718271
approximated_2e281d6e-77ba-4ccf-ac29-849436efa044_Toast.rdf_functional.owl,15030267,3757030,18787297
approximated_8c7b9e37-25a7-4c21-87e7-c95950a83338_els_cheese.ttl_functional.owl,15318274,3916612,19234886
cd7ea228-575d-42f1-8c61-12f4998ed21b_O_mappings.owl_functional.owl,34366676,9925003,44291679
approximated_a5a5bc63-58ae-4b46-96ce-25e94f0a6429_tary_valve.ttl_functional.owl,17104463,3779608,20884071
approximated_373a62c2-433f-4a82-a4c2-b3f010b9af40_Caf_au_lait.rdf_functional.owl,15747117,3791818,19538935
approximated_kb-owl-syntax-unraveled-depth-4-cardinalities-disjointness-constant-classes-value-nominals.ofn_functional.owl,689125066,1479168005,2168293071
approximated_981d9bea-fa60-4ad1-960d-7ae97f8d580b_onto.rdf_functional.owl,9838068,5544207,15382275
approximated_45da718b-9176-4d25-8f12-b53d1bc03c4f_Accordion.rdf_functional.owl,16787156,3858366,20645522
bc82a626-dc52-4fac-af49-d3bc908161f8_watqualcore.owl_functional.owl,10502665,10958151,21460816
approximated_e5a92498-1ad4-4104-9685-b5bf5ff0563e_logy3_func.owl_functional.owl,13420272,4345128,17765400
approximated_nifdys.neuroscience-information-framework-nif-dysfunction-ontlogy.13.owl.xml_functional.owl,80768927,165210418,245979345
approximated_2e2a6960-cbac-4314-b830-375a24bce6e4_Masonry.rdf_functional.owl,14745957,3704758,18450715
approximated_0952091f-65b7-4abb-88d9-589ec5d8709e_onmappings.owl_functional.owl,48748718,16421124,65169842
294b9db9-9411-4fda-8ce3-c46491117bcb_er_anatomy.obo_functional.owl,95848797,41063011,136911808
approximated_529ceda2-e728-4908-9746-06a72a81d993_sequence.owl2_functional.owl,57741729,118927236,176668965
1abb566b-bbaa-40ad-bc1e-a9518475a662_t.obo.PREVIOUS_functional.owl,17173850,17529545,34703395
37de6464-3851-4b6e-a26c-d05872e485da_Congressman.owl_functional.owl,13724080,957770,14681850
approximated_075c4b7e-0b3a-4e07-8347-dff7c759a0cb__furniture.ttl_functional.owl,15031297,3794864,18826161
approximated_00081.owl_functional.owl,28621020,21189236,49810256
approximated_a07357c0-bb9a-4d01-b895-01177c33b012_Dioptra.rdf_functional.owl,13369517,3655911,17025428
approximated_1eb89a31-01ef-4235-bd64-81b3c0615502_phen.owl_functional.owl,133313786,214469959,347783745
840564bd-f957-4841-8aed-f1927214d6a1_nfo_demo_pages_functional.owl,16546197,785888,17332085
approximated_47166f7e-80cc-44b1-83a3-6779e9d9d9cf_dy_Buttons.rdf_functional.owl,10458798,3855587,14314385
approximated_1cf42173-419d-4450-bc0b-656b1fc2f417_Sukhoi_Su27.ttl_functional.owl,12378970,4679453,17058423
approximated_579161b7-b8f4-47c0-968c-e7d2b6f3e063_Rusk.rdf_functional.owl,10615949,3925561,14541510
5a84343f-4ad6-42e6-b497-136563317fed_sbosimple.obo_functional.owl,21200673,30736067,51936740
approximated_0c7a8e6c-56af-461d-98e5-6c475710d63f_lly_Kettle.rdf_functional.owl,10574238,3783610,14357848
approximated_af95d27f-2e76-4ac3-9a65-83cac53c2fa5_logylatest.owl_functional.owl,11339810,5725726,17065536
4dbb2c36-7e5c-4e41-b892-2fa84063f012_gansfamily.owl_functional.owl,280212824,754681939,1034894763
approximated_74f0f32d-0d2f-4032-8d41-fdf6c9e3bc64_eam_boiler.ttl_functional.owl,21421210,4452051,25873261
fd5d2b14-046d-4696-8149-275ab6c7cf0d_taryPerson.owl_functional.owl,17574325,2569970,20144295
approximated_faf8ef6b-c1b3-4c9b-be5b-973b47851153_reExamples.owl_functional.owl,15763049,4509696,20272745
approximated_d5d7a77f-d9fe-4eac-96e9-579f6957b33f_OBI.owl_functional.owl,11192200,10906695,22098895
approximated_5d0647d0-c96d-4f65-90f6-e3c5b4884292_relontosx.owl_functional.owl,19966994,7268188,27235182
approximated_1112d809-4b27-4aa1-8a66-a03e1be89659_Kilt.ttl_functional.owl,13766230,3739529,17505759
approximated_15ca6132-4037-4b34-ab30-374f81e877e3_or_network.owl_functional.owl,25416322,36857896,62274218
approximated_dd430e36-07ca-4571-86f0-067ef37fe428_plant_trait.owl_functional.owl,24580017,56844517,81424534
13a74419-fef5-4ced-afc6-265b308c54f1_onto.rdf_functional.owl,19299457,1864506,21163963
approximated_9613218b-caf8-4e25-89ac-5fc861ea56a2_Ear_pick.rdf_functional.owl,17962020,3778690,21740710
approximated_618f8fe4-92e4-4d1f-97cb-cdbc1cfbaec6_nductivity.owl_functional.owl,132839971,218463587,351303558
approximated_029cbda6-3e01-471f-a361-5611a052a683_iley_valve.ttl_functional.owl,17761062,3666091,21427153
approximated_4841a154-4a99-4d34-9e99-43c78137a881_Automobile.rdf_functional.owl,12060900,3685475,15746375
kb-owl-syntax-unraveled-depth-1-disjointness-constant-classes-value-nominals.ofn_functional.owl,1061311390,753043802,1814355192
approximated_cd390691-f610-427c-b546-524e58f8f472_ctionsLite.owl_functional.owl,18964739,11650208,30614947
00539.owl_functional.owl,17460124,2482902,19943026
approximated_20a3e360-7d28-45a7-b46e-3ec0151abd94_nberg_cake.rdf_functional.owl,11150621,4194039,15344660
approximated_8ea9ff7e-512b-47e1-855f-c20fb0019360_Staple_gun.ttl_functional.owl,10007089,3678418,13685507
approximated_33c42c6a-7821-46bd-87b5-a494a5db5126_ss_trumpet.rdf_functional.owl,16153756,3824069,19977825
approximated_0ff9edc8-9c38-4043-902e-b25e67433087_dgets_v0.1.owl_functional.owl,21956055,10588127,32544182
approximated_25f98d29-bf5b-478c-b62f-b166c538197e_Petit_four.rdf_functional.owl,16492294,3689691,20181985
18620dde-7c82-4858-83b4-80bededf1750_vsaosimple.obo_functional.owl,13071037,11776923,24847960
approximated_5ca81933-d8db-4044-9be7-07ff6a204b3f_ten_cheese.rdf_functional.owl,16489094,4036312,20525406
approximated_39fe7348-562d-4121-8365-6ac23424cb7c_genpol.owl_functional.owl,14322710,12700724,27023434
13f18767-78c8-4d48-9852-07f58ac44fd4_goslim_pir.obo_functional.owl,25138714,37685676,62824390
approximated_ebc92bd6-86cf-440a-be5e-34b6db08a0d2_sonMapping.owl_functional.owl,17914804,9121108,27035912
approximated_kb-owl-syntax-unraveled-depth-2-km-relevant-cardinalities-disjointness-constant-classes-relation-axioms-value-nominals.ofn_functional.owl,697376014,1611053308,2308429322
approximated_b821a9c0-184a-453f-b08c-b8f6dda8d368_plosimeter.ttl_functional.owl,78641638,3757329,82398967
approximated_b150b3b4-9c56-4e1f-8ead-b90803b518c9_loskeletal.owl_functional.owl,269403972,468572352,737976324
c447cc9e-2fc7-4afb-b4b0-38f1db7fb64a_aceMission.owl_functional.owl,99714589,1451267,101165856
approximated_3a725368-a56b-40e5-b2fa-3317b288387b_London.ttl_functional.owl,10081375,4459706,14541081
approximated_00553.owl_functional.owl,4310352730,7742105698,12052458428
approximated_8385a310-f6bd-486f-b558-96b3c177e2dc_Eierpunsch.rdf_functional.owl,9038107,4082133,13120240
approximated_0d67909c-5e1d-4c73-9c9b-7f425d28dde6_onto.rdf_functional.owl,15550318,6803525,22353843
c6a85b6a-e05b-467e-a201-b3f3468a79e8_Property.rdf_functional.owl,12898564,5736935,18635499
approximated_1fa66cc1-a3a7-4cab-9b27-893c2fcdc553_Antibody.rdf_functional.owl,14148911,3629924,17778835
approximated_96a591ed-fa4f-49bf-9550-db54be9241dc_figure7.owl_functional.owl,22850889,18277975,41128864
approximated_96859279-23d5-473c-9886-f63177596fee_landSoil.owl_functional.owl,67088230,128140923,195229153
approximated_8c8cb9d0-3cac-4fc6-9d73-f9df60a28913_thSolution.owl_functional.owl,18849242,21554775,40404017
442b3f6b-0ae6-46b9-943a-1e1aa9b77876_bilasimple.obo_functional.owl,13134574,5929027,19063601
approximated_5ca6e196-b183-44e6-8fa6-18f8afa47f31_o_complete.owl_functional.owl,589042244,1232875868,1821918112
approximated_0930a763-1671-495d-9c4d-3e378a3127b5_Pecorino.ttl_functional.owl,15973552,3661095,19634647
approximated_90945e26-e504-44b6-8568-586ff0701c0f_urdulink.rdf_functional.owl,26064414,55409457,81473871
e52f3dcc-6331-4cc4-a4c1-abeaf93f81d1_m_anatomy.owl2_functional.owl,20256970,20235298,40492268
approximated_1f34c5ee-ad79-4c51-bc1c-5172a8bf011d_sette_deck.ttl_functional.owl,16039682,4500195,20539877
192ab848-6820-47e7-97a7-497247da7e74_ephenotype.obo_functional.owl,326650892,520672978,847323870
165a2aee-874a-4538-bfdc-9a91879bcff5_DDANAT.obo_functional.owl,19109833,19062640,38172473
approximated_c24e875f-10ff-4761-8223-bf61948f1b1e_101onto.rdf_functional.owl,19386555,5392548,24779103
approximated_079ae0e1-d0bb-41c4-9c15-7b65eb5d7780_Pommeau.rdf_functional.owl,15682482,3686046,19368528
approximated_ab5d79ef-dd20-41bc-9994-827779923116_onto.rdf_functional.owl,14666217,6454311,21120528
approximated_3e069ba5-7b5e-44ae-bb1d-bd734c6c40a1_Moral_panic.ttl_functional.owl,16238664,3782390,20021054
approximated_7403311b-71f3-4367-bb0e-dcef6f2e235b_reen_wiper.rdf_functional.owl,12740397,3782103,16522500
approximated_e837a859-1f5f-428c-a78e-3c04a31f17df_Paragliding.rdf_functional.owl,11264984,3872031,15137015
approximated_cca58b06-774c-4b2c-9e97-998c039b9f5c_dence_code.owl_functional.owl,19581740,11048148,30629888
fe8f773d-9bd8-493d-b6fa-ea49da224575_TADS.obo_functional.owl,37748271,48425581,86173852
approximated_3c9e1ea1-b4f9-47b9-af99-cba364d768c2_Butterbrot.rdf_functional.owl,8831493,3816857,12648350
approximated_92351058-adb2-4c86-8632-5081c60ad024_Fill_dirt.rdf_functional.owl,15384474,5237972,20622446
approximated_7dc57fc7-66b7-48fd-b68c-75d2b11d21b0_Gas_turbine.rdf_functional.owl,17453651,3872713,21326364
approximated_00415.owl_functional.owl,843852360,2771099798,3614952158
approximated_4884b17a-ebb9-4419-890e-d50fc76b030b_ura_Red_AC.ttl_functional.owl,18602952,3783648,22386600
approximated_6b37f3bb-86ed-4b2e-8d4b-6093fbef1fb3_Acorn_Atom.rdf_functional.owl,25023965,3677853,28701818
approximated_06c3d283-9910-439e-846e-ad277fb09409_protein.owl_functional.owl,925149203,1664763967,2589913170
approximated_ab791860-3c31-407e-a2e7-6537e3717707_unsyn_v7.2.owl_functional.owl,1596743374,3830084347,5426827721
approximated_712e60d4-0a8b-4dab-803a-b7f16e4acc4c_Geofoam.rdf_functional.owl,19089858,3754659,22844517
approximated_4e976040-4ed8-4c2c-9d35-043d52cf76ba_attachment.owl_functional.owl,28141898,45818143,73960041
approximated_6347be6f-3e3f-4e67-9164-5bcbc935d5ed_mplegraph1.owl_functional.owl,17078142,8261444,25339586
approximated_8d27ac70-9cb2-4004-a6e1-47ccce347b2e_my.obo.CURRENT_functional.owl,8917346,4897297,13814643
approximated_79367f53-d6fb-4bff-aaff-19b046c72c55__food_cake.rdf_functional.owl,8664515,3671365,12335880
5b89cfaa-cefb-4e1d-b7c8-cd7a4998604f_classified.owl_functional.owl,623744416,1463188149,2086932565
9af7b659-707b-4e86-93fc-bd82e132d4b8_eKrankheiten_K_functional.owl,82356785,851667,83208452
1d09cdf9-0579-496d-b402-c0e6f3c966b6_onto.rdf_functional.owl,13876950,1824509,15701459
approximated_62ef08ed-fc2f-4d4f-b99b-162f63326523_ensuniprot.owl_functional.owl,1411101517,1705970999,3117072516
approximated_183b0579-10f4-4745-a361-fb92a1192246_RequestTre.owl_functional.owl,16445855,4414100,20859955
approximated_1e43ac64-dd99-4a4c-852c-80235a5fa85b_t_cleaning.rdf_functional.owl,14193726,3738907,17932633
e0784f3e-503c-4204-bea2-be584b5a2122_apiensexpr.obo_functional.owl,12562366477,25854563177,38416929654
approximated_f2faf58c-9bb8-41e0-acc1-f7a6833be1cf_meGeologic.owl_functional.owl,44503087,31740305,76243392
approximated_4dc4c3b5-6f9b-414d-825d-a21731e4f830_nt_asphalt.rdf_functional.owl,11278581,3621379,14899960
approximated_kb-owl-syntax-coreference-IDs-cardinalities-disjointness-constant-classes-relation-axioms-value-classes.ofn_functional.owl,919877712,2352859271,3272736983
approximated_kb-owl-syntax-unraveled-depth-1-disjointness-triggers-constant-classes-relation-axioms-value-nominals.ofn_functional.owl,783001574,1641739070,2424740644
approximated_1e32802c-f906-4304-80bc-01d1c6681590_ader_valve.ttl_functional.owl,16501091,3636010,20137101
157347ea-7f9d-40dd-b635-a3b83274df87_4802s1s2s1.owl_functional.owl,105900336,44957058,150857394
b3cf5de9-d697-40b3-b0e0-9d7e6be920df_c_DAG_0_99.owl_functional.owl,314427801,846063044,1160490845
c877f9a5-afa5-4602-ac65-8b2c15385625_im_candida.obo_functional.owl,17808938,6078115,23887053
approximated_1680e2f2-08ea-4594-9571-81bc71606dc8_ExtendedDnS.owl_functional.owl,26673737,20534253,47207990
7e6ea386-35a9-4885-aab1-e74e1d2511fb_Restaurant.owl_functional.owl,15882621,1416318,17298939
approximated_124ef3b2-ef86-4a8d-840c-1b02a91041e2_index.php_functional.owl,17223636,1917125,19140761
approximated_40c6e9b2-7b63-43e9-b3ee-707a42e804d0_Nougat.ttl_functional.owl,11699769,3624044,15323813
approximated_11ecc1e7-f350-4c63-92cd-e6a27f1f68a4_Patio.ttl_functional.owl,10317109,3709710,14026819
approximated_ab6d4c4d-66d2-422f-8e7a-6ed0280c0b76_ian_cheese.rdf_functional.owl,16063417,3792151,19855568
approximated_c0929547-f830-47e0-b79e-9235bb7a6728_realmAtmo.owl_functional.owl,131704743,212743269,344448012
approximated_1d01a7d1-79cf-41c2-b424-69d227f44d8c_na_sausage.ttl_functional.owl,21691518,4775584,26467102
approximated_3c0c6a73-429e-4195-a1e6-b629f596d351_Boxspring.rdf_functional.owl,14603005,7296628,21899633
approximated_8de57176-3a41-4750-83fe-e7c4f151c35f_BDO.owl_functional.owl,330265063,991409213,1321674276
approximated_1301d093-66ae-480c-b6d3-0920b04b2b83_Kvass.rdf_functional.owl,39926065,3856728,43782793
dba3f924-7913-4470-8536-0fe9a57793ca_ysfunction.obo_functional.owl,17953209,17720920,35674129
approximated_a6dde5c4-9037-4abc-a984-dc03009e5852_Profile.owl_functional.owl,10571789,8623504,19195293
approximated_4b6b78d5-c869-4600-b4ec-44ddece634e0_lief_valve.rdf_functional.owl,14790756,3908992,18699748
approximated_00303.owl_functional.owl,20421473,17827232,38248705
approximated_f7c365f2-8343-4a9d-9b1c-b1c84f5697db_sleedslink.rdf_functional.owl,29525638,52919516,82445154
9015554b-1e25-4c3d-9cb8-99f7ba6c1dc8_plant_trait.obo_functional.owl,31739473,56430738,88170211
approximated_8770ebfa-b229-4ed8-a2f7-eb67e45128cc_NIFOrganism.owl_functional.owl,36272268,40862468,77134736
8552c586-d505-4d5b-9bc4-d9a5fe16883f_Airline.owl_functional.owl,17552911,1912019,19464930
approximated_b8459d8f-8b9e-4d17-877c-5666aaf5370a_ceAnalysis.owl_functional.owl,134871945,215602885,350474830
11bcd0a4-1a0c-4138-a717-b922463c8ae5_rser_functions_functional.owl,10583868,1098860,11682728
approximated_59b007f8-0625-4c51-bd70-c63f7b58ec30_Pixar.rdf_functional.owl,12643478,4454752,17098230
approximated_dbba4bc5-a82f-43f3-be36-411e5805a80d_lex_owl_dl.owl_functional.owl,275382265,648025058,923407323
approximated_79a8a5ff-531f-4b05-aaf0-de8ceb68977e_ecrm.owl_functional.owl,21021719,21926029,42947748
approximated_f3488d00-fae9-46f0-a4e4-2439cb892c37_RXNO_OWL.owl_functional.owl,14501461,15139386,29640847
approximated_5cc5f64b-eb27-4be2-b1bc-981f25f25208_Visiting.owl_functional.owl,57109166,17309039,74418205
approximated_9815995e-52b0-4ca9-b369-7e116b0067f3_mplegraph3.owl_functional.owl,18223147,8241066,26464213
approximated_c3d12510-27dc-42c7-8303-ba2343986121_TADS_functional.owl,34622929,48598822,83221751
approximated_034e892f-5c19-4cca-8858-4bb8a3b8a6d1_sio.owl_functional.owl,46028014,92747584,138775598
ccdedd92-e383-4a16-baa5-847ad1dfccb0_CL_functional.owl,10690128,1789406,12479534
approximated_00427.owl_functional.owl,31207878,42633985,73841863
approximated_0d12d021-c569-4b17-a939-00c4117ccb9b_09protege3.owl_functional.owl,12159384,5897221,18056605
approximated_4503f947-2545-47ca-b436-a52b29efdbd0_ng_machine.ttl_functional.owl,9625229,3639013,13264242
approximated_09a747bc-6003-43b5-8321-3b099302be23__rectifier.rdf_functional.owl,17683653,3746722,21430375
approximated_4f93aad6-2909-497b-a637-d92a3dfbf9a2_odAnalysis.owl_functional.owl,9430350,4468923,13899273
approximated_42aea549-cd03-4658-b46b-948b901c9e60_xsd2owl.owl_functional.owl,14932496,2411893,17344389
approximated_a4a22ba9-0a80-49f4-8bf8-2a2504036f7c_Snow_chains.ttl_functional.owl,14493302,3776108,18269410
approximated_kb-owl-syntax-unraveled-depth-2-cardinalities-triggers-constant-classes-value-nominals.ofn_functional.owl,444512017,1049036189,1493548206
approximated_17c314cd-d9d4-467e-8034-313200d06697_modore_128.ttl_functional.owl,10991654,3902777,14894431
approximated_c26f5a93-80af-4209-aade-e1e78119f5e2_phenHydro.owl_functional.owl,134263452,213223031,347486483
approximated_822bcaf6-d83a-4f7e-b53d-d8fafcf2213e_IAO_import.owl_functional.owl,9130263,8389066,17519329
approximated_2f5a69fa-fbc0-4d14-8c69-4981642a4328_logy.0.1.2.owl_functional.owl,8787284,3684194,12471478
approximated_8f8ab8d4-8bda-4c2a-9cfa-43110f74ed61_mergedtbox.owl_functional.owl,86645827152,3.21163E+11,4.07809E+11
349c9bb8-09db-469e-ab4d-b108d579f545_tianBishop.owl_functional.owl,104837876,2645133,107483009
approximated_42beab1d-b1b4-45ed-bf39-34a98d3548ef_envo_xp.owl_functional.owl,178145978,109108954,287254932
091e00db-b909-4856-a8e6-b37221827fd2_ss_xp_self.obo_functional.owl,115462590,12365635,127828225
26fa7c73-aeb4-42b9-b2dd-54fdd4450819_fbbt.obo_functional.owl,946771825,1166522574,2113294399
approximated_hpio.host-pathogen-interactions-ontology.2.owl.xml_functional.owl,16699003,14321002,31020005
83b79a18-1279-47b4-be00-cd987908fcbb_dantmodule.owl_functional.owl,104567638,137900564,242468202
approximated_55fb9d69-92f3-4a18-a9f7-b6b0825945b9_Ammeter.rdf_functional.owl,15172536,3688602,18861138
approximated_544da58e-ea8b-4526-90ef-8278242d0437_ian_marble.ttl_functional.owl,9817571,3903247,13720818
miro.mosquito-insecticide-resistance-ontology.1149.owl.xml_functional.owl,91275379,225981081,317256460
approximated_2400ea14-3351-4b19-b22f-f2b93053542a_lexicon.owl_functional.owl,24944816,12794336,37739152
approximated_34a44aa8-e4bd-49c2-9438-94c341ece48b_ZX_Spectrum.ttl_functional.owl,18513640,3894991,22408631
a0d8a9a9-8931-4191-96d6-09cfa754432c_nsc.rdfxml.owl_functional.owl,24888110,31616770,56504880
a6e31b27-2a8e-479f-ba61-9ed72be02a4c_naics.owl_functional.owl,45613854,63697874,109311728
approximated_6293270f-6355-43e7-a95d-c1f59b5b9b04_TravelCNO.owl_functional.owl,41033417,37510528,78543945
approximated_710c2b5f-b4a6-4fe3-bb2a-79b35c209b23__F15_Eagle.ttl_functional.owl,9166276,3982245,13148521
approximated_kb-owl-syntax-unraveled-depth-2-constant-classes-relation-axioms-value-nominals.ofn_functional.owl,422310420,1014738606,1437049026
approximated_f85b75ba-751e-4295-9747-e82442b1487a_keontology.owl_functional.owl,49970430,91646906,141617336
approximated_e3c030ab-0455-4f84-8327-21d43c0a74e6_listssnip3.ttl_functional.owl,15883082,23000108,38883190
approximated_40c9c44c-e0a2-4546-bb12-42f0c416b1f7_Jet_engine.rdf_functional.owl,14973404,3743442,18716846
900d40b6-c097-415f-9299-70dc467222f8_Comedian.owl_functional.owl,14319782,1933486,16253268
approximated_00384.owl_functional.owl,30897707,54413905,85311612
approximated_8bc9c84c-faf5-4eba-bc88-8b761b9906b9_exOBOUBO_1.owl_functional.owl,70097940,145811031,215908971
approximated_2352e3d3-d957-407d-939e-6661bbc33b40_Vise.rdf_functional.owl,9683362,4063669,13747031
approximated_538cc295-6088-4d4e-8ed3-9234d341df41__WordNet30.owl_functional.owl,17778741173,4128831071,21907572244
approximated_8c1a5485-dc97-41c3-b9d4-72b13fe37afb_classified.owl_functional.owl,245323235,568016185,813339420
approximated_8c002954-aaed-4b3e-abc6-899743a18035_Reputation.rdf_functional.owl,10762847,4024781,14787628
48476a63-f6b3-43ed-b11f-629d69986f45_po_anatomy.owl2_functional.owl,35033482,64292888,99326370
approximated_965820fb-88b7-4a60-9e60-e924771b86ce_cmo.owl_functional.owl,17608035,11180293,28788328
57c29d56-7906-4b75-b44c-2a5a74715d7a_GO_import.owl_functional.owl,52526278,79182761,131709039
approximated_999a02d4-e1eb-460c-a5e8-6857eec26f7d_nd_cutting.ttl_functional.owl,13572384,3878489,17450873
0cec5da9-f8b6-46ca-bfea-d7480197c791_earthrealm.rdf_functional.owl,19114513,5878139,24992652
approximated_67d0ca23-2031-444a-bf38-4f6b542f2a82_ategorical.owl_functional.owl,137548798,247600458,385149256
66747b68-3c6c-47b3-ab71-a2d99bfa16c0_spdmerged.obo_functional.owl,31561882,39652258,71214140
approximated_kb-owl-syntax-unraveled-depth-4-km-relevant-cardinalities-disjointness-triggers.ofn_functional.owl,571875193,1486429326,2058304519
approximated_46e68c0b-ebcf-43d5-b3b5-a29baf2238aa_odore_1541.ttl_functional.owl,21791645,4892074,26683719
approximated_455f85b7-53da-4214-a340-9eee86f85612_al_tartufo.ttl_functional.owl,11561530,3812263,15373793
210a3813-6f8e-46f4-95ff-4ba88c15d8e4_ldisjoints.owl_functional.owl,17892827,3246190,21139017
approximated_90c310e7-e0ad-4070-a66f-10e8c0e11c92_y_Odd_Jobs.ttl_functional.owl,13070546,3766946,16837492
approximated_00489.owl_functional.owl,1003445706,3297237856,4300683562
approximated_8a44393a-fa78-4c61-9056-43beaee93b23_txn.owl_functional.owl,18545641,5104016,23649657
approximated_3ac99b78-35bd-436f-830b-9b5cc7ccfe0f__del_Casar.ttl_functional.owl,10351722,3667389,14019111
approximated_6a44c502-dc82-4329-8744-93dff7d62007_to_anatomy.owl_functional.owl,73634396,147452712,221087108
43fcb822-c164-4c3e-bddb-6c3e1d7d6968_sculustype.obo_functional.owl,739156639,2047424117,2786580756
approximated_bec48263-4ad4-4c00-b8bd-84f5648191b9_phenSolid.owl_functional.owl,130617796,214038000,344655796
535ee6ca-1d21-49ed-b743-c18ee4b1b14d_urbaen.owl_functional.owl,100059925,195472047,295531972
approximated_kb-owl-syntax-unraveled-depth-4-constant-classes-value-nominals.ofn_functional.owl,390424642,854648166,1245072808
approximated_8b31fb14-9744-4154-a0b8-900be9b47a1e_core.owl_functional.owl,29781303,24698914,54480217
approximated_0bf6b64a-17dd-4d11-97c3-6b366b9ce376_cfg1.0.owl_functional.owl,11250021,7418480,18668501
approximated_17d4ac0d-6171-4dd0-836a-7c689eb63a2d_veillance2.owl_functional.owl,13762624,6526233,20288857
approximated_a0199d4f-f800-4dbf-8fa1-2429e8f7e23c_Amul.ttl_functional.owl,17734653,3732539,21467192
approximated_8b81a043-e6b9-47da-8070-1c698e86c46d_ent_Bridge.owl_functional.owl,79956838,171000367,250957205
648489fa-be89-4555-8241-df333c9cfdbb_erontlocal.owl_functional.owl,9786121,6242361,16028482
4af450fe-97df-4461-8515-cb056b677dfb_icBuilding.owl_functional.owl,17269975,1978131,19248106
57137591-6d45-48e4-a584-e4bec0fc98e5_onto.rdf_functional.owl,9396516,3473136,12869652
approximated_2aa5ab38-e35a-46a1-8cbf-f1df4ad3a91c_Jig_grinder.ttl_functional.owl,12596282,4128095,16724377
approximated_0420188c-4672-401c-bc7d-3515515e86cc_fsm.owl_functional.owl,17265977,1832225,19098202
approximated_3483a703-bc67-4df3-8103-7fa51a20d017__connector.rdf_functional.owl,15251575,3942616,19194191
approximated_9248b3ee-cdbf-440a-9bb4-a92d434d7897_Medovukha.ttl_functional.owl,14369750,3822917,18192667
approximated_0699670d-2ca9-4a15-860a-d5b40466a595_Drawknife.rdf_functional.owl,16837121,3827218,20664339
approximated_00153.owl_functional.owl,17750065,7030420,24780485
approximated_0d05f77e-c3ae-4d88-a19d-9caf558f5156_reprTime.owl_functional.owl,157185694,214903380,372089074
approximated_a191242a-556f-457b-adfa-c2917b57f219_UNo_Bar.ttl_functional.owl,13229095,3742820,16971915
approximated_645b919e-f911-4026-a3ed-77df0519d8c0_bile_phone.rdf_functional.owl,16678211,3788607,20466818
approximated_494ad8e4-af66-4bdd-adcd-c0a1e015ef91_elay_valve.rdf_functional.owl,14223693,3870573,18094266
approximated_58bf3257-9cfb-484b-88ac-3770c2b9a7b1_coat2codoOR.owl_functional.owl,20356472,14979530,35336002
approximated_0fa8fa37-f92e-4369-9f13-33c1bebca610_onto.rdf_functional.owl,16586878,5595508,22182386
approximated_928cea39-e250-4901-ad4f-8933a6458141_reidslives.owl_functional.owl,1.32124E+11,8821020667,1.40945E+11
cb277231-6f9a-49e9-a7bf-64580a14bf71_Weapon.owl_functional.owl,21996200,1991191,23987391
approximated_kb-owl-syntax-unraveled-depth-1-disjointness-triggers-relation-axioms.ofn_functional.owl,686778996,1587922558,2274701554
approximated_f2babe5c-6e4f-48ca-92f6-381a41d36082_risdiction.owl_functional.owl,209253555,240561149,449814704
8a80769b-833e-450c-9928-093dee4355e3_litaryUnit.owl_functional.owl,17795787,828676,18624463
approximated_5ae31e8c-92fa-481b-b324-78b7c7779954_rMathGraph.owl_functional.owl,141805113,250551547,392356660
9b23c14a-b049-4912-83b0-a4fc867153d0_lmFestival.owl_functional.owl,17319885,1139644,18459529
approximated_18024ef4-6040-47ca-bc9b-023f13927f17__fullscale.owl_functional.owl,22787961,30441851,53229812
approximated_852efd42-d414-4dbf-bd0d-67bd4d419d8f_skio3.owl_functional.owl,30331171,33438325,63769496
aeo.anatomical-entity-ontology.6.owl.xml_functional.owl,13319990,17868032,31188022
approximated_064b8645-ed7f-4c98-8e3c-bd2535ff52ee_pizza.owl_functional.owl,12890715,13003479,25894194
approximated_14e074f3-0bb0-4512-9e4f-8c23d296cf9a_hweinshaxe.ttl_functional.owl,13143517,3668027,16811544
approximated_6549322f-75ed-40f3-b888-29ac40494ccc_statistics.owl_functional.owl,9773749,7863167,17636916
approximated_ac9d8ad3-1d36-4aa9-bcc8-5088a84485be_hitney_GG4.ttl_functional.owl,18304723,3760999,22065722
26d641a4-8790-4bec-842a-fcc32ea98d4f_sgenechrom.owl_functional.owl,463429476,891777608,1355207084
72690f9c-cc7d-4ad3-b2ec-4e28a76ffc17_references.owl_functional.owl,28022505,29021546,57044051
approximated_00596.owl_functional.owl,54145494,111931471,166076965
approximated_52eb08f8-6346-4020-a735-593f8bf1d3da_COSMOtop731.owl_functional.owl,335948133,553465008,889413141
approximated_0f2d27c1-77cd-4986-9490-de0102d071b6_mond_blade.rdf_functional.owl,14920179,3811810,18731989
approximated_b546570d-8204-480e-b501-66405be6a159_le_manager.ttl_functional.owl,11101567,3854565,14956132
approximated_14f3c29b-3fef-4314-8e72-fbbd3c0a3b27_ext.obo_functional.owl,707212845,2016741521,2723954366
approximated_cno.computational-neuroscience-ontology.6.owl.xml_functional.owl,22461949,22121611,44583560
approximated_e41bed88-8811-4070-b1b2-c6d91228b9de_terey_Jack.rdf_functional.owl,16305179,4006088,20311267
approximated_6fc3eee8-ddf4-4d52-a23c-c1d6c4c4bab2_Web_server.ttl_functional.owl,14553350,3763328,18316678
5b92eec2-0336-43d1-9b83-9021b6c25ad7_lca.owl_functional.owl,13193679,1439255,14632934
approximated_9fc828f9-4b48-455e-928b-b6db41cbbc00_esta_valve.ttl_functional.owl,14704765,3658628,18363393
approximated_28a344d0-277b-4c4a-a2c0-33bc8885d51b_Sardo.rdf_functional.owl,15791923,3656546,19448469
approximated_48169ef7-6d4d-4e35-b1b0-3bfe8c0f8010_Scampi.ttl_functional.owl,14466625,3706919,18173544
2aed1f60-77ab-496e-b30f-fd4185b6b9b7_imdb.rdf_functional.owl,26671426,6727131,33398557
approximated_kb-owl-syntax-unraveled-depth-4-cardinalities-disjointness-triggers-constant-classes-value-nominals.ofn_functional.owl,658760462,1508519012,2167279474
approximated_ca31e0dc-bec6-4dcc-ac56-458cc111a734_bao_core.owl_functional.owl,569297321,1134025194,1703322515
approximated_2e54ed01-c483-4acc-8224-c302d2d233ba_Butter.rdf_functional.owl,15633243,3698486,19331729
approximated_0f79cf72-c4eb-488a-8e14-830cf8fdbf14_IBM.rdf_functional.owl,9129289,3861768,12991057
approximated_d8b59ae0-f846-4a28-ae57-2ee85b917e48_onto.rdf_functional.owl,15764826,3800893,19565719
approximated_hivo004.hivontologymainowl.4.owl.xml_functional.owl,22025404,20513581,42538985
approximated_17ef81df-3ac6-4e0e-a134-7428376eda5a_COSMO.owl_functional.owl,287956160,348138547,636094707
approximated_00546.owl_functional.owl,73281456,146676766,219958222
approximated_c605aff2-c517-4427-894b-247bcfb87131_actfactory.owl_functional.owl,14863101,5189167,20052268
1f5edafb-1f70-473e-b834-8a4d70a11362_ezeichnungen_G_functional.owl,14173331,751180,14924511
45ffd849-1b5e-469d-9b8a-5ea7cc9d5342_ontology_28.owl_functional.owl,15082385,2671878,17754263
approximated_00468.owl_functional.owl,21718858,34353508,56072366
7102c305-adbc-4a7f-9cc7-ce5354c1b98c_cyc.xml_functional.owl,766397767,412147261,1178545028
approximated_7eb4da3b-9764-4eda-a010-ab4b286bb868_eRoleTrust.owl_functional.owl,144004633,215815562,359820195
aec045a4-676e-444e-b520-36a57ce1feba_onto.rdf_functional.owl,14987382,3390234,18377616
approximated_1ff1b1dc-c9cf-433f-86f6-4aabc8bcfc4b_latemethod.owl_functional.owl,18142827,5289614,23432441
approximated_8e9994d0-53b5-46d9-ad1b-99e04b13abb9_instrument.owl_functional.owl,22592361,10562630,33154991
approximated_7c82e7e7-6276-4d11-8465-2a923fa59c68_ology_v3.1.rdf_functional.owl,33331061,5302659,38633720
approximated_0bd66107-ce44-4047-928e-268d8eff8aa1_h_dressing.rdf_functional.owl,16166558,3793794,19960352
157b84b3-05c5-449c-8d1e-6d35baf46b0f_lgcs.rdfs_functional.owl,24413835,38820286,63234121
approximated_777b3e5c-fe89-45c3-8a1d-902701adb359_transistor.ttl_functional.owl,16715161,3767683,20482844
7501c498-0fc3-4963-9e5d-bc6bb921ff3d_pride_cv.obo_functional.owl,27834614,22521735,50356349
approximated_c855c735-eb51-4dbe-b4fb-65eff162766a_heritage.owl_functional.owl,15911355,7155050,23066405
approximated_0915e04b-b1f5-4324-99f0-786ff1529057_TRS80.ttl_functional.owl,18767240,3806137,22573377
approximated_DCHARS.owl_functional.owl,82442232,86717396,169159628
b965242b-d6db-4ade-8dbc-9aaefc18cc1c_po_import.owl_functional.owl,29179739,19286242,48465981
approximated_f9996b7d-c664-4914-b3d0-2a51dd9b8b28_COSMOtop681.owl_functional.owl,278794946,488470502,767265448
approximated_1cce70fb-0fb0-4d35-a778-e74b6039362a_Cultivator.ttl_functional.owl,12947835,3843414,16791249
approximated_0c0e567e-deb2-4b83-a400-5aea7304b8d4_Doctorate.rdf_functional.owl,15896995,3838029,19735024
c342980b-bc1d-477c-9884-4b32ac96c1a2_psims.obo_functional.owl,49616995,89501783,139118778
approximated_50c9ffca-2132-4434-afab-d4ce20cc2714_SUMOLite.owl_functional.owl,57284440,48906228,106190668
approximated_1604aad3-1238-4567-8ba2-fb36c04e0365_Classifier.owl_functional.owl,11946426,7337014,19283440
approximated_5b712a8e-cdb3-4b7e-b48e-235a007d9aae_Lenovo.rdf_functional.owl,16290772,3760970,20051742
approximated_neomark4.neomark-oral-cancer-ontology-version-4.1.owl.xml_functional.owl,19734765,17448332,37183097
approximated_d4799c9a-726e-4e62-bd24-d6265f8cf06e_rcular_saw.ttl_functional.owl,9921531,4099727,14021258
approximated_7bccc24e-ab45-4d38-be9a-91adeb0128c4_vation_v11.owl_functional.owl,13909538,5593933,19503471
approximated_8af1dc88-dc4b-45e4-91ac-30a16778e92c_lidFailure.owl_functional.owl,64350688,129533952,193884640
approximated_06720855-d478-4422-9ecd-6b5251c81822_OWLPathS.owl_functional.owl,7647828,4108034,11755862
approximated_68a9df6e-3ff0-4120-82f8-8e38b45b6f21_Schwenker.ttl_functional.owl,12593234,4096360,16689594
approximated_06ec8f23-ec49-47ae-a6b9-479d6722ea40_SnC3B8frisk.rdf_functional.owl,13272500,3784026,17056526
approximated_0d6b495c-6764-4eee-bdcc-b1589580fcda_om_divider.ttl_functional.owl,9343428,3877516,13220944
approximated_00488.owl_functional.owl,970905264,2737395317,3708300581
approximated_genomic-cds_rules.owl_functional.owl,3492617646,6732056105,10224673751
approximated_c288b46f-8821-4d07-a89e-e1dad3a85092_Instrument.owl_functional.owl,147791273,229838252,377629525
3bf7a723-62bb-46ff-9b45-cf196d6af91d_ality_edit.obo_functional.owl,54214576,91709038,145923614
95bdc821-3519-405f-884c-13ae3319b996_rtchaininv.obo_functional.owl,13733236,7774927,21508163
approximated_0655a1d4-9c76-4d81-abd7-168f79dd55a5_Landjger.ttl_functional.owl,12456016,3677670,16133686
approximated_eef9e8b9-84a4-4b53-b962-60ce32739d94_OWLFull.owl_functional.owl,14257990,6941886,21199876
approximated_6661ada3-0cc1-432e-b7f2-14da3b1d481c_uberon.owl_functional.owl,211512050,593131498,804643548
approximated_1c209f66-1cbc-432e-9a87-899b58cec461_obi.owl_functional.owl,232622468,256494989,489117457
approximated_178a2a5a-4c99-43df-8310-a3a484600901_ly_Rancher.ttl_functional.owl,13455713,3785079,17240792
approximated_c4f560e3-9d78-4e8a-be85-c21ebec4ebd4_IPR.owl_functional.owl,14559850,5966427,20526277
approximated_15e52261-c5a1-4c35-aa4c-e52bbe75ce36_netClimate.owl_functional.owl,137640016,214232974,351872990
approximated_0f3593a9-9add-449b-a08a-957ff8249c9b_gilaco.owl_functional.owl,14944524,8704431,23648955
approximated_00472.owl_functional.owl,2663892249,13039282980,15703175229
approximated_5fe13b48-2a2b-43c2-81b7-694102b5ed17_Bicycle.rdf_functional.owl,13006325,3992696,16999021
approximated_e716c47b-1af2-469f-bfde-4f4bc06dcd5b_mAstroBody.owl_functional.owl,132650656,247921969,380572625
approximated_85ec5832-ee7f-4ddc-bd9d-f5c2725cc7b5_astroStar.owl_functional.owl,40263819,70982636,111246455
approximated_561b752b-5d04-485b-9e9e-161c91b8bd4a_NLexOBOUBO.owl_functional.owl,59197829,117940284,177138113
approximated_06125746-db7a-461f-84c9-e676cd890a18__gallusMOD.obo_functional.owl,2039682558,4828848375,6868530933
approximated_5d91c1ca-967e-46cf-bf2f-46fb85087700_acteristic.owl_functional.owl,15055966,4773060,19829026
ontoma.ontology-of-alternative-medicine-french.1.owl.xml_functional.owl,23692504,18753740,42446244
approximated_1d235bfb-2df4-4b87-8290-15c149c4eb76_protontop_functional.owl,17114625,4248516,21363141
approximated_b1a2b46a-c828-4e71-a4aa-e4c80fb83241_zfasimple.obo_functional.owl,116208069,280649209,396857278
approximated_envo.environment-ontology.27.owl.xml_functional.owl,40427784,99032287,139460071
approximated_20cf01e1-6931-40f3-8ae2-dfd150033aea_logyv0.1.1.owl_functional.owl,17232993,10331060,27564053
1d730b42-a4c4-4c1d-b31a-fcab6477d8cd_actpathway.owl_functional.owl,453326132,924206214,1377532346
approximated_93b71cab-d82a-4db2-a5e1-d29ab2aaa515_spatial.owl_functional.owl,16215280,12990420,29205700
approximated_3950dfbe-70c4-46d2-a2bc-ddae82dc5f27_st_cricket.rdf_functional.owl,12520828,3691643,16212471
approximated_b862f674-9f60-4d67-b1c6-d851770a31bb_NEMO_ERP.owl_functional.owl,18620468,7620440,26240908
approximated_kb-owl-syntax-unraveled-depth-1-disjointness-triggers-constant-classes-value-classes.ofn_functional.owl,726609050,1761245584,2487854634
approximated_suicideo.suicideonto.1.owl.xml_functional.owl,20729347,17826175,38555522
approximated_kb-owl-syntax-unraveled-depth-1-triggers-constant-classes-relation-axioms-value-classes.ofn_functional.owl,457128197,1142266808,1599395005
approximated_7af16117-edbb-400b-9367-4bedd80d5887_egoryCommunity_functional.owl,101206791,1857727,103064518
approximated_7dea6e1d-3c97-4c6f-8331-f4e8cabd427d_Dolabra.ttl_functional.owl,11132862,3691098,14823960
approximated_cf6f1172-ebdd-45db-8515-fbb79740be9b_0Litev3owl.owl_functional.owl,12974009,6805441,19779450
approximated_317ee586-babb-445c-b96d-5738b4e2fb91_toff_valve.ttl_functional.owl,74632692,3676664,78309356
91f7c4be-63b5-430b-b479-f35271f362f4_it.obo.CURRENT_functional.owl,13784860,19115988,32900848
approximated_5844b967-a8bd-4f04-bdab-9d0570fb6546_ced_coffee.rdf_functional.owl,55232266,4601724,59833990
approximated_2e4b126f-2c15-4c8e-9984-6a93d4be2d02_Kunai.rdf_functional.owl,24322657,3776500,28099157
0b5efdd0-bef2-4f27-a031-8e791655a953_psims.obo_functional.owl,56387206,143238853,199626059
approximated_f34f57f4-b3d0-459c-8012-31df155d057a_gy_engineering_functional.owl,13734449,2888711,16623160
approximated_5bc62186-e4e8-4513-a4cd-2cbb3b5f3b32_ecomEntity.owl_functional.owl,11926087,4520229,16446316
approximated_125170f2-d6fd-49e6-b572-c5132bb616ab_ole_digger.ttl_functional.owl,10867694,3877501,14745195
approximated_03e7478a-1ce2-48b3-936b-8ed98901f5b2_biotopcore.owl_functional.owl,13305638,17896388,31202026
approximated_07950c24-0549-4376-a098-8e1102f9fa47_Statistics.owl_functional.owl,140366274,249495451,389861725
approximated_074464ff-b331-4a4c-93eb-bd39463e2b3b_map_CLEMAPA.owl_functional.owl,258073970,680081078,938155048
approximated_kb-owl-syntax-unraveled-depth-2-relation-axioms.ofn_functional.owl,406408882,1055351816,1461760698
0e07c427-d82e-4fab-a4c4-c66dcff9bea2_to_anatomy.obo_functional.owl,88552306,147989318,236541624
approximated_06d05491-f515-43b2-bfcb-17f0127017c1_IP_camera.ttl_functional.owl,11376620,3897108,15273728
e08840ce-9b69-4ab8-83df-d775c985701c_SUMO.owl_functional.owl,127556517,136987714,264544231
approximated_8c4d8437-9c0e-46ac-ba21-4298a1e19972_p.obo.PREVIOUS_functional.owl,233130646,530545636,763676282
approximated_0cc8f9f6-a79e-4f9a-bf19-c82abb22119b_ESG_test_3.owl_functional.owl,23649721,5479326,29129047
approximated_0166625a-79da-4c0b-b81e-f4def34514b0_edia_3.5.1.owl_functional.owl,41920170,61157791,103077961
approximated_11607552-21d7-4b4c-a134-ecdc8c344b58_Folar.rdf_functional.owl,12502441,3882089,16384530
approximated_c0411cda-9628-4e34-8e80-16bfe0ba26ef_sampleds.owl_functional.owl,20134076,4335848,24469924
approximated_ca54de57-8d28-4357-ab77-c6b0bca32460_natomy_xp.owl2_functional.owl,282698257,723026364,1005724621
b7925e15-27e0-46f4-b422-2ce385f9a436_ulusentrez.owl_functional.owl,1164524966,626612447,1791137413
approximated_kb-owl-syntax-unraveled-depth-4-km-relevant-cardinalities-disjointness-relation-axioms.ofn_functional.owl,683115080,1352511977,2035627057
approximated_4d1f59b4-f507-4518-9eb1-04ed41b56c08_.dlhomes.owl_functional.owl,28295932,7264957,35560889
approximated_8ef191be-4538-42b3-ba19-1c9be9492c59_realmGeol.owl_functional.owl,137491830,214989771,352481601
approximated_kb-owl-syntax-unraveled-depth-3-cardinalities-disjointness.ofn_functional.owl,746055526,1458256971,2204312497
197238bf-04f0-4d6f-b053-2787e5b5492a_y.obo.PREVIOUS_functional.owl,20671983,29821062,50493045
approximated_0452f0eb-374b-4b53-aa1c-32ad595933d7_noturbella.rdf_functional.owl,12178075,3865671,16043746
8c97aa04-c027-4119-bf3d-a0d0f13211c4_KategorieBrust_functional.owl,15169334,756212,15925546
approximated_374fc6ee-44dd-486e-b0ca-12dbd76a705d_ic_sanddab.rdf_functional.owl,16425236,3705086,20130322
approximated_00383.owl_functional.owl,1392853159,4066134749,5458987908
approximated_51a99c70-a982-4515-8ee7-1c6f9187e8a8_food.owl_functional.owl,11723561,3766816,15490377
approximated_8050c34e-98fa-409a-9027-0cda86e70b57_taosimple.owl_functional.owl,97797687,208916026,306713713
approximated_hino.human-interaction-network-ontology.5.owl.xml_functional.owl,3547391355,9915471161,13462862516
approximated_187f0d06-043e-4d8a-82a7-f5a2d020ec79_pmbok4.owl_functional.owl,61369991,77318723,138688714
approximated_00674.owl_functional.owl,50816009,115354902,166170911
98344088-a968-40ac-b0ff-bb0acebee4b7_pathway.owl2_functional.owl,26725230,47778887,74504117
approximated_kb-owl-syntax-coreference-IDs-km-relevant-cardinalities-constant-classes-value-classes.ofn_functional.owl,602018979,1727778392,2329797371
47d90165-631c-4248-a984-3a28830f5073_protlabels.owl_functional.owl,73626793,145189610,218816403
approximated_b637fd6f-6845-4a14-b57b-bce27c8784c8_quanTime.owl_functional.owl,128946350,213578140,342524490
approximated_74e34afb-d86a-45bd-a0c8-cd32808d666c_Ladder.ttl_functional.owl,14080734,3746429,17827163
5a91f92a-1c6b-4253-bb0d-43606ccd2b2c_Road.owl_functional.owl,17094664,2384003,19478667
approximated_6f0fe24e-97bc-4dec-8a91-178e82a373d6_matrPlant.owl_functional.owl,131118105,215755114,346873219
approximated_01a277b7-b086-4048-86c3-fea10ddfaf25_esc.owl_functional.owl,37775651,11376656,49152307
approximated_4135285b-738c-4a37-b77a-52db98a448bb_Air_blaster.ttl_functional.owl,17540666,3683368,21224034
approximated_ccf91190-f5a0-491a-9113-0b3e607ec6ea_PaulFisher.rdf_functional.owl,12207132,3038804,15245936
a853f4f3-d051-4cdf-b588-1a83aeca0acb_s_xp_self.owl2_functional.owl,67406416,23384858,90791274
approximated_c5a5ae0f-18d0-422f-9819-927a046b1ad5_ENLmodel.owl_functional.owl,16308681,3058111,19366792
approximated_4c545d16-4347-40e5-b054-f181c7b7c9d4_e_spreader.rdf_functional.owl,9789532,3680850,13470382
approximated_20a5ea94-c542-4d59-95e1-b6aca01289f2_bejna.rdf_functional.owl,13902238,3999725,17901963
approximated_c3ace09a-6819-49c2-aefc-4888eb9beb2b_Autos.owl_functional.owl,168608248,13599569,182207817
approximated_23357ef6-7441-44fc-a637-f5e6ac3f3f89_lsi_cheese.rdf_functional.owl,11228085,4482707,15710792
approximated_22886788-061b-45d4-ad4c-b757c2ad7d81_Perry.rdf_functional.owl,17957098,3671029,21628127
approximated_35fb5010-b0f6-42a5-9305-d1b6baa0a707_e_Rathgore.ttl_functional.owl,11856643,3704045,15560688
1ab70d12-c7fc-4fb6-a8da-45224d349bca_onto.rdf_functional.owl,16118262,3555351,19673613
d04bc379-6c2d-44e1-8dcf-37c1bd603d00_fypo.owl_functional.owl,797806750,867713232,1665519982
approximated_79115278-1b41-44f6-92de-beae523fb210_NIFOrganism.owl_functional.owl,60563854,41134489,101698343
c7f1a3bd-6b19-4ddc-a177-28ead5f6ad3d_rieUnpublished_functional.owl,12039315,746405,12785720
approximated_327d9610-ae2f-447b-85b4-bd69edd82d49_alie_bread.ttl_functional.owl,11363100,3943691,15306791
approximated_0b33c9d0-245c-4854-9393-4288353ff52e_Anchovy.ttl_functional.owl,16912689,3747164,20659853
approximated_d7f1f8db-ae09-4157-b45e-4ce98a1af067_dworkflows.owl_functional.owl,10925281,6103709,17028990
approximated_sdo.sleep-domain-ontology.3.owl.xml_functional.owl,60849955,130163568,191013523
approximated_964325ce-18c4-4277-a100-6fe02e9a0d14_esmeta_1.2.owl_functional.owl,26351345,16096130,42447475
approximated_3dd944dd-c768-4b48-b583-4f85866e1a6b_gansmerged.owl_functional.owl,5916235222,2187989815,8104225037
approximated_9fe3b5e3-484f-409f-a9c1-64c0c9979b7a_matrEnergy.owl_functional.owl,217461588,235530352,452991940
approximated_24617762-d541-4a30-97a1-c4d7fae41069_Wetsuit.ttl_functional.owl,102551449,3684852,106236301
approximated_88f737c1-1d19-4542-b652-3342805ebf50_ero.owl_functional.owl,130794769,236938392,367733161
approximated_kb-owl-syntax-coreference-IDs-disjointness.ofn_functional.owl,1096182570,2395187757,3491370327
approximated_0d2d631b-5908-4309-8069-e78c1568295c_people.owl_functional.owl,14691667,3932920,18624587
approximated_cadb9542-063f-4eef-bd5c-3c3389a0dc01_dbpedia_3.4.owl_functional.owl,86163386,118043386,204206772
chebi.chemical-entities-of-biological-interest-ontology.82.owl.xml_functional.owl,3132913680,6731940534,9864854214
approximated_6503c015-6685-494c-a198-65c9cd02717f_nas_cheese.rdf_functional.owl,17479372,3678825,21158197
approximated_892df542-6b84-4543-89b4-647eff79ef86_ryOrganization_functional.owl,13963218,2008667,15971885
approximated_gfo-bio.general-formal-ontology-for-biology.1.owl.xml_functional.owl,13638053,16068689,29706742
approximated_00017.owl_functional.owl,31064403,21300298,52364701
approximated_2db8b409-710c-41b3-8a36-963e889d901b_nsfer_unit.ttl_functional.owl,15985105,4498239,20483344
914b19db-9f30-43ea-a622-1a8413082774_le_biology.owl_functional.owl,19274431,15755625,35030056
661f5c50-8690-4175-8293-19e2f18446e7_ecomerged.owl_functional.owl,15222068,16659750,31881818
approximated_ca55f25f-2b80-4b5c-bae8-db7207517ae7_StrongARM.rdf_functional.owl,15931611,4810498,20742109
6d2d3293-5d88-4568-909f-bd7dd0b303d3_Award.owl_functional.owl,20388833,2297183,22686016
approximated_4238d49e-518f-4074-a1ec-91f997db56e1_Didgeridoo.rdf_functional.owl,17253364,3924507,21177871
approximated_00020.owl_functional.owl,30339419,26805086,57144505
approximated_0755d8e7-ccc9-44d2-bc9f-e4999c4c3fd6_Crowdie.rdf_functional.owl,17156831,3828021,20984852
approximated_2c8248e1-f2ab-4fcd-9d64-c8f7b2292a2a_Seismometer.ttl_functional.owl,15526542,3801769,19328311
530f80c8-cdfb-47c1-a1be-1a2d0abee680_nnotations.owl_functional.owl,37390289263,31604586845,68994876108
approximated_534f19d0-08a1-4495-bc63-86fb09392ae1_VoIP_phone.ttl_functional.owl,13170133,3769106,16939239
approximated_00562.owl_functional.owl,18166953,36834197,55001150
approximated_5e8e66b7-8213-4fa7-9260-02afccee3b04_tePhysical.owl_functional.owl,172822437,246226585,419049022
approximated_da361508-7250-43ae-a80b-1f5a63104aa5_Egg_wash.rdf_functional.owl,12716449,3867489,16583938
approximated_ogdi.ontology-for-genetic-disease-investigations.3.owl.xml_functional.owl,40740398,28147093,68887491
dbd8425a-6fc1-4d71-86e6-f63df9512381_sculustype.owl_functional.owl,741622786,2034922939,2776545725
approximated_7bf9f5b0-ee0d-4587-af7c-dfcd9d97341f_ticnetwork.owl_functional.owl,15697737,6999533,22697270
approximated_08700ca3-c320-431d-9539-6f017f2615f0_tigerlink.rdf_functional.owl,36593900,64300766,100894666
approximated_6ee47539-dd74-44a8-a876-53d95a7ca57d_trust2codo.owl_functional.owl,16839677,15979893,32819570
approximated_8aa1f8f0-b37d-443a-a8a7-79a0345bcf51_bpmn.owl_functional.owl,15404364,6398859,21803223
approximated_bd39a481-618f-4615-9b58-d2b6052f7de4_gistration.owl_functional.owl,19884019,5142758,25026777
approximated_0be6e094-35da-4097-a6e8-6d500cccb5d1_rret_lathe.ttl_functional.owl,13537012,3591815,17128827
32a9dfb3-7b19-4e74-81bb-122828d6980f_instrument.owl_functional.owl,33111081,44509266,77620347
approximated_e416edfe-5645-4c82-b6d1-aeddfa610fd3_rmodynamic.owl_functional.owl,138495905,212695364,351191269
e3fc5540-c436-4e5e-8865-3ae0795837f2_usequivmod.owl_functional.owl,679549147,582793178,1262342325
approximated_85e91f54-4322-4b9e-9c3c-0584e7f9aee1_codtools.owl_functional.owl,14535977,8862316,23398293
82c16c8f-33a6-4a2e-9134-27633fa79727_icalArtist.owl_functional.owl,10599268,1066358,11665626
approximated_19d5a281-6a6f-4e2a-a384-9e077831799d_drelations.owl_functional.owl,13875224,3826757,17701981
approximated_18850644-67d9-45b8-8676-80c0bcde9bac_qudt.owl_functional.owl,17124479,10564071,27688550
approximated_501137ad-3b3a-449a-8421-1d15c9f08fc4_e_test_car.ttl_functional.owl,17469582,3814559,21284141
approximated_c887daff-8b30-4653-bd00-50276c35f35c_relontomx.owl_functional.owl,14168854,8280434,22449288
ato.amphibian-taxonomy-ontology.2.owl.xml_functional.owl,250214015,607000451,857214466
approximated_45fe7d04-848d-459a-9686-608f7d9a09a8_OMRSE_functional.owl,19157933,6293309,25451242
approximated_0ef5a082-0ebd-42ee-a7ff-e1ae3e2094e3_vaccine.owl_functional.owl,221798267,563798381,785596648
approximated_06c02df2-a91d-48a6-ac25-24f8f490c44f_codolight.owl_functional.owl,22529096,15291746,37820842
b2ba4ee2-0c8b-4362-9044-756640c3288c_SkiArea.owl_functional.owl,14540060,1008390,15548450
approximated_f3ded3b4-bd3f-4970-9943-3f1bb6a39adf_onto.rdf_functional.owl,13425475,4937627,18363102
fc72e51b-9051-4208-a904-86a785f15dd1_eKrankheiten_D_functional.owl,14686661,810922,15497583
approximated_sao.subcellular-anatomy-ontology.1.owl.xml_functional.owl,26875695,50148267,77023962
approximated_229e085a-35af-4e7c-b9ed-e02a45af5099_COSMOr585.owl_functional.owl,205443500,345525623,550969123
approximated_296bfc72-2998-420f-a258-157b234e63f5_chemAcidity.owl_functional.owl,67855233,126337364,194192597
approximated_077bfedc-cae7-4647-9a95-08c8a449e781_r_detector.rdf_functional.owl,11928442,4097023,16025465
approximated_76ba7ae5-c714-4dd7-b60a-bd03d684dc71_Situation3.owl_functional.owl,13195963,4956520,18152483
approximated_549339e0-58ec-4cc6-b5dd-f26daf3280a0_Big_Hunk.rdf_functional.owl,4468295,3678052,8146347
59c70386-4f50-4cbf-b878-789752b64a32_y.obo.PREVIOUS_functional.owl,93349811,196994646,290344457
approximated_c88f69c1-5230-4637-a2fe-d478b7183f8b_s_pombeMOD.obo_functional.owl,913546284,1844034282,2757580566
approximated_77bee893-3fad-4727-ad08-6d78adc33e07_Liqueur.rdf_functional.owl,8902683,3924424,12827107
approximated_00497.owl_functional.owl,237963010,519336005,757299015
approximated_6b939a8e-b8c3-4da3-92a9-a3b4552cb9a7_physGravity.owl_functional.owl,27656387,38158527,65814914
approximated_5bda015b-8db9-46a2-b177-4fc34436a259_c_cylinder.ttl_functional.owl,15872449,3738700,19611149
approximated_92909328-10ac-443a-a51d-2cf5a7e7c7e8_partimenti.owl_functional.owl,17881516,8762524,26644040
approximated_d30ce37e-c0ba-4596-9652-5c34dd2d9a95_onto.rdf_functional.owl,17990489,5127819,23118308
approximated_87538db5-47d2-4273-a59b-ff1205faca1c_figure5.owl_functional.owl,22444696,18744716,41189412
approximated_73b7d9ea-c8ee-4951-ba0d-da23a2c33bb9_IAO.owl_functional.owl,14908301,6948801,21857102
approximated_6e16c559-666e-44f0-879c-555b53f02b0b_ciFunction.owl_functional.owl,142548953,215325400,357874353
bef56442-09e0-4ed6-bb3b-4930f49453a3_Mollusca.owl_functional.owl,16720804,1357659,18078463
approximated_80d6299f-77a9-4640-94b7-dab503cfb0be_po_anatomy.owl_functional.owl,39333506,68684311,108017817
approximated_02e44f52-c4ca-4e19-8719-5da95de47519_Rope.ttl_functional.owl,13717402,3838936,17556338
4cac69cd-31cc-49ae-9fcc-440bed12a52d_KategorieGiftig_functional.owl,12541702,955010,13496712
approximated_52a7d595-f6fa-4490-b3e8-ba3f3a94d47f_eryContext.owl_functional.owl,17821079,10126118,27947197
approximated_00348.owl_functional.owl,10115877,5490826,15606703
cafebca9-cd6f-4dfb-a03b-cbd36bcf70fe_ology_v1.2.rdf_functional.owl,47692042,9368033,57060075
50006c8a-cc47-4baf-8cb6-a309fdb6a1cb_culuschrom.owl_functional.owl,13402154,7047713,20449867
b9ab031b-9103-4e43-b8d1-61a3c9268552__phenotype.obo_functional.owl,153990732,462380362,616371094
approximated_b514d1fe-29f8-416c-a2dc-b400b39f014a_Dinner.ttl_functional.owl,11199450,4091703,15291153
approximated_d4e3a00a-494b-4f7b-8c63-7eacf1f27263_Functional.owl_functional.owl,10277137,6299141,16576278
approximated_0d4cd993-db43-4a54-8410-a21809321e08_Lanark_Blue.ttl_functional.owl,18376951,3770404,22147355
approximated_028b497d-05e5-4726-9ddb-13b48976c180_food.rdf_functional.owl,27896919,17359618,45256537
approximated_e4f4010d-c6a2-4fbb-b76d-3b75f3f0ba00_all.rdf_functional.owl,14541599,3730932,18272531
approximated_d05558a4-a66e-41b9-9442-7c2793be8f5b_cedar.owl_functional.owl,47872189,23624263,71496452
approximated_66365b50-b8e1-4f9b-817e-43317e586d95_cmmi_inst15.owl_functional.owl,16729979,12628970,29358949
5ddf3fcb-55c0-4830-a8bf-5d4065d082be_wbbtmerged.obo_functional.owl,304824705,744600368,1049425073
approximated_219bcfbb-bfa2-4084-a4f7-0e0ab0c8372b_reGradient.owl_functional.owl,133269130,213234832,346503962
approximated_00597.owl_functional.owl,59701582,141046483,200748065
approximated_66f319c4-9c54-4d3e-906c-d7eb3123f4f5_k_printing.rdf_functional.owl,17434699,3920090,21354789
approximated_11d89450-eabb-4a4c-9992-4b6a6a95aa26_ationNoInd.owl_functional.owl,17437060,5775822,23212882
approximated_04b51bd7-a951-42b5-be77-8bce9b428ac1_SAO.owl_functional.owl,26854715,44371302,71226017
approximated_bfbf8119-a013-4282-8d8e-4d7f86d4cdb1_o.owl.PREVIOUS_functional.owl,21517841,37707245,59225086
07e9ab44-2a8a-4515-8de8-db2dd70302d8_go.obo.CURRENT_functional.owl,38473823,10558712,49032535
approximated_00536.owl_functional.owl,779368920,2358701821,3138070741
approximated_debdcdb3-95d8-425d-9ca2-f640741aed5f_bokqueries.owl_functional.owl,55084139,90545846,145629985
approximated_75f3ae30-b35f-4007-8d43-e3ae19cb6a77_lmLandform.owl_functional.owl,139334004,220247108,359581112
approximated_5bf69d0a-da6f-47ce-8829-b7dc07082d48_Zara_spook.ttl_functional.owl,12251348,3975709,16227057
approximated_27ed8ac0-cb8b-4bca-8a07-130144ee5adb_onstituent.owl_functional.owl,129586578,215910799,345497377
approximated_6a275e02-919b-40c3-9442-148970d32799_chemistryv1.owl_functional.owl,12135964,7327567,19463531
5ae65184-e285-42a3-93ba-def9d8c074c6_tionBridge.owl_functional.owl,19866162,11205194,31071356
approximated_75f739f8-18ab-48d9-976c-1c348b420058_lpdeskOnto.owl_functional.owl,24369957,18034268,42404225
078c8a5e-888d-43f8-974c-07fa5824676d_FBbt.obo_functional.owl,428824182,1003912712,1432736894
approximated_132a25be-f8f0-4bfe-8efa-0e65ab3259e1_Batten.ttl_functional.owl,14541171,3747102,18288273
approximated_78b82cdd-99e9-47d9-a4b2-f5de8e67bcc1_phenRecycle.owl_functional.owl,138792689,212688531,351481220
approximated_6993151e-6867-4558-ad48-301e79c51847_muneSyntax.owl_functional.owl,17926851,12578358,30505209
approximated_f7d8b613-d4de-4b98-8a5f-b1a957eea355_biotopcore.owl_functional.owl,17150927,20295612,37446539
approximated_OLD_fhkb.owl_functional.owl,801158773,66340617,867499390
approximated_c00c5b93-2350-4c59-a04c-637fd0634201_EnergyFlux.owl_functional.owl,147175277,218265259,365440536
approximated_1ba80777-0ea3-4628-97f8-fd2448923418_Scratch_awl.ttl_functional.owl,15563428,3616037,19179465
approximated_1401cfd8-b741-4913-a834-dc144bb61d99_ure_washer.rdf_functional.owl,15503155,3641680,19144835
approximated_00243.owl_functional.owl,40468480,9025876,49494356
approximated_38359aff-c44f-40d2-9a26-c3633691bcfc_itude_gate.ttl_functional.owl,11483644,3640398,15124042
approximated_e2b121c3-b59f-45d2-8e44-ced60f084a8d_mAstroStar.owl_functional.owl,142445624,246279940,388725564
approximated_d3bbc7f2-a6cc-4733-9246-05342d2c1002_ativeocean.owl_functional.owl,12208383,8452141,20660524
e4cd41e7-b714-4a56-8213-ae55bf1f9885_rminology.owl2_functional.owl,22583346,27577401,50160747
d4aa6ab9-bfb4-4e8e-bd5f-f49820209748_aeo.owl_functional.owl,16394261,18686410,35080671
approximated_4d981026-224e-4d14-b5a3-9f70b8482d1c_Carabiner.ttl_functional.owl,16263344,3964221,20227565
approximated_e33043eb-5bf2-4bb4-b811-b8527ad084d6_intact.owl_functional.owl,24361826,4895167,29256993
approximated_e0f117c2-6b6e-49b7-aa9d-1e3258473eb2_xchemical.owl_functional.owl,278683200,715708114,994391314
948f29f1-d3ac-4d73-ba09-106a9750af99_tagenomics.obo_functional.owl,15941234,8239697,24180931
approximated_6cb479d4-f4d1-4068-b5a0-ba70be82e009_pdes.owl_functional.owl,12384587,5640178,18024765
approximated_c75294d8-3b15-47c0-a511-032915e97e8d_antic_free.rdf_functional.owl,17278252,4375424,21653676
approximated_f97c8359-2567-420a-bba2-6428f98c5d77_roo_120131.owl_functional.owl,24559702,27481111,52040813
approximated_5caaee29-77a5-413f-9667-ed986e8de413_ing_boiler.ttl_functional.owl,12875658,3786377,16662035
approximated_bbbe5073-35c0-4dd2-b6d8-9141580d957b_200602137.owl_functional.owl,192833507,377889417,570722924
approximated_e82977a6-5338-4a22-b433-10495a8ee286_matrIon.owl_functional.owl,144890754,247355727,392246481
3df911fc-e169-4df0-93a7-80b558690805_gosimple.obo_functional.owl,1572204250,4348726780,5920931030
approximated_12f10742-6886-4cf0-82c5-1185f6dd2fd7_Landscaping.ttl_functional.owl,61421881,4928058,66349939
approximated_ntdo.neglected-tropical-disease-ontology.1.owl.xml_functional.owl,62699597,14240606,76940203
approximated_2711fb6f-d04a-472e-9945-178fa5686496_erOntology.owl_functional.owl,79864917,9868331,89733248
approximated_9b651940-0337-47f0-9822-3ad32c708cd9_lexicon.owl_functional.owl,51351361,13258610,64609971
approximated_e5aee397-3bf5-414e-b06c-a9fe26ff06a5_mo_sapiens.obo_functional.owl,9960129708,14085623506,24045753214
ff5266b2-48fe-454e-8336-6ae2b6971c08_inc.rdfxml.owl_functional.owl,43283323,23941618,67224941
approximated_16d73539-0658-4881-83f4-bcc769b778ab_GO.owl_functional.owl,742657274,2190621339,2933278613
approximated_25e9a935-f69b-4b9e-bcfe-be9b2c31de87_aca_cheese.rdf_functional.owl,15079073,3771117,18850190
approximated_196c959d-2d8d-4f47-8829-b058b8566d62_NIFQuality.owl_functional.owl,330375499,670605086,1000980585
approximated_07bcc4b2-da57-4a61-8581-49c307036077_Frappuccino.rdf_functional.owl,10521754,4081615,14603369
approximated_4c3a56fb-e965-4fb6-bfe3-4250dcd7bcd0_management.rdf_functional.owl,9750742,4303721,14054463
approximated_206910c8-9e9f-443d-a3dd-700abec07633_ontoutf8.rdf_functional.owl,11898558,4977071,16875629
503370fa-5000-40af-992f-df05e035de31_ishRoyalty.owl_functional.owl,10811548,656640,11468188
approximated_1500ec67-68ae-4fac-8a37-5a099fc9ccf5_no_imports.owl_functional.owl,14781186,7427721,22208907
approximated_518f60a3-f92f-43e1-9539-fb70443cad8e_rod_tapers.rdf_functional.owl,12018074,4714463,16732537
approximated_a34892c5-a900-45ed-be1e-fc100b1bac30_VAST2009UNA.owl_functional.owl,1022950706,68616177,1091566883
approximated_kb-owl-syntax-unraveled-depth-0-km-relevant-cardinalities-disjointness-triggers-relation-axioms.ofn_functional.owl,392754501,823949746,1216704247
approximated_50a5297c-5725-411c-a1a9-37f1053f2fd5_her_duster.ttl_functional.owl,11352258,3845675,15197933
fd6cd100-6a8c-44bf-a199-bba4e9988890_Protein.owl_functional.owl,14855400,876229,15731629
approximated_72c4196c-140c-4648-be13-363c13052a04_pdatamodel.owl_functional.owl,17292320,2891427,20183747
approximated_6229f4b0-ec5f-4f65-b61e-0d6428a1fbc4_Campsite.ttl_functional.owl,13805590,3762855,17568445
approximated_f716fb06-60dd-4d6f-8406-b2e98f123a60_FN1.45.owl_functional.owl,18729308,8718188,27447496
581bec72-4cc1-47ce-b351-47c1374f794f_Saint.owl_functional.owl,19930966,1881618,21812584
approximated_3832b79d-3b65-4f6f-a5e3-4a13a83b7857_ing_shears.rdf_functional.owl,15775539,3634168,19409707
ad2331a0-2bda-4e15-96ca-61a3e2442e55_classified.owl_functional.owl,67775046,167840101,235615147
d1a8a37c-0f2d-4069-a6e8-dfd39b1a0968_classified.owl_functional.owl,89464994,247808041,337273035
approximated_863b49e5-b79b-412b-9c8b-b50909efff0f_ing_cheese.ttl_functional.owl,15556767,3756389,19313156
approximated_19ed706b-5329-4a22-a92a-39e955c401da_ca_Kosteli.ttl_functional.owl,14540798,3763239,18304037
96978e77-9030-4f9c-84ce-c63a7cb34225__pombetype.owl_functional.owl,136556941,363523871,500080812
approximated_1315c56e-e731-4516-a177-aac3f4e41e75_ontopic_v15.owl_functional.owl,22094602,24122060,46216662
approximated_0a458c00-cbdb-4193-8efe-b0bed8fdd5fa_ulic_press.rdf_functional.owl,13935835,4251722,18187557
approximated_ff7db7f4-2561-452d-8d8b-aa8d3da6e6f8_stateRole.owl_functional.owl,133168789,214314750,347483539
771800ff-fc77-49fe-b020-27a2bbd93118_posimple.owl_functional.owl,63592031,138437272,202029303
approximated_5bf2878f-0c7c-403c-ad60-814f8cafc1c4_Amiga_1000.rdf_functional.owl,14391809,3962601,18354410
approximated_c699a583-c2ee-465e-9be7-96bd167e8249_crime.owl_functional.owl,41340899,13108532,54449431
approximated_c0556ee0-f598-4bcd-9599-913c9a517b1e_bspo.obo_functional.owl,71339420,20475703,91815123
approximated_7a787ff8-1fe2-4f4b-bddd-4b26cfe136c5__dblp_foaf.owl_functional.owl,11339878,5451109,16790987
approximated_4ca0feb5-39ca-460e-94f1-fa83dff3f57f_to.owl_functional.owl,35318916,70751019,106069935
approximated_854d174e-d84a-4477-b3ca-c140762933f9_httpheaders.rdf_functional.owl,6916730,1222498,8139228
26790474-2bd5-45a8-85e5-0377bd4a6dfa_alisentrez.owl_functional.owl,512435461,386847714,899283175
approximated_bddfd841-92ee-402e-8748-6d7f11a110bc_reprTime.owl_functional.owl,131810070,215742563,347552633
976e894e-7251-4bc3-904f-b0d2ae78538a_rveranstaltung_functional.owl,9747113,1042094,10789207
approximated_7aa3a361-7507-425e-bde8-f638f7cf408c_Sop.ttl_functional.owl,14502069,4130097,18632166
approximated_kb-owl-syntax-unraveled-depth-1-triggers-constant-classes-value-nominals.ofn_functional.owl,445316663,1078508759,1523825422
b18e3c55-dcb8-4c05-8890-f68d092fbaa9_se_anatomy.obo_functional.owl,217266327,220901856,438168183
approximated_539d4c6e-b3b8-43f4-a356-96696049cfb4_onto.rdf_functional.owl,74012068,5511364,79523432
approximated_b4f7ca19-7709-4047-a12d-de952963de90_al_process.owl_functional.owl,1217368800,1727501073,2944869873
approximated_bd11d664-5f7d-4b58-b0b6-020388fd37c4_bcncongress.rdf_functional.owl,30413764,23198965,53612729
approximated_c19e9dd0-d7d2-4201-8f54-fabe580094a2_classified.owl_functional.owl,5349967718,14591682508,19941650226
approximated_4671bc70-e4cb-41b3-9bbe-4d82ecbd2210_onto.rdf_functional.owl,19032979,6325089,25358068
approximated_efc9f05a-9952-4145-906a-fe3b7747d61b_quanSpace.owl_functional.owl,140955746,212381016,353336762
e8295f2b-c561-4670-b961-db663b69a4c2_nnotations.owl_functional.owl,36927917838,27511471624,64439389462
approximated_707ec5b1-2564-40b2-8637-b204c3142ad1_andFluvial.owl_functional.owl,148460197,252584577,401044774
9c3e6961-f19c-4ce2-ac4f-a3f6573a8c91_fbbtsimple.obo_functional.owl,494175856,1302874053,1797049909
cfa28b5f-0dcc-42d9-ae7d-9f79bb3bd48d_t_anatomy.owl2_functional.owl,18457756,3565240,22022996
approximated_a51eea4a-0e01-4f39-ab51-46e9e7e12f83_classified.obo_functional.owl,233249195,564068938,797318133
approximated_9323a963-e957-40e7-938d-211ca0fd1cbd_logsna2codo.owl_functional.owl,21118417,17002209,38120626
approximated_00537.owl_functional.owl,1123577724,3568452570,4692030294
approximated_0275803e-43a8-4889-90db-a4d02a453541_epublic1.2.owl_functional.owl,23347362,21154755,44502117
approximated_kb-owl-syntax-unraveled-depth-0-cardinalities-disjointness-triggers-constant-classes-value-nominals.ofn_functional.owl,423480882,905363240,1328844122
approximated_0bbea70a-4a80-4d8e-8f13-174f40a20915_EnzyO.owl_functional.owl,201544645,444034535,645579180
approximated_82efe03e-e1fd-4e44-aea2-9624241c2cc3_dibert.rdf_functional.owl,15596345,3089844,18686189
approximated_kb-owl-syntax-unraveled-depth-2-cardinalities-disjointness-constant-classes-relation-axioms-value-nominals.ofn_functional.owl,724502071,1700618495,2425120566
approximated_3cb81d2d-e323-4419-98b3-a918919c96d6_Brathering.ttl_functional.owl,12171734,3744128,15915862
approximated_4b914d8c-db0d-458e-820b-40948ca12e12_connexor.owl_functional.owl,12511140,3663326,16174466
3921ed64-a861-4a7d-8198-9ad7e8d4daab_b.obo.PREVIOUS_functional.owl,20405388,31129957,51535345
approximated_0d4534a6-6e56-4e68-bbfa-cb0ef246fa52_universita.owl_functional.owl,14401112,7349457,21750569
f07ff4e6-e178-4ad2-8f96-f524452ed26f_mdplatform.owl_functional.owl,19165983,20671147,39837130
approximated_5a8117b0-41ba-44a3-9dbf-de8d6df86616_Pitot_tube.ttl_functional.owl,12336963,4604818,16941781
approximated_0512b2c1-665d-4a72-8f15-adcdd60ddfc7_Tiger_bread.rdf_functional.owl,11542607,3793300,15335907
078c7631-2408-417a-97da-4de176307c68_n_xp_chebi.obo_functional.owl,367712016,172061476,539773492
approximated_0bafde4f-41db-4a7b-bc12-1ef8039f16ff_NIFBACKEND.owl_functional.owl,60914514,119036100,179950614
approximated_00478.owl_functional.owl,20978938,45360784,66339722
approximated_329c52b4-b3c9-4098-8609-ed05ccd5ac95_Bandsaw.ttl_functional.owl,10269867,4122960,14392827
approximated_3755a349-2eff-40a3-8cec-59bd5cebcc00_facecustom.owl_functional.owl,66826759,34095264,100922023
approximated_869086c2-97e8-40c3-aff0-182ac681b75a_eeping_bag.ttl_functional.owl,15309987,4218416,19528403
approximated_kb-owl-syntax-unraveled-depth-3-disjointness.ofn_functional.owl,603913806,1385269409,1989183215
approximated_fc843f79-a493-478a-b9e4-5a078e4737cd_EGFR1.owl_functional.owl,200938668,28608681,229547349
approximated_c8badd1e-b860-4517-a951-b4dd6dc42d5d_anCapacity.owl_functional.owl,134904853,235901214,370806067
approximated_c1e3310a-ff5d-43fa-bf3c-4ae4353de98b_ityClasses.owl_functional.owl,12711471,11517548,24229019
approximated_5fe247b2-0de3-4d7f-bbd8-33ad34b56a34_Chhena.rdf_functional.owl,15910996,3863739,19774735
approximated_528c3790-5efc-4ffd-aed3-88b7280e534c_PaulFisher.rdf_functional.owl,11767685,2934995,14702680
approximated_00879216-3040-49ef-b5b5-7e4d287be376_cusensembl.obo_functional.owl,3248766913,7842502767,11091269680
approximated_2346df22-8fe2-440d-a015-9f28386c929a_a_provider.rdf_functional.owl,13225488,3836202,17061690
00053.owl_functional.owl,41036927,9287183,50324110
approximated_00506.owl_functional.owl,20757170,32865483,53622653
tron.tribolium-ontology.2.owl.xml_functional.owl,47148689,99977477,147126166
approximated_630fa2a3-0b5d-4c50-830f-b580c9e1f81c_Hand_fan.rdf_functional.owl,11688039,3961722,15649761
approximated_d35d4638-ea2f-4601-9888-3273fef2a6be_esg.owl_functional.owl,10509272,8843620,19352892
approximated_3f032306-ec78-4a94-a39c-311a09d635d5_Head_cheese.ttl_functional.owl,10473756,3740231,14213987
approximated_41dd6d42-2893-4159-ba39-40a01d17aa17_Sky_Bar.ttl_functional.owl,15857330,3985655,19842985
approximated_34c4b644-061b-444d-938d-2ddb04fda828_Edger.rdf_functional.owl,11575927,3685639,15261566
approximated_965fb1e8-0946-493c-8c2b-7030ac27cbe0_ow_limiter.ttl_functional.owl,11642125,3987163,15629288
approximated_61505041-7d74-4a3d-8766-28ac63d86838_thes_dryer.rdf_functional.owl,9395550,3687464,13083014
c73d0cdf-0795-4458-b04c-96b9f17ed178_flow.owl_functional.owl,14877702,6370606,21248308
7a76d06e-6d2d-47dc-b5bc-9a1335dad695_FRBR1.0.1.rdfs_functional.owl,17727432,3061315,20788747
approximated_5a1daccb-1d97-4e57-bd55-fe2d2fa480c2_EnergyFlux.owl_functional.owl,130770134,211947174,342717308
approximated_kb-owl-syntax-unraveled-depth-2-disjointness-triggers-relation-axioms.ofn_functional.owl,642723771,1481370690,2124094461
approximated_150e29bf-c9aa-41c2-95cd-798cc9b1272a_TF.owl_functional.owl,28100514,6435494,34536008
4c01c467-3ccc-47c6-bc4f-1fdb5afbf988_luspanther.owl_functional.owl,327539725,805697959,1133237684
approximated_eedb206b-339c-473d-bd73-12b3005d58db_iaomain.owl_functional.owl,20572974,9128991,29701965
29ec7b48-01e8-4d7a-8ec2-643f6ac00eac_calisensfm.owl_functional.owl,555403788,1138413467,1693817255
29a51ebc-a11c-48ad-bddb-47022107a2e0_p.obo.PREVIOUS_functional.owl,88638040,29322774,117960814
approximated_15d2f7b1-f04b-4820-a39b-1c20d8cc902d_Tia_Maria.rdf_functional.owl,17196255,3666354,20862609
1384ca89-943a-4604-9fb7-db9ab3cbc4cf_tplushuman.owl_functional.owl,120041862,128230102,248271964
approximated_44c64646-8a55-4e8a-98ae-95326590c86c_nderThreat.owl_functional.owl,12615633,5904523,18520156
approximated_1d849d6e-3e9f-468f-8464-f9d5d2906c8e_c_cylinder.ttl_functional.owl,17296959,3783118,21080077
approximated_6e3e9d28-cd99-4925-a376-85f30998644a_qtaglink.rdf_functional.owl,33624385,57194988,90819373
approximated_kb-owl-syntax-coreference-IDs-disjointness-triggers.ofn_functional.owl,826895150,2277195559,3104090709
d6506312-380b-4591-b7e6-70acaea84672_ryConflict.owl_functional.owl,21705974,2354171,24060145
approximated_1d9d06d7-03f5-43cc-810d-3842f4544278_sequence_xp.owl_functional.owl,57741251,142192572,199933823
approximated_94cf0f8c-9609-47b4-acef-d208aef37631_AERO_functional.owl,9810121,20775561,30585682
approximated_18bbba6c-da49-4aec-80a5-f35d8b1e2c0a_Clam_liquor.ttl_functional.owl,20008730,7243275,27252005
approximated_b97e6c80-0e4a-4911-a6e4-9216ff9ea17b_sudoku9cx.owl_functional.owl,13225017,6687457,19912474
approximated_ad1b7037-da51-4ee1-8f14-e4f83c381601_ock_Device.rdf_functional.owl,11358332,3977317,15335649
approximated_72ac9260-f9e6-4d4e-9311-ce66ed170327_rus_cheese.ttl_functional.owl,13941924,3697740,17639664
approximated_77bf6765-ad5a-493c-8dcc-7a0cc7969616_harry2.rdf_functional.owl,13890929,1978708,15869637
approximated_aba-amb.allen-brain-atlas-aba-adult-mouse-brain-ontology.1.owl.xml_functional.owl,37107167,44131594,81238761
approximated_147c4b3e-668a-404b-8d89-9d5e2e13a9b3_Contrastive.owl_functional.owl,15301003,5717303,21018306
approximated_3cc213d3-344c-4bfa-b5f7-9aa93914a10e_ern_cheese.ttl_functional.owl,8016843,3614208,11631051
approximated_c9679e40-2d6c-4b4e-b882-8767b8514e97_ro.obo_functional.owl,16148496,3472588,19621084
approximated_51796b8e-cb41-4bb2-9041-f542f0b474d5__20Dec2007.owl_functional.owl,25091621,37923261,63014882
approximated_55104741-5de4-4c7f-a1bb-8ff7286f3564_entiometer.ttl_functional.owl,10359400,3805723,14165123
approximated_onl-mr-da.magnetic-resonance-dataset-acquisition-ontology.1.owl.xml_functional.owl,48343946,75265476,123609422
approximated_552b1865-6c60-433e-927d-6a3db786664d_onto.rdf_functional.owl,13943179,6387179,20330358
fadeb4a7-67d7-4c18-9652-a9f362cf0f69_EbGdrcN5Y29ycA_functional.owl,14614233,4917396,19531629
approximated_4fc1ef71-afb9-4112-91ba-5bd44b91f90a_iffusivity.owl_functional.owl,138696390,213705687,352402077
approximated_69d74339-2afe-47d2-975d-ad7d1b45110c_Roulade.rdf_functional.owl,10479898,4014933,14494831
approximated_0f3bbba6-2a18-4578-be03-6be7f6624093_stic_robot.ttl_functional.owl,12849146,3990062,16839208
approximated_37ad7d61-d570-4d67-a631-3ff31544046c_ralogGroup.owl_functional.owl,19003016,10427151,29430167
approximated_66af1f46-0300-44bb-a82a-84598eacd41a_y_doughnut.ttl_functional.owl,17524491,3753556,21278047
approximated_7753e292-a84a-4875-99c2-b69e2419c46a_prowl.owl_functional.owl,10447700,6844589,17292289
approximated_d4b815e4-f562-4a4a-a8be-e8f2558eeebb_r_of_Rajya.rdf_functional.owl,13681649,3762273,17443922
approximated_55df5b82-2be6-4e15-85d8-0869e5c3fd90_podstopic.owl_functional.owl,58146328,8069528,66215856
9074435c-12d9-4f24-bb8e-c1759a8f4d77_CategoryCity_functional.owl,10208769,990148,11198917
8e74263b-511f-4fcd-9c7b-67d74e896f99_viorsimple.owl_functional.owl,25307400,45754256,71061656
approximated_301a43e3-58f4-4821-b80e-e5fb251d8736_Crucolo.rdf_functional.owl,11495069,3739932,15235001
approximated_d8a4a0f7-0f55-4d22-80c9-9ceecdff1962_foaf.rdf_functional.owl,20117885,961531,21079416
approximated_kb-owl-syntax-unraveled-depth-1-cardinalities-disjointness-triggers.ofn_functional.owl,695155001,1617625161,2312780162
approximated_25dfa937-48f1-413d-95bd-eaf9e8d798e5_emperature.owl_functional.owl,142894085,247199036,390093121
approximated_d22fdf45-5486-48c2-abc2-cc662049a8b1_risdiction.owl_functional.owl,205869808,257814382,463684190
approximated_25ccf176-b37f-4544-ab00-57f3834ca503_Amiga_3000.ttl_functional.owl,87556950,3757498,91314448
approximated_7116d8fc-0b69-44d8-9f1b-ed2c6d8cc572_pr.owl_functional.owl,811178675,2025904398,2837083073
approximated_96fa6e93-8194-4179-87a9-4b40cfbd7c61_tegoryBirthday_functional.owl,14455225,1795172,16250397
approximated_47c03392-e8bc-4702-80fc-51ba78c1caf9_photograph_functional.owl,17360358,4858125,22218483
approximated_25b46cbc-138e-435b-8a67-e8850852a04c_ersection2.owl_functional.owl,29972625,34944326,64916951
approximated_3dd99522-c4a8-441b-bb38-95281b91c76c_Sponge.rdf_functional.owl,12492260,3824373,16316633
approximated_04655fd8-40b2-4821-a3c9-93ddf575f988_onto.rdf_functional.owl,15231027,4870153,20101180
16bf6a7d-5fa0-4b9c-b279-eef4fa50808c_a_ontology.obo_functional.owl,148518430,258511771,407030201
approximated_06610200-102a-4a37-807b-9e278c430f0a_topOnly623.owl_functional.owl,266019334,382569809,648589143
approximated_e0abb008-cef9-46bf-a4b4-64ae7d853edf_mGeolBasin.owl_functional.owl,129540631,212367422,341908053
approximated_0ffd9a0c-b017-4163-b058-618773342a40_ll_trestle.rdf_functional.owl,10628921,3953880,14582801
approximated_004f2bfd-1121-45c5-b10c-ec43f7d7473b_ce_missile.ttl_functional.owl,8656181,3970281,12626462
approximated_1aa5b2d1-a2ca-47e6-a3ef-9938911b6fdc_ddle_valve.ttl_functional.owl,13640907,3823030,17463937
approximated_32000001-093a-45ef-9be1-8b9ca8a16425_ERO.obo_functional.owl,64659675,140435233,205094908
approximated_15af2b34-ce84-434f-b354-5f7c338589f5_Swirl_valve.rdf_functional.owl,25988334,3944990,29933324
approximated_70b70aa2-8b93-4efa-b8c3-c77bba03b9f2_Maillon.ttl_functional.owl,26654247,4033873,30688120
approximated_d18b35a7-5dbf-44d3-ad7e-905af755c730_ocPhysical.owl_functional.owl,324102878,281220032,605322910
approximated_9586a6a7-19dc-4b46-aaa8-2c6b7b8c68e0_premises204_functional.owl,15255673,6641531,21897204
approximated_4051b9cf-f4a7-449a-a1bd-cfad3fee359d_Salmon.rdf_functional.owl,15085440,3713872,18799312
approximated_2ffbd00c-6fdb-4baf-8191-0ff47dc82b31_Bush_bread.rdf_functional.owl,17911952,4906580,22818532
approximated_94496fde-07ad-4c01-8e5e-02f16741f895_enceaxioms.obo_functional.owl,490938793,1039599598,1530538391
approximated_8e374944-1fb8-4cee-bfa2-c577d03728e7_dkernel_v1.owl_functional.owl,14264493,4925090,19189583
approximated_712b1598-e0ce-4a7d-afe2-ed25484f815e_figure6.owl_functional.owl,18934375,16599367,35533742
e88b0784-1b3b-48b6-ba0f-2c29699e5d95_cule_role.owl2_functional.owl,253118464,588406835,841525299
approximated_0cb718ad-c5b6-4ead-85d3-7a2fbb64a843_miapa.owl_functional.owl,21586298,19940865,41527163
approximated_25992877-cd31-429a-8567-036093f255b6_ourne_Blue.rdf_functional.owl,18966354,4134480,23100834
approximated_00032.owl_functional.owl,117526118,240798027,358324145
approximated_2c5709b2-f79b-4e86-a4a8-9836fbc73706_elerometer.rdf_functional.owl,15834113,3824312,19658425
approximated_2b481ba0-3476-4f14-8f04-c4bdd626f02a_Spud_bar.rdf_functional.owl,12708145,3840236,16548381
a2743e3a-e9c6-43f4-ac85-16a320fd71d1_nent_xp_go.owl_functional.owl,23168826,6658875,29827701
approximated_2910b72d-c753-41d6-806f-9672c2de1d85_n_dressing.ttl_functional.owl,16588842,3862905,20451747
approximated_cd0ea0ad-0d39-4c16-b001-4dd74dca3bec_quality.owl_functional.owl,54711031,121508410,176219441
56ee16af-621c-47ec-9e66-17cd1f4c2776_zdm.rdf_functional.owl,10050671,6652970,16703641
approximated_00353.owl_functional.owl,78727646,165054972,243782618
approximated_kb-owl-syntax-coreference-IDs-cardinalities-disjointness-constant-classes-value-nominals.ofn_functional.owl,967079105,2254616407,3221695512
approximated_3611069f-4489-4e63-ae00-d5345ce8c1df_ole_es_cat.owl_functional.owl,19623777,5668030,25291807
approximated_1016b091-6848-40e1-8feb-369c36bd5fe1_ring_steel.rdf_functional.owl,10233966,3696536,13930502
approximated_6dc21f10-e513-4d7d-ba3e-6e8156879f80_lRelations.owl_functional.owl,18711218,8114545,26825763
approximated_5bf98f52-248f-4f0a-982e-65f94046f0f1_Cornett.rdf_functional.owl,17957163,3638540,21595703
approximated_00594.owl_functional.owl,47575470,104656087,152231557
approximated_c2cfbc17-4f7f-4775-8e35-5636f57bdf62_Hammer.rdf_functional.owl,16547272,4333225,20880497
approximated_d0ded12f-0a03-4c16-9784-39f0ae56e7ff_kyamk.owl_functional.owl,63105995,29675276,92781271
e970dc88-37d5-401d-af2d-6b59976fc8cc_AdultActor.owl_functional.owl,18181261,1725635,19906896
approximated_2daf855e-56bd-481e-b94a-dd0db3f4e727_ui_functional.owl,13549089,13097853,26646942
cbe9094c-bbf6-4e66-915a-40bd1ad94a9a_chebi.owl_functional.owl,2400084084,6460244681,8860328765
approximated_2fde8f44-3c1f-4951-b95a-c2f80e6099c0_Bleach.rdf_functional.owl,18652896,3862869,22515765
5753ed22-ce01-45d1-a808-8c9fcde491e1_notype_xp.owl2_functional.owl,87773674,29947667,117721341
approximated_kb-owl-syntax-unraveled-depth-0-km-relevant-cardinalities-disjointness-constant-classes-relation-axioms-value-classes.ofn_functional.owl,425471298,951553424,1377024722
approximated_68a4eac8-5e42-44aa-8302-c9e06e152e59_Deluge_gun.rdf_functional.owl,16508506,3666720,20175226
approximated_30ae6484-0fde-4731-aebd-3027d4b5fb75_calization.owl_functional.owl,29451843,28747939,58199782
approximated_kb-owl-syntax-unraveled-depth-3-cardinalities-relation-axioms.ofn_functional.owl,392234924,980752050,1372986974
approximated_a43cfc56-14a1-41f4-8197-b76b98da055e_evmingraph.obo_functional.owl,2949301111,6947237161,9896538272
approximated_31f46ecb-2add-4d12-bf48-9f0c3d0dd094_testrdfxml.owl_functional.owl,41572327,29129000,70701327
approximated_76380fae-b906-47ba-b2cb-24a16459899c_rTimeScale.owl_functional.owl,134424484,215064318,349488802
approximated_52216166-279c-4b4a-9572-3e938d2a219d_rol_valves.ttl_functional.owl,18685727,3672041,22357768
approximated_2fdc1558-a988-4c66-ac88-8aa0d2e52731_XScale.rdf_functional.owl,12868259,3807630,16675889
approximated_0c1ac51f-eb7f-42a9-8478-b44738ae90bb_IPhone_4.ttl_functional.owl,14823429,3802251,18625680
approximated_00ef905b-7914-4f8e-9b2e-6e5f4220b2e7_utessimple.owl_functional.owl,106735953,290460412,397196365
approximated_84c20b20-9e36-416e-af6f-ffa8b6b7b81a_onto.rdf_functional.owl,14200171,6584488,20784659
approximated_e5075199-9ff2-4cf0-90f1-d83cd78e2de3_prerelease.owl_functional.owl,41903323,88515194,130418517
approximated_3e34f34f-3834-4949-88c1-52c657683860_phenOcean.owl_functional.owl,145379164,246110651,391489815
approximated_5a6bbfb9-4065-41ef-b319-50cea1a4dece_MaHCO.owl_functional.owl,307186932,747117402,1054304334
approximated_0ed0e07a-fb59-45f3-913f-c1f98177236d_ZFA_functional.owl,244760923,512097710,756858633
approximated_4a8c6f9b-cc9b-48a9-a686-f82c37ef5504_ng_harness.ttl_functional.owl,17318904,3728334,21047238
approximated_a0ddb102-fce7-428d-9ecb-2d484e2e98db_ETPtourism.owl_functional.owl,18843936,12416443,31260379
approximated_7fed3558-4383-4835-b555-cce6cde4e508_sampleds2.owl_functional.owl,14119241,4593974,18713215
approximated_7ae37439-39c3-4a2c-b65c-3a885c1c2b7e_Coleopter.rdf_functional.owl,15039561,3861454,18901015
approximated_00282.owl_functional.owl,19965882,17848106,37813988
approximated_00592.owl_functional.owl,62337129,164091032,226428161
approximated_b358513f-0c5b-456e-8244-d256049b9533_eolOceanic.owl_functional.owl,127802303,214289571,342091874
approximated_kb-owl-syntax-unraveled-depth-0-cardinalities-triggers-constant-classes-value-nominals.ofn_functional.owl,144468028,365383480,509851508
approximated_538220a1-8a46-42ba-bc09-b8763f04c81e_WBPhenotype.owl_functional.owl,52425586,115271985,167697571
approximated_b06923db-e10a-4a6a-9a53-3beec1bf4b09_azoanbasic.obo_functional.owl,2357223321,6259906581,8617129902
6ffcd778-b9c9-4305-b06a-fc0c55b198a9_nverzeichnis_D_functional.owl,19452699,2248243,21700942
42b54620-6ea6-4751-9938-5c4090770371_ifiedBases.owl_functional.owl,19186308,3163985,22350293
fccf3b9b-9316-41b0-a2d1-19288bcc0f4b_nop.rdfs_functional.owl,18166303,5910674,24076977
approximated_72d23c0b-fec1-4ee9-bb0f-f636c89283fd_core_fixed.owl_functional.owl,14594099,9147310,23741409
approximated_5a57ffe1-53ef-4dae-84c7-05a18ba2ed7d_Trade.owl_functional.owl,15277356,36281993,51559349
approximated_252907d8-169c-4175-b61f-e362b9cdc47d_onto.rdf_functional.owl,17027055,5040772,22067827
approximated_9735df63-2032-4062-bd8d-5c0cb1dcbb7b_stateWave.owl_functional.owl,132987624,212533497,345521121
approximated_55cf17e6-2a7b-4880-a565-d62100789957_Function_1.owl_functional.owl,17375891,7221700,24597591
approximated_bd6931d2-4a22-40f9-929f-6d0680a3117f_ecrm_110224.owl_functional.owl,17399290,20820270,38219560
approximated_3c86c2b4-962f-40a0-af88-c75afcfaaa92_Alpha_21364.ttl_functional.owl,8625086,3931755,12556841
621303c6-c403-4fe4-b534-f59932ac8083_piensensfm.owl_functional.owl,598663589,1358229404,1956892993
approximated_kb-owl-syntax-unraveled-depth-3-cardinalities.ofn_functional.owl,377936331,968653485,1346589816
approximated_82988d77-9944-4bdf-a45d-90255dce9fc1_from_oiled.owl_functional.owl,21112552,22519318,43631870
approximated_45be572e-04c1-4498-b38d-9db698247b03_nut_butter.rdf_functional.owl,15871595,4386092,20257687
approximated_231f1865-7b2e-4f40-a094-46a0d4387a3d_PaulFisher.rdf_functional.owl,11245377,3011559,14256936
approximated_bd534643-243f-4803-8368-30ea9a0105d9_y_version2.owl_functional.owl,12204998,8365149,20570147
approximated_00560.owl_functional.owl,10698855,6443724,17142579
approximated_73bdbf7d-eb93-4b89-8875-d7b6e34b2355_ERCOT1_6OWL.owl_functional.owl,76564011,107102584,183666595
approximated_6c997ea1-da1f-4a17-8c22-d95a4c29ca9c_s_detector.rdf_functional.owl,11154207,4122620,15276827
approximated_0c7a420a-33d0-4e63-8875-7f75a645de5d_cvdo.owl_functional.owl,25870861,52041081,77911942
approximated_1a86c5b1-22ca-4621-87b7-c4825a7ff5e0_prerelease.owl_functional.owl,1296691409,3673334232,4970025641
approximated_0741e54b-15a4-4783-aa3d-fe69e777f589_complex2.1.owl_functional.owl,102413518,22197869,124611387
approximated_4731ae11-eb19-4f89-9f60-e0b033a07d66_Intel_MCS96.ttl_functional.owl,93254362,5356865,98611227
approximated_81b5b937-87af-4fda-8819-ad33ca776308_pulsall.owl_functional.owl,714985483,191318200,906303683
approximated_12cd129b-9152-4299-98e1-62acfb5ffcc5_umlssn.owl_functional.owl,69567777,6767367,76335144
approximated_73ea1989-e8e3-4675-8065-27652bf534f6_harmgkbmap.owl_functional.owl,18055668,7833081,25888749
approximated_ac7bd1e8-78ba-4614-8bcc-acf7d04fcc14_ddiv2.owl_functional.owl,51324537,99828669,151153206
3ba1f6e8-c96e-47e7-87d0-d4be2fe13c30_event.obo_functional.owl,164035068,380872202,544907270
approximated_e4c03868-d76d-4ed8-b759-7d04262bfdc1_html_functional.owl,30278595,20867312,51145907
approximated_141eb30f-ad0c-4196-9ee0-011c03c8ed8c_Roast_goose.rdf_functional.owl,11839605,3809352,15648957
5d070f34-5632-4779-88e9-6d9dc61b7acf_patosimple.owl_functional.owl,42644666,96732638,139377304
approximated_a8074a0c-4f22-4f4d-b47d-17af99df9246_exporttest.owl_functional.owl,45009201,10401278,55410479
9694c357-eaba-4fd1-934c-ca0fd1e073f1_anatmerged.owl_functional.owl,17597538,18767868,36365406
approximated_efcfeb5e-e807-463f-938c-33548acc2502_v1.owl_functional.owl,22414157,9047938,31462095
approximated_c0ebb075-69a6-4001-9cf5-4b42262788b7_ing_device.rdf_functional.owl,14216108,3698107,17914215
3f1ced30-9d74-4312-9912-33faea982172_imitive2.0.owl_functional.owl,12480052,5604162,18084214
approximated_fb96e85e-c4d2-4498-9f04-97a9f8c5d6b4_nsverylite.owl_functional.owl,24756177,17117294,41873471
approximated_12c7558e-fdd1-4496-9ab3-10831105c5e4_enomicscomplex_functional.owl,20643120,13888316,34531436
approximated_7f89b14e-ea30-47e9-ba29-8efddc258db4_Design.v23.owl_functional.owl,15440057,9956269,25396326
approximated_080f64b8-6949-4e2d-aae1-8e0a2dc59e01_event_functional.owl,154737120,369432274,524169394
approximated_70e6b77e-078a-44df-bb64-c49b352b184c_al_process.owl_functional.owl,732913918,2244247390,2977161308
approximated_1dff947c-de55-4ec7-88a0-7ac52b33d570_Frock_coat.rdf_functional.owl,18391273,3823936,22215209
approximated_kb-owl-syntax-unraveled-depth-0-cardinalities-triggers.ofn_functional.owl,133270793,340374860,473645653
approximated_59174627-1be6-49f9-995c-ba39f81037a6_te_brownie.ttl_functional.owl,11311946,3828890,15140836
approximated_35d6809e-31e4-41ff-aaf7-ef702a246ef6_key_wrench.ttl_functional.owl,12331181,3967672,16298853
approximated_kb-owl-syntax-unraveled-depth-1-km-relevant-cardinalities-constant-classes-value-nominals.ofn_functional.owl,470478610,1059353840,1529832450
approximated_0f3ebb81-0d1f-4d3a-bbc3-bb2f7fac1165_imensional.owl_functional.owl,140651655,250383402,391035057
approximated_1700b657-c48d-4033-ac5c-2e2e57c304ad_pizza.owl_functional.owl,21278595,13985302,35263897
approximated_d16c1d82-a7d2-49c2-8083-37b48bdf2454_onto.rdf_functional.owl,10969737,4757454,15727191
approximated_194904ea-bb76-43a2-b5f8-57c374145216_less_dress.ttl_functional.owl,12151766,3725843,15877609
approximated_ogi.ontology-for-genetic-interval.17.owl.xml_functional.owl,19060737,20073535,39134272
approximated_3d398d06-ae38-4603-9e10-92026d793acc_erry_sauce.rdf_functional.owl,14008304,3729692,17737996
approximated_c2bf2e34-1b69-483e-aa19-4c4403c56113_aphcomplex.owl_functional.owl,11016730,5349046,16365776
approximated_60aaa2e7-ca27-47d6-a783-14cae9bba260__de_visite.ttl_functional.owl,28516934,3837804,32354738
approximated_63ff03b2-4b46-43e0-a13c-20293e3192f3_ngConcepts.owl_functional.owl,14301675,13924655,28226330
approximated_0f3a9eb4-eee9-4c87-b458-9b680680b2e9_common.owl_functional.owl,14084808,2120357,16205165
approximated_09c8f543-cc04-4b9e-956b-b64e50fbd414_Beer.rdf_functional.owl,13917943,3887709,17805652
approximated_239a5d01-8f2b-436b-af24-199eb493e698__gallusMOD.obo_functional.owl,1913655450,4503947159,6417602609
approximated_4be46b7b-c6e1-4fac-bec6-b34cd146493b_ology_6502.rdf_functional.owl,102966848,4643468,107610316
2b0c13c3-77ba-4c11-aa5a-b9e4cb6cb618_tosimple.obo_functional.owl,92813820,74996535,167810355
approximated_966f888b-a462-44f7-8e8a-6d5c28c73966_Brunost.rdf_functional.owl,85258340,3743116,89001456
approximated_0464c799-ec9e-4df5-aec6-62944a889b3b_enotype_xp.obo_functional.owl,490041807,974770176,1464811983
approximated_1493b175-3da8-4eee-948e-df5b908b90ef_le_protege.owl_functional.owl,131235902,220182140,351418042
approximated_dd043aeb-5b9f-453e-9159-e4b4d1095b34_bfowine.owl_functional.owl,20240260,14834924,35075184
approximated_36aa54b8-1b3e-4db7-917e-60b5dae66e7f_istryfinal.owl_functional.owl,10000412,8686708,18687120
approximated_34180450-4d2c-4019-bcca-d073592cee69_Heckler.rdf_functional.owl,16506331,3712311,20218642
approximated_3e8eb89d-ea50-4c45-af7e-1e60c0d0b904_Pencil.ttl_functional.owl,10936403,3806747,14743150
approximated_ec09fbd9-58ba-41a3-9c84-368d91118936_OBIMay2008.owl_functional.owl,11275431,28021662,39297093
approximated_1fe96e17-f729-4b41-a063-a32b026c14c0_onto.rdf_functional.owl,12209069,5532397,17741466
aed74dc6-146f-4c1c-8787-326d8d09111d_imagingMS.obo_functional.owl,17335908,5736607,23072515
approximated_644356e7-d943-407a-8f82-dc36816cd023_DP1.26.owl_functional.owl,23722203,3856826,27579029
approximated_85f2dc4c-5336-44d5-ab3d-030a383e8f1e_complex1.0.owl_functional.owl,18503322,27241155,45744477
approximated_b5ef5a0d-b6a1-4ecb-9838-569e3c6e0459_art200602d.owl_functional.owl,17617438,5189947,22807385
approximated_f0203f35-c445-4cb6-bf99-d6d64b372c5b_ndVolcanic.owl_functional.owl,137202979,258076447,395279426
approximated_64658b9b-d97b-4404-beb2-46213ddd3bd5_Parameters.owl_functional.owl,10775211,7978824,18754035
approximated_kb-owl-syntax-unraveled-depth-3-cardinalities-triggers-constant-classes-relation-axioms-value-classes.ofn_functional.owl,410389925,1031582560,1441972485
approximated_0a266ee4-3020-479c-bcd6-ef3bc048dcc7_Tool_bit.rdf_functional.owl,14564215,3647744,18211959
approximated_01fb90a8-f64b-4016-a6c5-4580d31d46f0_Watercraft.ttl_functional.owl,15574958,3691974,19266932
approximated_a2389b2f-f6a8-48ce-9f3f-19edef8b2959_webarchowl.rdf_functional.owl,26056874,7729532,33786406
approximated_9cba936e-0207-41cf-93d2-5b72aa1f932e_codprojects.owl_functional.owl,14227037,6050843,20277880
approximated_683f3c96-b1f1-40cf-9066-1cb4c2b4b66a_Piton.ttl_functional.owl,15280396,3717419,18997815
approximated_1a070fd1-ce64-44c6-8752-ae6257642a26_Monks_bench.rdf_functional.owl,10385449,3626019,14011468
approximated_1937347d-7595-4592-9f48-9d424508acbc_Caulking.rdf_functional.owl,13661812,3896702,17558514
approximated_a2c54ec3-99ff-41ae-b2b7-33f3a3572767_ESG1.1.owl_functional.owl,9384835,3967854,13352689
approximated_312dd161-738f-4839-bc54-e44ee9f82e63_annotation.owl_functional.owl,19227672,16517620,35745292
approximated_b8eb221e-8232-4565-9481-d8eb6e795250_niotebasic.owl_functional.owl,823092827,2426789585,3249882412
approximated_2dc000aa-ae60-4f50-a15f-b3d46d252cbf_matrMineral.owl_functional.owl,144045298,249204902,393250200
approximated_464e4880-a2c9-4b5c-a8e7-7acfe6a78f85_tambisfull.owl_functional.owl,42545419,31260325,73805744
approximated_72a7400e-d121-4749-9c26-e1f44f7855fb_Cardamom.rdf_functional.owl,10483736,3761201,14244937
approximated_58197550-a9dd-4328-9ea0-9f26169c8e22_NIFMolecule.owl_functional.owl,397382544,771378608,1168761152
approximated_ebe8c484-2839-4bbd-926e-91c34d2ac1e6__regulator.ttl_functional.owl,20768397,5160025,25928422
approximated_8ce4e829-3e72-408b-b6a3-b3f8ec6257bf_onto.rdf_functional.owl,9416736,4889634,14306370
approximated_c791ff29-5641-4862-964f-0b08d3aac17c_clbasic.owl_functional.owl,63594071,164148471,227742542
approximated_28ebfeee-0aa6-4412-b22d-040d969fe205_omplexdisjoint_functional.owl,17016832,6001614,23018446
approximated_435135ca-3f44-4601-89ad-af0afe5612d0_pco.owl_functional.owl,45818737,114126568,159945305
approximated_kb-owl-syntax-unraveled-depth-1-km-relevant-cardinalities-disjointness-triggers-constant-classes-relation-axioms-value-classes.ofn_functional.owl,1123004252,1756400474,2879404726
approximated_4e08adae-44a8-4a80-a544-810504168c16_space.owl_functional.owl,27899845,3499763,31399608
4068b334-3b74-426d-a8ab-c2739fc07ce2_pato.obo_functional.owl,61180444,101438117,162618561
approximated_dceb900c-f772-4c90-a0d1-a5aad57bcf89_Jaguar.ttl_functional.owl,13859444,3756001,17615445
approximated_00387.owl_functional.owl,1057716961,3124080310,4181797271
227b0141-9524-4328-b956-b289a42467a3_usequivmod.owl_functional.owl,538204701,342545002,880749703
approximated_genomic-cds_rules_demo.owl_functional.owl,3550469837,6747811951,10298281788
approximated_31e6def4-0387-4abe-bb47-e6d85eafb8da_Apple_sauce.ttl_functional.owl,22559031,5673667,28232698
493d9e7d-a6d4-4c4b-8e34-be19f249f290_Artist.owl_functional.owl,23148038,8221337,31369375
4438acd5-e2e7-4e18-a0b3-cd1f07d136c2_po_temporal.obo_functional.owl,11300677,10954991,22255668
dcc6c90d-ca2d-4dfe-bb28-0ca00e238dcd_atherontt2.owl_functional.owl,18085000,6014480,24099480
approximated_16ad608c-4451-4588-8e19-58f33a5962fe_Blade.rdf_functional.owl,12930290,3739592,16669882
approximated_93035443-ad7d-45c7-b7c3-9f3bb009385a_hdq.owl_functional.owl,22038455,11864586,33903041
approximated_013229b4-7cbd-40b6-8bb2-58877ee7cb90_Bread_sauce.rdf_functional.owl,15944540,3715873,19660413
approximated_23721525-9a69-4acb-b423-71f9da448d54_Cheez_Whiz.rdf_functional.owl,16296732,4022061,20318793
approximated_61ad5ed6-fab2-4e5b-a161-6032e704f773_er_network.ttl_functional.owl,14003632,3642660,17646292
approximated_27c97a5b-2ee7-466a-8ef0-56000a657588_Denailer.rdf_functional.owl,13750999,4359043,18110042
approximated_00459.owl_functional.owl,222524120,578835694,801359814
approximated_1df2eed5-8300-47c6-9267-674cc0326754_Apple_Inc..rdf_functional.owl,11364023,4264301,15628324
approximated_0a96f2f6-3ed4-4314-bf07-7b5c73834cdd_ll.owl.CURRENT_functional.owl,79112396,167590542,246702938
approximated_4354c345-c92a-4ca9-b0ab-1d1c6153178d_PATO.owl_functional.owl,57042109,124657486,181699595
approximated_3b9b68b1-20ca-41fa-932f-12ab92587485_Webcam.ttl_functional.owl,12359575,4300715,16660290
f8c8c059-6850-4ecc-8025-6e0a06cf0a95_onto.rdf_functional.owl,14653822,3481319,18135141
approximated_83121b99-6314-47b1-b297-47638f5ca33a_anDecision.owl_functional.owl,261782837,243359311,505142148
approximated_56b5b842-d560-4464-a4fd-9f4580e650e6_Grasshopper.ttl_functional.owl,19279255,3616775,22896030
approximated_8878cd04-8eb8-4f65-bbb8-e18382b98a0d_ion_system.rdf_functional.owl,17485725,3638702,21124427
approximated_0e1df1f3-f80f-4f16-969a-bcaf3affef4c__regulator.rdf_functional.owl,16057454,4049977,20107431
ece63562-acf1-43ec-9a20-d798b9ec6c72_i_organism.obo_functional.owl,17892414,21317544,39209958
approximated_5aaca176-8d4b-4589-a5b7-930067985190_onto.rdf_functional.owl,12169479,3757066,15926545
approximated_ffc1e43a-d3ec-4880-87c5-5ab9ad8e1c1a_FOSCoreTech.owl_functional.owl,19606388,18762120,38368508
approximated_99a401e4-1083-4c74-a6d1-b8a5593deada_ontinental.owl_functional.owl,144364100,248028208,392392308
approximated_3a12e957-d7e8-4528-a56b-7af7460db2a7_man_cement.rdf_functional.owl,14896246,3852659,18748905
approximated_16bd1f75-b06c-4074-a1ae-88cb68e0eb21_opRotation.owl_functional.owl,145877456,252666721,398544177
approximated_93217afb-fc93-4a07-90e1-1a86745fed12_Cleanroom.ttl_functional.owl,19063384,3724509,22787893
05e21cac-d2a1-467c-bbe9-97c568663d68_10090.rdf_functional.owl,15759364,1063161,16822525
approximated_bb44d9a6-a59e-4962-8d40-5a9f620e8f3f_roPlanDMWF.owl_functional.owl,13845659,10687749,24533408
0721d520-f07e-45cf-8585-5ec1737e60ba_onto.rdf_functional.owl,13524395,3490738,17015133
approximated_5b4f8e72-8ae8-45b0-bb23-cf97c1b22511_ale_cheese.rdf_functional.owl,14589309,4254069,18843378
approximated_kb-owl-syntax-unraveled-depth-1-cardinalities-triggers-constant-classes-value-nominals.ofn_functional.owl,463043008,1132504227,1595547235
approximated_915a0649-ccab-415e-98c9-81011a566706_COSMOtop673.owl_functional.owl,270780204,463352673,734132877
approximated_26f334e4-bf88-437c-9e13-f7bffca53222_realmOcean.owl_functional.owl,135903663,247486729,383390392
approximated_1d0294d3-733e-4e41-9c97-2993ce990548_cal_cheese.rdf_functional.owl,16688158,3852498,20540656
approximated_5b77b5d6-77a4-4cea-a23b-f8ee0c90d9af_paintbrush.rdf_functional.owl,21957688,5187776,27145464
approximated_9b333982-6740-4235-8b60-9c6c28124e42_crimeXY.owl_functional.owl,36374958,12935976,49310934
approximated_4cf7b373-babb-431a-adc3-6e2a90b05ae0_mplegraph2.owl_functional.owl,18497150,8277486,26774636
09d2807f-d8a1-4e15-8fbe-d15627f469e7_a_symptom.owl2_functional.owl,31548808,41444452,72993260
approximated_49213f67-21fd-45fb-80ef-5b213ff4a71a_13complete.rdf_functional.owl,19642936,3741643,23384579
approximated_7ed7cad9-d827-4e91-9440-b85369c9eace_TMVersion4.owl_functional.owl,11098799,5491913,16590712
approximated_95aead1d-85c3-4f8b-be52-1f08473090a8_virControl.owl_functional.owl,85732499,161013342,246745841
approximated_c6b143a3-b2ff-4a9c-8982-06fe1455323c_ofilograph.ttl_functional.owl,14135273,3776469,17911742
approximated_2e82eca7-f137-4818-971d-a9c0dd4ca30b_tateChange.owl_functional.owl,145344616,353584532,498929148
12e6b366-f34b-436e-b1ce-9546bc85d136_se2rdftest.xml_functional.owl,33007397,6064151,39071548
approximated_3d44db11-58c4-4575-9814-7898ba35cebf_Ont_schema.owl_functional.owl,11113124,3306091,14419215
approximated_5329fb26-10ec-4f02-8247-104bd6193ad9_nservation.owl_functional.owl,138809785,230365903,369175688
approximated_1fdfb0ed-7b71-4515-bf0f-384a3f32a682_matrRock.owl_functional.owl,223283244,216830730,440113974
approximated_27589d67-648d-48be-ad76-e8d451ffa621_Chvre_noir.ttl_functional.owl,93558560,3700712,97259272
approximated_00570.owl_functional.owl,28791884,56609070,85400954
approximated_1e3e3866-6c74-45a0-9466-084114b99078_Top3_units.owl_functional.owl,390670130,463830702,854500832
0549632b-d4db-47ad-a816-fe960fbab57d_Cardinal.owl_functional.owl,18656251,1233335,19889586
approximated_8afa45fe-33cc-4781-8d68-ccca2cb38d75_Lungo.rdf_functional.owl,15837946,3648971,19486917
approximated_87ab9bbd-d23d-4ae9-9324-ef337b982afa_myfamily.rdf_functional.owl,13526838,4192695,17719533
approximated_464f5889-3ca0-41d4-89ec-3d2b9c91057b_onto.rdf_functional.owl,13477705,4993005,18470710
approximated_0f5f1857-5373-44f5-bbdf-4e16845bd6e7_crimeXold.owl_functional.owl,41515012,12765807,54280819
approximated_1149aaf5-3c4b-407a-814c-9474d55b153e_preonto.rdf_functional.owl,16220746,5212562,21433308
approximated_d4e7e983-6c42-4c62-b17d-07a9890ce0f7_confious.owl_functional.owl,15155977,8624334,23780311
approximated_kb-owl-syntax-unraveled-depth-0-relation-axioms.ofn_functional.owl,137588163,354234348,491822511
approximated_091ce799-79ee-4f97-9184-bf80afc2aa7f_ysParticle.owl_functional.owl,37569906,56553807,94123713
approximated_d44438ee-6f1b-4663-bfab-a405d0a8edbf_Jameed.rdf_functional.owl,17324093,3751098,21075191
approximated_dff35d02-c1e3-4233-bcfd-e23cca20abae_FN1.49.owl_functional.owl,25650965,7911521,33562486
approximated_11322155-1505-40cf-ae38-9bea9cf9a39b_vidont.rdf_functional.owl,17005043,7907374,24912417
5bd7c44c-5581-45c7-88cf-fe98f844053d_classified.obo_functional.owl,450305242,854903781,1305209023
rex.physico-chemical-process.6.owl.xml_functional.owl,18578025,36299156,54877181
approximated_a2b81b8e-7f08-4538-a5a4-b32b3e5b3768_spatial.owl2_functional.owl,17309236,12417956,29727192
approximated_00636.owl_functional.owl,48944467,91807199,140751666
approximated_a5085976-eab0-43ab-bc84-f3f7e3b96649_ionofdolce.owl_functional.owl,32201854,23649944,55851798
approximated_00531.owl_functional.owl,217572963,733346557,950919520
approximated_2f8ec7ae-f350-4972-8281-b78d2608ee1e_Army_knife.ttl_functional.owl,9753443,4505589,14259032
approximated_00458.owl_functional.owl,34282108,81844207,116126315
approximated_00691.owl_functional.owl,76098264,14084072,90182336
approximated_kb-owl-syntax-unraveled-depth-4-km-relevant-cardinalities-disjointness-constant-classes-value-classes.ofn_functional.owl,861884025,1465999028,2327883053
approximated_50afc362-0e2b-4eb6-a1b7-00913933ad43_Scalpel.rdf_functional.owl,18832184,3667229,22499413
approximated_7cdc0e8b-5a0c-438f-aac0-5a8e8e4fac10__machinery.rdf_functional.owl,16797598,3626148,20423746
approximated_75a610e0-dc4e-4493-a35c-858a5c406106__functional.owl,19238785,21636702,40875487
02026428-5edc-4e90-aa69-6e841e891c69_d_nesting.owl2_functional.owl,18861612,16301450,35163062
approximated_7fb853b7-e280-48ec-9210-69f4d0e0791a_Platypus.rdf_functional.owl,11614126,4280180,15894306
approximated_612262db-ca9a-4c47-9688-6f9fc89e272d_fipaagent_functional.owl,20614973,9401274,30016247
approximated_c9f51085-fb11-4916-af61-b34e21c66717_Roles.owl_functional.owl,17950982,18305448,36256430
approximated_00460.owl_functional.owl,397040179,1075236925,1472277104
56934b44-7d10-4762-ab3c-1f849716a465_emap.obo_functional.owl,818452056,1322308363,2140760419
approximated_sse.surgical-secondary-events.2.owl.xml_functional.owl,64609785,18269306,82879091
37e67326-c921-46b9-9dc5-831c483b8e6e_Outline.owl_functional.owl,15719407,8754919,24474326
approximated_5cb4549e-7393-47d4-bacf-0641b08e10e6_BabyTaonew.owl_functional.owl,22022671,26576768,48599439
approximated_cfd6fa54-2a25-42bc-bbc8-5e25ebbb1df4_Endling.rdf_functional.owl,11156246,3919456,15075702
approximated_6045159d-5335-4ba1-981b-29c8b177545f_Mayonnaise.ttl_functional.owl,15114423,3721990,18836413
approximated_08daa055-8c38-4509-923d-dfe1a5e9c8e0_opCapacity.owl_functional.owl,141661365,246869121,388530486
00031.owl_functional.owl,207680100,239781428,447461528
approximated_00dcdb60-5ca1-4aa0-989a-3336283ca261_ICODMOPINF.owl_functional.owl,48593176,44120226,92713402
approximated_kb-owl-syntax-unraveled-depth-1-km-relevant-cardinalities-disjointness-constant-classes-value-classes.ofn_functional.owl,845980226,1642853905,2488834131
approximated_9716a444-746e-4c26-a911-1fe79b4220f0_fly_anatomy.owl_functional.owl,331968957,772615778,1104584735
approximated_05cef0ca-8f79-453a-90f8-6267336b6cca__phenotype.owl_functional.owl,65344651,15773876,81118527
52a0bb31-6242-4244-b306-10ec2cc4f851_eringPlant.owl_functional.owl,49841617,1243526,51085143
approximated_0ecffa0a-4dca-4a45-8370-51991f253530_ge_trimmer.rdf_functional.owl,29177672,3713482,32891154
approximated_dad5c4d9-caa5-4a81-a735-ade0b6ec0223_sistent_v2.owl_functional.owl,27564702,16836190,44400892
0683ced9-e79f-4bc7-a75a-b2c425cdae5d_go.obo_functional.owl,2256913577,4607100586,6864014163
approximated_030a2d27-324e-4ca3-a103-30174890fb72_v1.owl_functional.owl,114761357,4619765,119381122
approximated_00402.owl_functional.owl,87431928,201714442,289146370
71278021-2b7a-406d-9486-73f0367f4517_ha_1_final.rdf_functional.owl,26719732,5803526,32523258
6a36660e-6bf0-4014-a2cd-d40a04d10e98_Cave.owl_functional.owl,12301889,1034435,13336324
69e464dc-5b77-4ef1-b8b7-bf6d93ee7c26_mpsimple.owl_functional.owl,199604814,618453088,818057902
c2d3e237-1f5f-45c7-8299-f7f4b64cde1e_20060921.rdf_functional.owl,10908218,3981651,14889869
approximated_96de4023-8e46-48c9-ae42-1a67b75ba9a1_peoplepets.rdf_functional.owl,13450903,7501421,20952324
approximated_2a105f15-cfa6-40f4-a2eb-90bc1ee7ec6e_bill_valve.ttl_functional.owl,8964504,3658951,12623455
approximated_080536e6-efc2-456a-a1eb-c23b2e88799f_ano_cheese.rdf_functional.owl,9037579,3862010,12899589
approximated_24631e48-2514-44c6-a516-69b803d2d352_onto.rdf_functional.owl,10670384,6529109,17199493
approximated_ad295ab9-3cb0-48cf-b442-f8da8f912209_Frangipane.rdf_functional.owl,11040301,3838151,14878452
approximated_e198102c-a6f5-4df7-898b-9bb759712ac3_DynaLearn.owl_functional.owl,14614083,5591914,20205997
ec3dd9d0-f38c-4c2e-ad96-1f00365e9b6c_ganisation.owl_functional.owl,49139042,14898502,64037544
approximated_8444dd02-beda-4cc0-a385-e065298e3721_sed_cheese.ttl_functional.owl,21390798,4230782,25621580
cd88e7bf-a1a2-4c51-b931-c5648d9df88e_nriaBibTex.owl_functional.owl,8994716,2481165,11475881
5d9cd9d6-b29f-455e-9f49-bb39de2f9295_ckeyPlayer.owl_functional.owl,18069489,2095807,20165296
8a707c21-9784-4524-b8f7-8f27f66b0dd5_localumls.owl_functional.owl,13321907,6251007,19572914
55e90a6a-209a-4a60-8a4a-83d55023bd57_s_musculus.obo_functional.owl,709194482,1326576085,2035770567
c8c9ccf9-1d12-45fa-b8e6-d82097fadff7_na_symptom.obo_functional.owl,32038736,34417392,66456128
approximated_15b113db-3b63-4d5c-9ae6-1c094a09651d_ano_tuning.rdf_functional.owl,9998008,3744576,13742584
approximated_08c7f3ca-7e26-4083-8063-4b90e4944e2c_siodev.owl_functional.owl,50384611,96962204,147346815
approximated_11e827e9-d8ba-4e9f-820c-a026bc9c4cb1_nd_sockets.rdf_functional.owl,17364769,3906075,21270844
approximated_00c82799-bb79-4159-bb73-13a474594a2c_TSv0.9Lite.owl_functional.owl,23106044,19014788,42120832
approximated_19b107c2-6e7f-4543-8039-4b6cc19df559_ead_crumbs.ttl_functional.owl,18011587,3758237,21769824
approximated_19eb1bf5-5af7-41bc-bac4-4cf6ed600fd0_trSediment.owl_functional.owl,138522347,350749891,489272238
541cbf98-8b6f-46d3-b744-be7cc242dfcf_riePublikation_functional.owl,13842786,2011474,15854260
approximated_23f77c84-9f02-48b8-ae8c-4b028ac4e4c5_onto.rdf_functional.owl,11414989,6840278,18255267
0463b024-7835-4951-b38d-8c1883a37aa3_Governor.owl_functional.owl,16189107,1069656,17258763
approximated_747b9ea8-ce38-498a-990d-7ce0d933d604_ContextAll.owl_functional.owl,28384630,19811427,48196057
d0660e1e-0715-404f-b499-def0166bc37d_NIFCell.owl_functional.owl,14203837,18748110,32951947
53fd02c1-1a08-4bd0-865c-d5efe872821b_IDOMAL_1.1.obo_functional.owl,68498640,154560104,223058744
approximated_3e77c9b9-ca65-4aad-be5c-0083271b3aeb_lanogaster.obo_functional.owl,1651333841,4142867479,5794201320
approximated_53ea5a09-de2e-4816-89f3-b721047c86ec_complex1.0.owl_functional.owl,22413732,22274466,44688198
227a375e-fc73-44ba-b71b-2e931be0b4e1_dantmodule.owl_functional.owl,56281944,129330093,185612037
approximated_fao.fungal-gross-anatomy-ontology.20.owl.xml_functional.owl,13061259,5766928,18828187
approximated_968b3f3d-a1b5-4b55-8cd3-d0b77a64a43f_cbimqe.owl_functional.owl,11816013,4219773,16035786
approximated_c2477408-ee2d-45f8-ad4c-07703048ced2_sequence.owl_functional.owl,47227448,111863533,159090981
223ff3ec-7856-45a3-af1f-0fae83bd60fe_a_ontology.obo_functional.owl,76693967,157620858,234314825
approximated_b38cccd1-ec41-421f-94f4-c11462770ca1_prerelease.owl_functional.owl,35685918,65231404,100917322
approximated_300a1956-48cf-427d-8445-e00fe53cffcc_wing_board.ttl_functional.owl,10814513,4009004,14823517
approximated_406284c6-e9b4-41c0-b032-9c6855f42622_GRO_v1.5.owl_functional.owl,16428977,13155710,29584687
approximated_bca0f476-ae17-4932-b5f3-2974e3add82c_ilk_cheese.rdf_functional.owl,14944142,4372284,19316426
approximated_2dbdd771-4851-4b28-9f7e-dc401469c7b1_rm_anatomy.owl_functional.owl,283221885,724195920,1007417805
approximated_38315f6b-262f-47ca-b581-9e8ce8f98da8_e.owl.PREVIOUS_functional.owl,14842170,6266094,21108264
approximated_03abb48d-18cf-4ed2-9fa3-e12a8a7c63db_d0.owl_functional.owl,25309305,26010388,51319693
approximated_f8fca035-1a4b-4f3e-8472-35f7bfa4276a_ethernet.owl_functional.owl,10753036,5358861,16111897
approximated_6c8a8ad3-8a22-40d6-bdf3-33ee58fd4980_rt.owl.new.owl_functional.owl,27633127,8387761,36020888
11955c28-e73b-4cc9-9261-ca08f2bfe208_ddanat.obo_functional.owl,18226797,16792737,35019534
approximated_53b73856-7f46-431c-9216-af6b02762bfa_onstituent.owl_functional.owl,124694287,221467194,346161481
approximated_2dafde3a-50cd-4da8-aab4-5eaef8d8dd25_Chronograph.ttl_functional.owl,89866203,3906645,93772848
approximated_35dd8ebe-41de-4b9b-a186-79838dc2a175_place_functional.owl,11754061,5973606,17727667
approximated_31cbbac4-15f0-40a3-a9c6-9faef9c5aaac_Knife.ttl_functional.owl,31874063,3661841,35535904
approximated_06a23d92-adfc-4e2d-a7e3-92ea3096f84d_pathway_functional.owl,39470487,51588775,91059262
approximated_2805e39c-035b-4123-a77e-4d61dd5c8624_ceLocation.owl_functional.owl,187613297,358293356,545906653
psds.plant-structure-development-stage.6.owl.xml_functional.owl,20286787,15213093,35499880
98b7f627-dcef-4a7c-9f15-a2e5db6ffea2_arinustype.owl_functional.owl,256281935,691580114,947862049
approximated_4d9b8529-5660-4313-a354-68d3e28589a1_.ENLiri.owl_functional.owl,24798902,10008494,34807396
approximated_664bb8ee-3af3-4a74-b751-94868d9d5294_rve_cheese.ttl_functional.owl,12737056,3814466,16551522
approximated_247ab8d2-1ed7-4f18-b952-db6c2fae2b33_ithaddress.owl_functional.owl,14269342,5410563,19679905
approximated_4d571d62-046b-4796-8cbb-af7dc92c5d8d_swrc_functional.owl,8760388,4525770,13286158
approximated_f0e166a1-300f-46e3-853d-c3698288e803_n_citation.owl_functional.owl,17517968,7312013,24829981
approximated_16fdce37-6a99-44d4-81fe-ee881b5bfc95_IBM_RS64.ttl_functional.owl,11883739,3612624,15496363
16e10006-745f-4e77-bdf9-27dd640ac68f_echromtbox.owl_functional.owl,1993278813,3560799314,5554078127
18d3d0c3-c495-4f57-ab99-8e5537fd8d51_m_anatomy.owl2_functional.owl,291583140,697730377,989313517
4b87b312-912e-4c37-a07d-1f06121c68a3_csontology.owl_functional.owl,18380175,5603246,23983421
approximated_2a99a594-d5d0-486b-a1d2-83ffe224c402_PARISC.ttl_functional.owl,8092963,3861106,11954069
approximated_dc6e438f-f007-4311-ae31-39ced0415b18_ngExamples.owl_functional.owl,27915294,19939379,47854673
approximated_04207e21-89bb-4f8e-944e-74f3e5e06c92_HP_FOCUS.rdf_functional.owl,13098370,3810873,16909243
approximated_c4d4885e-5121-4af6-98ae-6cf2ed7ccc91_PaulFisher.rdf_functional.owl,16086545,3008644,19095189
approximated_MSC_classes.owl_functional.owl,4399978458,7357230775,11757209233
approximated_94ed6c9d-040d-4223-8c6d-d7c18b045a1e_he_British.rdf_functional.owl,21466705,4438391,25905096
55aec0de-f319-483e-bf36-5e0e6e65c251_fyposimple.obo_functional.owl,131799928,243883269,375683197
approximated_kb-owl-syntax-unraveled-depth-2-km-relevant-cardinalities-triggers-constant-classes-value-classes.ofn_functional.owl,630399173,1029605308,1660004481
approximated_00032029-378f-4e16-83de-4c46f097ff97_BCR.owl_functional.owl,144462101,20430443,164892544
approximated_a0c4a068-adcd-4280-a345-0aba731a9e34_ring_clamp.rdf_functional.owl,11952702,3652158,15604860
approximated_291d132a-10f5-4aec-b8ee-6c786e313fb7_ryUntranslated_functional.owl,7176944,1882971,9059915
approximated_kb-owl-syntax-unraveled-depth-3-km-relevant-cardinalities-disjointness-triggers-relation-axioms.ofn_functional.owl,611368307,1432064476,2043432783
approximated_2730d3b9-c7bb-422f-a9d8-0a4838307349_Citavi.ttl_functional.owl,17321056,3770986,21092042
approximated_kb-owl-syntax-coreference-IDs-km-relevant-cardinalities-triggers.ofn_functional.owl,595463754,1694427847,2289891601
e3008e4f-08cd-4e56-b0ef-a5212f7df534_uo.owl_functional.owl,15393946,15442277,30836223
approximated_ad212343-640c-47f4-9dd1-8625db109085_lusuniprot.owl_functional.owl,652968945,1336227089,1989196034
approximated_f5974f7e-eea7-4653-965f-fb5ac137df85_Intel_80486.rdf_functional.owl,15908509,3784394,19692903
approximated_00555.owl_functional.owl,32091579,49758521,81850100
approximated_7df755c0-9189-41f0-9c42-130be6de128d_Coffee.rdf_functional.owl,15464149,3699712,19163861
approximated_7351eb40-b5ea-4f6d-b6b5-3d6f0bc30a8c_ductionOld.owl_functional.owl,19766876,3650080,23416956
approximated_031f40c1-5d36-45f7-ae09-eed52122addb_preonto.rdf_functional.owl,19080304,6632208,25712512
approximated_00628.owl_functional.owl,52073530,112972517,165046047
approximated_348b605a-b8d6-443e-b342-63117a4cea6b_onto.rdf_functional.owl,17193703,3889032,21082735
approximated_2ca77e8e-3b7b-468c-a051-763d875cbfb2_sequence.owl_functional.owl,53984251,127800958,181785209
ee53f8d2-7ee4-4e37-8b7f-cf16164dc8c0_onto.rdf_functional.owl,13174586,1841598,15016184
approximated_9ed3a80f-f6f5-49be-89a7-54cbd45dac72_phenMixing.owl_functional.owl,141291147,245193052,386484199
approximated_00394.owl_functional.owl,749204750,2188100410,2937305160
approximated_kb-owl-syntax-coreference-IDs-km-relevant-cardinalities-disjointness-triggers-constant-classes-relation-axioms-value-nominals.ofn_functional.owl,966157449,2258657131,3224814580
approximated_kb-owl-syntax-coreference-IDs-triggers-relation-axioms.ofn_functional.owl,978233830,1728221095,2706454925
approximated_6717a2a3-beb2-4f3f-846a-9372dcfdd2ed_Tic_Tac.ttl_functional.owl,12554636,3714037,16268673
approximated_1fcef593-a90f-456b-8aba-3eab11c65372_Foundation.owl_functional.owl,14416369,5303685,19720054
approximated_4d65e414-b851-48a2-b165-41ebe80761a7_ent_system.ttl_functional.owl,14743058,3579981,18323039
approximated_a9da4e39-c67d-4085-b7ca-0c114bd0df39_Dodol.rdf_functional.owl,13809271,3787405,17596676
approximated_143caa7c-2611-4fba-af8b-fa080e112733_Bromine.ttl_functional.owl,12370924,3746505,16117429
approximated_34b4dbd4-2432-4c65-9132-57a31ca9696f_ron_import.owl_functional.owl,124784073,303727819,428511892
approximated_c9ace0fe-9823-4e60-954a-958794c3d088_Easy_Cheese.ttl_functional.owl,13358166,3915384,17273550
approximated_10e49329-f732-47f1-a1a1-0ecfff78e25d_SUMO.owl_functional.owl,3169380646,986131171,4155511817
approximated_5c5448d6-2614-4b4e-b2e9-c8d32d29a5e2_enReaction.owl_functional.owl,138322862,217577996,355900858
approximated_df58e429-fed3-4b0d-89ac-79fc144b3428_tateChange.owl_functional.owl,143830232,213506817,357337049
approximated_c6eb71a8-a52f-41aa-b78d-013db436f17e_atic_watch.ttl_functional.owl,16099276,3897584,19996860
approximated_42e5d4dd-9164-4e47-90f7-4cbedd984434_Cummerbund.rdf_functional.owl,10226865,25216464,35443329
approximated_kb-owl-syntax-coreference-IDs-km-relevant-cardinalities-disjointness-constant-classes-relation-axioms-value-classes.ofn_functional.owl,906666840,2286838107,3193504947
approximated_5bb11bfa-24b4-420e-a129-8de1a044de9e_4A.rdf_functional.owl,10163989,4241529,14405518
approximated_1e606ac8-76f1-479a-aa2c-9f5f20db0ebf_rman_clamp.rdf_functional.owl,5690915,3741004,9431919
approximated_e27dba96-d02c-4f65-8b71-f9f72ffb4f86_Orographic.owl_functional.owl,130517625,212001251,342518876
approximated_3301ada6-3da3-4bc7-9f8d-59d688449d28_Purlin.rdf_functional.owl,12109698,3846395,15956093
approximated_077d2c31-3f97-417b-974d-2ae69be6edfb_olian_harp.ttl_functional.owl,12864057,3919791,16783848
approximated_e66cf28e-1264-4436-9844-d79d53a7df68_llaricerca.owl_functional.owl,23064748,10970528,34035276
approximated_1b2f8ac7-f905-4bd8-8b33-d23e4422820e_Lye_roll.ttl_functional.owl,19250272,4882589,24132861
approximated_8d274935-82be-4ef0-a5c0-5967fd20013d_ino_Romano.rdf_functional.owl,11958232,3679685,15637917
approximated_00521.owl_functional.owl,258037680,701445788,959483468
approximated_kb-owl-syntax-unraveled-depth-4-cardinalities-disjointness-constant-classes-value-classes.ofn_functional.owl,666569391,1534815519,2201384910
approximated_kb-owl-syntax-unraveled-depth-3-disjointness-relation-axioms.ofn_functional.owl,638491049,1431105088,2069596137
approximated_7ad14f19-788f-445c-bc90-7d17d4e5c8af_OpenToxOntology_functional.owl,21219783,6229764,27449547
approximated_9430d81b-de1d-4999-8836-26adea13192b_TimeSeason.owl_functional.owl,155323567,211130933,366454500
approximated_3dc8c36f-74c9-4ca9-bad3-d92ecdbdcc4e_mantics_v3.owl_functional.owl,22418248,22451514,44869762
approximated_993ea318-8a44-4db4-8122-67c8d8fcf20f_cto.owl_functional.owl,17362445,12830137,30192582
approximated_00022.owl_functional.owl,10869044,7568042,18437086
4498b86c-14ba-4f84-bc34-0982551b4958_KategorieAtmung_functional.owl,9618930,743689,10362619
approximated_0ed2a34f-e908-4dd0-9188-1343a624bcad_Vodka.rdf_functional.owl,16453511,3938992,20392503
approximated_107b3d41-1458-4d46-ae69-d1ba712085a2_EnzyO061606.owl_functional.owl,220112510,451772043,671884553
approximated_c9cd7334-1c49-4909-8c82-c8f9727064c5_icrosswalk.owl_functional.owl,13874068,2026970,15901038
approximated_865505e9-df76-46f9-bd24-1e6db2716a6d_onto.rdf_functional.owl,16156578,5386084,21542662
58296df4-ebd3-44ac-bb20-f4dfa2434c8f_pato.owl_functional.owl,27334564,30781950,58116514
approximated_3a0f5105-f618-4b41-aecb-862cda98f32e_C5A1ki_sir.ttl_functional.owl,13723722,3627300,17351022
ae9fb993-34ce-475f-ba37-cf68085c39a4_lgtl.rdfs_functional.owl,14426747,6397680,20824427
approximated_8ca87523-2941-4e7b-85eb-f31c55626c7b_properties.owl_functional.owl,15949988,1651867,17601855
approximated_4bf81491-e076-4392-ae22-dd1e7b108957_e_compiler.ttl_functional.owl,17434638,3757818,21192456
approximated_ecc54058-9232-4f4c-bbb3-598e191fd3d6_onto.rdf_functional.owl,11618581,4879901,16498482
approximated_b19f0d48-cf64-4616-b95d-26d6e6a05be5_person.owl_functional.owl,27103154,7737082,34840236
approximated_ee8142d8-363b-43e5-b098-04ae98473ab0_mptionTest.owl_functional.owl,23235529,6307645,29543174
approximated_eb259c60-6107-441f-9497-defd7b15ed9a_MyAutohaus.owl_functional.owl,16285209,3667253,19952462
approximated_855a3833-3186-403d-9435-864b79f50c9f_gibleThing.owl_functional.owl,14945210,9028621,23973831
approximated_6ca9d8e4-0673-445b-9f36-c5a7e6b2ddb3_onto.rdf_functional.owl,15192535,4994657,20187192
8bdbdcc6-2c79-48af-8157-66abf593a8f2_classified.owl_functional.owl,52684862,118749592,171434454
2c66e915-9742-4be0-9901-8c99f806ef2b_MaHCO_HLA.owl_functional.owl,251140118,725777636,976917754
approximated_1a6cb89a-2c0d-4312-9d12-de7432da7de8_Sago.ttl_functional.owl,15071345,3828115,18899460
approximated_8835254a-d48c-4484-9c53-743e5b468051_y_anatomy.owl2_functional.owl,282742074,752101794,1034843868
approximated_2ae4c01d-9eee-47ac-9a3f-7b4e9732196c_alogAction.owl_functional.owl,105482019,12472032,117954051
approximated_00412.owl_functional.owl,149431718,216092068,365523786
approximated_00290.owl_functional.owl,22669146,5926755,28595901
approximated_2401b923-6f17-47a2-8602-5011c4bb27ad_yces_pombe.obo_functional.owl,879045349,1839385680,2718431029
cmo.clinical-measurement-ontology.62.owl.xml_functional.owl,62216911,145357554,207574465
approximated_1c0efde0-5fdf-44a5-81ee-a4ec0f85b33c_le_systems.rdf_functional.owl,15263783,3778090,19041873
approximated_c8c3c75b-ea78-410d-bbb5-e8d3f433e50f_Bonifaz.ttl_functional.owl,10413503,3933432,14346935
approximated_5bdce687-de12-4e27-8e1b-286cd33c696e_Chalk_line.rdf_functional.owl,14104279,3771008,17875287
approximated_089eca65-5578-4060-bfd8-f7ffcef69986_Cake.ttl_functional.owl,15663082,3654785,19317867
approximated_d53aaa52-caba-4cca-8436-5b0e0f1d5015_alResource.owl_functional.owl,138685315,248984867,387670182
approximated_20b1f6c4-5c2a-4248-b6b7-9b5942dd6de5_Bread.rdf_functional.owl,14994419,3725799,18720218
approximated_a0a531aa-f892-4b45-8022-ac8dc6001ab2_so.owl_functional.owl,50102810,115067104,165169914
approximated_00446.owl_functional.owl,42347739,87817600,130165339
approximated_kb-owl-syntax-unraveled-depth-1-cardinalities-triggers.ofn_functional.owl,481866976,1096992362,1578859338
approximated_fa57f422-d4a6-4b01-bd80-af8f44cd9481_nAtmoFront.owl_functional.owl,142082809,211330609,353413418
approximated_31751ba0-6a59-4dee-9243-70a1ec90bf49_erFinalOWL.owl_functional.owl,19176579,4062452,23239031
approximated_81ccf70e-b4cd-493d-8478-a780ac42ac27_ecg.owl_functional.owl,9539866,6428906,15968772
approximated_4501adbb-127a-409f-9e10-cb84ae5e2e29_Ice_scraper.rdf_functional.owl,10712025,3759212,14471237
0c593ec0-1894-4be9-9277-02fe59d42a49_mod.obo_functional.owl,66127080,165928611,232055691
approximated_7de2e54f-8b2f-46b3-89d3-6206aff37749_physEnergy.owl_functional.owl,30641527,37183176,67824703
approximated_0abccd8e-2b19-4af2-a0b8-0548d21854b2_dataset.owl_functional.owl,39342382,47345223,86687605
1da6f83f-8270-4280-beda-3f377ea15685_aprimitive.owl_functional.owl,11159947,8672243,19832190
35c12d3e-b4e6-4615-b86e-59068de2eebc_onto.owl_functional.owl,12943202,3093410,16036612
approximated_9413a25f-fca6-496e-a121-bbb548504579_skeleton.owl_functional.owl,8391559,9851398,18242957
approximated_4bfd6c03-5835-42d7-902d-dd28a8635114_FN1.1.rdf_functional.owl,12799986,2032450,14832436
approximated_1ebee42e-44e9-4497-862d-1c5e5012b634_Pez.ttl_functional.owl,17903650,3749704,21653354
5864c686-5ad1-4379-97c6-81451d133c9f_p_anatomy.owl2_functional.owl,29170267,6103682,35273949
approximated_38ac6b6a-f06c-44b0-9cc9-68eaa90428b1_PaulFisher.rdf_functional.owl,13391350,3017399,16408749
approximated_5a122dfc-2433-44fb-93b2-1093bcfec164_Hip_boot.ttl_functional.owl,17912674,5227762,23140436
approximated_e021b7c2-e947-429b-bb23-e6b11e309fd7_alignment.owl_functional.owl,17201002,3999258,21200260
approximated_beacb7c2-e0e5-4ca7-90fb-bbd5a0adef73_matrWater.owl_functional.owl,140229562,246965439,387195001
approximated_51f0b1e7-8c80-4154-8baf-afd494621359_Raejuusto.ttl_functional.owl,19932620,6237973,26170593
approximated_e5bc6295-4306-45d1-b93d-6f85ac4e1937_complex1.0.owl_functional.owl,12926864,9549858,22476722
approximated_5f2b6e58-6c76-49e8-9ab5-c91adc81633e_Cuba_cheese.ttl_functional.owl,14547030,3888106,18435136
approximated_50ab3c45-612a-41aa-ace9-5fa7c489bf22_Lobster.rdf_functional.owl,8569004,3772770,12341774
approximated_224f6cd2-8179-4424-8589-594c837b1afd_ralogActor.owl_functional.owl,12943993,11088358,24032351
approximated_f3f99738-aa89-4a6b-b560-3fd2ff0de3f6_us1gov_functional.owl,17976540,16211740,34188280
spd.spider-ontology.21.owl.xml_functional.owl,31123668,44889711,76013379
approximated_8a2ad4e0-258e-4d8f-8bc7-0e9651fb4893_cedar.owl_functional.owl,43005421,24410310,67415731
approximated_7911695d-790e-4503-b90c-8ca9b16e2905_wine.owl_functional.owl,27461944,16638226,44100170
approximated_19d2d4a2-3610-4681-88f1-5d5616f011af_gnetometer.ttl_functional.owl,12333992,3669060,16003052
approximated_00018.owl_functional.owl,25576896,23043307,48620203
approximated_2f124dd5-9aae-427f-96fa-0464d5abcd5f_History.owl_functional.owl,26229265,20567775,46797040
approximated_kb-owl-syntax-unraveled-depth-1-cardinalities-disjointness-triggers-constant-classes-value-nominals.ofn_functional.owl,743088221,1708932884,2452021105
80bf8685-0e15-4780-8e61-7130e4e777c6_00Ontology.owl_functional.owl,251044547,22046675,273091222
approximated_d878e341-1206-4c50-9a40-52bb2e978fa8_KCO_dlp.owl_functional.owl,100596793,20379790,120976583
approximated_0cbfc84a-c109-4750-ad33-8fac54c69a7b_IPod.ttl_functional.owl,96852080,3617374,100469454
approximated_1b406a3c-58b5-4325-8a21-f72158f55c11_e.obo.PREVIOUS_functional.owl,1076891843,2060185762,3137077605
131cc380-4c47-49e4-ab2a-732a56a158bf_FBbt_XP.obo_functional.owl,445620491,794336794,1239957285
approximated_1e6dbf1b-c7d6-45f8-a6cd-d3e765afcaa1_stateSystem.owl_functional.owl,131446640,216875345,348321985
85c3f1fc-9f27-43c8-9c76-109a3c844774_Animal.owl_functional.owl,25021364,4294436,29315800
approximated_3d732777-0ae6-436b-a856-8d2a99dadfc1_Pentium_II.ttl_functional.owl,24681323,3787461,28468784
approximated_e36758bf-c2af-4529-ac3c-355f1ad87ff7_Bluray_Disc.ttl_functional.owl,30550904,3878665,34429569
approximated_6942f2b2-bfbc-41c3-b747-663c02a9fe55_ties200512.owl_functional.owl,28401491,16995752,45397243
approximated_0d5bcc5a-8863-4917-9ea3-c4b94cf0054b_face_water.owl_functional.owl,19449511,2344917,21794428
approximated_486299da-47ba-4f26-9b7b-b6ce718c4ed8_Pita.rdf_functional.owl,18895043,3741240,22636283
approximated_3163886e-c6f2-4e5d-a042-6f7352586600_Tea_set.rdf_functional.owl,11587524,3719156,15306680
388c39d6-8712-4e1e-b74f-b1f3fb3c0382_onto.rdf_functional.owl,12156081,3312725,15468806
462874ff-75f3-459e-8b82-256358577fdf_alianatype.owl_functional.owl,563509138,1614963735,2178472873
630748b0-bfe8-4c1d-b0be-d464209a3c76_eKrankheiten_Z_functional.owl,15446939,817671,16264610
approximated_22f1b747-591b-4280-9caf-4612f13073e6_an_sausage.rdf_functional.owl,15085164,3699302,18784466
97091fce-4a28-4f82-a662-201df6c66259_ecoForVariO.owl_functional.owl,16654796,7588601,24243397
approximated_ef6480e1-8fbd-4f93-acd8-dee4e7d1a710_Pin.rdf_functional.owl,11009941,3689603,14699544
approximated_ogms.ontology-for-general-medical-science.8.owl.xml_functional.owl,17516130,10344721,27860851
approximated_kb-owl-syntax-unraveled-depth-2-km-relevant-cardinalities-constant-classes-relation-axioms-value-nominals.ofn_functional.owl,417265882,1051406791,1468672673
0552ebca-2b2f-4d14-af4a-9ffaac6a5159_HAO_functional.owl,190631073,224221058,414852131
6241f7dc-d77b-4589-a411-6a6a2e1faf34_onto.rdf_functional.owl,19465856,1542588,21008444
approximated_857e6dd9-d531-4c49-95db-4d43cc97f61c_ontinental.owl_functional.owl,128735397,213049463,341784860
approximated_00453.owl_functional.owl,9107934,8030076,17138010
approximated_570d94a7-ca42-4f6d-a22d-1e7bf90e34cc_ll030210RL.owl_functional.owl,69484896,15622294,85107190
approximated_530c73f7-7653-47d1-8207-08dba7bcd5df_Archimedes.rdf_functional.owl,10933515,3826012,14759527
approximated_dd1ba0ea-4a33-4219-a560-56e190c20448_Service.owl_functional.owl,18221881,10128422,28350303
approximated_eda88f7a-1896-4529-aae4-460d1acfb2cd_notenskalen.owl_functional.owl,16986311,11880872,28867183
approximated_b347242a-d2e4-4eea-a2c6-79e750275ef6_ter_hammer.ttl_functional.owl,12903261,3882848,16786109
approximated_02b96981-3422-4e43-9af7-bc9f64e35632_esTresviso.rdf_functional.owl,11294879,3799587,15094466
approximated_12ef49dc-1f5f-4768-9442-7f738f366765_TRAIL.owl_functional.owl,54180224,9906936,64087160
c3b123e3-92ae-4144-ac56-1ae5cb36c3ed_nnotations.obo_functional.owl,19474489226,42525303822,61999793048
259cd8e6-6069-49db-b971-3d342a604c57_Building.owl_functional.owl,107943690,5564146,113507836
approximated_3afdb1ad-2b1d-49f6-a588-fa860f3f74ca_request.owl_functional.owl,68907935,4916528,73824463
approximated_f55af61b-54c4-4715-8412-fba11c3f6d30_ockIgneous.owl_functional.owl,202302288,253553569,455855857
30db90fc-6d0c-48c3-a027-53492a644cea_College.owl_functional.owl,79277223,843360,80120583
3b5e14cc-06e0-498d-9054-4ab85a6cb18b_classified.obo_functional.owl,147815714,262201576,410017290
approximated_36c7a54c-67d6-4681-a461-ab13426c7e66_Rice_Candy.rdf_functional.owl,76427198,3666620,80093818
approximated_ba124800-7f8a-47be-bafd-2992d356e4c5_chemProcess.owl_functional.owl,179474243,44484815,223959058
approximated_f882cdd1-fb60-424c-9ab6-e991d94a9db1_inOntology.owl_functional.owl,73859959,8148331,82008290
efdc2a3d-b99d-4695-9d86-c000183b0c47_emapmerged.obo_functional.owl,1354986702,901424208,2256410910
approximated_48550a9c-4a75-4e8c-b9b2-acda06f624ce_Pippo_Baudo.ttl_functional.owl,108407821,52267364,160675185
approximated_62ed5c86-bf8c-4b52-ab76-c45e9b94a7cb_mBiolBiome.owl_functional.owl,239086837,257918844,497005681
c66c3e01-27f7-4fd2-9a38-b235bada5183_ntainRange.owl_functional.owl,60313870,1495856,61809726
approximated_99d33d70-3ac4-4379-bde9-df7fce86f0f0_p.obo.PREVIOUS_functional.owl,65516815,133754636,199271451
approximated_00475.owl_functional.owl,76329583,4886151,81215734
approximated_ff6eae64-1331-4d3a-a7e8-63fda72fc572_dProtected.owl_functional.owl,169783712,215225663,385009375
approximated_kb-owl-syntax-coreference-IDs-km-relevant-cardinalities-disjointness-triggers-constant-classes-relation-axioms-value-classes.ofn_functional.owl,1195926713,2269113222,3465039935
approximated_04473fad-b0c8-4e6a-bc17-bfb9e47867cf_moPressure.owl_functional.owl,141197904,210966296,352164200
0707be50-bd13-400e-9664-5a058bfeac93_umls.owl_functional.owl,14962706,6392295,21355001
approximated_kb-owl-syntax-unraveled-depth-0-km-relevant-cardinalities-disjointness-triggers-constant-classes-relation-axioms-value-classes.ofn_functional.owl,452192038,939996851,1392188889
approximated_ogsf.ontology-for-genetic-susceptibility-factor.8.owl.xml_functional.owl,21776331,34057370,55833701
approximated_bd4a4bf7-94a4-4711-9081-c4da23e7f3fe_Solar_panel.ttl_functional.owl,17009711,3757756,20767467
approximated_00769.owl_functional.owl,127902593,289699434,417602027
approximated_9fc3a460-e47a-4bad-b99e-7f4c2a49b38a_onto.rdf_functional.owl,11799610,5196381,16995991
approximated_046b927a-8ad5-4078-a70f-8bfdfa4a4339_nt_xp_self.owl_functional.owl,25789108,41151383,66940491
approximated_f44c972a-392a-40ce-9c07-0b149ecda607_GUM3.owl_functional.owl,16373250,11170477,27543727
approximated_kb-owl-syntax-unraveled-depth-3-triggers-constant-classes-relation-axioms-value-classes.ofn_functional.owl,384072451,966557291,1350629742
approximated_0ad7499f-300b-461b-93ea-223aec64f71f_chemistryv8.owl_functional.owl,22821657,9862076,32683733
1968b1db-9ffd-45af-96e6-96b343536f1e_egoryDeveloper_functional.owl,13620482,741421,14361903
17ec95e7-c695-4991-a777-417404863792_Heilpflanzen_A_functional.owl,13766331,2025925,15792256
approximated_ffb1103e-378b-4566-96ec-1254e3e5f9da_combinator.owl_functional.owl,23366952,9113519,32480471
approximated_38144779-b4a5-4c10-80f6-521f8bab21b4_IPad.ttl_functional.owl,15738383,3820476,19558859
c5168110-6bea-4951-9a9b-6fd7d1377d00_flanzenatlas_E_functional.owl,14870097,795002,15665099
approximated_5c54d9f1-7a00-4df2-884d-50c9a8ebc4d7_Piston_pump.ttl_functional.owl,11039133,3653996,14693129
approximated_380432c6-efde-4642-b74c-5eab39b7d7db_InspireTN.owl_functional.owl,16722192,5497175,22219367
356d962d-4302-443a-beca-84a2574f46ef_xamplefull.rdf_functional.owl,14474957,1501971,15976928
88570258-0cfa-4dc0-972e-f9033c908348__documentation_functional.owl,26442412,863457,27305869
4154ae8a-1450-4a62-9234-5596fc7f7d5d_Olympics.owl_functional.owl,16107502,1315316,17422818
approximated_2d66630d-5034-4a21-9470-8b2b0e2ce521_phenAtmo.owl_functional.owl,166053433,204902346,370955779
approximated_c53cfd13-426e-4816-b24e-1a543085cc70_matrRock.owl_functional.owl,140253610,248208769,388462379
approximated_4818c781-8a1c-4362-84b3-ee0ab2556f44_compute.owl_functional.owl,18795975,7903543,26699518
approximated_6223947e-54bc-4384-bd37-7cae5693f0bd_wineshort.owl_functional.owl,12300999,3867413,16168412
approximated_1ad584e5-ca51-4bd9-bc6c-c5baef4e4c84_ofntb_v1.owl_functional.owl,15056165,5396930,20453095
approximated_08dd1e87-a0b2-4c0a-8a49-c622a9c9ca1f_kel_He_178.rdf_functional.owl,14766898,3730194,18497092
approximated_87abf9c6-f535-4ae5-b413-ca733d2be23e_vation_v14.owl_functional.owl,12358393,7435443,19793836
e5a89a48-7c48-48ab-8e64-bfdfb3e62e8b_tegorySMW_site_functional.owl,17480714,1714835,19195549
approximated_kb-owl-syntax-unraveled-depth-3-disjointness-triggers-constant-classes-relation-axioms-value-nominals.ofn_functional.owl,664317226,1493742083,2158059309
approximated_8b8536de-1fa8-43ca-af4f-3a79ed962379_nic_Cheese.rdf_functional.owl,17807302,7548487,25355789
approximated_1a063c66-cce1-42a3-b6cc-14e8cb62716c_Pantysgawn.ttl_functional.owl,17795746,3802364,21598110
4af2cc4d-c110-4edd-8577-ececc6ed466d_classified.owl_functional.owl,25382661,46511887,71894548
approximated_7153640a-2069-4d94-b910-9fefe470d3d6_sbpax2.owl_functional.owl,13508454,9163840,22672294
approximated_a808e8be-d410-4e04-886d-04f51ed33722_onto.rdf_functional.owl,10332844,4765347,15098191
approximated_00694.owl_functional.owl,160934226,415534721,576468947
approximated_004bcac9-cc85-49ce-b887-95ef9d6f7f0d_Validation.owl_functional.owl,137973154,213239548,351212702
approximated_379c8d82-b2cb-4598-a878-1dad8290017f_ary_cutter.ttl_functional.owl,16481114,3761915,20243029
approximated_kb-owl-syntax-unraveled-depth-2-cardinalities-relation-axioms.ofn_functional.owl,413386174,1051737192,1465123366
approximated_f847c2df-01de-44f7-bc4e-8ab565fe5836_90121_5_TQ.owl_functional.owl,25582471,22570567,48153038
approximated_2ea0bd1b-fe42-4600-b5ca-bbb260e24a1a_PaulFisher.rdf_functional.owl,16406601,2879579,19286180
1867ad39-0316-48f6-b525-4f61dfcd70d9_t.obo.PREVIOUS_functional.owl,18060844,20953916,39014760
approximated_9826340a-70f1-4e9d-8f8d-bc5de99ff668_bstractbio.owl_functional.owl,15634947,17663027,33297974
approximated_87525e27-1cf5-4f43-856f-0275c21cf7bc_opendaprdf.xml_functional.owl,13681223,4562924,18244147
approximated_371fe108-1eb5-4856-a1e3-5187fbc1e22e_EndNote.rdf_functional.owl,11382036,3772561,15154597
061c8c2c-c09b-4496-9ffb-16118b5507f7_Aircraft.owl_functional.owl,16088981,2404565,18493546
57acf32e-7c2e-42e9-811a-e81884e69f51_hp.owl_functional.owl,230566869,702194514,932761383
approximated_058cece0-8d18-43ff-94f7-42c44c9ac3e1_esg.owl_functional.owl,87175254,27292714,114467968
approximated_8cd43f9d-a801-4810-b206-5c4648809839_chemtopcore.owl_functional.owl,12110013,8040617,20150630
approximated_a53cade5-cd71-4383-87ac-a1769c449c6a_opPressure.owl_functional.owl,136986277,213155250,350141527
approximated_03898ebd-78bc-41f7-ae80-bcb3172df6e4_Twoman_saw.ttl_functional.owl,15767033,3757029,19524062
1087ecda-74d6-4676-99c1-ae4157e4cc8d_classified.obo_functional.owl,234270691,727497283,961767974
b15cb30c-4105-40e4-ad76-15d36c9a3dfc_stimulus.owl_functional.owl,15455735,16727938,32183673
de8de576-ae9c-4150-bde9-521013df6ba5_MI.obo_functional.owl,43450121,114135088,157585209
approximated_0fd75b6f-4fc6-4495-9ddc-eebc3f65fdd1_dublincore.owl_functional.owl,16251840,19057479,35309319
f64c043f-ba70-4d39-9326-c79f5f67b9cd_classified.obo_functional.owl,121471007,258350476,379821483
approximated_4ea74a4b-193f-4835-a6c5-2081d1091ba7_eOntology.daml_functional.owl,11945096,4960576,16905672
approximated_00009.owl_functional.owl,20116237,5269881,25386118
d3c3db45-6e64-4114-9407-1e277dc86862_PGDSO.obo_functional.owl,13694627,14022677,27717304
approximated_12f36632-5e47-4afc-b9a2-c26f389217c1_crime8.owl_functional.owl,26467190,11530086,37997276
approximated_f76c2d04-123f-4321-a815-f25bbd4b2dec_ossAnatomy.owl_functional.owl,165099571,341523140,506622711
approximated_1dead87e-a09d-4701-a762-5126010c7b4c_Stevedore.rdf_functional.owl,15319189,3901906,19221095
approximated_99b53125-2382-4241-a828-558d255acda0_Lap_desk.ttl_functional.owl,12647385,3778746,16426131
approximated_aed287be-cc9a-478f-bce9-6d5659e2e6bb_WindGlobal.owl_functional.owl,101442620,207072478,308515098
approximated_7407e96a-be14-487c-a01a-3594df24e36c_yDocumentation_functional.owl,14804469,1915451,16719920
approximated_6b102094-efed-4d26-8733-fafde02c9597_CategoryPlugin_functional.owl,19575414,2882486,22457900
b5053c8c-4458-4659-9229-6b18b1fbcd41_Astronaut.owl_functional.owl,19920798,1705591,21626389
e45323ce-3eaf-4d88-a3fb-4636b5cf4257_figorg.owl_functional.owl,296670009,691126659,987796668
approximated_c4137b4c-34dd-43e9-bca5-0d454e2ba8b2_topology.owl_functional.owl,16563818,4711787,21275605
approximated_4a1d331a-38bb-46ed-88e4-51a530a822f4_MK14.rdf_functional.owl,13166133,3771598,16937731
approximated_08dd7c7e-bd29-4ae4-8dc4-84be3a73f55f_Hoop_skirt.rdf_functional.owl,11170944,3863694,15034638
43221dae-c7fb-4cb9-99a3-a1b286645dae_CategorySMWCon_functional.owl,16005563,1787945,17793508
approximated_6a8f0423-9f32-4baf-bb61-098baa909de1_atmoSky.owl_functional.owl,101930800,205875851,307806651
approximated_kb-owl-syntax-unraveled-depth-0-cardinalities-disjointness-triggers.ofn_functional.owl,392840385,790132935,1182973320
approximated_fa94b62b-484e-4ab8-abb6-1ab9407d41a1_egypt.owl_functional.owl,18496146,4691650,23187796
approximated_00630.owl_functional.owl,45915239,111088992,157004231
approximated_2bb8fc52-a2a1-4d53-94e7-fc069e42e313_aminoacid.owl_functional.owl,16962844,8310603,25273447
approximated_00345.owl_functional.owl,32001717,16977641,48979358
approximated_00591.owl_functional.owl,44563405,124325818,168889223
57dc1631-dc30-4405-8c59-c6af4b1e4221_gaz.obo_functional.owl,24273640969,50833896562,75107537531
approximated_59d31aa2-5d97-4940-9eb1-0da54a258a72_uomeCore.owl_functional.owl,26389225,8814581,35203806
approximated_6c7f1cf5-6e8b-41df-a26a-07252efe8278_tegoryOwlThing_functional.owl,11675441,2060728,13736169
approximated_533e5c9b-2b41-408e-9009-5f35429a9fa5_tingPlaces.owl_functional.owl,39919831,11190591,51110422
8a0c3f0a-41c0-434e-9119-d0cc03f387d9__v5.0.2__.rdfs_functional.owl,24007495,6780108,30787603
approximated_a348491b-e27e-4e9d-af46-120e5824de7d_eam_cheese.ttl_functional.owl,19254266,3663839,22918105
approximated_c51645d9-42a2-441d-8576-8e988683c508_ontoutf.rdf_functional.owl,19820167,5210663,25030830
approximated_f9fca5ec-77a7-4dd6-a04f-f585ed3d61a7_Hedgehog.owl_functional.owl,30642099,6821557,37463656
approximated_0c33cfee-74c1-480d-bb37-5182de8c1217_ll.obo.CURRENT_functional.owl,213828505,567645067,781473572
approximated_USDA_sr25_NF0_10.owl_functional.owl,76126592,18103327,94229919
approximated_0b47829b-9fdd-4d82-86de-7a134feca500_OGMS.owl_functional.owl,16437573,6193294,22630867
approximated_ee844417-b0ca-4f33-9671-157bd414b08a_lca0.owl_functional.owl,17489940,3391454,20881394
be16e248-6e34-4cd9-9091-2c94c4a1e0e9_ccerLeague.owl_functional.owl,14566364,993779,15560143
approximated_5b70d6a8-8c28-4891-82c7-5811635ad1fd_iaeensembl.obo_functional.owl,963058627,2384655317,3347713944
approximated_4d300490-0c5f-4770-a5af-f35679cf763a_appy_Hippo.rdf_functional.owl,10859296,4071398,14930694
approximated_fe3ad35b-eba7-4bc8-a828-eeb8ad84ecce_IOLite_v17.owl_functional.owl,22144159,15981192,38125351
approximated_db5c53ed-d86f-4959-a8dd-65ac340817da_lmm1.owl_functional.owl,19288148,17709732,36997880
approximated_uberon.uber-anatomy-ontology.210.owl.xml_functional.owl,748227079,2134410164,2882637243
f2aabc0c-17fc-4f9b-ac0f-db6cdc846a1b_Valley.owl_functional.owl,16253679,715394,16969073
02b17082-5f51-41ee-8750-74f7c79c3026_Actor.owl_functional.owl,11162912,1286467,12449379
facb5031-ccc3-4361-8838-448bc5c2370f_ecosimple.obo_functional.owl,17924273,22807943,40732216
approximated_9a7e01b0-32e5-4fe5-bd23-50c8541cb2e9_stateSystem.owl_functional.owl,132789763,214294962,347084725
approximated_6df72770-9844-420a-9c37-5f14d3d7ae67_scienceOWLq.owl_functional.owl,51511646,15440410,66952056
approximated_668adf7f-3cfb-4ba8-b903-8786a91dd4d6_IPR.owl_functional.owl,19436624,9278578,28715202
approximated_897ee834-b0d1-499b-8bff-5826d7c005f9__II_series.rdf_functional.owl,12386770,3711559,16098329
approximated_d43f8ad4-20db-48e9-a656-9ea474502c3d_104onto.rdf_functional.owl,16897560,4981214,21878774
approximated_cd0a8135-bb47-4f36-b702-3cbb973e0cc5_ntOntology.owl_functional.owl,15777508,6284058,22061566
approximated_5052db14-73cb-4b58-a6ae-358ae703393d_hom_rev.owl_functional.owl,86229448914,3.0783E+11,3.9406E+11
434bb2e8-cd81-46f0-a987-ffd759457597_prerelease.obo_functional.owl,1038506364,3056707528,4095213892
approximated_cf577f56-208e-479d-8aef-6d979ad707dd_PlansLite.owl_functional.owl,14215286,16066544,30281830
approximated_169a7b10-d9ac-4a8b-817e-2f5a11b2310a_eryContext.owl_functional.owl,163309841,4633740,167943581
approximated_e767b141-3587-4b82-b70d-fd99edb05a4a_Danio_rerio.obo_functional.owl,3483761814,8075493702,11559255516
approximated_0507d1c6-5536-41fd-b717-a51a3f5cbf4f_PD.owl_functional.owl,70263097,84080326,154343423
fa0944c1-0b34-4388-9ae0-82937546a70a_SUMO.owl_functional.owl,64982782,38950764,103933546
approximated_kb-owl-syntax-coreference-IDs-km-relevant-cardinalities-triggers-relation-axioms.ofn_functional.owl,603426926,1708267358,2311694284
approximated_0a4d615a-c4fa-4824-bb65-55d96ecfd8ed_Corinth.ttl_functional.owl,11552454,4380184,15932638
approximated_df25eea7-56b1-44e5-9360-934faff9d936_Ponceau_4R.rdf_functional.owl,16112038,3918661,20030699
approximated_6e0146dc-dc66-43b9-abf3-ab629bba1ea1_Pliers.ttl_functional.owl,11627983,3911947,15539930
1e6a2a96-fb28-4083-8bde-1bce0fb07c40_ms.owl_functional.owl,52512949,127356826,179869775
approximated_d9fe555b-a491-4f92-8a94-54396c264e15_onto.rdf_functional.owl,15732818,4794549,20527367
approximated_kb-owl-syntax-unraveled-depth-4-km-relevant-cardinalities-relation-axioms.ofn_functional.owl,342498512,861043218,1203541730
approximated_8e15a194-d74c-4ab7-9493-cf7cd507fafb_zedneweb.rdf_functional.owl,7906757,3987905,11894662
approximated_15003dd8-c454-4d57-9f1a-16704597d97c_edElements.owl_functional.owl,18855483,6868245,25723728
approximated_d497586d-fca3-47ad-8f01-75b46a738364_eolVolcano.owl_functional.owl,134903972,221982574,356886546
approximated_2f07617c-68bb-46d3-ab83-eb005a760e94_onMarathon.owl_functional.owl,14966742,5985435,20952177
approximated_b57ac414-a41e-4cd0-9b7c-6979607c515c_tourismB.owl_functional.owl,19355184,28724475,48079659
approximated_213ff15b-9cd2-4e79-ae93-facf6449281e_ire_cheese.rdf_functional.owl,15257082,3622114,18879196
approximated_b2b3b1dc-3663-469a-b5f4-f08fc3f6a007_.rdf_functional.owl,10343584,3982779,14326363
approximated_987033c1-a245-4fdd-a1af-c8aadffadf62_phenSolid.owl_functional.owl,328734191,243534339,572268530
approximated_2288fd48-f982-4827-b07c-dd46fd6053c4_itionGroup.owl_functional.owl,18449005,10426661,28875666
approximated_407ab8bf-6178-48ec-b4bd-b686f51cdb04_ero.obo_functional.owl,65096961,141268122,206365083
0533595c-ead5-40f5-a57d-39f8bfd69a04_KategorieNerven_functional.owl,14255526,863185,15118711
approximated_cb43df96-d97e-409c-92a2-48948a77f1d4_Athlon_II.rdf_functional.owl,11564887,3934615,15499502
go-ext.gene-ontology-extension.2.owl.xml_functional.owl,1506311355,3844401115,5350712470
1d400aee-3cbf-49dd-a937-4efb91f65c2d_emapa.owl_functional.owl,410947291,924030852,1334978143
approximated_cd8c5bf7-5c0b-4d05-b453-8b4999616316_onExamples.owl_functional.owl,14743242,4362096,19105338
approximated_77c0992e-a919-444f-95c1-082da549ce77_Aluminium.rdf_functional.owl,14996183,3654631,18650814
1578c4c7-2fda-4345-9e86-a5dcc5d62fea_allusensfm.owl_functional.owl,493222001,1079684179,1572906180
approximated_kb-owl-syntax-unraveled-depth-0-cardinalities-disjointness-triggers-constant-classes-relation-axioms-value-nominals.ofn_functional.owl,623009575,898643635,1521653210
approximated_293eea63-ad92-4398-a28d-12af00526bbc_c_pipework.rdf_functional.owl,17429865,4193515,21623380
approximated_zfa.zebrafish-anatomy-and-development-ontology.36.owl.xml_functional.owl,236249770,559328336,795578106
approximated_a296d5d9-7a9d-471c-9e6f-7130d624dae5_ho2.owl_functional.owl,16495604,7660323,24155927
approximated_844cdbf2-dc80-4f98-a8cb-9b0033c14c8f_foot.owl_functional.owl,20968475,12742919,33711394
approximated_6338a2ad-d196-4c6f-97e7-211a3194c8b2_Acetone.rdf_functional.owl,11497617,3838263,15335880
approximated_e3865e6b-5812-4821-b993-bbe5c9d287aa_phenWave.owl_functional.owl,132908073,216709472,349617545
approximated_e2ea3f60-7908-444d-887f-12c542b5a858_ssOntology.owl_functional.owl,12665121,4258063,16923184
approximated_5a2e30bf-e243-4d86-bb4a-849a0d00cfe2_Antidoron.rdf_functional.owl,12483595,3961098,16444693
approximated_44c070f6-9795-4cd1-94fd-74d061816277_properties.owl_functional.owl,15730314,1193813,16924127
9cb5f78a-6d8b-4c1f-b9bb-60aeb7fe1553_NIF_Cell.owl_functional.owl,15785565,17522636,33308201
approximated_48e59368-d026-4018-ba3f-fff45809f1be_ro.owl_functional.owl,13855943,4908249,18764192
approximated_070cf5de-2d18-4c0e-a6bb-5cb35bde2043_action_functional.owl,18249986,9377889,27627875
approximated_ngsonto.ngs-ontology.21.owl.xml_functional.owl,17147634,9026318,26173952
approximated_1c0a729d-02dc-4789-8b49-b5a7679c9ff1_gyVersion3.owl_functional.owl,16571683,7604404,24176087
approximated_af1aaeba-21f0-4368-ad0d-69d34223d776_partimenti.owl_functional.owl,18714918,8920613,27635531
approximated_779c6780-83ae-46d5-93a7-4c772e4aa38a_core_subset.owl_functional.owl,26108693,33027780,59136473
approximated_450dab4b-06e0-47e6-ad6b-95782c3d4850_les_cheese.rdf_functional.owl,14642916,3784271,18427187
approximated_0178f9d7-734b-4a2d-9102-6bc23e102a6c_rtbouillon.rdf_functional.owl,18282192,3677479,21959671
approximated_f0be0f6e-b9f3-4947-bcd7-6c24299be333_sigma.owl_functional.owl,24877502,17320187,42197689
approximated_a126e40a-23a0-4aa4-b380-4375eab8b92c_Tollatsch.rdf_functional.owl,15751707,3703056,19454763
approximated_82fc6e84-7c98-4eac-baa5-db7a161565e0_Worm.ttl_functional.owl,14015423,3785194,17800617
approximated_104924f7-0a72-47fb-b9c5-2d672c9c7773_mergedtbox.owl_functional.owl,5596460174,13294627670,18891087844
approximated_61a30661-23e2-415f-b470-cb2fa033359d_eSituation.owl_functional.owl,26906975,8831965,35738940
approximated_748a78a6-ef2a-4a8e-a145-e8b827ea0b46_5_Maverick.ttl_functional.owl,17653214,3634906,21288120
approximated_8799de7b-9928-4b5f-80dd-00a77832fe9c_griculture.owl_functional.owl,139869258,250611581,390480839
approximated_bc3ffb56-bdc7-4d18-b305-018c39bb1b70_tegoryMetadata_functional.owl,13472780,1999521,15472301
approximated_389dc2d1-fb9c-46fd-8c05-c3cb293d9edd_andFluvial.owl_functional.owl,131706315,211330648,343036963
approximated_9c2b9cf9-4d6b-45ae-8adc-83c966bf02ec__phenotype.owl_functional.owl,160818673,485160814,645979487
approximated_2d1192ce-4260-4993-89ab-9c4510967e68_machine_v2.owl_functional.owl,13825753,10911523,24737276
approximated_530266ef-e6a5-46ec-b4cb-fed21fdcb5b2_Hair_dryer.ttl_functional.owl,13058093,3655421,16713514
approximated_6bdb9f1f-4f08-4731-9624-5354d2aec0c2_Tail_lift.rdf_functional.owl,18737450,4589713,23327163
approximated_ec538584-6161-4b45-9681-6cdd210213ff_biobridge.owl_functional.owl,10562050,5031132,15593182
833d20be-879d-4801-93b5-6c3d05c7ef67_ve_biology.obo_functional.owl,32782911,44423440,77206351
approximated_04ebd5c9-543e-449a-9eea-35a806e9dfbd_nch_shield.rdf_functional.owl,10743174,3789994,14533168
approximated_5758bcce-e925-417f-86c6-29d1f8721dd1_Radiata.rdf_functional.owl,9974034,3620719,13594753
approximated_91386747-1edf-47ff-a382-8f18e663255e_NIFFunction.owl_functional.owl,10400205,7473687,17873892
bd06c332-9f2f-4bff-977d-2bfe09b9cb6e_Conifer.owl_functional.owl,13523062,903652,14426714
4d4e32df-26e5-4020-b802-be1f3205a038_ls_DAG_1_3.owl_functional.owl,23023056,51729960,74753016
dec31969-74ab-4636-b9e3-2f673cc7b83a_sumonew.owl_functional.owl,36180296,35322739,71503035
approximated_8fd77ae1-8f38-4cb2-a0ff-bd12804a0f13_wineCR.rdf_functional.owl,49800900,28884606,78685506
approximated_014b7ef5-e7a8-44b1-b487-098954ed6c2e_go_xp_all.owl_functional.owl,2072946551,5788811343,7861757894
approximated_8ba23d71-02a4-41c6-8781-7df92b01b326_partimenti.owl_functional.owl,102234171,6130038,108364209
529b5f82-8af0-44cf-a6cf-8c480f875457_behaviorel.obo_functional.owl,103357959,59820749,163178708
approximated_kb-owl-syntax-unraveled-depth-1-cardinalities-disjointness-triggers-constant-classes-value-classes.ofn_functional.owl,1034021569,1847999725,2882021294
62ee4103-ff49-48e1-af67-929cd52803c0_sgenechrom.owl_functional.owl,1134104925,2671841675,3805946600
cabb0653-dfc8-4006-80f9-5b17cb17a814_envo_xp.owl2_functional.owl,150581518,101844402,252425920
4ecbd33e-2619-4493-a74c-0ac462792457_classified.obo_functional.owl,5496801,13291053,18787854
approximated_3b3054be-0d78-4a53-aabe-89fdbcbb8eb5_Fire_brick.rdf_functional.owl,14259734,3664416,17924150
approximated_61c63a71-31bc-4eb8-92b1-e777e5b7f461_ish_coffee.ttl_functional.owl,17115512,3737031,20852543
approximated_e2d645f4-6515-49f7-a5b6-5b2422314de5_landCoastal.owl_functional.owl,86073146,175674952,261748098
approximated_080a0405-7304-4120-bba4-e1bd322402e6__component.owl_functional.owl,76164216,215318865,291483081
approximated_kb-owl-syntax-coreference-IDs-cardinalities-triggers-constant-classes-relation-axioms-value-classes.ofn_functional.owl,641959422,1806057396,2448016818
approximated_00366.owl_functional.owl,9913610,7094053,17007663
approximated_60b2b488-5daa-4181-9a58-7bd4bfcbabba_NEMO.owl_functional.owl,73177979,131026470,204204449
approximated_bcb593a2-748d-44c8-a696-bca2acbf08b2_rn_battery.rdf_functional.owl,11190333,4317589,15507922
approximated_5a50ada9-ee41-427c-a956-2776e745a1b3_Salt.ttl_functional.owl,16484415,3792032,20276447
086afcb9-d836-44bf-8a44-1c999b2ebdc0_spergillus.obo_functional.owl,15134038,6214105,21348143
approximated_phylont.phylogenetic-ontology.7.owl.xml_functional.owl,16455485,10207292,26662777
approximated_kb-owl-syntax-unraveled-depth-4-relation-axioms.ofn_functional.owl,337602738,897842169,1235444907
approximated_818f63e2-8d91-42f8-82bf-27e7bd486398_Offthegrid.rdf_functional.owl,17522046,3844435,21366481
approximated_cba32f7d-15e3-4264-bfbe-efdf5f03e87e_spaceExtent.owl_functional.owl,22163229,26200098,48363327
approximated_af42e584-66e2-472b-a3be-f6c792fbcb53_less_bread.rdf_functional.owl,13648681,3882092,17530773
approximated_86e44d80-d919-4f90-ba96-fb7b25d5815a_ano_cheese.ttl_functional.owl,10616972,3996630,14613602
approximated_a8c5b180-a972-44bd-9530-46513934b461_rEquipment.owl_functional.owl,133384775,252281385,385666160
43f48c78-f914-4c8d-a2b5-8b8af76efa8f_mpathmerged.owl_functional.owl,23066623,39135627,62202250
d334f00e-4890-498d-84b4-80c6b647ed9c_Stadium.owl_functional.owl,17639861,2886728,20526589
cfc2636e-d853-4543-a263-9838d8db3712_nverzeichnis_N_functional.owl,14431375,752237,15183612
approximated_591df79e-ef73-44df-b00c-d1f531af2139_4_09_16_20.owl_functional.owl,65570533,32826636,98397169
2c240a7f-228a-46ec-a0e6-2a03dd6d4adf_KategorieKopf_functional.owl,8339638,758939,9098577
29797625-923b-499f-ab03-18ac5b175bec_ontology.owl_functional.owl,28036506,35138555,63175061
approximated_f89796a3-403e-4bd9-ac34-89f1d13854be_escription.owl_functional.owl,20346487,8393694,28740181
approximated_00547.owl_functional.owl,66991610,147320556,214312166
06cc1275-8160-4da6-966f-a2b135d920f9_hp.obo_functional.owl,236397549,716945167,953342716
approximated_a401897e-d689-43f5-b02e-06b572dad803_EhC3A9catl.rdf_functional.owl,13234310,3920646,17154956
42798633-322c-492e-be30-26e904920b7b_NIFCell.owl_functional.owl,19401932,11998392,31400324
approximated_54ffe66c-7b38-48b8-b987-75d30d91aa7c_cerevisiae.obo_functional.owl,768646242,1887604645,2656250887
approximated_66b3c619-b98c-4b92-879a-d2a417958fe7_protogeni.owl_functional.owl,33678473,19170311,52848784
7314452f-f5ad-4b89-8b8c-c4d771ddba6c_anatmerged.obo_functional.owl,30334829,20018286,50353115
approximated_6edb1f6f-17f3-40c5-984a-8ea20d1cda90_taosimple.obo_functional.owl,102971771,208600910,311572681
approximated_1e07fb8c-b97b-4920-83d6-ed106364b183_Danio_rerio.obo_functional.owl,4753370549,8141618733,12894989282
approximated_0ecd9763-2a0d-48b2-a6ca-9533c8168e02_MyReview.owl_functional.owl,17443303,8673824,26117127
approximated_1ce7d1d6-d67d-4933-a9c1-519a164d41ab_eservative.rdf_functional.owl,11318241,3758961,15077202
approximated_546bb76e-9663-4727-9a87-027850c702e9_hsine_acid.rdf_functional.owl,15677202,3887904,19565106
approximated_f9fc0b36-909c-4dd2-be4c-de5910c531f4_chitecture.owl_functional.owl,11054761,5697451,16752212
approximated_kb-owl-syntax-unraveled-depth-1-km-relevant-cardinalities-disjointness.ofn_functional.owl,677083826,1603264978,2280348804
approximated_55646890-8fc8-44d5-a92c-92eb0dffdeb3_bfo.owl_functional.owl,12999855,3359397,16359252
approximated_0c4f42b8-5ad3-4724-89fa-0c4f059d1af4_PaulFisher.rdf_functional.owl,12193929,3188482,15382411
approximated_8bb539eb-321a-4f74-bf4b-64923acb4840_rela.owl_functional.owl,133524196,248729184,382253380
approximated_4e17c89d-7822-472e-b2de-4f7864da79bc_chemIsotope.owl_functional.owl,44323094,62133471,106456565
approximated_724efad5-eb55-43ff-bf0f-0065abcd8bcf__apartment.rdf_functional.owl,13135929,3776282,16912211
approximated_c9422304-a4fb-40e4-9d0f-81bdea1cd50b_l.obo.PREVIOUS_functional.owl,213259977,534264919,747524896
approximated_061b5e6f-6296-41e0-9629-3c0304cc985e_ange_juice.rdf_functional.owl,16918599,3667657,20586256
approximated_kb-owl-syntax-unraveled-depth-2-triggers-constant-classes-relation-axioms-value-classes.ofn_functional.owl,411496193,1049122679,1460618872
approximated_d28c4a60-3143-4fab-ac63-eadc65621753_minstances.owl_functional.owl,203554641,18748664,222303305
approximated_98456548-5cc2-4ecb-a8b7-a8da439b6bfc_Ontology.ttl_functional.owl,9039134,3865054,12904188
approximated_af6fbd9c-ad35-45ca-ab84-069b449c1679_Sturgeon.ttl_functional.owl,14072780,3657786,17730566
5930ffa2-dcc9-49b2-82b0-581509fe1d33_ant_trait.owl2_functional.owl,36153866,59515941,95669807
0edc7fed-a5da-49fa-878f-1854501a1f1e_prerelease.obo_functional.owl,239010744,518510443,757521187
approximated_b9bdc964-ed47-4f77-84c8-8a9b6b7185f7_concept.owl_functional.owl,21023674,13853808,34877482
35e784c7-4812-4c9c-a948-4927e4b49c36_e_ontology.obo_functional.owl,1560746928,4362402633,5923149561
33e9258d-121e-4356-9c6e-37248efea559_A_twodigit.owl_functional.owl,258415637,609686307,868101944
approximated_37d6fe54-c709-4fdc-9987-d3882b2cea40_p_ontology.owl_functional.owl,15307784,8599943,23907727
approximated_da07e43c-4737-4deb-aece-e401d8a3ee2c_GPCROKB_2.owl_functional.owl,16959888,5372396,22332284
approximated_4d290206-63fd-4c01-b425-25f095495c9a_onto.rdf_functional.owl,10497928,5194739,15692667
approximated_06702f28-8bd8-469c-857d-9c8ae01a1e32_Genre.rdf_functional.owl,12237249,3696986,15934235
approximated_94be4801-107d-445c-9a1b-86bbc7d81e34_owave_oven.rdf_functional.owl,9340488,3635571,12976059
4df9ba20-c495-4631-86cc-fb9c590a27c7_Planet.owl_functional.owl,20347079,1669215,22016294
approximated_0eeff220-b6f6-4675-86ae-a648b1ffd9fa_Categories.owl_functional.owl,19726615,2979658,22706273
approximated_8572072a-9b72-4e86-9308-f4cf2238d149_matrBiomass.owl_functional.owl,143726990,245597528,389324518
approximated_06c61e03-6efa-46f4-a04a-7f7929b2e364_cexamplegraph2_functional.owl,22638259,13261893,35900152
approximated_b57c86e9-551a-4307-b3c0-2e9adac3569d_al_grinder.ttl_functional.owl,12871613,3683773,16555386
9f90c468-a43f-4551-b9ab-1421344f1557_temp.owl_functional.owl,25959605,12557249,38516854
773613fd-b35c-4cab-b87b-2b970dc9862f_sculusexpr.obo_functional.owl,4082547349,9040740585,13123287934
9b40d0ff-8d60-4124-97df-445db4b492db_envo_xp.obo_functional.owl,59404153,101930627,161334780
approximated_9de67f85-93ff-4187-b4f5-9f8b1bbb86e2_tmoWeather.owl_functional.owl,199481440,214906924,414388364
approximated_5a2d1ab5-2e27-4948-871f-60561624f601_Spike_maul.ttl_functional.owl,15481613,3699240,19180853
approximated_a99f3bdd-1220-4247-b798-0587678e3431_geo.owl_functional.owl,20792388,4784721,25577109
chmo.chemical-methods-ontology.6.owl.xml_functional.owl,77370298,153301161,230671459
ppio.protein-protein-interaction-ontology.5.owl.xml_functional.owl,60818845,145892139,206710984
approximated_1e91ffe0-85f6-4532-bb5b-8e1c65f25af7_physSolid.owl_functional.owl,65072315,126756961,191829276
approximated_c3b19107-7a99-42e7-b660-f0966f1cbfc0_havioredit.owl_functional.owl,5325923949,14164237332,19490161281
approximated_2aef7e92-538f-43c7-90b1-fe1035a9762a_Bundt_cake.ttl_functional.owl,128873750,3633679,132507429
approximated_70f5f802-892c-411f-8c39-3445e2ca6b51_OpenConf.owl_functional.owl,10841661,6390769,17232430
approximated_f90b5da6-5209-4d15-8d26-c3c3a266c8c9_sequence_xp.obo_functional.owl,54167642,186588623,240756265
ef021099-0adc-40d8-94d0-01f1b8afe042_ph_protege.rdf_functional.owl,179470109,36279976,215750085
approximated_6b2ed6dd-be9f-4b6d-b3aa-d94ad1445513_TFSProp.owl_functional.owl,16065975,5058238,21124213
approximated_46bb8166-7f78-4f2e-9b61-5d3b96472a86_prerelease.obo_functional.owl,782962081,2072082583,2855044664
approximated_a469abcc-5892-4898-89ae-f91a1a4a50d0_Schnapps.rdf_functional.owl,10760739,4081008,14841747
approximated_kb-owl-syntax-unraveled-depth-1-km-relevant-cardinalities-triggers-constant-classes-relation-axioms-value-nominals.ofn_functional.owl,454298895,1133099957,1587398852
approximated_00449.owl_functional.owl,54842655,105438077,160280732
approximated_00042.owl_functional.owl,1425301049,4394877067,5820178116
c36448f8-2390-4453-8afd-9ea1a7498e59_y.obo.PREVIOUS_functional.owl,29880580,18713993,48594573
approximated_01e12784-2878-4a68-8104-1939b8fbe4a4_FMA.owl_functional.owl,2626260459,6955817154,9582077613
approximated_0928a4e6-b4e8-4103-8663-ae7498ee0486_Snail.ttl_functional.owl,17601384,4056758,21658142
approximated_8829e85b-9f08-4074-9d72-529ad034db14_biotopcore.owl_functional.owl,26762317,24427390,51189707
approximated_546a79a0-846f-4939-bbc1-b09a46182a47_IAO.owl_functional.owl,14481817,4678545,19160362
approximated_df241ef5-d0de-48a9-b45e-a1cf70dfcfca_promoters1.rdf_functional.owl,86522870,28029316,114552186
approximated_9e93ebc9-daf0-4646-8d40-b83b1d5bc5c0_Camcorder.rdf_functional.owl,11116652,3729777,14846429
approximated_42abe225-4601-4763-a18a-b564dc1ee706_Oka_cheese.rdf_functional.owl,17701084,3777731,21478815
24254b04-9e07-4aea-b4c7-e037130f974b_dence_code.obo_functional.owl,12368469,8038385,20406854
a9ca49bd-1bf5-4156-995b-f544be415648_tcorecobra.owl_functional.owl,11435577,3911738,15347315
approximated_f9ec269f-ec9b-4266-a9dd-e93147339d02_chemistryv7.owl_functional.owl,12310585,8525027,20835612
approximated_51bb7cb2-e990-4a5b-bc9c-743ef7081e15__phenotype.owl_functional.owl,19267120,16034857,35301977
approximated_80ba3adf-079e-4ec6-9c20-8573070460d4_bfo_2.owl_functional.owl,8534988,4898208,13433196
approximated_b1b69a59-e22e-4ec9-b606-1acca18b746a_ethernet.owl_functional.owl,15536996,5581347,21118343
approximated_9829daf3-483e-48f6-94b5-3986fcd35145_codarg.owl_functional.owl,12745313,6271207,19016520
approximated_6d9067ff-9b73-49cc-bf88-21314e0c202e_ct_vehicle.rdf_functional.owl,16910287,3827278,20737565
approximated_92d24bb4-2005-403f-bcfb-50c81f36fc27_Sinclair_QL.rdf_functional.owl,16301814,4010212,20312026
approximated_4b73e0ca-471b-4576-94d5-e52a208e7f72_provenance.obo_functional.owl,21504243,22461528,43965771
approximated_396a39bb-8aba-41b6-8637-5541a6534e59_stateSpace.owl_functional.owl,128816711,213490599,342307310
approximated_6fd2fe50-6a87-4463-ae9c-45cc14347b80_oTransport.owl_functional.owl,141067671,251235053,392302724
approximated_9b354ea5-0750-46e6-93a3-24875d05e325_onto.rdf_functional.owl,12022790,5466144,17488934
approximated_b900e80d-0d2e-45b7-aeb0-2c96d3deffdc_ink_tubing.rdf_functional.owl,17410366,3652286,21062652
approximated_kb-owl-syntax-unraveled-depth-1-cardinalities.ofn_functional.owl,450022838,1120107214,1570130052
approximated_e8e21cf0-f086-42d1-af7d-41478f976c67_Samovar.ttl_functional.owl,11945020,3950130,15895150
approximated_79d64254-fb31-4a2d-9586-6c28b1ba92cf_TramGodis.owl_functional.owl,16691685,5372726,22064411
approximated_f5ed6864-20eb-4906-9eba-6e94216825eb_relaSci.owl_functional.owl,138459451,249799517,388258968
approximated_1adb0316-7fd5-4a60-8e36-062fa07f2d0f_units.owl_functional.owl,11098343,1666489,12764832
approximated_kb-owl-syntax-unraveled-depth-2-km-relevant-cardinalities-disjointness.ofn_functional.owl,674112146,1420134780,2094246926
approximated_2860f2a6-73b2-48d5-a11c-97082cbb06c0_o_rerioMOD.obo_functional.owl,2865872756,6910570313,9776443069
approximated_00532.owl_functional.owl,983973931,2795392969,3779366900
approximated_017583af-b800-4fb9-bed8-b9ff82e81c8b_nGeolFault.owl_functional.owl,241574443,214199520,455773963
approximated_53d67348-e274-4083-ab4d-e56cac40fdc9_singleton.owl_functional.owl,15934936,4845692,20780628
approximated_d4e4f23e-3d59-429e-8111-8e3a4cf17fc1_PaulFisher.rdf_functional.owl,11911027,2993859,14904886
approximated_00561.owl_functional.owl,23792071,25226099,49018170
approximated_95619746-4c8d-4401-ba40-c42237b03372_Tool.ttl_functional.owl,15952737,3776197,19728934
approximated_kb-owl-syntax-unraveled-depth-4-disjointness-triggers-constant-classes-relation-axioms-value-nominals.ofn_functional.owl,683305871,1432954455,2116260326
approximated_65a4f85c-c693-48a4-a61d-1fa2e041f81c_classified.owl_functional.owl,16431223,5284834,21716057
approximated_00554.owl_functional.owl,5710108232,11459402454,17169510686
approximated_38915e33-6b44-4d41-9bb8-f7cf4f808074_Girandole.ttl_functional.owl,17934652,3850755,21785407
approximated_e1404a38-2d70-4173-8c02-6b6fac85cf32_DOLCELite.owl_functional.owl,13975462,6358762,20334224
40aa897c-51b6-430e-b3c0-b1e866f0a626_phylobase.owl_functional.owl,31231966,30311599,61543565
approximated_4cdfd06c-a1ba-423a-99d9-3da051a0d831_unications.owl_functional.owl,106131319,24226215,130357534
approximated_038cd3a6-5cb5-40f5-b7e7-33e77e6045ce_provenance.owl_functional.owl,163555348,25283220,188838568
approximated_37aef8c5-e669-40ad-8dda-c3d19ef0dfdd_cating_saw.ttl_functional.owl,123500404,3678223,127178627
approximated_cbf51049-1548-499b-8a43-0fd87218db7b_iw.owl_functional.owl,48889030,4968899,53857929
approximated_214d8d14-be33-4b63-96f1-8163f8b34773_Cloak.ttl_functional.owl,16253679,3671695,19925374
approximated_9c70bb3a-36a6-4514-bd82-cf7768c2a1b9_ewell_tart.ttl_functional.owl,14865197,4178351,19043548
approximated_00027.owl_functional.owl,2065013609,3042127367,5107140976
approximated_2445e055-6dd4-4787-ba1e-0e20739a30e4_LUMO.owl_functional.owl,35469207,41626861,77096068
00140.owl_functional.owl,36280020,22437587,58717607
approximated_b47b480b-54d0-4919-9d57-7f5b100ab06d_Shovel.rdf_functional.owl,16403024,3874131,20277155
approximated_2d7f322a-44a4-4eaa-8be7-41ca504a1432_valcomplex.owl_functional.owl,16215225,5226401,21441626
approximated_06942028-e2d4-4435-bd88-3d918b44cc95_PiedDeVent.ttl_functional.owl,9893660,4579891,14473551
approximated_d118f435-8920-4e8c-81b3-fb572717cfec_NIFFunction.owl_functional.owl,10079287,7567929,17647216
approximated_dd23a477-c7d2-4dbf-9827-3fb0ff440b6a_a.owl_functional.owl,30849899,9175879,40025778
approximated_3bc44ee5-440a-421a-ae35-0f9811adf907_Snubber.ttl_functional.owl,13000658,3760033,16760691
approximated_9c27ad44-788a-46a9-b1cf-cccb4c51bc8a_centration.owl_functional.owl,66321919,127819438,194141357
4ac9c3b9-d364-4eb9-a14a-0c338e8897c2_meMinister.owl_functional.owl,12752645,824612,13577257
b1e7d208-8560-49fa-b216-724b3ff84105_NIFChemical.owl_functional.owl,17942968,10298553,28241521
08978b2b-04da-4d85-bf76-32127e4ea6e1_animals.owl_functional.owl,9589926,3500147,13090073
approximated_1f6df56d-fe3f-45b3-87e3-da79b8886651_tt_trigger.rdf_functional.owl,11764911,3872446,15637357
78d49df6-aeb8-4342-b569-03a6c25fe019_oryRdfsLiteral_functional.owl,13035128,979395,14014523
1be1759d-b81a-4b57-84da-0169a7f3df40_y03.09dnew.owl_functional.owl,1218841150,2571965301,3790806451
approximated_34fa7cb2-38f2-4937-a773-90af06057e9e_ure_sensor.rdf_functional.owl,16462019,3914939,20376958
approximated_5e4de526-a54d-4da0-9407-3e089bf121d2_onto.rdf_functional.owl,9217163,4858313,14075476
approximated_a883dc64-d830-4f88-bf02-3ce2644fec78_software.owl_functional.owl,16361449,4737696,21099145
approximated_e832f5d2-5523-486a-ba06-ea4b1726d2a9_toplankton.owl_functional.owl,23306093,3412692,26718785
approximated_66d2a476-fabe-4faa-8905-c11908e0ef89_propCharge.owl_functional.owl,140447244,221409069,361856313
approximated_vo.vaccine-ontology.182.owl.xml_functional.owl,452803078,621357388,1074160466
approximated_4584317e-f691-4c92-a282-1c73b834e8d0_physicscomplex_functional.owl,17772614,8700592,26473206
cd993bd4-a3ec-45c4-b8f4-e1dfce21b42c_icusentrez.owl_functional.owl,697464965,570776590,1268241555
approximated_a3aef80f-4383-4dfb-82a8-6cb2f611c29b_ersections.owl_functional.owl,13606308274,16635242599,30241550873
approximated_49d680c2-95e2-4492-b403-f7b450dbfd74_xbfo.owl_functional.owl,1637924629,5210174869,6848099498
approximated_985f6803-290c-4670-a543-91d82b01873d_isiaetaxon.owl_functional.owl,232647296,400239598,632886894
approximated_00699.owl_functional.owl,52038537268,1.8659E+11,2.38629E+11
approximated_7382295a-242d-43fd-83c0-397ca0a4912e_prowl.owl_functional.owl,20677817,6365086,27042903
approximated_13efb19e-14d6-44c3-940d-8b966a600a6f_web.owl_functional.owl,9144849,2285719,11430568
approximated_11e063b2-3dff-4efd-b598-ca7e4d11dd88_Policy.owl_functional.owl,19094513,11258912,30353425
17f60e2b-4c54-4d5f-8e19-56ce5366933d_AEO.obo_functional.owl,19485636,18864278,38349914
approximated_986cb384-f53b-4de6-862d-c9dc1ac1ea1b_Sabiki.ttl_functional.owl,16537671,7982624,24520295
approximated_20a88a24-e163-432d-9f8a-e17570d327e7_Faldstool.ttl_functional.owl,14902861,3765289,18668150
approximated_05701c02-1bc6-439d-9f41-248078b8c4c6_Kashkaval.rdf_functional.owl,14031448,3752895,17784343
approximated_bc2ae69d-3052-4d00-bde2-2a8901b4c4b0_ensuniprot.owl_functional.owl,42556507,11433474,53989981
578afe61-b0d6-45fb-a418-a2c553052fe5_rieKrankheiten_functional.owl,17410245,2526086,19936331
approximated_7dee39ef-1a0d-4ccc-a911-9ec2e3435e97_AstroHelio.owl_functional.owl,142230473,219799092,362029565
approximated_1645b401-0120-4b64-8267-16a3a3d30da6_reath_Blue.rdf_functional.owl,15394582,3700028,19094610
approximated_0fbe29ff-8c97-433c-beb2-4a55cd9c07f9_Atom.owl_functional.owl,16634497,7101147,23735644
approximated_093d55a1-713a-4aac-9350-b95a9216b55f_Sonometer.rdf_functional.owl,13607939,3992958,17600897
approximated_528b1eb3-11ce-4ea6-a8ad-d1535023f332_LMM_L1_v16.owl_functional.owl,19915810,19455190,39371000
approximated_1926f433-a5ed-454b-a05e-46cf1cee9d75_el_display.rdf_functional.owl,20523702,3662697,24186399
d46fa651-98ee-44c8-8fdf-d5c1bf66b736_River.owl_functional.owl,14580428,2310393,16890821
approximated_14238b66-0a0b-4b84-b8d3-7d4bf6bff234_lcoleModel.owl_functional.owl,20002742,9604118,29606860
approximated_kb-owl-syntax-unraveled-depth-4-constant-classes-relation-axioms-value-nominals.ofn_functional.owl,496850395,865403742,1362254137
approximated_33806dc1-6c50-4ee4-8858-0e4612814d45_Process.owl_functional.owl,11375137,5685392,17060529
approximated_d55596e0-507a-4824-bb1f-7d431def120b_eReduction.owl_functional.owl,144579071,218180502,362759573
d314978b-522f-4d70-a829-40583ee41a85_classified.owl_functional.owl,32913137,65446782,98359919
3ff6a8f3-3277-4369-ad8b-bc3a9d0e7757_erioentrez.owl_functional.owl,789227982,603744156,1392972138
approximated_d40e3db6-6283-4703-8610-a9589a54b337_amo3.owl_functional.owl,17677730,6598087,24275817
approximated_4795a514-58f0-4f58-8650-6c3ce32f18cc_Chain_tool.rdf_functional.owl,17766623,3788689,21555312
approximated_4e9d0953-95d5-4d86-b64b-5216b14823ed_Video_game.rdf_functional.owl,12208874,4462667,16671541
approximated_kb-owl-syntax-unraveled-depth-0-constant-classes-relation-axioms-value-classes.ofn_functional.owl,157911353,410633090,568544443
approximated_2e04d88e-9ea4-42f5-96bf-3893c0bd1271_Spudger.rdf_functional.owl,13000144,3944292,16944436
approximated_490c0242-1ca2-4bd6-b8d3-52e0601893cf_storage.owl_functional.owl,24381157,17553917,41935074
approximated_9b90f0c9-61ee-42ff-ae4a-9b967b1c845b_S0toS1.owl_functional.owl,14207181,3878438,18085619
approximated_9294c118-4e6d-4a1b-a575-14b5e571694e_tion_clock.ttl_functional.owl,12942143,4537672,17479815
approximated_1d447ee8-3cfc-43bc-9d27-9991b913471d_Butterfat.rdf_functional.owl,10471511,3803027,14274538
approximated_00448.owl_functional.owl,1666253232,4084361979,5750615211
approximated_0f951a57-94e9-4087-aa28-a86fbd466c72_corine.owl_functional.owl,34299216,25681235,59980451
532b0cec-b686-4e06-8039-d107dfda9358_hybrid.rdf_functional.owl,21264712,2407218,23671930
approximated_6b2d1ac5-a572-4da5-ac60-e4c7319b7c68_phenGeol.owl_functional.owl,134203680,214232660,348436340
e8637f06-c9df-4572-ad81-4ede6928d061_attributes.obo_functional.owl,474430629,384927479,859358108
52e9f490-43a2-4aa9-8dbb-735f1d97235c_President.owl_functional.owl,23558306,2239480,25797786
approximated_e69ea2b2-b602-4428-b311-9e26767415bc_Toma_cheese.ttl_functional.owl,17347566,3746981,21094547
approximated_82a2b4c8-e8c8-4a2c-970a-9352ebb0591c_taontology.owl_functional.owl,12784808,6276782,19061590
approximated_kb-owl-syntax-unraveled-depth-2-km-relevant-cardinalities-constant-classes-value-classes.ofn_functional.owl,432195843,1025667380,1457863223
approximated_ec70e52d-8c70-46e1-a631-7bc8b6dfb100_storage.owl_functional.owl,25912524,17956675,43869199
approximated_46a08f7a-b858-450f-9107-59f3c412f476_Pig_scalder.ttl_functional.owl,10749490,3717370,14466860
approximated_0380cb4f-84df-4cdf-a1cb-3a60480f285d_Mohnnudel.rdf_functional.owl,16099689,3698761,19798450
249e527a-6a7a-43ff-8509-f978b62fe78a_classified.owl_functional.owl,74099941,154874636,228974577
approximated_012a4ab4-8592-4cb8-8178-ebbab63d29d3__functional.owl,26909905,45706129,72616034
approximated_7bedf68f-eaec-4f9b-ab7c-3ebf27d04818_photography.owl_functional.owl,21328399,13555863,34884262
approximated_11a8aa38-64f5-4a1f-b4d4-663d58ebfdaa__mouse_anatomy_functional.owl,84486840,196917741,281404581
05d1a3f4-fee8-4bfb-8324-c32403f9fbb4_Band.owl_functional.owl,18050082,1072836,19122918
approximated_6642f295-f0a7-4803-93c9-4d2fd9f5dd82_rial_thing.owl_functional.owl,16359810,13969318,30329128
approximated_697ed12c-3ec9-4379-8406-2d7f0a2c5953_ifugal_fan.rdf_functional.owl,12488881,3925070,16413951
approximated_opl.ontology-for-parasite-lifecycle.5.owl.xml_functional.owl,21257494,27964905,49222399
ecbecbe2-eba5-4d95-aa33-13956f2fbd2b_IDO.obo_functional.owl,20678279,16583496,37261775
approximated_da5d77db-6f7f-4f3d-a7cd-7dd8c4a3f834_so.obo_functional.owl,53621719,124795146,178416865
approximated_25ec044a-93c2-4880-b5ac-c0fab9d1a664_people.owl_functional.owl,16331530,3918131,20249661
approximated_94247517-4627-401a-8b5e-a394c146588f_nservation.owl_functional.owl,143458523,254738644,398197167
approximated_00379.owl_functional.owl,3215765079,7309384346,10525149425
approximated_4910021c-3f8f-4058-92a2-12229e1120f7_Bakery_mix.ttl_functional.owl,20972236,6570600,27542836
approximated_82c2c5f8-3d76-4618-a59d-ebefd9c28298_pizza.owl_functional.owl,18604121,12695969,31300090
approximated_7b74ff63-891a-431b-b89e-01b8aaf01794_FN1.80.owl_functional.owl,24347268,9631220,33978488
approximated_0ab7d676-42da-48ee-a729-15c1f4aeb9e6_Paneer.ttl_functional.owl,13290178,3761135,17051313
approximated_7337899d-dc8c-408c-b14d-072a642fa5fc__guideboat.rdf_functional.owl,9028990,3858676,12887666
approximated_48086d34-a89a-480e-98d7-81b9823ab534_Reverso.rdf_functional.owl,11652341,4108576,15760917
approximated_53a8509d-2393-4fa6-923d-77ee7897359b_Teapot.rdf_functional.owl,16061542,4302296,20363838
approximated_e56a67bd-9010-4690-9cc9-ba2ff6a506c5_onto.rdf_functional.owl,12626230,4843821,17470051
approximated_5643db3d-0ba1-4b36-933b-a14ec1dddda5_Auger.ttl_functional.owl,16733383,3929755,20663138
75780f46-f6d9-4746-af71-b8b71db905bd_hom.owl_functional.owl,89591224987,2.9022E+11,3.79812E+11
approximated_00370.owl_functional.owl,1429639390,3789095068,5218734458
approximated_e967ceff-cf08-4aee-a93f-46bfe341ed45_tigersyntax.owl_functional.owl,15139362,1378289,16517651
approximated_4d45b0bf-4bbb-494b-a2df-5eb59df7aef5_Action_film.ttl_functional.owl,15561543,3713588,19275131
approximated_83ea152b-1087-4e58-b22c-3da54c459b6b_aero.owl_functional.owl,15741432,17963816,33705248
approximated_01c4de7d-b880-4c91-a4dd-90082028f179_Hershey_bar.rdf_functional.owl,10908488,3748175,14656663
approximated_10a8e59f-78f9-4d24-9de9-9c630353db28_tionmodule.owl_functional.owl,34105165,38298142,72403307
approximated_24f71616-1c6b-4f33-933f-2f63eddd74f1_core.obo_functional.owl,713835455,1441382899,2155218354
approximated_2dce8064-69b8-4990-9d56-6aa47bd4be78_Hair_iron.rdf_functional.owl,13647530,3683504,17331034
approximated_31661035-9adf-4ae8-adf3-9a9ace58ea16_Casu_marzu.ttl_functional.owl,12184521,3897154,16081675
approximated_ccb848d2-009a-4be5-b53e-0bac286780ac_opChemical.owl_functional.owl,153040278,250557911,403598189
approximated_89400dba-77f8-444e-94d8-998c78140591_kisao.owl_functional.owl,20645767,27456380,48102147
approximated_7647fbae-2c45-4fa2-9cc7-52ac618b6654_figure4.owl_functional.owl,17686673,10839451,28526124
4d99e241-deca-4901-a073-567a3dfa4513_exo.obo_functional.owl,11650923,5734136,17385059
approximated_5c7cb3eb-bb0d-4bd6-9093-455baf565f99_paperdyne.owl_functional.owl,11617120,5206918,16824038
approximated_51ea88d6-9735-4fe4-84ca-cf425f04f8e2_es20120118.owl_functional.owl,34685328,6880932,41566260
approximated_c3604559-527d-4fd1-94c4-72f50f84cefe_tivityType.owl_functional.owl,16192384,5618433,21810817
approximated_0f3f8613-079e-4f77-8c6b-11a095ff63c0_onto.rdf_functional.owl,14866995,4370477,19237472
approximated_12d491a2-9ad7-4676-a5de-4d9d154dabf3_id3.owl_functional.owl,68098792,23338319,91437111
approximated_bao-gpcr.g-protein-coupled-receptor-bioassays-ontology.23.owl.xml_functional.owl,29100490,49890464,78990954
approximated_687f5a5d-0742-4b3c-9205-135003d6bc9f_pentax.owl_functional.owl,24406549,19529317,43935866
approximated_c1e556d7-2c6d-41a8-a44e-6baa8fe1b499_ology1.2.0.owl_functional.owl,38781522,26673613,65455135
a90801f3-9b9e-49b0-abc6-aa733394c68e_e.obo.PREVIOUS_functional.owl,1206864426,3845414548,5052278974
approximated_00541.owl_functional.owl,654836424,1869727548,2524563972
approximated_5cc04e47-6a08-4d82-ad66-fc770841ad46_ngontology.owl_functional.owl,16019863,9471306,25491169
approximated_e16c487c-3d2a-44e6-acb8-23440ffbf787_nco_cheese.ttl_functional.owl,14628969,3765126,18394095
approximated_b3e89463-21f2-472e-97e6-e75eb242794b_ancorralink.rdf_functional.owl,27792219,54021505,81813724
approximated_c43198c7-9ed8-4a14-b036-ff23a9cdc3b8_onut_cream.rdf_functional.owl,17025801,3917062,20942863
approximated_172efe6a-cae1-44ba-afad-29469441e9aa_lectronics.owl_functional.owl,19185229,12404391,31589620
approximated_00479.owl_functional.owl,28704696,39842133,68546829
approximated_2c2f4142-0da3-49d5-8594-9b29ad40c8f2_Twybil.rdf_functional.owl,13107293,3779661,16886954
approximated_368e45c1-63ae-4757-9a13-ddc2c2e0ac65_ensensembl.obo_functional.owl,6266166341,13989869150,20256035491
approximated_81f5aa50-2562-41b0-a29c-b9e1d495d796_appingShen.owl_functional.owl,108682042,11079382,119761424
approximated_f3a132cc-d44e-4e69-9cc9-6e452ec03184_onto.rdf_functional.owl,18914062,5408621,24322683
approximated_dedcff40-e8a4-4222-b495-105ede33e3cd_o_reasoned.obo_functional.owl,3868537266,8432493006,12301030272
approximated_00791.owl_functional.owl,2380938028,2635168084,5016106112
approximated_22f917a7-a952-4242-a666-1a34d588d3b8_Antonov_A1.rdf_functional.owl,11703243,4103039,15806282
approximated_67025c56-64e4-40dd-bdde-cef9d31557d8_anCommerce.owl_functional.owl,136543554,228269858,364813412
approximated_22536e03-6935-4cd0-bdd7-57aca41636e0_CHEBI.owl_functional.owl,599571316,1661517557,2261088873
approximated_kb-owl-syntax-unraveled-depth-1-km-relevant-cardinalities.ofn_functional.owl,426035183,1091712350,1517747533
approximated_487e1166-fe3c-469d-9081-e3285bebdfb8_JC3IEDMBase.owl_functional.owl,107703963,137208793,244912756
approximated_kb-owl-syntax-unraveled-depth-1-cardinalities-disjointness-relation-axioms.ofn_functional.owl,697198549,1630367167,2327565716
4f0f60fe-0332-4051-92fb-41357633b17f_r_function.obo_functional.owl,188008347,567675994,755684341
approximated_0d6a0d29-a525-4c38-b734-63eccd84c7b2_SO_functional.owl,61360281,142614124,203974405
approximated_69836b3a-f927-4e5d-a316-aa76e8eb420b_reprTime.owl_functional.owl,138664811,280702008,419366819
approximated_394f0de1-92f0-4a6c-a832-09147aabdf9d_Rindswurst.ttl_functional.owl,15175908,3761180,18937088
approximated_4ae895cb-c4dc-4063-9094-ad1c5c293170__phenotype.owl_functional.owl,14903068,13697290,28600358
23272be0-db72-4582-8cdb-8ade600ffa2c_e_anatomy.owl2_functional.owl,93856726,206785712,300642438
approximated_8c81468b-d00e-496c-bb8e-6f357f2a0a0b_4.ttl_functional.owl,11134001,4004767,15138768
approximated_1cecf3e4-bbc8-4731-9a6f-dc7d2d38c064_Phenol.ttl_functional.owl,9815702,4626263,14441965
approximated_4ded3c93-c18b-466a-8f14-fbd5ba23ec6e_Bow_drill.rdf_functional.owl,10715584,3697921,14413505
93521946-57bb-4b08-a4bd-169f89f6c017_etballTeam.owl_functional.owl,16455077,1414177,17869254
approximated_77af02d9-169a-4074-83f3-b4e89d13bdc5_galen.owl_functional.owl,97774079,217940760,315714839
849e74d6-f5a5-4827-99a3-9fd53b3cf50b_phenotype.owl2_functional.owl,164824682,463238426,628063108
approximated_d6f2c750-3684-4cb8-8c8a-435006991818_anCommerce.owl_functional.owl,21623574,21903379,43526953
approximated_4e23608d-b462-499e-a6b3-f861608b28f8_uma_shears.ttl_functional.owl,10556833,3626460,14183293
approximated_496a05f9-9d34-4fb6-8ad2-d47c4e730571_oLightning.owl_functional.owl,130232328,211755589,341987917
approximated_a560eb63-c14a-43b2-bc38-faa0b69ade7b_SUMO.owl_functional.owl,690542374,435194678,1125737052
approximated_00514.owl_functional.owl,14209054,17400706,31609760
086bc8fe-9648-4f9c-973e-88f33d5392a1_gastertype.owl_functional.owl,289999924,839328542,1129328466
approximated_8ad5af8f-65ea-4069-bef9-3dd771cab25a_go.owl_functional.owl,1597722521,5052779520,6650502041
approximated_c0ec5d5c-94ce-4e66-a7c6-7285d1fec73f_ijo_coalho.rdf_functional.owl,15859544,3761081,19620625
1a3080c0-d71e-42c4-920b-91176a1797a3_mfosimple.owl_functional.owl,133689422,261233144,394922566
approximated_284a3901-9c56-4df4-a3cf-406cf4baa3c1_Intel_i960.rdf_functional.owl,17391101,3635224,21026325
approximated_b599b68d-53b4-4f7e-b534-d75fcc8a8820_onto.rdf_functional.owl,16390491,4657090,21047581
approximated_ceddd05d-6123-48e6-abda-e5cbacf6d9e8_.rdf.bibix.owl_functional.owl,9742287,4977527,14719814
approximated_a6cb59ac-e479-4dc5-bbbf-625b6d91fe58_mo.rdf_functional.owl,21605356,19730216,41335572
approximated_57c02374-4628-4621-b2b0-e2b9fbb8d50e_ciFunction.owl_functional.owl,141271302,249859043,391130345
approximated_0ecabfc6-dc3e-4c72-af91-61ff7037b305_Vlaskaas.ttl_functional.owl,13267360,3795500,17062860
approximated_9a1c269c-f20e-400d-bdc4-e379c28b1e4e_cedar.owl_functional.owl,49185810,24327594,73513404
2a7131af-1db7-4fe2-93d2-d5fa5f721622_GOCCBridge.owl_functional.owl,16949314,3228312,20177626
approximated_330bb501-bd8c-4e55-97ce-7b7decc555ce_es20110411.owl_functional.owl,23999438,8182481,32181919
approximated_00638.owl_functional.owl,16874442,13251970,30126412
approximated_bcc7bb54-d90e-4892-9bb2-62ebbda9fb48_ns.owl_functional.owl,17344444,5084955,22429399
approximated_2472ab8a-14fe-44c2-94c0-333210f19dda_vek_Import.owl_functional.owl,27508319,49858897,77367216
approximated_7cea0431-a5fc-4965-a107-0bd3e11b6e0c_Bienenstich.ttl_functional.owl,11232272,3921801,15154073
22603362-d400-4306-8b6b-b742cb9df2f6_ysfunction.owl_functional.owl,21518210,16937317,38455527
approximated_774b7c0d-89b4-4097-a592-9e2bc3428946_uantity2.0.owl_functional.owl,14205211,3939932,18145143
approximated_0b4dc7bf-1fe4-4b3c-9991-3804d56a959c_ang_glider.rdf_functional.owl,11691377,3814670,15506047
96ea97d4-1aa6-40c8-be57-272051b9db05_onto.rdf_functional.owl,11709220,1755722,13464942
approximated_93dbaa56-cbf8-4eda-98cd-94226ea88667_istituti.owl_functional.owl,17065397,11553502,28618899
approximated_kb-owl-syntax-unraveled-depth-2-disjointness-constant-classes-relation-axioms-value-classes.ofn_functional.owl,697789474,1648357319,2346146793
52aecfef-da97-46f1-9a64-80f56d52165a_aeo.obo_functional.owl,20719067,18187526,38906593
688aa480-d630-4d41-91d3-1b78a7b98916_y.owl.PREVIOUS_functional.owl,165419628,214684663,380104291
approximated_28622bc7-cb98-4f2e-a426-d9635cfc44b5_yrightonto.owl_functional.owl,13443956,9698648,23142604
26897d80-79f5-4393-bfe8-280eabe1f710__march2007.rdf_functional.owl,12979682,1472913,14452595
18980a83-8b08-4a65-8db9-b2d8e805de09_mpath.obo_functional.owl,29098928,44834376,73933304
approximated_92fa8dc5-f1e1-41a8-824c-1f3660dfc5f5_oReduction.owl_functional.owl,23540034,32885891,56425925
approximated_8ad12c88-5058-4a76-a0b3-4a380974341c_biotop.owl_functional.owl,18458535,23195672,41654207
approximated_46de5483-ba2b-490e-ba2a-1a00e2a86bea_Thermistor.ttl_functional.owl,17799006,3760092,21559098
approximated_eb185baa-7385-4933-9ae5-686199ea8e3c_SwTO.owl_functional.owl,13675443,8601113,22276556
approximated_d957afe9-1131-456c-96be-f3a4c3c4f857_OExtension.owl_functional.owl,12505933,3031941,15537874
approximated_c5fa1600-3560-45ee-ab0a-e25da51dd5b6__Ontologie.owl_functional.owl,207247930,33034317,240282247
approximated_idqa.image-and-data-quality-assessment-ontology.8.owl.xml_functional.owl,16104362,13654147,29758509
41ce0d64-4b1d-4803-b6d5-0b03f536adbb_hao.owl_functional.owl,86578886,200668472,287247358
approximated_ce42f3d2-7f3d-45cc-a7c9-27f09449df65_edElements.owl_functional.owl,11978678,6293987,18272665
approximated_genomic-cds_rules_full.owl_functional.owl,3712419825,6755256485,10467676310
approximated_55b94b12-da5f-4c43-9a41-b8332c72b8be_umlssn.owl_functional.owl,13816534,8253858,22070392
approximated_d57f3a03-cb35-4e6b-b8a5-88adf841e112_phenAtmoSky.owl_functional.owl,141319539,248160814,389480353
approximated_bbf8bf85-d523-457d-9d6d-7bc77f2a14fb_o.owl.PREVIOUS_functional.owl,21653337,26978471,48631808
approximated_58ae1ea7-98a4-41e9-b8ac-8954fcdf5d4d_umentation.owl_functional.owl,46295874,63358290,109654164
approximated_93dc286c-c206-47a3-be36-c6b2d3fc0b39_ering_iron.ttl_functional.owl,15195798,3754859,18950657
approximated_1c8f3bf8-b5ac-428b-9ef4-1174e7e446b4_prerelease.obo_functional.owl,205290197,523918211,729208408
5ae4876a-8eb8-4588-a601-36e05462411d_nverzeichnis_T_functional.owl,9421834,856140,10277974
cc26ba5f-6218-4c8b-b8b7-324a55bd78cd_ATO.obo_functional.owl,345471171,615054645,960525816
approximated_055f620d-9a09-4e52-b3af-b345fb04f61e_Supplements.owl_functional.owl,19257666,13037848,32295514
approximated_8822c90c-1600-484a-8165-4a7fa3c4cc75_siaeModIDs.obo_functional.owl,1029938771,2294832779,3324771550
approximated_62e5d462-9a6a-4505-853d-5b3eb2493328_3_20100614.owl_functional.owl,94465120,201104556,295569676
83b5f8b2-fe4a-4359-bda2-952e81670265_ephenotype.obo_functional.owl,969232156,2172401608,3141633764
approximated_00544.owl_functional.owl,232911437,544281441,777192878
approximated_00279.owl_functional.owl,13592701,4383433,17976134
approximated_a2256f9d-c923-4a40-a68e-e775d2949c8e_events.owl_functional.owl,17648233,10094340,27742573
approximated_2bb710b1-fabf-4b78-8aef-8833e5abf0e2_adpresentation_functional.owl,16566153,9064126,25630279
approximated_185b32f5-bc67-4ac2-ac51-ce01fcb0f859_ivacy_port.owl_functional.owl,11819559,3004781,14824340
approximated_ctx.cerebrotendinous-xanthomatosis-ontology.1.owl.xml_functional.owl,43119078,17637756,60756834
approximated_105b9e75-b4bc-4e4f-86eb-50a3086726ab_raamplan.owl_functional.owl,30539034,51863174,82402208
approximated_07eb103b-7996-4b33-9716-c316314e302c_BAO_v09b558.owl_functional.owl,23222549,28056500,51279049
approximated_15a16883-1d27-4e28-9b7b-e9041606088b_Location.owl_functional.owl,12646275,1864018,14510293
approximated_03554b1a-3f4c-4eaf-a6bc-b1ef483dc74d_act_driver.rdf_functional.owl,14371050,3665425,18036475
approximated_184e8ad6-6150-4736-9680-65519e3eb8ca_McDonald27s.rdf_functional.owl,16903844,3768957,20672801
approximated_d1c7527f-ae7b-4bbc-9b5a-456999489111_PaulFisher.rdf_functional.owl,15496950,2994165,18491115
approximated_kb-owl-syntax-unraveled-depth-1-km-relevant-cardinalities-constant-classes-relation-axioms-value-nominals.ofn_functional.owl,447292877,1137347783,1584640660
approximated_e0c729ab-587d-4618-a3e1-29fb1ab901e4_um_cleaner.rdf_functional.owl,104922957,3678507,108601464
approximated_00550.owl_functional.owl,37318954,41408110,78727064
approximated_kb-owl-syntax-unraveled-depth-2-disjointness-triggers-constant-classes-value-nominals.ofn_functional.owl,992731657,1566435719,2559167376
approximated_b488cbce-e728-4eea-8f8e-186e61b87f3c_Technology.owl_functional.owl,22373985,25000450,47374435
f248f15a-b996-4ac7-ad65-c4c07a3aab3f_tissueinfo.owl_functional.owl,15229954,25697405,40927359
approximated_kb-owl-syntax-unraveled-depth-0-cardinalities-disjointness-triggers-relation-axioms.ofn_functional.owl,377553176,822554621,1200107797
approximated_310a78be-8d32-4ae0-87b8-a1e2953b0969_Fixed_rope.ttl_functional.owl,10905426,4024441,14929867
approximated_9083e138-06f7-4aef-b62b-b29a59cf1af7_Pipe_wrench.rdf_functional.owl,15442338,3747803,19190141
approximated_kb-owl-syntax-unraveled-depth-1-km-relevant-cardinalities-triggers-constant-classes-value-classes.ofn_functional.owl,478010684,1114344417,1592355101
approximated_c55e68e3-2673-4567-a9b4-2c3fb19b4641_Content.owl_functional.owl,15721156,4929807,20650963
90cc715d-ed54-45f5-b266-2e806fb2b97a_amf.rdf_functional.owl,12715296,828401,13543697
034c7b8c-06dd-4c6f-b1b4-1ce3e84c9b07_PW.obo_functional.owl,23094640,50883385,73978025
approximated_60b9ceb6-bc88-4a31-9682-022bc0611c70_bulary_tac.rdf_functional.owl,16556989,4433796,20990785
approximated_kb-owl-syntax-unraveled-depth-4-cardinalities-constant-classes-relation-axioms-value-classes.ofn_functional.owl,383929591,972403580,1356333171
approximated_5c1eab19-811a-43b5-9807-76b3ac1c08f4_r_function.owl_functional.owl,195477979,569087629,764565608
approximated_cd0a1fec-4b85-4a79-bb9b-4ac7c655ce12_oClean_example_functional.owl,15718248,2191962,17910210
approximated_2a164057-3010-4ef7-aeaa-460507ed087d_Smartphone.owl_functional.owl,14269063,10178707,24447770
f7937997-ac84-413f-aced-a7d0571391fa_psims.owl2_functional.owl,50897738,112999630,163897368
1f853c87-59ec-4258-a230-0db909147213_csontology.owl_functional.owl,12047038,6186555,18233593
approximated_76aa0daf-538d-4aba-a84e-1946539d9964_andGlacial.owl_functional.owl,142617639,247914878,390532517
205fd91f-d1fc-4853-992d-43c7e5b35693_A4uterapotheke_functional.owl,9122578,814598,9937176
0c756021-1e52-4a68-9a35-9da860bd0b85_Language.owl_functional.owl,12086047,1510949,13596996
1ff241a4-3d38-4961-b88c-5c9da7c7b292_cerManager.owl_functional.owl,13672621,1853895,15526516
approximated_69770d6c-5534-43e9-9032-ab9a0702b960_n.owl.PREVIOUS_functional.owl,462795666,1173694696,1636490362
approximated_kb-owl-syntax-unraveled-depth-4-triggers-constant-classes-value-nominals.ofn_functional.owl,478586673,868867141,1347453814
approximated_99a96eaf-e131-4285-a04a-0c1842f4cf0c_POWER6.ttl_functional.owl,12015678,3975311,15990989
approximated_a5abf9cb-7bb2-4d58-9967-d4f2deff1c6d_person.owl_functional.owl,11831731,5995180,17826911
00030.owl_functional.owl,202850029,239189944,442039973
32bd69fb-38b6-48a9-83a0-e229b6ae3928_abstract2.owl2_functional.owl,293886263,698656100,992542363
5a86d8ef-073f-4690-8330-cc5afc20bb0d_unitxp.obo_functional.owl,18431931,3287271,21719202
approximated_60bac925-236d-46d4-8aaa-a3b96f2aec1d_hOperation.owl_functional.owl,134912157,210747834,345659991
approximated_c706b478-486d-48d1-b18e-bddfb25937f9_graphic_RM.owl_functional.owl,20048520,13788700,33837220
ccfa33e7-f5f2-4404-a096-34492755e4c8_Country.owl_functional.owl,20942705,2501297,23444002
approximated_04e28aa9-604d-4782-9fd6-3ba1465d29a6_quanCharge.owl_functional.owl,167897554,208935090,376832644
approximated_c9fd83a9-f0d8-487b-acc5-18e9b6ff15e6_Cream.ttl_functional.owl,14517873,3728931,18246804
approximated_7308728f-3851-4a48-84ee-630cc4ac201e_Robot.rdf_functional.owl,16706722,3665065,20371787
approximated_756a7d78-1836-4da2-a9fe-e2b7bf7d9e52_e42_atwork.rdf_functional.owl,13068483,2873570,15942053
pato.phenotypic-quality-ontology.162.owl.xml_functional.owl,53058527,91218618,144277145
approximated_29a867f9-d489-4127-be03-20320d3ac3eb_thetometer.rdf_functional.owl,15965304,3683070,19648374
approximated_a9092f75-21ac-4900-a14f-3f5d82729771_olTectonic.owl_functional.owl,134980563,250994664,385975227
approximated_a081ac62-8573-40c3-8e60-d87d7c79819e_Loudspeaker.ttl_functional.owl,19074468,3989318,23063786
approximated_7d4c9905-e86c-45d9-a15b-646bdf934b8b_swpatho2.owl_functional.owl,26165320,44796847,70962167
approximated_00359.owl_functional.owl,29556454,37860640,67417094
approximated_50ccb65e-2232-4be6-baa8-1aecbce98232_TO_XP.owl_functional.owl,30307967,46558745,76866712
approximated_5d581452-b35d-4cf5-a7bb-da6d3be46764_E2.0Litev5.owl_functional.owl,10974353,6992161,17966514
1b99efff-7fdf-4fb3-8b01-9d8ab2efc8f1_3702.rdf_functional.owl,22644737,2053822,24698559
approximated_a3c0e2f5-0593-4071-bfe3-85c892887d42_ecrm_111122.owl_functional.owl,25085933,22313417,47399350
approximated_564fbe9d-50fb-4749-af2a-7ad7e89a57f4_nWaveNoise.owl_functional.owl,136669765,248244435,384914200
approximated_14980344-3e02-4323-a05f-e1697a27f833_biotop.owl_functional.owl,23345583,19214213,42559796
approximated_275cfc9a-3fb1-4e8f-bcbf-003f09671928_Swimbait.ttl_functional.owl,13872459,3972098,17844557
approximated_47fa2193-b71b-423e-9ed6-81b7e0adb1cc_onto.rdf_functional.owl,14006131,4541565,18547696
approximated_410dd4ac-bf2b-47ff-ba36-fc6f9d1c2486_Skate.ttl_functional.owl,14072891,3851120,17924011
approximated_497726bf-d222-4d34-bca7-cf90594e1f99_NIF_Dysfunction_functional.owl,91309958,167295102,258605060
approximated_kb-owl-syntax-coreference-IDs-km-relevant-cardinalities-disjointness-constant-classes-value-nominals.ofn_functional.owl,882703681,2328088455,3210792136
approximated_kb-owl-syntax-unraveled-depth-0-cardinalities-triggers-constant-classes-relation-axioms-value-nominals.ofn_functional.owl,157634067,379216707,536850774
00138.owl_functional.owl,22464830,11585237,34050067
82bbbe24-8593-4c74-b17e-4d6e5f45659b_Website.owl_functional.owl,14609754,2177713,16787467
approximated_63c86308-ee29-4a2c-8043-3233116e4795_se_anatomy.owl_functional.owl,82684117,195792815,278476932
approximated_171c0b68-5c7a-404b-9c3e-535959dc051c_ng_trimmer.ttl_functional.owl,16006551,3780314,19786865
approximated_3a1b2628-8c08-460e-8368-673e5b331cc8_Heat_gun.rdf_functional.owl,17446302,3796919,21243221
approximated_f2385330-02bf-41db-8aa6-73b0fcffcba5_Fretsaw.ttl_functional.owl,9701873,3741807,13443680
approximated_07e69a69-26d3-4655-8e28-b978b8b6ea46_Brush_hook.ttl_functional.owl,15376949,4043497,19420446
approximated_4059d7b6-d333-4266-82e1-74e56f760ac5_iting_desk.rdf_functional.owl,13554976,3901026,17456002
approximated_01f0c2d3-7480-48d6-bd7f-27b8e8b74065_Saumagen.rdf_functional.owl,18714083,3659583,22373666
approximated_95e93e67-0968-4169-8e57-c3645ef119b7_Dryer_ball.rdf_functional.owl,15475246,3956138,19431384
approximated_8b056def-133b-4f3d-8342-4aa45fede850_on.obo.CURRENT_functional.owl,359027540,983621710,1342649250
0dd76a43-d53e-4e3f-95c3-0bf86478ad5f_classified.owl_functional.owl,133236452,348176973,481413425
approximated_33ef5eb5-89e6-4cb5-be90-46a5ee5c0e20_ssiondaily.rdf_functional.owl,23200417,30192860,53393277
approximated_85e86651-001c-4e50-bc27-de464e8be209_edgeDomain.owl_functional.owl,129765317,216806469,346571786
approximated_4907f5f7-6fb8-49a4-8f69-33907519ca4e_bio2rdf.owl_functional.owl,18204890,15881011,34085901
approximated_799937b8-380f-41a9-a6f6-901c2b23e3f2_Bar_stool.ttl_functional.owl,12407735,3712407,16120142
approximated_kb-owl-syntax-coreference-IDs-triggers.ofn_functional.owl,611875917,1737500632,2349376549
approximated_77634d14-33fb-4973-9ccf-835ce5af15d9_Trowel.ttl_functional.owl,9781451,3949511,13730962
approximated_6922fbe0-29f6-43da-9657-d04535e8b9b4_Steam_box.ttl_functional.owl,9314043,3802534,13116577
approximated_1daf246d-481e-46d7-97d6-4195f7c0bf53_lusensembl.obo_functional.owl,1932123591,4830471102,6762594693
approximated_c128a6aa-ad8c-424b-a4e4-8358034daee7_compute.owl_functional.owl,18900837,8102663,27003500
approximated_03935f93-d508-4667-b6e0-80a7a7187eb8_oceanevents.owl_functional.owl,15111018,3587102,18698120
approximated_6852ec9c-f026-4bbe-9373-7112947d003f_realmCryo.owl_functional.owl,133888574,212972492,346861066
25dd3bc2-2d6f-4599-b1e6-78fffc8efde2_hema_Bilal.rdf_functional.owl,28848611,8249923,37098534
approximated_4bfef320-2419-4ba3-a0aa-60d87378c172_andAeolian.owl_functional.owl,132147671,214326069,346473740
961fafb9-60d7-481b-8b78-73ab49ca5bfc_iaepanther.owl_functional.owl,101566831,208729780,310296611
approximated_a8064db8-3a38-49e9-bbe2-e513562a72d1_Instrument.owl_functional.owl,135146972,225084672,360231644
ifar.fanconi-anemia-ontology.5.owl.xml_functional.owl,110501215,248742913,359244128
approximated_f547c4c5-1c09-45e2-adb1-e545222262a3_ndardmodel.owl_functional.owl,18141578,15865088,34006666
approximated_2e5361f8-34f7-4f3a-b9d7-463908044ec1_ting_board.rdf_functional.owl,15323490,3640233,18963723
approximated_8d32770b-62b4-4abe-90c8-44770a1c51fc_som2codo.owl_functional.owl,22472336,16368770,38841106
approximated_1d35b4fa-9812-44d0-adf9-68cde31d8273_SYMP_functional.owl,23347855,44967721,68315576
approximated_d1a9fd10-2cbd-4adf-bef8-e153ca6e873d_S0.owl_functional.owl,17121569,3916370,21037939
approximated_3a3b88b3-6a6b-4ed4-a7ee-04d682520f22_scriptions.owl_functional.owl,28514021,20821345,49335366
approximated_f3defe0f-ce09-42c2-9292-3120cf679497_225onto.rdf_functional.owl,12593324,3973484,16566808
approximated_6d2c9559-c779-4709-a397-d43307f630bb_concept.owl_functional.owl,17318473,10871285,28189758
approximated_e44a672c-c8b3-48d5-b352-f8327347700f_4_09_17_44.owl_functional.owl,65483002,32642475,98125477
approximated_20892525-5521-4f2f-b9c9-9122ca8251e1_Crampons.ttl_functional.owl,12080899,3978917,16059816
approximated_4a72d18f-e846-42d4-947d-14fd805fbe93_raptest.owl_functional.owl,27703260,9285943,36989203
approximated_370a4b49-a6ed-4864-8eb3-471e41312f7d_Prstost.rdf_functional.owl,10981516,3597229,14578745
143888a0-8276-420d-84fd-4cfe10824018_ng.obo.CURRENT_functional.owl,16124424,16550536,32674960
ddd6d023-65dd-429a-a01f-2784c1d61f65_WNAffect.owl_functional.owl,14178890,5439481,19618371
approximated_1221efd2-4e6d-4fb6-8dc6-ffdf97fb48a7_core.n3_functional.owl,11250508,8267952,19518460
0fe50fe9-b828-43b6-bbf6-1d0c64e3c2b7_nciOntology.owl_functional.owl,1224260668,2582638275,3806898943
approximated_4fdff6d7-eaf3-4360-8d17-e13a8e888f66_Block_plane.rdf_functional.owl,21788151,7398085,29186236
approximated_8a62b6d4-d424-4b64-b9f7-efd2c1c82d18_ofn2lmm.owl_functional.owl,26820993,26961675,53782668
approximated_3790bf2d-66c8-4fe5-98b8-8bf00d6f10d6_shing_line.rdf_functional.owl,15185630,3719474,18905104
62b298ee-043e-4868-81c3-e5cea01ce7fe_Eukaryote.owl_functional.owl,19750874,9046902,28797776
approximated_124a3d0f-56ea-4d92-a67d-48c826fb4128_iew_screen.ttl_functional.owl,24443068,6333007,30776075
approximated_733093c6-d54f-4403-af25-f5860dd12b6a_Quadracycle.ttl_functional.owl,14660304,3830942,18491246
approximated_debc1f89-53f3-48f7-a8fc-38db277e47ce_rDataModel.owl_functional.owl,137895301,218943208,356838509
09e75e49-a3b6-4326-b42b-15b53069176c_ezeichnungen_P_functional.owl,18805006,1886489,20691495
approximated_f5a5cf4d-c97a-4309-8b39-5610cb7b9dc0_H_Ontology.owl_functional.owl,12562109,6604449,19166558
approximated_f396bcf2-274c-4c9b-b57d-423a0c492ab9_ext.owl_functional.owl,945911815,2666177527,3612089342
approximated_c7cf068a-2694-42bb-8996-9a68a9bdfba8_topOnly613.owl_functional.owl,702272976,366420776,1068693752
approximated_b9a0e692-a54c-4c47-aec9-ecae65daebc6_realmHydro.owl_functional.owl,132791468,213690356,346481824
approximated_056d71e7-0892-41a6-b455-612f81f80de9_Cast_iron.ttl_functional.owl,15017313,3680230,18697543
approximated_0178f4af-9daa-46ce-b19e-935dfa9736d8__sharpener.rdf_functional.owl,17743174,3896855,21640029
approximated_101878dc-d4e6-438e-9751-36076fd23640_onto.rdf_functional.owl,14232709,5375534,19608243
approximated_1230ad04-0fe8-4831-8a71-20ee3639bce1_Honey.rdf_functional.owl,12759080,3678856,16437936
approximated_cf0e4300-1025-41d8-9041-3b5a1129a021_estigation.owl_functional.owl,27539136,26430331,53969467
approximated_kb-owl-syntax-unraveled-depth-0-cardinalities-triggers-relation-axioms.ofn_functional.owl,137173249,359811251,496984500
approximated_22cbecd4-3367-4d63-b457-69e4ed584abc_phenSystem.owl_functional.owl,139253438,212117449,351370887
approximated_52a27f94-8030-4710-9c32-82926fe8df2c_nkey_bread.rdf_functional.owl,18969847,3635841,22605688
approximated_0b24372f-7712-45cf-bd82-745f31080eb7_IAO.owl_functional.owl,10036341,4110618,14146959
approximated_a9e3953d-5a63-439f-bfd8-c7b7a7a317c8_rolNotamsP.owl_functional.owl,26950558,41026347,67976905
approximated_1005c853-dc47-483d-a607-f3e8b6961b3e_topOnly609.owl_functional.owl,219812820,394811454,614624274
approximated_genomic-cds.owl_functional.owl,2784521713,5281679216,8066200929
approximated_1cb774b6-ad95-4e1c-b419-f34f6e591ce1_ttle_valve.rdf_functional.owl,20642556,6351052,26993608
approximated_00110.owl_functional.owl,31813414,24345009,56158423
approximated_mf.mental-functioning-ontology.12.owl.xml_functional.owl,26740403,40915311,67655714
approximated_2d6d6c2f-ad4c-468e-8094-2cf5cd6f681b_WNDefs.owl_functional.owl,151274896,26713563,177988459
approximated_168cc67e-ff5b-4b6a-9346-66a7579c1cce_er_heating.rdf_functional.owl,15876061,3734336,19610397
approximated_3a13f394-00cb-489d-a0c8-882611cd4afb_BATutorial.owl_functional.owl,22495735,9193717,31689452
approximated_89bfb04f-7c13-427c-bbd8-ad1b580df4b5_abulary_wi.rdf_functional.owl,18362622,7295473,25658095
approximated_8501829a-ef0b-4fbe-b952-e002cb09e1fc_laptops.owl_functional.owl,18119903,4752384,22872287
approximated_ddac5182-315f-4fce-a711-3f9e4d1d01ac_phistolink.rdf_functional.owl,34996329,54532135,89528464
approximated_8ff61c22-45d7-4ca2-9463-8add8d7d5514_cmoc.owl_functional.owl,13067524,12102867,25170391
approximated_obi_bcgo.beta-cell-genomics-ontology.9.owl.xml_functional.owl,80252298,165874504,246126802
approximated_07d71d21-07d8-4007-8bf6-313170b22b72_alcomplete.owl_functional.owl,16098164,7592255,23690419
approximated_479d0fc3-2eef-4155-bbad-be33f539e7df_Common_RM.owl_functional.owl,13128233,9678954,22807187
approximated_7e74de42-a28b-4a49-a7f2-ebf47b564d65_nderbraten.rdf_functional.owl,15388342,4002450,19390792
approximated_00690.owl_functional.owl,51770320,113503745,165274065
approximated_3498a00e-2450-4195-b1dc-44f41c6dc239_cillograph.rdf_functional.owl,11830597,4053037,15883634
approximated_4c37c947-0edb-4e65-be1d-af5e62ada614_reprSpace.owl_functional.owl,135691506,212665491,348356997
approximated_e188a9a1-104e-4050-aa56-95c87561b655_morphisto.owl_functional.owl,15471986,2915247,18387233
approximated_52afd264-ef33-4daf-ba39-28d88e5401ab_ton_cheese.ttl_functional.owl,15117720,3829404,18947124
approximated_kb-owl-syntax-unraveled-depth-3-km-relevant-cardinalities-disjointness-constant-classes-relation-axioms-value-classes.ofn_functional.owl,667177802,1543578857,2210756659
approximated_648cdc4c-92a8-4838-912e-fbc7fbc91625_jet_cutter.ttl_functional.owl,17163371,3653022,20816393
approximated_0820d6a0-d596-48a0-88dd-f08a4f21eeca_Rationales.owl_functional.owl,20349452,16557094,36906546
approximated_00781.owl_functional.owl,39147917,16874446,56022363
approximated_0f88403b-27b1-4c15-8862-c7e85ce0ec55_ExtendedDnS.owl_functional.owl,31333393,20268451,51601844
approximated_c2abef0f-3619-4589-860a-22821e5142ac_ntology_xp.obo_functional.owl,535696842,623981201,1159678043
approximated_bdab17c9-38a8-468c-ad6b-edf96334cb15_nTransport.owl_functional.owl,106481394,41213788,147695182
approximated_7ab2b759-f452-411b-acec-ff844c527c94_Pyranometer.rdf_functional.owl,108454969,3683388,112138357
approximated_a5dff68e-fd35-49a0-b9ff-e8761d735ae6_biolProcess.owl_functional.owl,30782724,31869498,62652222
approximated_0f6d6b44-975b-4aad-b441-73164ba93859_Amigo.owl_functional.owl,22769987,11539357,34309344
approximated_d6a35b67-abae-4e1f-b9cb-27c4ae8acff2_onto.rdf_functional.owl,11565788,4901959,16467747
approximated_7fa9c540-3c8c-4ea6-9188-78cd69283470_ching_tool.ttl_functional.owl,12437268,3737459,16174727
approximated_2976729e-9e90-4690-89c7-7d3bb709d75e_istituti.owl_functional.owl,19659369,11355443,31014812
approximated_4d15609b-7129-4bd9-a018-285f8f402c89_xd2codo.owl_functional.owl,22491154,21154050,43645204
approximated_0bcb9c24-1bfc-4380-a47c-d035c809b9fa_herry_soup.rdf_functional.owl,10940412,3832756,14773168
approximated_10023d99-ff0c-4600-8566-f71fea0ced10_biotopcore.owl_functional.owl,16555618,19032020,35587638
approximated_74c5ff5f-81bd-4070-bd5c-fa1a532dc537_Smint.rdf_functional.owl,17189653,5309577,22499230
approximated_e1ae8537-d1c7-4503-8e59-5211f757270c_omalsimple.owl_functional.owl,50554612,102864998,153419610
approximated_bd029434-02c3-427c-a85c-c6e5f7a0de1f_reprTimeDay.owl_functional.owl,136089965,211014716,347104681
approximated_00505.owl_functional.owl,12386324,8029007,20415331
approximated_916ed9cb-a10a-49d7-bbc1-61d9595794b2_PaulFisher.rdf_functional.owl,12805554,3087426,15892980
approximated_2a360b56-cf00-4b38-b3d7-390330daf063_Blachindla.rdf_functional.owl,13050392,3852526,16902918
approximated_c326f1cc-b243-424d-9cea-82f42a419812_epontology.owl_functional.owl,15841111,6714002,22555113
approximated_92fb5d2f-754b-4d0b-925e-6c49d01d6242_ant_coffee.rdf_functional.owl,13007528,3681447,16688975
approximated_38ff03b8-917e-4b0a-a160-2d26157ea4ed_ction_seat.rdf_functional.owl,10253404,3736555,13989959
07fccd6f-2fdc-4c5f-aee6-1edd6611d2d5_EbGdrcN5Y29ycA_functional.owl,61465480,114578552,176044032
approximated_e686d148-d088-4023-ac37-b22ed59054d8_netcdf3.owl_functional.owl,11928630,3293803,15222433
approximated_b545b71a-2659-40bf-9445-3363f1ba664e_iComponent.owl_functional.owl,139323445,215006238,354329683
approximated_000625f4-66a1-4f5a-8513-24d547cdb5cb_nvirImpact.owl_functional.owl,124758085,212362881,337120966
approximated_096e5dcc-b8b5-40c5-82f4-2c00eed01ae4_ding_dress.rdf_functional.owl,11452564,4298787,15751351
approximated_21bf1dd2-e131-4a5b-86ee-3084782bd546_merged.owl_functional.owl,894528386,2692882503,3587410889
approximated_d1f30083-aa94-4745-a45c-4f5d60fadd8c_Vicon.owl_functional.owl,20866087,4247720,25113807
approximated_a085debd-ca56-457f-b403-b9938f6f43b1_core.owl_functional.owl,692531258,2163261251,2855792509
approximated_c1e214a0-37d4-4cd2-8868-10743fafff20_neistituto.owl_functional.owl,16188202,11991814,28180016
approximated_2a5cafb9-87c3-4776-900a-ac5cb5196348_Hex_key.ttl_functional.owl,10708434,3790447,14498881
approximated_00477.owl_functional.owl,6658869439,11644968475,18303837914
approximated_1f8b0a10-be30-44b9-a02c-f7d6eecd673a_tail_dress.rdf_functional.owl,15733526,3872310,19605836
approximated_kb-owl-syntax-unraveled-depth-0-km-relevant-cardinalities-disjointness-triggers-constant-classes-value-classes.ofn_functional.owl,420236197,941741833,1361978030
approximated_916b0ecb-7569-4797-9535-63efbfe840b8_onto.rdf_functional.owl,16942187,4952102,21894289
approximated_42546a60-b76f-4eb7-a1b2-511aa6403b09__interface.ttl_functional.owl,12654470,3780640,16435110
approximated_56bfc13a-df7a-4bb8-8c6f-c15d1c96d9cb_Salpicon.ttl_functional.owl,16118682,3664843,19783525
ba4089c6-1a4a-443d-a899-0db878457501_BRInferred.owl_functional.owl,8993873,4987920,13981793
approximated_0ee21d9f-074e-41fe-9802-93934a10da46_visitor.owl_functional.owl,12880970,5475264,18356234
approximated_12336be9-e5c6-428c-a2ea-248dbf46d6f8_vsto.owl_functional.owl,16373384,8649021,25022405
8014c327-948b-42ed-865e-f2f546ee15d8_classified.obo_functional.owl,31233272,58330986,89564258
approximated_5db4d34a-be91-434b-a961-cb1db44e07c9_Van.rdf_functional.owl,18789224,3650656,22439880
approximated_16389419-2fd9-4b49-abe9-ee2659d190fb_adjustments.owl_functional.owl,23807938,22639297,46447235
approximated_00513.owl_functional.owl,19041228,18041505,37082733
approximated_cb7248c9-4a13-4e6f-be2b-d6d5eda233e1_tologyV2.0.owl_functional.owl,33697148,35170722,68867870
approximated_kb-owl-syntax-unraveled-depth-1-disjointness-relation-axioms.ofn_functional.owl,680323134,1582228480,2262551614
approximated_84814296-56e5-429c-81cf-da91b895205e_urdu.owl_functional.owl,15730821,2957034,18687855
44716794-d43a-4e55-97bb-ca6c0d2d8a01_wbbt.obo_functional.owl,379255759,683287824,1062543583
807889f1-dc9e-4c0a-84d1-a119276e0d06_regulators.obo_functional.owl,14615356,2929636,17544992
approximated_5342ed42-7637-4712-9e5e-b54f1d9ca075_Affogato.ttl_functional.owl,12052801,3772763,15825564
approximated_270cff5d-67f4-4521-9a61-104a2206450f_Shaper.ttl_functional.owl,13489616,3906791,17396407
approximated_00420.owl_functional.owl,112795843,319625948,432421791
f01166a0-9a6f-421f-b380-a85f66db4be2_GrandPrix.owl_functional.owl,6629235,870944,7500179
08308ae2-7078-45f8-8553-d3be59a03175_ratebridge.owl_functional.owl,268540834,260561201,529102035
approximated_1c6fa4e4-6445-4f97-8cb6-d29abbb098f8__component.owl_functional.owl,106196578,174618682,280815260
approximated_1c638dd6-b4f8-4e00-9c20-97a79e6c8b9b_gd2rServer.owl_functional.owl,95076433,10822363,105898796
approximated_174665ca-f7b7-4317-8ed3-5ecc29a278a5_owl10b2lmm.owl_functional.owl,46652911,43814788,90467699
approximated_be5e0b83-621a-4163-b810-010238ba71ba_dOntology2.owl_functional.owl,23466913,8397929,31864842
approximated_15b50ba3-e082-44e9-8480-2d80ce08c4b1_lla_cheese.rdf_functional.owl,13078695,3743317,16822012
approximated_212e0a70-5fce-4f53-ac2a-88d54380ac89_Saloio.rdf_functional.owl,10442865,4003989,14446854
approximated_37ec504c-2262-4e75-ae16-ac1dbbf8e839_lRelations.owl_functional.owl,12325689,6831577,19157266
17ca5ff0-3d29-45e6-9f80-c1ff6c41a18e_onto.owl_functional.owl,11803888,3274587,15078475
approximated_c0093cdb-d3ad-493a-933b-ae121eb751ee_testRes.owl_functional.owl,10408267,1849470,12257737
779ef1e1-acf5-4a43-8c9f-1be6d5099194_viorsimple.obo_functional.owl,23857843,42908349,66766192
rh-mesh.robert-hoehndorf-version-of-mesh.3.owl.xml_functional.owl,10361858897,23658576620,34020435517
c87825a8-ced4-4d6d-8cd3-ee2da2e82c68_bodyobject.owl_functional.owl,101473527,9071833,110545360
approximated_00340.owl_functional.owl,73188509,6346523,79535032
approximated_86d53811-cc46-450c-8845-b8d286e9462e_Rectiformer.rdf_functional.owl,82176112,3805729,85981841
495ad0f9-f7a6-424e-8778-28f12182d6c1_ss_xp_cell.owl_functional.owl,47782748,19565403,67348151
0145c9fc-5708-4517-a909-1e574b4c39db_nboel.obo_functional.owl,279205006,62967340,342172346
approximated_0872ce09-5943-4f1c-a191-58d36679f4e3_lexicon.owl_functional.owl,176436615,12407567,188844182
approximated_69c07f76-4b61-4534-9927-31ec4d8f5038_AAkeysv1.0.n3_functional.owl,243130440,34807536,277937976
approximated_426785fa-25bf-492a-93bd-ec2607ec7098_clinometer.rdf_functional.owl,123932940,3630289,127563229
approximated_21d2e946-18c6-4cb3-bae0-5a9c2f03ad25_Babysitting.rdf_functional.owl,118744745,3657309,122402054
7a528067-4cef-44d4-8b92-d0850cbf5189_fbcv.obo_functional.owl,60690794,32124909,92815703
approximated_kb-owl-syntax-unraveled-depth-4-km-relevant-cardinalities.ofn_functional.owl,510120943,928630146,1438751089
1b0f7276-4481-4ccd-a269-56d1edc49c3b_ianaentrez.owl_functional.owl,973219070,828967969,1802187039
c669669d-7a04-410c-9474-1f6e46230556_BioLinks.owl_functional.owl,40351609,10835415,51187024
approximated_2fe73174-55da-465e-87c0-0c6682bb3fd4_ngineering.rdf_functional.owl,8984229,4058112,13042341
approximated_3d1c5660-5e27-4439-9c4c-5e6a73e0bad6_Beef_tongue.rdf_functional.owl,8339338,3801601,12140939
approximated_168f552a-9fa8-4009-a32d-03d4aef08a39_ceDistance.owl_functional.owl,134404947,214285603,348690550
approximated_58cdd616-9f8f-4956-a0f1-acc56d9a9936_Microbiota.owl_functional.owl,139008793,250919954,389928747
approximated_c06f618d-66a7-432e-890e-d2592d17bb7d_009UNAeasy.owl_functional.owl,799115216,62762557,861877773
approximated_94f1b84d-205d-4de0-810a-6ec2a9f08695_sio.obo_functional.owl,42856291,73607946,116464237
approximated_2c74dd6c-05e9-441a-9893-93be451430e7_Saffron_bun.ttl_functional.owl,8963738,4022719,12986457
approximated_pdo.pathogenic-disease-ontology.3.owl.xml_functional.owl,11962975,14534674,26497649
approximated_e1634697-665f-487d-a985-7135bd1fa0a8_rbon_steel.rdf_functional.owl,11217543,3724325,14941868
approximated_8ff9cc67-bd62-455c-9573-999224b512c7_onstituent.owl_functional.owl,140903239,248648680,389551919
approximated_1a037ae1-e3ff-4564-a364-4397e736f319_lisensembl.obo_functional.owl,1373795498,3368735789,4742531287
approximated_2f79d508-b59e-45a8-a477-e32320b2933f_Valve.rdf_functional.owl,19707310,3789465,23496775
approximated_kb-owl-syntax-unraveled-depth-3-km-relevant-cardinalities-relation-axioms.ofn_functional.owl,362428606,921421348,1283849954
approximated_48b31924-6ad5-4b16-9825-71feaddf587c_multibeam.owl_functional.owl,12250802,5532925,17783727
approximated_a1d2ac96-ed93-4bb5-bc06-00559649b63d_complex2.0.owl_functional.owl,17464420,5073047,22537467
approximated_45cf1522-b03b-4b1d-ac2f-ee52c882042f_ent_cheese.ttl_functional.owl,12733322,3728232,16461554
approximated_c0024c00-e70f-46d5-a30a-3c1f80bf0031_pienstaxon.owl_functional.owl,1664388588,3122125319,4786513907
approximated_1f57378b-9f87-4c1e-90c4-b92bfd1705ce_Roland_MT32.ttl_functional.owl,51839029,3787846,55626875
approximated_kb-owl-syntax-unraveled-depth-2-disjointness-triggers-constant-classes-value-classes.ofn_functional.owl,720225631,1580892178,2301117809
4b54e80a-cabc-40d4-9348-32507da9eebf_esistance.owl2_functional.owl,85653027,222845081,308498108
approximated_14c1690b-e578-4a32-b6a3-5479f1f5af1e_mantics_v2.owl_functional.owl,23061692,22673053,45734745
xco.experimental-conditions-ontology.48.owl.xml_functional.owl,14430550,26711190,41141740
approximated_8aef9aba-9d35-4866-8b9f-dd6129c96d5a_onto.rdf_functional.owl,14932234,5180135,20112369
approximated_18811a36-1b4e-4aac-bc91-d291faf55662_LMM_L2_v10.owl_functional.owl,26358858,20516216,46875074
approximated_79eda219-06ef-4771-96f1-5083ace69afe_onto.owl_functional.owl,12576681,7694614,20271295
approximated_42123f96-f3b4-4875-9b8a-6b6b1da45463_mlso.owl_functional.owl,18350174,10474969,28825143
approximated_94e100d0-92a5-40cd-b09d-11e1b5236cec_t_lavatory.rdf_functional.owl,10877720,3717751,14595471
approximated_859ed50b-ff20-490d-b4e7-5f513b7dd133_saengerrna.owl_functional.owl,23730312,26999326,50729638
approximated_91d671b7-7119-4100-ab45-12625a52e3ff_Rstarvs10.owl_functional.owl,122569421,20974525,143543946
approximated_034657bb-ae7e-4db3-a67b-b19c77715ace_ty_harness.rdf_functional.owl,18560592,3935816,22496408
approximated_011882ed-0797-486f-945c-406cab4ed654_Headgear.ttl_functional.owl,11121199,3929476,15050675
1e655281-cec3-4e76-b190-ff065b667086_t_ontology.owl_functional.owl,62214704,134981966,197196670
approximated_a5de6677-f866-4add-bfe5-bab94aeaec81_EnergyFlux.owl_functional.owl,149470022,250719557,400189579
approximated_8e638331-bd8b-46d6-9cfe-a8a082e4c7d2_Instrument.owl_functional.owl,28206476,39035334,67241810
approximated_d8b7cf59-d132-4c0d-b33e-92a3a01234d5_eh_Arabieh.rdf_functional.owl,16457496,3769300,20226796
7eb212d7-1dbd-41fa-8496-1935bece5a26_RugbyPlayer.owl_functional.owl,19525064,1731443,21256507
approximated_4f8c0e42-ef62-45e3-8dd3-1057a6047d43_myOnto.owl_functional.owl,15586008,5751780,21337788
approximated_99bba4d3-6998-48b7-a1ed-a334016cdb7c_doc16.rdf_functional.owl,29418917,18996800,48415717
approximated_d65d997d-aa38-4638-8703-b3faecbdc7ed_ithesaurus.owl_functional.owl,4184642724,8360688374,12545331098
approximated_0da869df-aa47-4094-8b45-d8adcd274acd_ecrm_100707.owl_functional.owl,85831976,21765977,107597953
b223b66e-81e0-4aaa-8a4d-e7e5f5e35d17_SMW_extensions_functional.owl,81203469,1572290,82775759
4061843a-3fd2-4186-b15e-6631ceab65b0_onto.rdf_functional.owl,10086594,1792107,11878701
approximated_2df83f4e-d992-40c1-9c7f-783c51b9dcde_de_battery.rdf_functional.owl,14187435,3789550,17976985
approximated_4b4c4c11-a7e8-412b-b17e-0838b1e763d9_ly_network.ttl_functional.owl,14294284,3681170,17975454
approximated_79617b32-e5f0-4a55-874d-53d625258b17_Thesaurus.owl_functional.owl,2802585419,5505686009,8308271428
c7403c2b-f907-4329-9760-9c87cafa387d_ctermsrelation_functional.owl,16786002,2271870,19057872
approximated_887565f2-6ed2-40a8-abfc-c7fbac0d454c__converter.rdf_functional.owl,16740404,3765812,20506216
approximated_af21ae98-5b25-4c88-af11-89b5f9cbcf08_management.ttl_functional.owl,12004000,3718721,15722721
approximated_1b8fd0d2-5e00-4472-9299-11b11604ad18_edElements.owl_functional.owl,16682651,8410637,25093288
approximated_43b34e6a-f2dc-4813-90aa-8cadfa6c4bc3_mAstroBody.owl_functional.owl,134947853,216567072,351514925
approximated_03442ce5-7960-4861-9f0a-1562d3f49c09_ao.owl.CURRENT_functional.owl,23987718,25243257,49230975
794bfd83-b766-45fb-9b0d-5ad0a6dba752_typemerged.owl_functional.owl,46202922,113514907,159717829
approximated_cf24f337-5263-4187-9559-9fb86f3a5fd1_Knight.rdf_functional.owl,19988554,3197582,23186136
approximated_171ea4bb-92f1-499d-84b2-f7c2df976132_and_health.rdf_functional.owl,10256372,3655652,13912024
approximated_dedc0af3-2753-4919-9740-c5bff02f6582_DP1.22.owl_functional.owl,16486681,3146322,19633003
approximated_22484eda-8103-4d4b-9980-9e139cfd0f3a_MOmodular1.owl_functional.owl,393005001,671638712,1064643713
approximated_40977513-9e60-41d0-ac27-dc417d16ae65_mnov192004.owl_functional.owl,107480877,16690747,124171624
approximated_b0305065-1b29-49ca-a8e7-1930dab6cf55_propIndex.owl_functional.owl,214430949,217350993,431781942
approximated_bb9f786a-6dcc-474f-8097-5d825fb9703f_Design.v13.owl_functional.owl,97189283,7922943,105112226
approximated_40263d28-23c5-44d7-9d44-ee94d53fa3fe_estigation.owl_functional.owl,86968039,30298578,117266617
approximated_5c43b0b8-b1d1-4002-b3af-603d65db6ae1_arm_cheese.rdf_functional.owl,54616785,3763223,58380008
approximated_84296309-8fff-49c7-b539-3ae0831863dc_moduli.owl_functional.owl,22646964,14192156,36839120
approximated_1b81ea35-983c-4230-ba83-86a93eec7c87_tric_watch.rdf_functional.owl,14432263,3707156,18139419
917ed205-2afd-4cfe-95a6-0d9be21e3b0c_slim_plant.obo_functional.owl,17059219,7127595,24186814
approximated_ca7123c6-6206-42e1-b070-4d51942c882f_Micrometer.ttl_functional.owl,15161212,3615787,18776999
03e89000-6869-4c1c-95dc-bd069b154b3a_classified.owl_functional.owl,18986818,28902914,47889732
approximated_14e21c67-ac27-4f8a-abf6-0b8e8cec5c7c_onto.rdf_functional.owl,19715486,5805574,25521060
approximated_1e657d27-1ae8-4d93-b762-69745fff1aee_idgeClosed.owl_functional.owl,14061729,6069890,20131619
approximated_a086cc23-d2bb-4417-8eaa-0835fdfcf26b_schema.owl_functional.owl,20179818,6896711,27076529
approximated_b0e41004-2748-443c-8e9c-61c3f81dc24b_Fruit.ttl_functional.owl,14977249,4012844,18990093
approximated_4ad6a722-f425-4177-af22-00c3866f3df5_Bohrium.ttl_functional.owl,15339980,3827813,19167793
approximated_e823ed3c-8c9e-4c62-a3f4-8821ffe77388_ontology.owl_functional.owl,17116959,5218832,22335791
f45812d8-8ea9-472a-8b02-aabd7948e6f4_GenreCS.owl_functional.owl,25596417,19041616,44638033
approximated_de98e0c3-35ca-490b-af8b-b450bed425a1_cerif.owl_functional.owl,28508672,25178577,53687249
approximated_59c42aeb-6dc2-4824-a7ec-6aed305e2aa5_alModel2.0.owl_functional.owl,26432887,14168934,40601821
approximated_00511.owl_functional.owl,19454174,26040224,45494398
approximated_d6658c0b-1a86-4c53-b05e-aaff4d6c8842_nWaveNoise.owl_functional.owl,131579461,213892690,345472151
approximated_2c1cb68f-7240-47d0-8817-a1e9e0aec931_classified.owl_functional.owl,404816541,1109728138,1514544679
approximated_17184bb7-b3b9-4a1e-9c47-824c971a247d_FMolecule2.owl_functional.owl,405268787,790471165,1195739952
approximated_aura.kb_bio_101.1.owl.xml_functional.owl,911848253,2346775769,3258624022
approximated_08e43d27-0332-45ed-9e88-7d714b35fdca_Toffee.ttl_functional.owl,20141280,3748831,23890111
approximated_84088311-bd85-44b0-a786-820d92c4d94f_gold.owl_functional.owl,21760779,7667141,29427920
8c01261b-8bc8-4667-bef0-a4279b20d181_envo_xp.owl2_functional.owl,48893483,120008392,168901875
cf6d3f83-bc51-40b8-b833-468095850b37_Book.owl_functional.owl,17263494,2785733,20049227
approximated_50261e1a-1d2d-4997-9d9e-4f40bf0e34ad_etourism.owl_functional.owl,26752531,4586358,31338889
approximated_187ba1ad-7e0b-4a62-b4bd-6a00170be2cf_controller.ttl_functional.owl,16188126,3758910,19947036
approximated_7617f240-1835-48df-b1a0-78d42e592e67_aise_sauce.rdf_functional.owl,11212119,3759894,14972013
approximated_ca61db54-fa88-47a3-9b4f-a19d3359eb65_PaulFisher.rdf_functional.owl,12799267,2909984,15709251
fb-bt.drosophila-gross-anatomy-ontology.26.owl.xml_functional.owl,503295564,1291245943,1794541507
35f4a78e-9c89-4d5c-a31d-169ec5c9820d_pacs.rdf_functional.owl,98473415,190100656,288574071
approximated_0e025da0-9058-4f9a-aa7b-a39b6ab9aaaa_Crab.ttl_functional.owl,14391138,3740533,18131671
approximated_0ce73ce9-af29-4567-b4ad-e8abf1814f74_ityClasses.owl_functional.owl,16221437,10793005,27014442
approximated_Oly.owl_functional.owl,804670863,188188148,992859011
91a63a65-f094-42d0-8c94-1c2b3df353d1_fma3.obo_functional.owl,4060782595,7592281424,11653064019
approximated_00e79123-2fdc-452d-a7dd-b60089839ba2_onto.rdf_functional.owl,23234463,5643714,28878177
approximated_5101ac50-defd-457e-a6f4-62f2e9ce5738_phenotypes.owl_functional.owl,17512899293,25895342696,43408241989
approximated_18d69173-cf8b-4141-b8d2-7c73a834c95d_ncitations.owl_functional.owl,120557831,192472997,313030828
approximated_1864f82c-5946-4dc4-a386-a3db5f0ca94f_graves.owl_functional.owl,10814517,5776636,16591153
approximated_e4fe7fb5-3d1f-44bc-9cd3-4af7cf91c333_ISTAR.owl_functional.owl,26452080,17159953,43612033
approximated_45185f01-dd24-4dff-ace6-f9245a8be3c5_44_battery.rdf_functional.owl,12084071,3925898,16009969
approximated_5e456b79-e2a8-400c-88ec-c922fb1ea8db_cheminfcore.owl_functional.owl,20563562,22103977,42667539
approximated_5878f03e-8e98-44b6-b462-1afbc2446be5_Amiga_500.rdf_functional.owl,14303863,3723448,18027311
approximated_kb-owl-syntax-unraveled-depth-1-cardinalities-constant-classes-value-nominals.ofn_functional.owl,543940987,1121786537,1665727524
caa981d8-f2ed-4a7f-bf2c-b586c0de8b55_trait.obo_functional.owl,36716543,70638044,107354587
approximated_4c6c7dc4-1d76-45ec-8e71-5f40bd6f0772_PaulFisher.rdf_functional.owl,12363331,3101506,15464837
c393f17c-fa7c-4487-87a4-736a1644024c_FlyBase.obo_functional.owl,1279965659,2468174861,3748140520
approximated_54137f18-e63e-48d2-b552-fd7b9cacc7de_transistor.rdf_functional.owl,9117316,3998107,13115423
76a92abf-296e-452a-b67c-0f751ddad505_e.obo.PREVIOUS_functional.owl,17958090,24236792,42194882
approximated_261f18de-581b-4334-9bd1-fa87028404cc__component.owl_functional.owl,82062388,214515695,296578083
38b1684f-7e84-4f0b-a7dc-6fe392b833d0_aeoedit.obo_functional.owl,13403795,18105046,31508841
approximated_921b516a-551c-4a1e-aa37-2d5261fc155d_GPCROKB_11.owl_functional.owl,10354238,5561332,15915570
approximated_e5f71bd3-a645-40f8-850e-65bb948df35b_stor_array.ttl_functional.owl,15830972,3941434,19772406
approximated_e0c43086-8882-4b88-a104-de9d7a33cf16_domfi.owl_functional.owl,63572434,45806502,109378936
approximated_3c49103d-f551-4d07-bc39-f02f12eb122d_figure10.owl_functional.owl,25103474,18099133,43202607
33086dde-d0d0-4b96-9871-d3579e349e57_nalisensfm.owl_functional.owl,423679953,929351927,1353031880
approximated_058c0fbb-074c-4b5f-97bb-a18cc30861bd_paldataont.owl_functional.owl,16093172,7208810,23301982
approximated_00368.owl_functional.owl,567533988,1752033262,2319567250
approximated_3b10bb8c-a109-46dd-878c-e84f09fa389e_ter_pencil.ttl_functional.owl,14871614,3900250,18771864
approximated_e5d69675-de32-4951-b218-e335b65dd2b2_phexample1.owl_functional.owl,20679101,7645722,28324823
approximated_bd99f4b3-1a1f-42b2-8fa5-ffefa0f458f8_GUM3.owl_functional.owl,16475190,11546821,28022011
approximated_30d13f17-711b-4ccc-8136-683af58a7386_Asparagus.ttl_functional.owl,13400156,3627177,17027333
85e7b868-f851-450f-943d-c2cfe8f8ecac_ish_label.rdfs_functional.owl,27710088,6316049,34026137
approximated_1179bf2e-f16c-47ce-873f-2ebc1ce03536_uselkuchen.rdf_functional.owl,10787057,3745353,14532410
approximated_1e39ce6b-53f3-4791-8b09-4aff4d8c1ab9_IOLite_v18.owl_functional.owl,25762805,16895298,42658103
approximated_6a7b493f-1068-42e0-8add-3bb83394643b_ery_hammer.rdf_functional.owl,10467531,3850407,14317938
approximated_1e3d1cc0-60bf-4423-9102-e897a08855be_ingle_Chip.rdf_functional.owl,14117628,3780808,17898436
approximated_kb-owl-syntax-unraveled-depth-0-triggers-relation-axioms.ofn_functional.owl,157160368,351602723,508763091
approximated_4c6aaa85-bca5-4387-a2a4-f905b797c77f_bca00030.owl_functional.owl,40748654,6683741,47432395
approximated_4acbf35f-a8df-4e29-b330-7d89fc62daa0_O3DVT.owl_functional.owl,19472037,10362030,29834067
8dea6909-e11f-44a5-b969-0086de407b74_leganstype.owl_functional.owl,855521655,2479717826,3335239481
approximated_1fb28bfd-5caf-4112-b7c2-eb7e14849359_tension_02.owl_functional.owl,114276384,128588681,242865065
bc91878f-cd84-489e-bad7-6682c3f0a0e7__pathology.obo_functional.owl,16781453,33372629,50154082
approximated_ab8734cc-3503-4967-8af0-7feda2265c1f_question.owl_functional.owl,33490827,8976693,42467520
approximated_00582.owl_functional.owl,21881856,38724243,60606099
a5eb03d2-6547-49f7-a0b8-69014b2c243c_e_anatomy.owl2_functional.owl,83811432,205348508,289159940
a5300918-ef9f-4cf6-8e0e-eda47f3b93b9_tectedArea.owl_functional.owl,14980760,2163269,17144029
approximated_12295b6b-5a4a-4bb1-9c0a-b7e626292604_y_interval.rdf_functional.owl,9750752,4222713,13973465
approximated_13733e8c-4027-44c3-9c01-f7a1e9762b07_onto.rdf_functional.owl,23434216,5162469,28596685
4cc438d3-cc07-402f-ba30-2aceac2dd268_protlabels.obo_functional.owl,94574466,225519636,320094102
approximated_e5ee3a0a-57f0-447a-88c1-bb9c6fcf2a5b_tadatasets.ttl_functional.owl,23506657,1995363,25502020
approximated_8b4ded14-b55c-451a-8ecc-8d5d23e55caa__functional.owl,23925006,21515564,45440570
approximated_2fadea1e-6833-4ee7-b2a4-a55833e0463f_EASE_functional.owl,15747687,10454347,26202034
de90359d-d9ba-4852-9d0d-2b1dc137c0c2_GolfPlayer.owl_functional.owl,12873847,1629188,14503035
approximated_8ed3ae64-3076-4ec4-ba50-ffd2b86335a5_Swiss_roll.rdf_functional.owl,17529066,3826928,21355994
approximated_f9fdfcf2-048c-4a14-9847-9f99e57e108b_Sex_worker.ttl_functional.owl,11142140,3786107,14928247
approximated_a1701811-0f39-46e0-9038-e19bc2bb9ef3_mds.owl_functional.owl,15273758,6570136,21843894
approximated_7255322a-fa59-4d59-bc2d-359b4d17deb7_mecv.owl_functional.owl,14315791,10736104,25051895
approximated_acbec5d5-54dd-40cd-aa31-a46ebbee0c74_iaomain.owl_functional.owl,13854857,11394573,25249430
approximated_oae.ontology-of-adverse-events.22.owl.xml_functional.owl,103982290,248544491,352526781
approximated_4c88b856-66dd-4d81-bb78-c9b8256ab126_Pectin.ttl_functional.owl,13647989,3833521,17481510
internano.internano-nanomanufacturing-taxonomy.123.owl.xml_functional.owl,16208918,12842723,29051641
approximated_20b7cd2f-ccc2-4a9b-91a7-672d5d0b8d2f_EnergyFlux.owl_functional.owl,160437627,209282747,369720374
approximated_0eb403ce-063b-4c04-b30a-7adab65151ba_Kahla.rdf_functional.owl,11056622,4051278,15107900
8309fa38-4653-46e9-ae2d-1d1202c63c20_theme.owl_functional.owl,12884006,8476522,21360528
00160928-56f7-4a74-81ea-1adc92544a13_classified.obo_functional.owl,190700917,364168527,554869444
approximated_00593.owl_functional.owl,50517379,110553353,161070732
4ce5bff9-d12a-4f0a-8325-0f52f0c28764_classified.obo_functional.owl,50506349,128799394,179305743
approximated_18947f63-d0bc-487f-8bd0-73177fec5e00_amework2.0.owl_functional.owl,31522061,19666213,51188274
approximated_kb-owl-syntax-unraveled-depth-3-triggers.ofn_functional.owl,353553112,901927167,1255480279
approximated_270de39c-967b-4435-aef7-454685a814e5_Vacuum_tube.ttl_functional.owl,16762260,3876315,20638575
approximated_94504746-e46c-4960-a3ab-d90506848919_ns.owl_functional.owl,12087631,3883277,15970908
approximated_762f1c87-8f87-4f2f-a56d-f0b0deaff07b_Caffeine.rdf_functional.owl,16464826,3672699,20137525
approximated_46724305-ac5e-4986-8799-e34a75ab0746_Hataki.ttl_functional.owl,14206259,3766840,17973099
approximated_2c68bb2e-7ccf-4d01-bdfb-5f9007dce612_eDirection.owl_functional.owl,25388217,27168011,52556228
approximated_84d4b363-85ec-4720-a67a-1290c85cf306_prerelease.obo_functional.owl,382182062,991824227,1374006289
8ce26445-6ba5-451b-b3bf-a12255bace96_classified.owl_functional.owl,226623734,631545552,858169286
approximated_rxno.name-reaction-ontology.22.owl.xml_functional.owl,101254968,62929326,164184294
approximated_1c33e136-9f14-4127-ac0c-f3d874b51133_Cuttlefish.rdf_functional.owl,113580529,3699309,117279838
approximated_18b0d680-3ac2-4ff2-84e4-89c7e5fbd0ad_PA7100.rdf_functional.owl,14330558,3707480,18038038
approximated_a9c16443-6bb6-4273-8522-b3bd809ea91e_matrAnimal.owl_functional.owl,139628950,284255854,423884804
approximated_889f9c76-0316-4830-ba45-72974f98ea88_Pentium_M.ttl_functional.owl,73689539,3766972,77456511
8f80081c-c258-466b-a9f5-efa4b5610fb3_seontology.owl_functional.owl,736759487,1079493779,1816253266
approximated_1ebe9369-4009-4e83-aa99-d6aff195726a_traints1.0.owl_functional.owl,15061025,4594340,19655365
approximated_7e61a086-9c91-45f3-8c4b-8b7ef542bb9b_family.swrl.owl_functional.owl,11113575,4210010,15323585
approximated_5cea8748-f789-4c38-8990-5f955d623231_Hoop_cheese.rdf_functional.owl,14125787,3763739,17889526
approximated_13eacac6-8b1e-4366-82e0-047c9f208f19_realmAtmo.owl_functional.owl,135485403,216535837,352021240
approximated_02f7e0e7-5978-4e16-b396-c461362525e6_SAO.owl_functional.owl,24400164,51203308,75603472
approximated_98d6b0fe-d8df-4d5c-a022-6d0cffce31c2_Swordfish.rdf_functional.owl,10818234,3710485,14528719
approximated_00775.owl_functional.owl,442906394,48485339,491391733
d70388c3-a914-435d-8fa2-523b25286cf1_psims.obo_functional.owl,48734944,118005905,166740849
approximated_c2ee8d34-9110-4467-a6fa-74d2940e4c8d_S1.owl_functional.owl,16632011,3967471,20599482
approximated_18b925f2-c3bf-4c07-b15e-8ee05a729bc2_onto.rdf_functional.owl,14209925,4724349,18934274
approximated_dbd797c6-78db-4641-be20-6a2d54a5f8db_dKnowledge.owl_functional.owl,13698646,3752954,17451600
approximated_c8523082-dcba-4b83-8686-fb78a5251b67_evelopment.owl_functional.owl,128458216,258352299,386810515
approximated_kb-owl-syntax-unraveled-depth-4-km-relevant-cardinalities-disjointness-constant-classes-relation-axioms-value-nominals.ofn_functional.owl,669621623,1422575752,2092197375
approximated_a9e38d0a-af7c-4cd4-94bd-be749a3268ce_tching_awl.ttl_functional.owl,20111260,3781406,23892666
approximated_c343f7b1-c70e-4dbd-bef7-0d3b9aaf6fd7_prsimple.owl_functional.owl,1616256137,4966266714,6582522851
approximated_5da4636a-4d8b-43e8-b70a-f47ee9255559_oLightning.owl_functional.owl,137015463,214796604,351812067
approximated_debd80a8-aed0-4120-ada1-24129eda42c8_swrelonto.owl_functional.owl,10331866,6225409,16557275
approximated_cogat.cognitive-atlas-ontology.6.owl.xml_functional.owl,98156256,209308158,307464414
approximated_kb-owl-syntax-unraveled-depth-0-km-relevant-cardinalities-triggers-constant-classes-relation-axioms-value-classes.ofn_functional.owl,156602964,416098864,572701828
approximated_kb-owl-syntax-unraveled-depth-3-disjointness-triggers-constant-classes-relation-axioms-value-classes.ofn_functional.owl,717376022,1522329290,2239705312
fb041c6d-5afc-4d45-be4d-eeba067edb75_President.owl_functional.owl,19000291,822169,19822460
approximated_49aa8b61-8b53-4b87-9c49-510a53099698_swum.owl_functional.owl,11915397,4556256,16471653
approximated_26f0d40e-c31f-4421-b927-5197a1e6e0c1_PIN_diode.rdf_functional.owl,13731423,3708598,17440021
approximated_03d462b7-857b-416e-90cb-b7ffe395e22f_Multitool.rdf_functional.owl,8369177,3965465,12334642
approximated_5a28b67e-20cc-4d92-a656-fa139e8b4a32_ce_objects.owl_functional.owl,84601178,162973896,247575074
approximated_fee2724f-5d72-40c1-961b-394a2677c8c5_DOIDBridge.owl_functional.owl,170661083,490798569,661459652
approximated_7c892a26-f017-4996-b480-26ceeb6e335e_mantic_browser_functional.owl,11531951,1848421,13380372
approximated_00416.owl_functional.owl,1219309376,3866331781,5085641157
approximated_00540.owl_functional.owl,296437423,777362521,1073799944
approximated_kb-owl-syntax-unraveled-depth-4-constant-classes-relation-axioms-value-classes.ofn_functional.owl,358942806,915642993,1274585799
approximated_7957facd-c51a-4a92-a5b2-82b72c21e5a7_gist2.owl_functional.owl,11694965,6903061,18598026
approximated_562d26b3-68bf-4fa4-a9f7-c9208c3dda3f_dtn.owl_functional.owl,12815031,8075234,20890265
approximated_63e7aea2-ec18-4968-93cf-65e63b710769_ansuniprot.owl_functional.owl,148009326,273354184,421363510
approximated_DPC2.owl_functional.owl,2112308818,378161050,2490469868
approximated_kb-owl-syntax-unraveled-depth-3-km-relevant-cardinalities-disjointness-constant-classes-relation-axioms-value-nominals.ofn_functional.owl,669007508,1503653140,2172660648
approximated_c56335d7-0e91-49b7-992c-ad6fa29d5027_onto.rdf_functional.owl,10028513,4389872,14418385
approximated_6d034b79-7817-4711-b9f6-339bd1a95008_provdc_functional.owl,12475414,4883727,17359141
approximated_4c35abdb-2fea-44b6-ad11-45226f763b34__ontology.owl2_functional.owl,74789615,161182936,235972551
approximated_da5e0a3b-5269-4fc7-a84e-6bb1a99312b5_atmoCloud.owl_functional.owl,119792308,198353454,318145762
approximated_43fd90d8-403e-4595-bc5f-90539fd434c5_bibo.n3_functional.owl,54525146,6117868,60643014
1eea77e0-2f62-4db9-907e-293b3e8f5852_classified.obo_functional.owl,125172520,55126065,180298585
approximated_f4d9caf0-ebe5-4f6d-9294-f5bb3c356f9a_ethernet.owl_functional.owl,63737013,9248864,72985877
approximated_7e3dfedf-9c95-424b-8b14-6b254ede4ba8_Hand_net.rdf_functional.owl,61266822,3833593,65100415
approximated_25ada088-13c2-43d9-a855-ee025e8ad503_Wire_brush.rdf_functional.owl,29189019,3642184,32831203
approximated_28ccf278-c623-4b82-bc2c-cd8b7be33d64_realmGeol.owl_functional.owl,256386607,213984749,470371356
a3be0574-6751-44ca-ad8a-afdcada314ba_ase_vocab.owl2_functional.owl,29354957,34440389,63795346
approximated_670215dc-09a1-42f9-ac4d-11f89a17275a_cRae_Rally.ttl_functional.owl,12576600,3622639,16199239
approximated_08273c4e-c9ce-4bdc-b045-f29ac8e178e0_formazione.owl_functional.owl,17783323,7432471,25215794
approximated_da5f12ac-7796-433a-9f9b-f313f9948821_cl.obo_functional.owl,300439896,784359747,1084799643
approximated_18bed17f-1eb1-4aa1-a08c-7a3e008da34d_mann_valve.ttl_functional.owl,10803261,4323818,15127079
approximated_18d1ff7e-a6a9-4b9f-a6da-aebc9ecac522_W_ontology.owl_functional.owl,20311406,22125476,42436882
approximated_23d8278f-9fbe-4ea6-90ca-31b50cd2b208_ght_switch.ttl_functional.owl,11945074,3805820,15750894
approximated_2c6b39ca-709f-4513-bc99-34ed78637f5e_eThesaurus.owl_functional.owl,1843145136,3742284571,5585429707
approximated_kb-owl-syntax-unraveled-depth-2-km-relevant-cardinalities-triggers-relation-axioms.ofn_functional.owl,403202301,990323467,1393525768
approximated_7bc1a90d-d3fe-40f9-86d7-357828abbd25_fetchPDB.rdf_functional.owl,13578223,2845991,16424214
96506db6-9a0e-4dde-97e5-25d985a19d3f_ess.rdfxml.owl_functional.owl,16825102,22644488,39469590
approximated_51599a5c-8e22-456d-a5b7-9123d9fc3cdf_onLocation.owl_functional.owl,19126496,7733083,26859579
a401418a-1a45-4d34-9d19-85ed09dddff9_ro_release.obo_functional.owl,86241889,223177292,309419181
approximated_kb-owl-syntax-unraveled-depth-0-km-relevant-cardinalities-disjointness-triggers-constant-classes-relation-axioms-value-nominals.ofn_functional.owl,460940704,913889838,1374830542
approximated_kb-owl-syntax-coreference-IDs-km-relevant-cardinalities-relation-axioms.ofn_functional.owl,850024110,1689079673,2539103783
1e8a47c4-2c04-441c-bcb0-bc705f959469_sm_process.obo_functional.owl,49056953,11166300,60223253
approximated_7c3d92c7-26cb-4f45-b201-6e63454b4d9f_agenttest.owl_functional.owl,16987500,13687836,30675336
b7b37b83-c9f7-481c-b3fa-5a04a0f3903d_protlabels.obo_functional.owl,459398931,1300062452,1759461383
approximated_kb-owl-syntax-unraveled-depth-3-constant-classes-value-classes.ofn_functional.owl,899904258,935326585,1835230843
approximated_00350.owl_functional.owl,263958362,558956637,822914999
6a4db90a-afce-4ca2-9223-cdf22a03127d_y.obo.PREVIOUS_functional.owl,315264322,697267736,1012532058
approximated_55b9de1b-021f-45de-b171-c1d33b55b1b3_Pfeffernsse.ttl_functional.owl,14531504,3710516,18242020
approximated_kb-owl-syntax-coreference-IDs-triggers-constant-classes-relation-axioms-value-classes.ofn_functional.owl,619042314,1757451140,2376493454
approximated_3db4d022-3415-4985-89f8-43d805aa20ea_e43_athome.rdf_functional.owl,14475888,3008929,17484817
approximated_76686b12-ca01-4f70-a8f1-72f4f501e705_king_knife.ttl_functional.owl,15040952,3803195,18844147
approximated_36e2b695-7e57-42d8-a72b-a5805f96e99b_Cassareep.rdf_functional.owl,16893369,3622076,20515445
approximated_d3549086-9028-4034-bea2-8ce744ad4fba_onto.rdf_functional.owl,10580070,3901823,14481893
approximated_3eb2f210-a182-421e-a81d-0c9835a4f25f_ion_server.rdf_functional.owl,9715016,3670375,13385391
2fd696f8-54fa-4e5a-9224-4ddb0fff81ba_onto.rdf_functional.owl,10126288,646750,10773038
2e684955-52cf-45c8-8f97-4f7f94350c01_s_xp_chebi.obo_functional.owl,245372739,122348996,367721735
approximated_7b29fdfe-bbe4-45a5-aa72-7d2b0b952f51_DUL_v24.owl_functional.owl,14442216,11370654,25812870
approximated_f30336ee-58cd-4dd1-9c82-fc538108d954_ceCategory.owl_functional.owl,27280010,29672922,56952932
5ca7188b-d141-4ca7-b61f-a8b2ced1356a_gcmdservice.owl_functional.owl,8560231,5846879,14407110
f1c7d225-c099-4cab-914a-91d39650cabb_onto.rdf_functional.owl,9255941,780941,10036882
approximated_e7844250-3998-42cf-8f70-713def7b351d_DC_motor.ttl_functional.owl,13738796,3757839,17496635
approximated_21fb8244-523b-49bc-8907-dc0ed47ceee8_Lollipop.rdf_functional.owl,10736625,4769718,15506343
approximated_848565c2-ca14-49bc-8b52-e6deb327edb1_ka.owl_functional.owl,16037123,8702528,24739651
approximated_kb-owl-syntax-coreference-IDs-km-relevant-cardinalities-constant-classes-relation-axioms-value-classes.ofn_functional.owl,622860281,1746381307,2369241588
approximated_e86dc9cb-c12f-43fd-9745-27f7b0ea4585_SYSElement.owl_functional.owl,9705598,6844263,16549861
approximated_84266235-e568-4829-b0ae-0d09ec890592_atus_terms.owl_functional.owl,17339509,1236180,18575689
approximated_03bb9bcd-ecad-4678-accd-6b9abafae736_etingPlace.owl_functional.owl,23567352,21378932,44946284
approximated_35e8ccc1-d21d-4bdc-838b-ba1659373c2e_AAA_battery.rdf_functional.owl,12237821,4281071,16518892
approximated_591cf9a1-5964-407b-bced-93c544a66c4d_Processing.owl_functional.owl,143364044,229397370,372761414
3f595b65-5d18-4412-ab29-1a32e45a3547_omalsimple.obo_functional.owl,54017602,104676578,158694180
approximated_dd92b271-1017-45c1-a540-be58f24ae438_plusassocs.obo_functional.owl,88689799879,2.92722E+11,3.81411E+11
75badc89-afe7-47f7-ad3b-c9e6be31ec54_onto.rdf_functional.owl,21110926,1370911,22481837
approximated_238aca04-2dbd-4c38-925b-a30ef23c85ae_t_annotate.owl_functional.owl,10763472,7685547,18449019
approximated_32b650eb-6bbc-41ee-8aad-2b27abb9adfd_gnd20120630.rdf_functional.owl,14824047,8279658,23103705
approximated_aaf58065-bf74-40d0-a77d-5232b13bd748_zfa.obo_functional.owl,235104404,560721389,795825793
approximated_kb-owl-syntax-unraveled-depth-4-km-relevant-cardinalities-disjointness-triggers-constant-classes-value-nominals.ofn_functional.owl,1956311897,1432829606,3389141503
approximated_97d1d844-b13b-461a-9e85-e8f7ab7de8c2_realmOcean.owl_functional.owl,136038358,212872045,348910403
approximated_00103.owl_functional.owl,22785750,13170165,35955915
approximated_90d0d5ce-4486-48d0-bac7-3cfa179dda9b_onto.rdf_functional.owl,13378602,6265836,19644438
approximated_27eb6f82-d2bd-4333-ba23-7b8900ed2270_e41_athome.rdf_functional.owl,12114465,2890211,15004676
approximated_91f8a47f-0c76-4d29-8dae-0ad354e91c3b_ypes_1.500.owl_functional.owl,18107395,28053598,46160993
approximated_cfb0d7b0-b838-4e20-8fda-eb450637c41f_undbericht.owl_functional.owl,42213632,57555161,99768793
approximated_ce74019c-e161-411c-b69a-7160d1e9e414_Location.owl_functional.owl,18180066,5227375,23407441
approximated_840b9703-c6da-41ea-a773-9d1ff0558f9d_Tricam.ttl_functional.owl,12360773,3747026,16107799
approximated_a7fd6254-84a1-4ec8-b588-8869c04defca_ology_v22b.owl_functional.owl,12166003,7509838,19675841
approximated_6e12231a-c9d0-4b0d-acb5-89a75a0a6ef8_ated_valve.ttl_functional.owl,12731757,3618502,16350259
817a1834-8685-4afa-885d-635c35f6139c_e.obo.PREVIOUS_functional.owl,251407835,533243077,784650912
0c9a859b-9744-4dbd-9082-de6b49539b6c_prerelease.obo_functional.owl,346699340,522673869,869373209
approximated_0d504a1f-5c7a-45f8-81a9-aafe46a83096_uberon.owl_functional.owl,725126174,2041636660,2766762834
approximated_373adeec-caee-4c6a-bed7-cadd89d17d53_crimeoa.owl_functional.owl,34008135,11291741,45299876
approximated_82dcda9c-46a4-4aa3-9b88-8d748024ce97_Process.owl_functional.owl,16189800,6852853,23042653
approximated_1c0b94a1-e148-479c-8717-1a576e48e7ec_Lowboy.ttl_functional.owl,11652478,3640428,15292906
cb4e3305-95e4-49e0-bd5f-c32d2290743b_mmusdv.obo_functional.owl,14891825,13648372,28540197
29c0561e-6a44-4380-a519-195cb988e93d_classified.obo_functional.owl,527239024,858832026,1386071050
approximated_dbe4fbd3-83c8-45c1-8dbd-c1d1a2cccd33_sequence.owl_functional.owl,57219932,112551047,169770979
cfb29d8a-dd22-4da8-b81c-01ce513a0c0d_kupodisease.owl_functional.owl,25682894,17436727,43119621
approximated_368942d2-8547-4bb9-bc3b-453542908291__extractor.ttl_functional.owl,14889049,3866564,18755613
approximated_d32ba9dd-f7ee-4d8d-b36b-6ced6d264280_codtools_03.owl_functional.owl,19648133,7871694,27519827
approximated_91326a92-6938-47d4-86a5-0ef08be84bbf_4_09_18_44.owl_functional.owl,16279641,8526863,24806504
approximated_29936615-dde3-4111-bbf4-559401c8b6d3_e_roasting.ttl_functional.owl,13763165,3932782,17695947
4bcdd125-f27b-446e-a086-20cacab7422c_teria_mrca.obo_functional.owl,16493845,6622614,23116459
0fd71c33-6283-4ce0-b326-b7ec9bd64157_regulation.obo_functional.owl,1400495641,3122148906,4522644547
approximated_bco.biological-collections-ontology.7.owl.xml_functional.owl,19515548,12461921,31977469
approximated_dfd615e2-eaaf-4383-84bc-24e1256cd400_onto.rdf_functional.owl,14589008,3513981,18102989
approximated_7997d416-476b-4ae7-aa9a-1e80929b4de6_ocChemical.owl_functional.owl,128221674,212290970,340512644
nmosp.neuromorphoorg-species-ontology.3.owl.xml_functional.owl,35107025,64671007,99778032
approximated_1ce518f6-3efe-494b-8787-352b97d321aa_onto.rdf_functional.owl,17822082,5269758,23091840
approximated_0863b2c2-8cf2-462e-831e-87468730b22f_food.owl_functional.owl,16107220,5542714,21649934
approximated_53068f7e-e3b3-468f-ad1f-2103c003c349_eRoleTrust.owl_functional.owl,133929663,218192222,352121885
approximated_d7da87b7-52ea-429b-a2b5-fcb84a16d772_ontology.owl_functional.owl,12069996,7862323,19932319
approximated_30836b24-e55d-4d95-a812-b016fecebffa_idDynamics.owl_functional.owl,141445431,247650833,389096264
approximated_8657e37e-81d7-4a60-9db1-3c0e4dd470ac_chemtop.owl_functional.owl,13498961,8366227,21865188
approximated_bb2d0110-9b72-4dfd-a463-06adcaf75161__furniture.ttl_functional.owl,11778248,3786427,15564675
approximated_176c09c5-07a7-467b-bf0d-3e0b88139789_NIFOrganism.owl_functional.owl,46425176,40706216,87131392
approximated_fa15a178-b47e-4555-9d3b-7ea451654d82_ngoProcess.owl_functional.owl,18015418,14219075,32234493
approximated_15dd1fc3-a384-49e6-a0de-4ca0c7d67376_DP1.27.owl_functional.owl,22987909,3504507,26492416
2bcf983c-ab17-482f-b2a2-34b92aa4312d_sfo.rdfs_functional.owl,16554595,3404696,19959291
4c29178c-bc2b-4843-af95-91eef4ffe392_onto.rdf_functional.owl,12514972,3366293,15881265
approximated_61485d20-20ef-4977-b2f4-575db247e131_onto.rdf_functional.owl,14662486,4858719,19521205
c61a0242-1015-4883-970f-f1e580cecd47_lcacheSWRL.owl_functional.owl,56592932,11992808,68585740
approximated_pmr.physical-medicine-and-rehabilitation.3.owl.xml_functional.owl,11090777,7040306,18131083
approximated_kb-owl-syntax-unraveled-depth-0-cardinalities-disjointness-triggers-constant-classes-value-classes.ofn_functional.owl,412636344,997867238,1410503582
approximated_efbb1bd4-961a-475e-9c74-ab950979aa68_ston_valve.ttl_functional.owl,14756662,3738621,18495283
approximated_567da6ab-0baf-440d-a84b-cf19aa919b68_Black_cod.ttl_functional.owl,17040655,3699319,20739974
approximated_00782.owl_functional.owl,34062714,15974832,50037546
fb9f3da0-48be-4d78-86b2-804fe1908402_resistance.obo_functional.owl,83068484,222457366,305525850
e4f2576d-a517-450a-ad91-a37add9926f2_Disease.owl_functional.owl,21173034,2424863,23597897
approximated_c0a18b87-3db3-4db5-960f-413f489262d4__component.owl_functional.owl,98630236,277920837,376551073
approximated_51aa27c1-043e-4fd2-8f97-78e38ec9a123_premises661.rdf_functional.owl,16303287,9697171,26000458
approximated_af5d4c4c-ac77-4a25-9f93-cd5f07f5c04a_ter_cheese.rdf_functional.owl,9326971,3645219,12972190
7feabbff-eb49-42a8-84d7-9510894687b8_zfa.obo_functional.owl,236030915,550888440,786919355
867b8c43-6f8d-47ae-b0fb-b7a8202f55b9_amesPlayer.owl_functional.owl,17203909,1013305,18217214
approximated_4af56714-91e7-4f01-a2b1-32901f029142__Leicester.rdf_functional.owl,11637246,3795984,15433230
approximated_4cf35e2c-b46e-4c49-a640-192d6385ce19_Broth.ttl_functional.owl,14158606,3687887,17846493
approximated_56234a5b-bed9-4551-8735-1588c01e9a72_biospecimen.owl_functional.owl,8137184,5677543,13814727
4f5642ce-30b6-4379-8da5-f82ab0c79c67_chebilite.obo_functional.owl,807254778,2558754309,3366009087
0745dbda-5142-45d6-8411-2142bc784aaa_fyposimple.obo_functional.owl,89595513,239773144,329368657
4a520bf3-9f46-4cee-95bf-2ce522ea8afa_y.obo.PREVIOUS_functional.owl,141774926,44211300,185986226
approximated_00573.owl_functional.owl,2471530330,7369427968,9840958298
7593a257-68e2-4f4b-8a94-c8fbef8587e0_onto.rdf_functional.owl,16679582,1841978,18521560
approximated_4a3781ca-7c2c-45fe-ac87-5b4a38129ccc_nsverylite.owl_functional.owl,19002356,6358543,25360899
approximated_8cf6080a-38dd-42dc-b759-5f988578c93f_thSolution.owl_functional.owl,132292207,212607525,344899732
approximated_3e8ed311-46b6-49ef-854b-92802565bfa9_onto.rdf_functional.owl,17505607,4668298,22173905
approximated_81035ba0-44cd-447e-8c1d-cc1b6e9d7f34_bom.owl_functional.owl,14009666,11472650,25482316
approximated_72cb36ab-b9b5-481d-bb03-52213966d715_ding_wheel.rdf_functional.owl,11465468,4533167,15998635
approximated_e43ad3c5-6c19-4519-89f3-ea1e66b5d520_tance_edit.owl_functional.owl,53756161,68658589,122414750
approximated_3126934e-af8e-4be5-87ad-762ad9723af3_time.owl_functional.owl,25450503,20730835,46181338
approximated_75ffb667-fe20-4a98-b84e-9c0b604cc249_predicates.owl_functional.owl,75707751,160614664,236322415
08af329b-613b-4c0f-b1dc-7883581ffe98_sbf.owl_functional.owl,28374918,13672346,42047264
approximated_aab5d525-26f0-4a77-b812-18666d9d7dff_brenda.owl_functional.owl,118208069,261148710,379356779
1024c415-fca5-4206-9dbe-04d020ca896c_psimod.owl2_functional.owl,57384462,160291910,217676372
approximated_0ca32d25-1762-4f09-935a-ca9c3d452452_Adhesive.ttl_functional.owl,17154288,3662379,20816667
1fe35384-5617-46dc-b433-bb5c4f7144ae_LunarCrater.owl_functional.owl,12751390,884611,13636001
d66bae8e-09f3-4f44-8adc-81c5184732ce_iao.obo_functional.owl,9959133,6285375,16244508
approximated_22835b8d-156c-4fe3-8d9e-efee7abccb19_Amiga_2000.rdf_functional.owl,14154954,3798555,17953509
approximated_rctont.randomized-controlled-trials-ontology.1.owl.xml_functional.owl,13582087,14240063,27822150
approximated_74da6be0-d432-4d37-8754-cf92a262f726_Design.v26.owl_functional.owl,16291486,10377401,26668887
approximated_1312d3e8-87ea-4265-ab84-f6325c677357_onto.rdf_functional.owl,11120362,3931026,15051388
approximated_e6ab41b8-ea6a-4ad9-b545-b1a2e12c6056_rfixionorig.n3_functional.owl,16589964,4438819,21028783
approximated_35517746-4898-4c15-a905-6518355a4b85_ST2009SHIN.owl_functional.owl,980044291,73027292,1053071583
approximated_063a31e2-d4ab-47f9-8317-61fc68bcd0eb_pe_measure.ttl_functional.owl,13367071,3706878,17073949
approximated_56c48430-1d7f-4c24-bc88-b18a1ebed4ba_confious.owl_functional.owl,14903399,8391324,23294723
approximated_6f4c8e4c-3c0a-4c8f-a2e7-b0e77bbbdc47_Mitre_clamp.rdf_functional.owl,16842623,3692811,20535434
approximated_9f6eba2b-d7c8-49d6-85f8-32b870f171e0_Design.v27.owl_functional.owl,13662746,10595748,24258494
approximated_696640a9-8847-42a1-b3f3-21af72203940_alMolecule.owl_functional.owl,30380175,30699525,61079700
approximated_c583158e-626b-46af-8908-e47014ae1ff8_ceAnalysis.owl_functional.owl,141655508,252408455,394063963
38eeea63-a1ea-4cd1-9f1d-163238a0071c_nnotations.owl_functional.owl,8911093638,7474979640,16386073278
approximated_02626818-2955-4e31-bb56-5c9efaa9143a_COSMOtop709.owl_functional.owl,310702572,527746527,838449099
approximated_c854f077-a8ad-4041-b749-371a662bfb9d_topchemtop.owl_functional.owl,24832548,41627473,66460021
approximated_64e7a0f1-60a3-4a5f-9fa3-3dabc7aba397_out.rdf_functional.owl,204896975,105074869,309971844
approximated_5cedb1a1-a84f-4ccf-ab4c-a23e0bca2508_Arsenic.ttl_functional.owl,17762138,3901742,21663880
approximated_c91ef5c4-b401-45a4-817e-38fe03988859_ss_crusher.ttl_functional.owl,16070391,3714725,19785116
9c6e2c2f-8946-4de2-9403-dd01da92c909_image.obo_functional.owl,22219367,24310734,46530101
approximated_4a8d2653-ebd8-4d73-a256-52e5e84b9cd8_ecoedit.obo_functional.owl,25515865,39361285,64877150
approximated_cbcf70c0-166c-4578-bb85-cf7601639ea0_ectralBand.owl_functional.owl,141338923,216039240,357378163
approximated_f1395437-68d1-4c5a-8615-b7714be541fb_reprSciLaw.owl_functional.owl,145079161,252626565,397705726
approximated_03640eab-454b-4ae7-af46-f3360781e1b9_Hook_ladder.rdf_functional.owl,16948143,3673447,20621590
approximated_c3b73d03-04d6-48b1-8c1f-a1c95131b186_EDOntology.owl_functional.owl,30644479,25922136,56566615
cab7d1bc-89a2-4b78-8a92-10bb0b7f8f31_tology.1_2.obo_functional.owl,1503057818,4186459081,5689516899
approximated_6516f88c-8dbc-44b2-a490-31d74c9c75e5_gc_functional.owl,15890894,4850663,20741557
approximated_153a417a-84a8-4849-a246-bbaeb3cb8e11_Check_valve.rdf_functional.owl,17604635,3764168,21368803
297f52f1-83da-4508-885a-82c37e7f15d3_atol_v6.owl_functional.owl,49747449,105996646,155744095
approximated_95b3e3ee-34df-4c91-bfbe-0ac1fdfbf434_DDR2_SDRAM.rdf_functional.owl,15356727,3801794,19158521
approximated_59e65c7f-12e7-4981-9227-16607af99f9a_raphicData.owl_functional.owl,12569055,6724759,19293814
approximated_942096f7-8856-497b-a5d9-e12e59b9a4ba_SAOcore.owl_functional.owl,28738178,46697425,75435603
approximated_efe25187-5707-4419-95f2-b2a876072b98_and_onions.rdf_functional.owl,14720005,3987381,18707386
approximated_090d43b0-344e-41db-9072-677d047e111a_y_clothing.ttl_functional.owl,12816480,3731330,16547810
approximated_f3fdd732-54e6-4bc4-8484-6dca7302f377_testinalis.obo_functional.owl,1491337786,3298235157,4789572943
8ec61954-36f1-45db-afa0-09e6683b4f21_ent_xp_go.owl2_functional.owl,50230030,5880508,56110538
5669707e-ff3f-4417-9965-1bcada923782__function.owl2_functional.owl,184158400,534271376,718429776
approximated_b0e8c75c-caca-46e2-856c-2a375cd7779a_Keyhole_saw.ttl_functional.owl,12753980,3854445,16608425
approximated_8f9fd337-a811-48d2-b71b-6cf6a0b9bd20_complex1.0.owl_functional.owl,38973770,84916288,123890058
approximated_f13918f7-c1c6-43fc-bf89-fce7db9ea602_PreO052206.owl_functional.owl,21050355,24164190,45214545
419e5586-4573-4ce5-aa07-6d7c174762f6_gobasic.obo_functional.owl,1487858148,4162979236,5650837384
approximated_5404637b-2342-4d95-b413-bbc043601173_Earthworm.ttl_functional.owl,15255174,3734339,18989513
approximated_96db04f3-ced2-434d-bf99-1f1a609c9d44_uneLexicon.owl_functional.owl,12063550,10749796,22813346
approximated_adda0abf-100f-49b7-893d-679b5e0764e1_iard_table.rdf_functional.owl,12095971,3847249,15943220
approximated_kb-owl-syntax-unraveled-depth-1-disjointness-triggers.ofn_functional.owl,707837971,1525496483,2233334454
approximated_2cbcfc9c-1788-46f5-a4cd-17737cc0db4e_COSMOtop745.owl_functional.owl,340672082,569430509,910102591
approximated_00400.owl_functional.owl,668780754,2054185824,2722966578
approximated_00503.owl_functional.owl,21133700,13040565,34174265
approximated_ae59cc65-2dac-4938-955c-b78eeffe3fcf_instrument.rdf_functional.owl,10887546,3643118,14530664
approximated_92a1e1e9-9216-41c0-92c2-3091c92988c5_mergedobi.owl_functional.owl,291436388,540912835,832349223
approximated_9e7ac78e-bfba-4cbc-84af-335a9cf5c6fd_DUL.owl_functional.owl,16052933,11321204,27374137
approximated_a85eb64c-63bc-4097-ab8c-2f0e32237aa7_astroPlanet.owl_functional.owl,70099112,126795458,196894570
approximated_06f773e7-32a4-4165-84a5-3931411b811b_ncrete_saw.ttl_functional.owl,9337363,4273345,13610708
approximated_kb-owl-syntax-unraveled-depth-0-cardinalities-disjointness-relation-axioms.ofn_functional.owl,375545235,819617090,1195162325
66f1cb55-ad18-4c4a-875d-b337cba28bd5__xp_chebi.owl2_functional.owl,209001392,125233639,334235031
approximated_835f8828-32c2-45fc-af57-5e6834d4e372_nlessRatio.owl_functional.owl,169481407,216365024,385846431
approximated_3fdad92c-f39e-4fc8-8b4b-b8c2d9d4314c_datatype.owl_functional.owl,7476935,10259760,17736695
approximated_f2634272-29a9-4cb0-aecb-d6d69c132aa6_onto.rdf_functional.owl,18729928,4916421,23646349
approximated_198266dc-9979-40f0-8ccd-dbac15d6a886_biol.owl_functional.owl,26129256,30040813,56170069
approximated_846f8a8b-3ca8-462c-ac60-3f3eb19bc999_PaulFisher.rdf_functional.owl,14860949,2880643,17741592
approximated_49cc87d3-70dd-425e-b728-d8f599e88666_shoe.owl_functional.owl,14530248,5985389,20515637
approximated_1ca758f5-aa0a-4523-b7e5-6c574bebd9f4_an_anatomy.owl_functional.owl,31610631,37044982,68655613
approximated_1d2653a6-1b3c-4515-8fce-e8b7f01aa294_ficial_fly.ttl_functional.owl,15948796,3735074,19683870
approximated_a1d17f69-3925-4c4d-b5dc-d2454b3dc723_loskeletal.obo_functional.owl,181307752,445553444,626861196
approximated_88e1b852-9ee4-4fa3-96f2-1699d0230dd6_n_dressing.ttl_functional.owl,11090212,3957129,15047341
1023b845-39a7-490f-9120-2d98e9cf11e3_rerelease.owl2_functional.owl,22944046,14165554,37109600
c78d24dd-67ae-453f-8efc-d4fe1228c084_ertyDcrelation_functional.owl,11436403,995731,12432134
approximated_58dafe47-fe8a-4082-ae8b-e65a94d78d1f_commesse.owl_functional.owl,18832183,12072383,30904566
84a7c924-32c3-492b-92b1-ba16f3c4607b_IDOMAL_02b.obo_functional.owl,57857660,125586603,183444263
approximated_8d751b94-82ff-40b2-8de3-a953d606d0d0_ess_memory.rdf_functional.owl,11422699,4263353,15686052
approximated_7bb9b1d8-b62f-4d19-bf1c-48235bb2df99_pulsbridge.owl_functional.owl,134237541,56862560,191100101
approximated_00437.owl_functional.owl,2755268047,8042858638,10798126685
8aaa1e07-1ca6-44c8-a65b-6ccde9255cfc_rex.owl2_functional.owl,28121865,36256202,64378067
approximated_3354ab06-569e-42fb-bf57-7ba0e6ff5b36_delisation.owl_functional.owl,32108851,43796630,75905481
approximated_8583b0ce-1f56-4046-8b59-4720f46f2ed1_lantic_cod.ttl_functional.owl,19198648,3884523,23083171
approximated_d9c0c83b-4e2a-4b48-b3ad-24ff73a6c564_anDecision.owl_functional.owl,143612561,217314215,360926776
approximated_c88a8f00-08da-49a9-8469-3dae5e6c16c0_cal_pencil.rdf_functional.owl,17817879,3823437,21641316
approximated_8202a49d-36df-4413-881f-73eec9f9b902_EHDAA2.owl_functional.owl,374595766,673377184,1047972950
442f333a-503e-42ac-9a26-7cfd6e9c9bf1_WP_XP_WBbt.obo_functional.owl,31723556,5986205,37709761
approximated_542c1f61-1f41-4439-98c8-a5b806522b8d_onto.rdf_functional.owl,15550806,4963915,20514721
20587d7a-7c92-4314-8ab2-dc43b19257c7_Song.owl_functional.owl,16145195,1554344,17699539
approximated_00413.owl_functional.owl,112856382,277973165,390829547
approximated_321268b3-4e57-4c51-b142-22bdeb268c54_Requeijo.ttl_functional.owl,17170757,5386245,22557002
approximated_c66dde76-0016-4740-8ae3-a6a0bb3be222_Letter_box.rdf_functional.owl,16271436,3849661,20121097
approximated_kb-owl-syntax-unraveled-depth-3-km-relevant-cardinalities-triggers-constant-classes-relation-axioms-value-classes.ofn_functional.owl,381148356,979316049,1360464405
approximated_34a5dc66-20c7-43ea-9f08-6e9b8591d32e_gue_pastry.rdf_functional.owl,106408334,3695283,110103617
approximated_f5f30708-0a50-4a87-82a5-8deb61f8e62e_Kuchen.ttl_functional.owl,14628740,3848288,18477028
approximated_083a0b34-1db8-46e4-9f12-8d2eb4785f0b_e_ontology.owl_functional.owl,192300981,486644700,678945681
approximated_1ea03413-61d7-4127-9780-3cef952db7e5_component.owl_functional.owl,139910969,179668803,319579772
055a02d0-c468-4729-ab70-d301b0c99c21_sgenechrom.owl_functional.owl,534340742,1054046045,1588386787
49988d89-71b4-4bfa-8332-3b9c5f46feed_taxonomy.owl_functional.owl,10377978,11017817,21395795
approximated_92f6b7ae-e47c-4d1f-a2a4-3d23538b1fcf_time.owl_functional.owl,50436688,89968393,140405081
approximated_25cabfec-591e-4a93-a8e5-e5d6c955f221_annotations.owl_functional.owl,65397974,9182030,74580004
a609ea98-32da-4296-a5a3-df6cfb510b75_cell.obo_functional.owl,63510277,145765413,209275690
approximated_00533.owl_functional.owl,1830701532,5312318610,7143020142
approximated_2a61679b-3818-43cf-9ea0-54e6dceb6b1f_gyVersion1.owl_functional.owl,106335949,8669195,115005144
df1865b4-b96e-4b5d-8a5b-fc61dac520bc_sportEvent.owl_functional.owl,87106159,18245490,105351649
0be7640e-1f36-4db5-b96d-26eae0df6e31_onto.rdf_functional.owl,69559887,3438163,72998050
6e89baa3-1195-489d-b410-a0fdfbee4d01_l.obo.PREVIOUS_functional.owl,55909875,19013050,74922925
5c062ba9-73e5-4667-b224-8e370efc8222_Government.owl_functional.owl,281835502,7409502,289245004
approximated_dc6f7c16-91ac-4fcb-8efe-1f448066f172_go_cc.owl_functional.owl,140538525,266597119,407135644
approximated_43e24ab8-fa95-4aad-8d3c-f10424621e6d_aic_system.ttl_functional.owl,18286635,3799795,22086430
approximated_3983a269-8061-4349-bb79-cd1969fe40c3_oor_buffer.ttl_functional.owl,9602062,3786872,13388934
approximated_0192ecd4-0f0d-4a66-b910-dbc4f8b733a7_accexample.owl_functional.owl,16281294,4396509,20677803
57606b25-f78f-420e-89b8-97c6a48cdd45_n_anatomy.owl2_functional.owl,29862858,39527503,69390361
approximated_ac09acac-e682-45fe-8146-a2d9c7062382_Home_wiring.rdf_functional.owl,14727963,3691576,18419539
approximated_0898a3eb-b41b-4dac-931c-75632b5ef305_basic.obo_functional.owl,586290768,1613108324,2199399092
approximated_63f768c0-be18-451d-9c0e-b699badd95c2_leMaterial.owl_functional.owl,138633452,250612228,389245680
approximated_b09b63e8-f45f-486c-9bb4-84bbbf78cec8_eanFeature.owl_functional.owl,158330250,209619440,367949690
approximated_781cd4ea-dc4e-419f-925a-8b344ac78bdb_icAnalysis.owl_functional.owl,11052956,4146279,15199235
approximated_0680e1ae-718e-40d9-92af-1cabd62c90a4_imeAverage.owl_functional.owl,141168840,215679485,356848325
approximated_41b8dbed-1635-4b5d-856a-256b572a0cb0_biotopcore.owl_functional.owl,25821617,19663896,45485513
82bffb7c-a66b-4030-b6fe-7acab0401872_substance.rdf_functional.owl,11662739,7075196,18737935
approximated_10de9537-0263-4fe7-8e32-c57985add702_POWER2.ttl_functional.owl,17825394,3742337,21567731
approximated_8ece82cd-f295-492b-a46b-a4f856c9d3fe_Backsaw.rdf_functional.owl,15028867,3666250,18695117
approximated_ac94beff-32e2-4834-8c0e-4ea4f1898169_po.owl_functional.owl,46507481,93415692,139923173
approximated_kb-owl-syntax-unraveled-depth-4-km-relevant-cardinalities-disjointness-triggers-constant-classes-value-classes.ofn_functional.owl,757904546,1469760428,2227664974
4f3c0ef2-95ab-49c5-b36e-fdea1f7b5384_nnotations.owl_functional.owl,9253955807,8239566599,17493522406
approximated_c2d754c9-933e-4d74-9462-cb41b4124181_vel220copy.owl_functional.owl,17335906,5000533,22336439
approximated_kb-owl-syntax-unraveled-depth-4-cardinalities-disjointness-triggers-constant-classes-relation-axioms-value-classes.ofn_functional.owl,768072158,1549318831,2317390989
57c94444-63d7-4aa6-b656-be2afa4a06c7_phenotype.owl2_functional.owl,215525553,635945776,851471329
approximated_980c05a6-401c-45a6-a722-b99383fb913b_EXTRACT_RM.owl_functional.owl,19231734,18268637,37500371
3a78c22a-0f10-45f8-b11f-82d5f84684c7_tplusmouse.owl_functional.owl,178608158,197668295,376276453
approximated_53d576c6-e2fa-460d-9066-5c7aafd9ba89_us_anatomy.owl_functional.owl,39615287,80083001,119698288
approximated_09b45261-1d9d-4832-8faa-b8837e9a29e7_221onto.rdf_functional.owl,16292181,3706101,19998282
approximated_ffcb7948-c657-4034-9c07-236513cd741a_iableHuman.owl_functional.owl,15542411,10423691,25966102
approximated_ec505798-4555-4edb-bb60-aaaebf1fe396_cedexCore.owl_functional.owl,18856825,5975191,24832016
approximated_e93465e3-0d17-4b17-9623-d9dc354ce5d2_FN1.50.owl_functional.owl,25976930,8059912,34036842
approximated_a64edfcb-0233-4130-a277-4cf556838f70_xample_ebu.owl_functional.owl,18405190,5892203,24297393
approximated_d78c5b33-a927-4239-b273-fa0b82eedfad_content.owl_functional.owl,39044978,15685848,54730826
approximated_d603a76d-cb58-4768-bc7c-6b3cb1c588e5_Crouton.ttl_functional.owl,12472037,3858219,16330256
approximated_kb-owl-syntax-unraveled-depth-3-cardinalities-disjointness-relation-axioms.ofn_functional.owl,681820600,1430283376,2112103976
4812315f-8139-4fae-81e6-a78380bab65c_nriaBibTex.owl_functional.owl,18219077,2162308,20381385
approximated_3978b09a-79c4-421d-8160-5ab1435c78ff_nGeolFault.owl_functional.owl,135928613,252959499,388888112
approximated_4e002914-0d35-4de8-a197-4ad9029acc08_nseMapping.owl_functional.owl,25957981,24762731,50720712
approximated_7b1bb33d-f798-471c-b3a4-d0629dc55479_phen.owl_functional.owl,135760425,215403463,351163888
approximated_00b7bf3c-ec7f-4636-801a-c965deb4cc17_1.1_functional.owl,13785929,5883858,19669787
0ada0275-aacc-4314-b611-4b8ab4bcdd2a_henotype_xp_go_functional.owl,38748564,10959119,49707683
approximated_18976231-83bc-4413-93f0-153e194e2d0a_Candle.ttl_functional.owl,15339512,3779164,19118676
approximated_4f84d4f8-165b-4e4a-a8b7-c0461064245b__functional.owl,10981286,3226782,14208068
1c7c683a-205e-4620-aadd-90161e37ff90_iev.obo_functional.owl,164225202,367386077,531611279
approximated_4a0f1929-1a1b-424c-a9a9-bf684575cc2e_Solar_lamp.rdf_functional.owl,15149799,3843018,18992817
approximated_4e5f35d3-1e97-4ad1-937b-9237849cde79_umlssn.owl_functional.owl,15367339,7661360,23028699
approximated_1f8e8f12-970e-44dc-8813-7e4c5e537c2d_Fishing_rod.ttl_functional.owl,13210688,3760140,16970828
approximated_3dc8e0f9-1824-4b4d-975d-19d5310061bf_Jeans.rdf_functional.owl,16367781,3801935,20169716
5385c20a-b696-43db-b6dd-3c548f7ae2ba_onto.rdf_functional.owl,9817171,1679669,11496840
approximated_0d2463e8-8c15-49be-b6b7-fbd9b73e07da_REX_functional.owl,24527058,36060477,60587535
approximated_26463604-3238-444d-86de-a1c0eab11ae7_y_molasses.rdf_functional.owl,18567364,3741132,22308496
fcb31fa8-fb55-4719-86c1-f4d506bb4a8f_wc20060921.rdf_functional.owl,13624711,3808789,17433500
hao.hymenoptera-anatomy-ontology.21.owl.xml_functional.owl,93848928,223170000,317018928
approximated_999212cc-d372-4d86-a6f1-1e766ef9a0e1_tuebalink.rdf_functional.owl,32343866,58292948,90636814
fdc00b77-9c4a-4384-b108-76690aafdd93_setdiagram.rdf_functional.owl,12820812,4037311,16858123
approximated_1f9500a2-151b-4855-8b7c-5a2229d1d871_toy_functional.owl,10240219,4138803,14379022
approximated_fcd5396f-bad2-4202-96a6-e70129ac4140_odcmapping.owl_functional.owl,10596510,5164335,15760845
approximated_79ad3e7a-658c-42e8-bda7-0247b2f9b31f_elontology.owl_functional.owl,20428902,14025874,34454776
approximated_ec95ec5e-711a-4ac4-ae5a-340d3f06c98a_orialstep2.owl_functional.owl,14114424,7524786,21639210
approximated_42a5a9d8-9149-4e21-9ab4-c4448492f230_ry_fencing.ttl_functional.owl,16537105,3626372,20163477
approximated_32d60478-4d66-40d1-8ec5-9ffe3ceeb408_DOLCELite.owl_functional.owl,14724158,5891889,20616047
56432e07-0753-4131-a339-0c69ee680892_nent_xp_go.obo_functional.owl,23968875,6097858,30066733
approximated_d08b90e9-b209-42b7-90ae-b8355f298f06_triz.owl_functional.owl,207922729,17314565,225237294
approximated_887d4b85-c344-489a-867d-8aedc1052df5_realmAtmo.owl_functional.owl,143301259,250574744,393876003
23d1529c-7b12-4966-9957-9acb34786688_Reptile.owl_functional.owl,15125790,1637288,16763078
approximated_8ab3e5bf-55c1-404d-a1c9-c9c8f2434aaa_a_ontology.owl_functional.owl,68650124,161801780,230451904
da075f7b-a0fd-4afd-bfe1-a8fcc0a16a62_patomerged.owl_functional.owl,53544572,83174817,136719389
approximated_5d04eeac-a812-4569-8538-84aedb172802_sequence_xp.obo_functional.owl,64521124,131992842,196513966
approximated_wb-bt.c-elegans-gross-anatomy-vocabulary.95.owl.xml_functional.owl,322863773,683225526,1006089299
approximated_8f229f69-db9c-4aee-a74b-058af5f33ba1_kupocore.owl_functional.owl,34410492,66036631,100447123
approximated_f9d8606c-b276-49fe-8201-0b3a0cd7ad52_ImpUiTest1.owl_functional.owl,13448823,8551002,21999825
mmo.measurement-method-ontology.42.owl.xml_functional.owl,21451326,29569642,51020968
00142.owl_functional.owl,32781966,24279299,57061265
approximated_0d9eb3fe-033f-4fbc-b5a1-b06cd74a360d_onto.rdf_functional.owl,43426084,4816334,48242418
approximated_02730161-0e8e-4b16-ad57-55b21ee2a875_cipitation.owl_functional.owl,126514805,213352493,339867298
approximated_d8522555-aa25-4fcc-9d49-fed22881ed41_eryContext.owl_functional.owl,110303080,20258174,130561254
4a283a23-9bfd-4a34-85e9-98abf7f6f025_botany.rdf_functional.owl,82717156,794071,83511227
approximated_3fab7bb3-6907-4008-bd89-2f06e091311e_S3.owl_functional.owl,9817356,4303544,14120900
approximated_8d7cc12c-5af6-4e7c-acb7-f183c0fd1836_aulic_pump.ttl_functional.owl,16432498,3782819,20215317
approximated_00046.owl_functional.owl,1943753068,4314155000,6257908068
047db972-b42a-4b07-a9f8-350a25946255_manprotege.owl_functional.owl,99903023,121617168,221520191
approximated_852dc966-7088-48f2-b82f-03e6ce565a0e_slim_plant.owl_functional.owl,12095163,7538007,19633170
approximated_25e239b7-5f11-45aa-afd9-16a99e2818b7_Web_service.ttl_functional.owl,14921951,3761794,18683745
approximated_291579b8-c7ce-4272-b3c8-d87099a9a782_Libro.ttl_functional.owl,12543561,3652046,16195607
approximated_4655086b-352b-4c4b-9ffa-473d84b42009_LexInfo.owl_functional.owl,14567283,12115846,26683129
approximated_f00d6f3c-8071-47be-845e-d325985c6be5_4_09_18_15.owl_functional.owl,14037474,6615489,20652963
973e724c-1e75-47fb-9895-7e337afe225a_i_taxonomy.obo_functional.owl,16502026032,46477831042,62979857074
approximated_5a358aef-5457-4b1f-ad48-11bc424f9fff_Bryndza.ttl_functional.owl,21127055,5990800,27117855
approximated_1a48cbdf-e5e4-4357-950d-5961118db455_Wurstsalat.rdf_functional.owl,10304927,3831901,14136828
approximated_1f1e10ae-ba19-490d-8365-131487b39b24_Putty_knife.rdf_functional.owl,13947823,3855325,17803148
approximated_193fe309-0933-4750-a30c-b29a94415bbd_FBdv.owl_functional.owl,16434086,21334959,37769045
approximated_4e5c98ae-7192-476f-bdf3-7c93f526f4da_ithesaurus.owl_functional.owl,5842715141,11655115903,17497831044
2f3c57c3-2e59-421f-8ae4-9d1c35ed039b_nnotations.owl_functional.owl,21895707849,18676006426,40571714275
approximated_e489285d-f1c8-4239-a5b2-dbdc467acdfc_ter_cheese.ttl_functional.owl,14821236,3793547,18614783
approximated_016506e7-05c4-4a18-bb69-553810036eab_ology1.1.9.owl_functional.owl,33261516,26327574,59589090
db6d5f96-7b79-4c9c-89ac-e7a1b3140a4f_prerelease.obo_functional.owl,46674884,87907218,134582102
approximated_713f7d42-440e-4a9b-bcf4-edc324f1353a_pennlink.rdf_functional.owl,34331524,55027509,89359033
approximated_62782ae6-1b9b-4b81-b9a8-ebc5d9ce109e_lexicon.owl_functional.owl,22785699,12447076,35232775
approximated_33ec7680-b505-4569-a701-da82923cc658_CoreLegal.owl_functional.owl,23007871,24938911,47946782
approximated_kb-owl-syntax-unraveled-depth-4-cardinalities-disjointness-constant-classes-relation-axioms-value-classes.ofn_functional.owl,727328436,1526751741,2254080177
approximated_ca8f5840-f46f-4f57-86cb-7ca8df608aee_dataschema_functional.owl,10739185,7541786,18280971
approximated_557d2c6e-a4e6-440b-a9a7-b64fe5f4c203_preonto.rdf_functional.owl,18190474,6613606,24804080
approximated_85583e20-8bdd-4c70-b2bb-25ec28ca37b8_Moka_pot.rdf_functional.owl,14083276,3738761,17822037
b2a1ce14-a7e3-4ffa-9cb3-892bce53b4ca_erdb_edited.nt_functional.owl,9770397,2346078,12116475
d89474ea-d9b8-40a9-b917-f48912dedc2f_y.obo.PREVIOUS_functional.owl,22489541,37810004,60299545
approximated_21c620f9-15ad-493c-b700-d7d4742ad1ed_erg_cheese.rdf_functional.owl,10078505,3768150,13846655
approximated_1c2a8c16-4c7a-4d77-ab0e-4656fb59d24d_tity_theft.ttl_functional.owl,11182164,4595757,15777921
approximated_aa9a800f-04d7-4fea-948e-0c3d0a473708_phenAtmoFog.owl_functional.owl,145602915,247701903,393304818
approximated_f7a23f0f-1de0-4996-a60c-584af67ed532_lanDMWFHTN.owl_functional.owl,23084286,27339774,50424060
kb-owl-syntax-unraveled-depth-1-constant-classes-value-nominals.ofn_functional.owl,913323489,683704395,1597027884
approximated_00578.owl_functional.owl,37874253,66905927,104780180
approximated_82581fc1-0bad-4cfd-9267-c34557210e55_Clam.ttl_functional.owl,17780771,3693796,21474567
approximated_02c5ce82-abd4-4c42-b4b0-d4c1e79f21b5_consistent.owl_functional.owl,9398859,7289442,16688301
bcteo.bone-and-cartilage-tissue-engineering-ontology.4.owl.xml_functional.owl,17778337,24800730,42579067
approximated_d26b1d4e-0ad6-4e34-b944-5f2f034551fe_elBaseline.owl_functional.owl,8490667,1671289,10161956
approximated_kb-owl-syntax-coreference-IDs-cardinalities-triggers-constant-classes-relation-axioms-value-nominals.ofn_functional.owl,637751531,1769455738,2407207269
approximated_5644f9ee-97ab-480d-945b-2e7ee644c06b_Rice_paper.rdf_functional.owl,24945459,4456968,29402427
approximated_DPC1.owl_functional.owl,1147039946,284173278,1431213224
approximated_48680ec1-63fa-41e0-82a5-222411f44a31_tance_edit.owl_functional.owl,73892712,76360132,150252844
approximated_9c00bb2f-6d1a-4050-b08d-abffd5034bef_Sally_Saw.rdf_functional.owl,16238736,3837883,20076619
130d584e-6e5e-406f-ace6-42f87e6c3750_ma.owl_functional.owl,94640836,222329700,316970536
approximated_04a3929f-d335-4435-9f9a-6f2c6bd02721_onto.rdf_functional.owl,18745892,4868918,23614810
approximated_d3b582e6-6c37-4bf4-ba1d-2f2ea58a60ee_ale_cheese.rdf_functional.owl,15410873,3673979,19084852
approximated_fd827207-ef0c-49e1-87ee-4f511a64f2fc_wine.owl.sep_functional.owl,14296493,12321930,26618423
approximated_50b859e3-8c51-430a-8a2b-28abd0e9c21b_iribib.owl_functional.owl,12346481,2482766,14829247
approximated_a36ed951-2090-4437-91d8-d22fa046c9cd_rnao.owl_functional.owl,53748336,93185151,146933487
approximated_00793.owl_functional.owl,14473943,13278634,27752577
approximated_56c78db5-5fc2-45bb-a3b2-6feb398ea096_eanCoastal.owl_functional.owl,129264035,211842928,341106963
243f4450-8be7-49bd-a736-00914f88e2ae_s1.owl_functional.owl,38655158,36654554,75309712
approximated_a897d560-51af-459a-8e93-08d70c658118_p.obo.PREVIOUS_functional.owl,419600332,970487754,1390088086
approximated_f926252f-3225-44e8-ad4d-09142036fe3f_Causality_6.owl_functional.owl,28173892,23766615,51940507
approximated_222fcf8c-ee3d-4d72-a94d-ae1013681f7d_SIO_000008_functional.owl,53172391,94181415,147353806
approximated_07e27833-0331-44b7-ade8-e93de5c1ee2b_computers.owl_functional.owl,160211350,36014090,196225440
52962a04-852f-4d1a-bc4b-a001af44d964_seontology.owl_functional.owl,489318307,1086739135,1576057442
approximated_eed6d725-5a31-482a-bbd7-0990f3887fc7_anCommerce.owl_functional.owl,140519153,248657360,389176513
62e6cd8b-2eaf-4632-874a-5eb758346e2c__xp_chebi.owl2_functional.owl,210832206,127056759,337888965
approximated_sitbac.situation-based-access-control-ontology.3.owl.xml_functional.owl,34500181,15526636,50026817
approximated_51b401f3-6b31-4933-8969-37d3beacd782_uo.owl_functional.owl,26650794,34387225,61038019
approximated_cdao.comparative-data-analysis-ontology.7.owl.xml_functional.owl,21239975,11949646,33189621
approximated_dca6d5fc-74b7-43c0-9e3a-830f3cb9c17a_kimodified.owl_functional.owl,16361570,23617727,39979297
approximated_223e9f97-9026-4774-acaf-d1b2c07d888b_Bread_roll.ttl_functional.owl,14960513,3866132,18826645
approximated_0600a708-0fc7-4f91-a73d-b47bf0458457_Tent.ttl_functional.owl,18391730,3936757,22328487
approximated_6e61d861-58d9-422a-975f-2b671e5b0ae4_PaulFisher.rdf_functional.owl,19899408,5101408,25000816
approximated_593cb27f-5277-483d-974e-6e014b850e4c_gafi_bread.rdf_functional.owl,18344376,3891229,22235605
approximated_9d7c0de4-db79-439c-8542-41954faa216f_Celeron.ttl_functional.owl,16547446,3915417,20462863
approximated_1497b1af-138b-42d7-aa9a-927bc1043d78_cipitation.owl_functional.owl,146679999,248638089,395318088
approximated_aa164fea-9f43-492a-ae45-27ae528a5432_eagleslink.rdf_functional.owl,47690145,67819989,115510134
509d6dbc-3581-42c5-8948-e18b3b173b2e_fma.obo_functional.owl,2813884430,7189581825,10003466255
approximated_fae7ccf9-9a8a-4f34-ad9f-55bcba31c005_curityOntology_functional.owl,15430481,4977443,20407924
approximated_4f04ef29-b9ec-4216-b192-7746ab7252df_biolAnimal.owl_functional.owl,24141981,32815293,56957274
approximated_00569.owl_functional.owl,63190102,127152813,190342915
approximated_86ba3db8-492b-4c56-b96b-c9aa08604220_onto.rdf_functional.owl,9405855,4713779,14119634
approximated_28271632-015d-4980-aa93-16efcf8bf3fc_ano_cheese.ttl_functional.owl,15637813,3851844,19489657
approximated_6d6bf114-2fad-47b3-9526-dd4a8da1d6d1_storage.owl_functional.owl,19917607,17621723,37539330
approximated_cdb18f83-776f-4b40-bd96-afd64596cc31_classified.owl_functional.owl,74162820,173306072,247468892
8c511853-12ba-4236-af28-3990eb95b0fb_NIFCell.owl_functional.owl,12967848,14533150,27500998
approximated_kb-owl-syntax-unraveled-depth-1-km-relevant-cardinalities-relation-axioms.ofn_functional.owl,429723211,1064255152,1493978363
approximated_833a48a8-4047-4fc3-a7a2-7f89fc20c915_biotop.owl_functional.owl,21974515,20091542,42066057
approximated_03efc70b-d7f9-414e-a1b1-9dceded61005_MI.owl_functional.owl,43243031,125603455,168846486
approximated_1de103eb-00ad-4a0c-bf9e-5279acc62cc1_Weisslacker.rdf_functional.owl,12112741,4262514,16375255
approximated_ac46eaf0-1354-495b-b4e0-79cae3a32b50_e_computer.ttl_functional.owl,17270750,3910606,21181356
approximated_33b585c7-a610-4bb4-af96-ff2f17f2bd87_o.owl.PREVIOUS_functional.owl,61848138,139329116,201177254
approximated_77b77bac-eff8-4081-826c-ef74a451fa5c_KEPD_350.rdf_functional.owl,11439665,4488636,15928301
2ff8c1f5-61a3-4bc3-a5fa-0b7ed93f88df_blinCore3g.owl_functional.owl,9359261,2600170,11959431
approximated_28f17659-03d2-459b-9594-11cfd036fef7_Camera.rdf_functional.owl,10718116,3837622,14555738
337a232d-3f4f-470a-ada1-aec74f13a61f_oryRdfProperty_functional.owl,15782035,2184535,17966570
approximated_00005.owl_functional.owl,572242584,1313369281,1885611865
approximated_5272648a-afd7-4449-8a06-aedac653e85a_hitney_GG4.rdf_functional.owl,12328249,4049036,16377285
5199db06-6621-4447-81ed-7fff064402a5_NIFRetired.owl_functional.owl,12067319,6100120,18167439
approximated_358d9c84-586a-48fa-83d1-71c71e1a76f5_Maltesers.ttl_functional.owl,15358618,4355920,19714538
approximated_5402b461-4c43-40a3-947d-9b0beb9478f2_helioscope.rdf_functional.owl,16170694,3908205,20078899
approximated_5642787a-106d-4d50-acee-f5869ae8065b_merged.owl_functional.owl,873276787,2664563884,3537840671
approximated_924cf3eb-fa0d-4d99-a5cd-22ddabbe66c0_onto.rdf_functional.owl,82515119,4614866,87129985
approximated_04c12371-ce77-457d-8466-1d8fec7666f6_avesbasic.owl_functional.owl,1204125526,2074495695,3278621221
37655913-5760-4cc7-930b-1bcc44039b01_tap.rdf_functional.owl,308375977,349007572,657383549
approximated_a9535310-c96e-46f9-b6b1-ca006609dac8_Process.owl_functional.owl,17110757,6705592,23816349
approximated_389a96d0-4b97-429b-b831-cab267dd85f6_223onto.rdf_functional.owl,16982869,6941239,23924108
approximated_118a4487-50c2-4791-a122-b6250d54b154_morphology.owl_functional.owl,66765001,138146472,204911473
approximated_6feab6fb-43ba-4697-9902-12af4f1b08cb_ctionsLite.owl_functional.owl,14109382,11175352,25284734
0c5c41eb-6a00-4b7e-b79d-23f4f021f731_20060526.rdf_functional.owl,13633929,3795522,17429451
approximated_c275f7dd-55ce-49bb-bdf8-1184648a1e5e_n_core.rdf.owl_functional.owl,13931981,14942707,28874688
approximated_00332.owl_functional.owl,9741167,5772232,15513399
approximated_6bffa009-55ec-4cc4-96eb-ffda12170661_NoSQL.ttl_functional.owl,12785500,3657574,16443074
approximated_251f3824-b733-48a9-9aea-be583981a3bd_V11.rdf_functional.owl,16263282,3650062,19913344
495a14bc-7d8a-4d25-9f31-53fd0761b381__xp_chebi.owl2_functional.owl,363952180,175180452,539132632
approximated_3275e489-3818-4329-b7f7-8604cb33c574_ystemState.owl_functional.owl,27625927,50925298,78551225
approximated_f0494396-e65b-4da9-a87d-5e8aa3a175ec_6414s6s2s1.owl_functional.owl,17959907,12016300,29976207
approximated_5097cd64-6d81-440f-a831-cd9dc033af19_don_Bridge.rdf_functional.owl,64558234,3673174,68231408
approximated_e5e689fa-c640-4163-83fb-e2c8270d71d6_ypes_0.99r.owl_functional.owl,20471109,29165203,49636312
approximated_1267162d-89f3-4f8f-9123-8b1d724e3cad_y_Caramilk.ttl_functional.owl,92345914,3740879,96086793
e355c2e5-e6af-4a26-9899-b801aa765e86_tegoryMetawiki_functional.owl,129756640,11794532,141551172
approximated_14c1c304-e5e5-4645-8d2d-8eb673fa6b60_vsto.owl_functional.owl,71747438,16671965,88419403
00b27d6c-5532-43aa-902c-2468b7407841_classified.obo_functional.owl,170497521,219293796,389791317
7039d759-3a0f-434c-8e3c-0b14787ccb53_Kaiko_LSCOM.owl_functional.owl,102031314,225800759,327832073
approximated_c0e2774e-968b-495c-a5a1-c8be243e08ae_sbpax.n3_functional.owl,17750839,10552932,28303771
approximated_17f06dfc-039c-4343-9ff2-5ee20d81060b_ethernet.owl_functional.owl,10345880,5495723,15841603
d9f8eab0-3c46-4414-b526-ed62603b6493_MusicGenre.owl_functional.owl,12475640,1447060,13922700
a65d053b-39da-4808-8c8b-7c28844962b9_tlingEvent.owl_functional.owl,16112188,1126327,17238515
approximated_2cb92e29-c14b-478d-88fe-7ce17c0db374_realm.owl_functional.owl,139600099,214774154,354374253
approximated_4e65432f-5e6e-4b90-9481-91367b55c947_bleOWLTest.owl_functional.owl,11447602,1819520,13267122
approximated_1b2ba6f4-4828-42da-9165-be91b6529c56_uberon.owl_functional.owl,660961671,1862469389,2523431060
c282eb66-ea7c-4da1-a027-8a76286130e8_Chemical_1.owl_functional.owl,10570108,6336243,16906351
0ff1ddbe-7462-4689-b92d-951d18169cf1_a_anatomy.owl2_functional.owl,44417672,102791026,147208698
approximated_c6ac90ee-50d9-43d7-9111-2d5ffd12ced0_ionaddress.owl_functional.owl,19854525,20003934,39858459
approximated_2d983b9f-02a3-433f-9ca7-3b139d51cb09_p_knitting.ttl_functional.owl,11918647,3716397,15635044
approximated_5676d90b-8cf6-4735-93f0-4d9d37a531d3_onto.rdf_functional.owl,11993368,3779701,15773069
approximated_0d87b570-3fc3-4d52-8fab-833dcdd67c5b_my.obo.CURRENT_functional.owl,111210116,253439154,364649270
approximated_15da540f-d51a-4143-aa19-a1510f24c025_artelite.owl_functional.owl,13299677,9711053,23010730
approximated_kb-owl-syntax-coreference-IDs-km-relevant-cardinalities-triggers-constant-classes-relation-axioms-value-classes.ofn_functional.owl,665531782,1647551801,2313083583
approximated_54bd4a53-4111-403d-8d8e-010116144168_tagenomics.owl_functional.owl,16959137,8096992,25056129
approximated_454f77c9-131e-4129-8c5c-b8ec98232212_premises666.rdf_functional.owl,12678569,11330961,24009530
approximated_27a98856-5d51-471d-b21c-01d0f12d2cf2_testinalis.owl_functional.owl,1678714676,4375583223,6054297899
approximated_c212fea7-acc8-4712-b614-1b7d428a2586_Protection.owl_functional.owl,32362008,42961372,75323380
approximated_fc63e30b-0fc8-42cb-a773-61d903caa0f4_propCount.owl_functional.owl,136938928,215343602,352282530
898c15c2-90fb-40ea-b806-842bc68655bc__trait_xp.owl2_functional.owl,36871280,10400340,47271620
approximated_20544e78-e168-408a-8ac8-5ed19900be33_prerelease.obo_functional.owl,651149410,1753774791,2404924201
approximated_0e3a76b1-3951-4bb3-a633-94fbc09194aa_vation_v15.owl_functional.owl,21368171,6300878,27669049
approximated_kb-owl-syntax-unraveled-depth-0-cardinalities-disjointness-constant-classes-relation-axioms-value-nominals.ofn_functional.owl,450288697,897337664,1347626361
approximated_ba68b13b-5742-43ee-8e7e-77c0a02b6565_sciUnits.owl_functional.owl,19814951,19616624,39431575
approximated_10d4a772-3fd9-47fe-b5e7-81e42c99775c_Fish_tape.ttl_functional.owl,16677873,4482613,21160486
approximated_fb0316f5-7860-4154-8ca1-e319393f1332_iiitlink.rdf_functional.owl,41123108,53381483,94504591
approximated_30a118a1-886f-439d-b4fa-0fa4ad0a26ef_ija_cheese.rdf_functional.owl,24671656,6320024,30991680
3acb1f0e-d867-450c-a41c-8d29ac7384da_cule_role.owl2_functional.owl,248180093,587638039,835818132
approximated_82f08abf-8162-4e42-9757-ab609c624e1d_to20110320.owl_functional.owl,32913821,37300663,70214484
approximated_kb-owl-syntax-coreference-IDs-cardinalities-constant-classes-value-classes.ofn_functional.owl,633176968,1795186271,2428363239
approximated_37ae21a8-8d3a-4482-a1ae-34cab320bf93_lapa_bread.ttl_functional.owl,110906373,3665823,114572196
approximated_32890b05-5f9f-4103-a102-ea222df97928_city_meter.rdf_functional.owl,19265221,4383430,23648651
approximated_fe654bb2-e8cb-47b5-9608-8d43597b25dd_functionsfn_functional.owl,34951100,10377131,45328231
approximated_80bcbfb2-3841-4520-b3c2-3ad43d54206a_5.rdf_functional.owl,48096634,5404328,53500962
b152925f-3e93-4b14-8749-48f4e80db5de_Museum.owl_functional.owl,26779601,2758539,29538140
approximated_f59bdce4-10ce-4412-a232-97df3cba8924_hatase.rdf.owl_functional.owl,14905149,16995096,31900245
approximated_efe57f06-f77c-4d8a-b971-844f884b86d7_bean_paste.ttl_functional.owl,9479380,3663961,13143341
fix.physico-chemical-methods-and-properties.4.owl.xml_functional.owl,37281934,80042450,117324384
approximated_4702afa9-37f9-4fc7-989e-c57219674548_isometadata.owl_functional.owl,30985688,21417732,52403420
approximated_56ae5d57-2e38-484a-9bed-2d5ec856c0e7_wart200602.owl_functional.owl,12151355,5188367,17339722
approximated_82e42e12-fa12-4b82-bdb2-338eebeafac5_Screwdriver.rdf_functional.owl,11278560,3631697,14910257
approximated_kb-owl-syntax-unraveled-depth-3-cardinalities-disjointness-constant-classes-relation-axioms-value-classes.ofn_functional.owl,719858749,1597893437,2317752186
approximated_96ce8830-4418-45b6-ab74-563d80179867_zzo_marble.ttl_functional.owl,17454440,3665856,21120296
approximated_34a60211-a552-4861-b467-c6ccf9a7782e_less_steel.rdf_functional.owl,17194679,3794460,20989139
approximated_550bbb2a-26ee-418e-a1b3-c28095635655_BRInferred.owl_functional.owl,174081975,366884151,540966126
approximated_2dd704d1-2b3d-4469-ae3a-e07f2534a0a7_PlansLite.owl_functional.owl,23360938,16010784,39371722
9b886760-d835-48c7-8d1b-68d0ebef9343_sgenechrom.owl_functional.owl,664087016,1334347931,1998434947
approximated_334db5fd-9bae-4ad7-96fe-8d775d42b33e_AX_Machine.ttl_functional.owl,30860765,5218143,36078908
approximated_nemo.neural-electromagnetic-ontology.24.owl.xml_functional.owl,78518802,131188111,209706913
a9cc4f85-9251-4406-a4dc-5305e35e02f8_myreadonly.obo_functional.owl,104648458,47252085,151900543
approximated_5fb820a2-814b-4f3c-8c95-1689727293f4_que_wrench.rdf_functional.owl,8708030,3904088,12612118
approximated_cbb83c0d-9d23-4665-bc51-9f40651f7063_dantmodule.owl_functional.owl,15636377,8258542,23894919
approximated_ab864b0c-2fac-4e98-a74a-f0ca1ba715af_e.obo.PREVIOUS_functional.owl,62107757,130400893,192508650
50d5589e-2138-404b-b160-62b76c1b180e_psims.owl2_functional.owl,37985725,89041970,127027695
7d32821c-7173-472e-ba67-2f316cb411c2_meMinister.owl_functional.owl,15905546,2110701,18016247
approximated_5139a41a-b1a1-46ef-a8e7-810634d5c2bf_extractfns.owl_functional.owl,98222926,7901588,106124514
approximated_a38bcc46-3b2f-4254-be56-deb690f9aa40_stateFluid.owl_functional.owl,130959377,211227131,342186508
approximated_3dc4e099-af9d-419d-b9fb-bcef9d8758e5_reGradient.owl_functional.owl,131437615,212816015,344253630
approximated_4a6ba382-eb40-4a59-8b19-e03d45fa9923_bre_cement.ttl_functional.owl,14393541,3880172,18273713
approximated_bf9acb43-1b19-4529-b5f5-e914b91710c8_omplexsadi.owl_functional.owl,19848844,7450948,27299792
06351fae-998e-422e-977e-0c25d1a6c730_Cyclist.owl_functional.owl,12370373,1596493,13966866
approximated_02b3268e-4776-4465-809a-0426d82d93d1_DP1.28.owl_functional.owl,22435104,3396014,25831118
approximated_d56e5273-dace-477b-82a1-eadc06b9d86d_mergedtbox.owl_functional.owl,1778201599,4339804724,6118006323
e378b271-b457-40e0-8519-def679db4807_psipar.obo_functional.owl,64836208,38915907,103752115
approximated_0f628045-efd4-448f-ab65-b438cd3d4389_core.owl_functional.owl,703619678,2217920693,2921540371
approximated_00654ae3-16ea-4396-8c73-cd3931391ea7_d_railroad.rdf_functional.owl,20239727,5012810,25252537
approximated_tmo.translational-medicine-ontology.12.owl.xml_functional.owl,20175120,18066968,38242088
approximated_2c77eb5b-6dc1-47f8-aa10-12897cfc7882_l_database.ttl_functional.owl,17894454,3758042,21652496
approximated_5163c3e7-5d69-4a5b-b26a-ca41bfe049eb_cidoc_v4.2.owl_functional.owl,21626487,16308886,37935373
approximated_09a3ab85-9803-471d-a442-89d4bd7b0567_person.owl_functional.owl,15505216,7017445,22522661
f1633d56-6080-4b87-b35e-6f2735f382cf_classified.obo_functional.owl,66130123,168852850,234982973
approximated_e31c4e75-5c8a-480c-bc01-6d594c69e852_mbeuniprot.owl_functional.owl,219708267,428423752,648132019
approximated_4532adb8-ee7e-4cf8-8daf-c163fffe7fd1_Rotosplit.rdf_functional.owl,15079351,3885944,18965295
approximated_8246808d-82aa-4060-8d84-a4fe069b048a_tingAgency.owl_functional.owl,79364389,162989867,242354256
approximated_58459510-f8f5-4b95-843a-f287dbe1f993_Globe_valve.rdf_functional.owl,14218770,3797271,18016041
approximated_8ef69391-b3f2-4da9-a2f2-b96c9a2bd65b_EMERK.ttl_functional.owl,15153241,3795904,18949145
approximated_508c163f-060a-4bc3-9785-02cd23ae2ca7_stateSolid.owl_functional.owl,131799459,212630876,344430335
approximated_5689427e-17bb-45ce-909d-33c14032f6c3_iri_cheese.ttl_functional.owl,10820984,4332397,15153381
fa93f557-4e1e-43e6-80e0-1e90d80977b6_im_generic.obo_functional.owl,13690191,7801024,21491215
approximated_fcf6c85b-3596-43e1-9dd1-c2d49718b5f8_eres070612.owl_functional.owl,21505011,23811401,45316412
bf1b9dcd-fed7-4970-8ebf-f8dc84a1f96e__GO_import.owl_functional.owl,15660597,5928847,21589444
d17e6238-1081-4270-8f91-dfb3a800c179_t_ontology.obo_functional.owl,60480305,120117584,180597889
approximated_971647da-45f3-4433-8c94-d598c073523a_222onto.rdf_functional.owl,16415868,5406586,21822454
approximated_4def9b8f-20be-4ee8-8f76-3ef43e1f4f22_onto.rdf_functional.owl,29198163,3938703,33136866
2f60951d-d9a1-4c03-a985-6ecbc54ea7ba_xattribute.obo_functional.owl,15263412,2965325,18228737
approximated_4c4bb8fa-02c6-446f-9881-cdf8357307d4_FOSCoreEcon.owl_functional.owl,13065695,7097772,20163467
8240de50-4d24-4d94-b853-f8d867717086_bsr.rdf_functional.owl,172100250,106335939,278436189
d1d903f9-4d9c-4f5c-b904-69a8dc2d18cf_nverzeichnis_L_functional.owl,14456041,902385,15358426
approximated_3c7550dc-aecf-45b2-8f89-d11b303864fc_tourismowl.owl_functional.owl,15873954,13342754,29216708
approximated_6eac3603-36fb-4e54-9927-ae3233bbe836_reprSciLaw.owl_functional.owl,128692733,221074552,349767285
approximated_2acf8e57-7d1e-4026-abce-697df298030b_abic_khoja.owl_functional.owl,13816415,3667379,17483794
92817fd0-4f78-4d75-84a7-74c17a6865c9_taxonomy.owl_functional.owl,39156891,94635887,133792778
approximated_38b55830-b145-488f-b3fd-a4d95b5df50a_ACTexample.owl_functional.owl,17054268,7446372,24500640
approximated_00686.owl_functional.owl,3329996152,8177943766,11507939918
approximated_24fe47aa-33d1-4ff6-9982-73907202014c_swebok.owl_functional.owl,90680898,23299142,113980040
128c7202-1405-4794-8130-32e826b8dc23_unit.obo_functional.owl,90875361,18058531,108933892
approximated_00390.owl_functional.owl,903452630,1791243483,2694696113
approximated_6a621ce1-c63f-4649-96f2-2cadf7ba17d4_cedar.owl_functional.owl,41897798,25308030,67205828
approximated_b1982bf6-e1e6-4e75-9ce8-acd4ed991240_icken_wire.rdf_functional.owl,17764945,3626139,21391084
approximated_6d35fed5-0014-47d3-b0b6-3ae0bef1f9d2_Traffic.owl_functional.owl,16837795,5034180,21871975
approximated_3c95f452-dd0e-4599-a594-f09baab8b9e8_Furniture.rdf_functional.owl,15597461,3886532,19483993
e606b28d-ee9e-4243-b286-97dfc6b7a4e9_rm_anatomy.obo_functional.owl,397017441,691222324,1088239765
approximated_446842a9-826f-4f6c-8502-5b6c449984e5_ysDynamics.owl_functional.owl,32108133,48828939,80937072
approximated_1b63ee3c-936f-4d8c-b362-20670d327b1e_phenAtmoSky.owl_functional.owl,132678200,214941509,347619709
approximated_01a91626-d2d6-46eb-83ff-f20d3b5c613d_Hacksaw.rdf_functional.owl,11372876,3899712,15272588
01020666-768a-494d-bfda-6d9a4eedaf52_enspanther.owl_functional.owl,567950272,1017773037,1585723309
approximated_335596b5-094f-4f3e-a0e7-ca51b7554572_Call_girl.rdf_functional.owl,20960318,3758817,24719135
approximated_kb-owl-syntax-unraveled-depth-3-km-relevant-cardinalities-triggers-constant-classes-value-classes.ofn_functional.owl,381909047,952084544,1333993591
approximated_43a708b4-7145-49d9-8dab-dee4ab0373e1_af20070424.owl_functional.owl,17952284,5388866,23341150
approximated_a73b8cbe-d9cb-4bb8-aa71-973f96f49d54_onto.rdf_functional.owl,10376580,4731311,15107891
approximated_75dff472-3976-4079-8555-e6d264028c1d_CategoryMarking_functional.owl,10711723,1848003,12559726
approximated_14871cac-cf5a-4afd-9f40-9f095253b688_esg.owl_functional.owl,85711058,24289158,110000216
approximated_25f64bf3-08e9-4ce1-a712-d4a23f19ad30_Loaf.rdf_functional.owl,44171080,3625462,47796542
approximated_kb-owl-syntax-unraveled-depth-2-cardinalities-triggers.ofn_functional.owl,448784597,1022564960,1471349557
approximated_342db382-7dd1-49a8-81aa-3866aa4664a5_Croglin.ttl_functional.owl,11287873,3794158,15082031
approximated_54a5027a-e2a6-424c-856f-2a2502ae0d5d_DUL_v23.owl_functional.owl,15962595,11456123,27418718
approximated_00007.owl_functional.owl,28491883,7027142,35519025
approximated_kb-owl-syntax-coreference-IDs-cardinalities-disjointness-relation-axioms.ofn_functional.owl,874685763,2261751273,3136437036
approximated_e1717933-4749-4b44-9d1b-7302185ebe80_sbol_wSO.owl_functional.owl,31418850,18740618,50159468
approximated_259f6c13-81bc-490c-9944-0eebc1fa4de7_ermittlung.owl_functional.owl,13947661,6317804,20265465
approximated_04b96804-36a5-4f4f-ba7b-5db0810ce062_bibo.n3_functional.owl,15863183,5430782,21293965
approximated_a24dfcfa-50a1-4477-b8f3-31ca6c089f38_preonto.rdf_functional.owl,16396444,6599273,22995717
approximated_9d06624a-f7ee-4a19-81ef-ef1158b7394a_rby_cheese.ttl_functional.owl,9625490,4409289,14034779
738a62ec-d995-4d8b-badd-7e8ed6b818a2__documentation_functional.owl,71288028,8249269,79537297
approximated_7854c038-685e-4dab-8412-35b9ce2adc1f_lRelations.owl_functional.owl,27718139,9284163,37002302
5fc0bcd2-f106-44c2-9353-1426c209ecd6_nnotations.owl_functional.owl,7950496728,7397532230,15348028958
